-2.038986894712987441e-01,4.405926610051527637e-01
-1.458355177070423059e+00,1.122574867366200824e+00
-1.256749441136656431e+00,9.879820093690663274e-01
-1.790646449872137280e+00,1.753191822428545876e+00
-3.022450135904172885e+00,2.103466532419528967e+00
-3.912557480321098069e+00,2.173897427074149125e+00
-4.419215172186146567e+00,2.413032253326636400e+00
-3.834960763900824077e+00,2.164935412974955842e+00
-2.285794930562262017e+00,1.590656591067730163e+00
-8.149875863421650601e-01,5.985223068573616301e-01
2.848691270084110008e-02,3.683739925064738463e-02
-1.938649214645578045e-01,-1.491487369531231399e-01
-4.246804596196725456e-01,1.088552919155506143e-01
-5.376726410122536493e-01,3.365687855641155690e-01
-4.586286240333282138e-01,3.201489162589572501e-01
-5.140378107761760518e-01,3.757898047696578425e-01
-4.246804596196725456e-01,1.088552919155506143e-01
-2.814185615986805611e-01,4.102847915994572991e-02
-9.225338228187945910e-02,-3.532474771552358006e-01
5.488899819825607956e-02,-5.860086429122265406e-01
-4.331446117616589153e-01,-6.018886054684871416e-03
-5.205736902130014832e-01,3.381391059459638582e-01
-5.205736902130014832e-01,3.381391059459638582e-01
1.352523498782176814e+00,-9.402305339374764648e-01
3.012387166578132547e+00,-1.347024399419123331e+00
5.017012567634398401e+00,-1.593435752550215634e+00
4.400559066033777000e+00,-1.216873375306344318e+00
6.233140929558251386e+00,-1.369914691557472919e+00
5.960931841400775255e+00,-8.285438843283056132e-01
5.521803496031231440e+00,-2.622444625606192292e-01
3.823655601016348715e+00,-1.158357841806509358e-01
1.952457200545670402e+00,-2.103690464621421619e-01
5.587367124993354306e-01,-8.126554486098774843e-01
-1.208800205187055415e-01,-1.423653599252748592e+00
-3.944790040682005228e-01,-1.506453955514450049e+00
-7.759365114291175702e-01,-1.449143459119263566e+00
-7.612060923976451399e-01,-7.030604689606718694e-01
-6.227572562772948350e-01,-8.652826391225928448e-01
-6.956150689312516899e-01,-1.624436305757510912e-01
-1.702826573700305657e-01,-1.776773457506108100e-01
9.310207593856767438e-02,4.445735909095892557e-01
3.522033117979579409e-01,1.185558668009805278e-01
-1.597654801379191358e-01,1.798328999781059478e-01
-6.565881833208557783e-01,2.640823882641258336e-01
-9.393639829815200182e-01,5.684242256014143679e-01
-1.401684970082404558e+00,6.517382033269323305e-01
-1.191732772997805778e+00,7.131625500908450599e-01
-1.517235138322483357e+00,8.850925335082027168e-01
-1.042698405523261096e+00,9.055926284340138910e-01
-1.284619206624052490e+00,1.216595826408948477e+00
-1.025464483743951272e+00,1.032906066887310015e+00
-1.325752987098104407e+00,1.599215251293825801e+00
-1.410985501661997432e+00,1.886860115343801825e+00
-1.486687521038175364e+00,2.118495251843214522e+00
-1.636440675921547072e+00,2.236745161025933459e+00
-2.887753899292040849e+00,2.610959143819290063e+00
-4.531151911913209318e+00,3.304306442126743626e+00
-6.034446517948749644e+00,4.025285868012981716e+00
-6.759359332717831848e+00,4.657229603541310325e+00
-6.230573388598235951e+00,4.819332026506272904e+00
-5.050419565621504070e+00,4.366996036416592730e+00
-3.493249623066011278e+00,3.313293988611339724e+00
-2.456482831768241670e+00,2.274908255589118244e+00
-1.648855034117205465e+00,1.691128754031156367e+00
-1.605114860263302079e+00,1.913833508762316171e+00
-1.508278963479744661e+00,2.038019066798119727e+00
-1.268832791844253904e+00,1.846122017298590601e+00
-6.561960851043912024e-01,1.164976179357201103e+00
-5.682566514556367521e-01,1.133934119865255052e+00
-6.630401578234927928e-01,1.216587242386311774e+00
-1.191901190677599587e+00,1.796285160855801033e+00
-1.314959441032788501e+00,1.666604791836403532e+00
-1.388522313261842056e+00,1.807661181169156750e+00
-1.496797635831506268e+00,1.936127389149349121e+00
-1.217975039792362768e+00,1.810802016692157013e+00
-6.946072766108312146e-01,9.566240742337102088e-01
-3.277128654039264399e-02,4.059215915066535785e-01
-1.702348674974924203e-01,3.628461108328505658e-01
-6.150714180976954992e-01,5.496871678959203145e-01
-9.243910658639580280e-01,6.099394032596473503e-01
-1.522596705942385054e+00,9.494638034214297750e-01
-2.085869045252618736e+00,1.607923959941853775e+00
-2.450258044240506639e+00,1.811774432019175762e+00
-2.528762198802034789e+00,2.080687432352457122e+00
-2.000309296569476647e+00,2.433339663678061981e+00
-1.996191150120524060e+00,2.807033359115577831e+00
-1.829160857478623559e+00,2.825350997894198635e+00
-2.378525729961260993e+00,3.058169371344147347e+00
-2.607276132427996274e+00,3.460331492886681293e+00
-3.443957755422481171e+00,4.061346062414883384e+00
-3.500595371353654173e+00,3.821007601072961890e+00
-3.344113578258705921e+00,3.464718849216905205e+00
-2.130448018569165214e+00,2.257977767339820918e+00
-1.774962275665873612e+00,1.294920703310679100e+00
-1.583377995939979854e+00,8.290256690900230652e-01
-1.751201426052529486e+00,1.118086209788728969e+00
-2.099088412119946234e+00,2.058384716454057184e+00
-2.401641173626713588e+00,2.749658426531571553e+00
-2.281422446709902019e+00,2.548780063555963427e+00
-1.696823934214882090e+00,2.204818158943444129e+00
-1.270397633369674484e+00,1.637657967249039448e+00
-8.774248442665927294e-01,1.056342638711811110e+00
-7.317025366686167320e-01,4.757295456940133782e-01
-2.650736314505257596e-01,9.059075537157537661e-02
2.121813581082533373e-01,-2.428915325655321700e-01
3.600928806360964574e-01,-5.882807638185038462e-02
3.600928806360964574e-01,-5.882807638185038462e-02
3.600928806360964574e-01,-5.882807638185038462e-02
-6.546321826601240179e-01,8.746327636294025654e-01
-1.568263394101935493e+00,1.800830498345536990e+00
-2.291056116001566334e+00,2.780251323214609993e+00
-1.776363186666920946e+00,2.834019331504759709e+00
-1.776363186666920946e+00,2.834019331504759709e+00
-1.814696764374011950e+00,2.834188690357328788e+00
-2.401641173626713588e+00,2.749658426531571553e+00
-2.401641173626713588e+00,2.749658426531571553e+00
-2.324343426882725883e+00,2.052671652407359826e+00
-1.954481010829372867e+00,8.589252712949266844e-01
-1.463750334444918533e+00,-6.714354253262618810e-01
-1.014786684957268870e+00,-1.402885728254104292e+00
-6.198984512303395977e-01,-2.097496937420179730e+00
-3.186222895867359406e-01,-1.678395443310079616e+00
-3.697258009606620432e-01,-2.189435311356253244e+00
-3.697258009606620432e-01,-2.189435311356253244e+00
-5.725736358800701531e-01,-2.856585636317953369e+00
-5.725736358800701531e-01,-2.856585636317953369e+00
-6.450601449885919880e-01,-3.036961156940849449e+00
-7.221649688544973245e-01,-2.780941990450613854e+00
-6.903594542175226501e-01,-2.339505953493675516e+00
-6.198984512303395977e-01,-2.097496937420179730e+00
-3.186222895867359406e-01,-1.678395443310079616e+00
-5.051568136077848603e-01,-1.469585919583205502e+00
-1.949325050288277794e-01,-9.303645953061088214e-01
-3.543214758775286577e-01,-5.624432546238868902e-01
-6.203921425910784437e-01,4.973470356322248209e-01
-1.303235309547357224e+00,1.130386660720902325e+00
-1.376578807229547063e+00,1.185427059076324063e+00
-8.030613816589879939e-01,4.409694226413771179e-01
-8.030613816589879939e-01,4.409694226413771179e-01
-8.030613816589879939e-01,4.409694226413771179e-01
-9.393835155625966937e-01,4.774343736838845276e-01
-5.015804324298326344e-01,8.329176849472870459e-02
-4.754810929869693892e-01,6.612690162464347488e-01
-4.462994014927644248e-01,1.254483669972171311e+00
-3.373941066140686562e-01,1.754571278099660292e+00
2.610224848243657969e-01,1.229769732316781328e+00
8.624829871067791753e-01,5.443698254245659118e-01
1.382299234532758714e+00,-3.709497158318088988e-02
1.284612872002771411e+00,2.550433237895625635e-02
1.284612872002771411e+00,2.550433237895625635e-02
9.435915425284437941e-01,-1.297436856757578638e-01
9.618309649929444038e-01,-2.594044501699283023e-01
1.018279883337342762e+00,-4.902142168406620204e-01
7.795929633245189949e-01,-3.277612926127516091e-01
3.208386401461367776e-01,-4.902258421677339051e-01
-3.031968535455225600e-01,-6.210312708241790824e-01
-2.640656411208985310e-01,-8.023644382002292907e-01
-3.279214593471277972e-01,-1.280130912459748860e+00
-1.951008108727336765e-01,-9.073544693768363922e-01
3.292083514369469749e-02,-1.033970165484359383e+00
-1.427145762013906985e-02,4.711849058444695371e-01
-6.823920437078506707e-02,1.014852180444864915e+00
-4.333472472011575261e-01,9.576722679962260676e-01
-2.517625380193878604e-01,6.827098329291861334e-03
-2.353331306791846544e-01,-3.018480810745234333e-01
-1.261017489915480516e-01,-2.183435407897221514e-01
-2.482695427200934737e-02,-1.246955422634920124e-01
7.218164210507597989e-02,-9.295812170620497417e-02
2.557081624325558966e-01,-2.164196375385649407e-01
-2.734692826202339555e-01,2.267540500594242558e-01
-6.129715164942518557e-01,6.915109684457017014e-01
-1.465659853265243173e+00,1.102262931339383467e+00
-1.429716330181166617e+00,9.292356932767007471e-01
-1.458624202374037226e+00,1.689346986834399100e-01
-1.160299269910835651e+00,-3.264052460997316496e-01
-1.297090851831916192e+00,-5.577053967575895665e-01
-1.483963257908496036e+00,-7.910842231122786616e-01
-1.807795498032022552e+00,-4.054327307012179360e-01
-2.038535026157250574e+00,-8.001790751285554615e-01
-2.038535026157250574e+00,-8.001790751285554615e-01
-2.131303439321673654e+00,-1.536121660338818584e+00
-1.618791216192456028e+00,-1.330725489862608413e+00
-2.107990276767253590e+00,-2.265492856190934656e+00
-2.138377875804194694e+00,-2.507992435242782037e+00
-2.328164953605437404e+00,-2.712016173028726218e+00
-2.160524949854916610e+00,-1.910927475076175330e+00
-2.326451601575314054e+00,-1.060321018322115449e+00
-2.521098993444314651e+00,-3.316312975866309021e-01
-2.979240017997093037e+00,1.753795654025508931e-03
-2.847012725248726284e+00,7.074154638072069901e-01
-2.554219679679939681e+00,1.087540232719452105e+00
-2.079776275526813656e+00,1.057323292512435842e+00
-1.698018470958403636e+00,5.864435549235531564e-01
-9.089080987619352348e-01,2.137147318291079401e-01
-1.712673284706182908e-01,-1.463606122078566114e-02
1.205891821769475708e-01,-4.177362143686199070e-01
-4.805976804763703591e-01,-6.899821863331843941e-02
-1.227151556864375381e+00,4.606598250432907826e-01
-1.565832064111146948e+00,5.595852713448711269e-01
-1.602870889572425073e+00,3.900717264448057553e-01
-1.416270066634539804e+00,2.767522734202900181e-01
-9.089080987619352348e-01,2.137147318291079401e-01
-1.712673284706182908e-01,-1.463606122078566114e-02
1.536591196083031963e-01,-2.469540719280730323e-01
2.951784668722477467e-01,-3.463216093881136270e-01
5.023942292358185568e-01,-3.818669414068838197e-01
9.544278200774019005e-01,-4.633131549573480390e-01
8.299783817484805981e-01,-4.898218629461073559e-01
1.013633023995241578e+00,-3.804579571363012613e-01
-7.436752877202970624e-02,5.083377967007597364e-01
-3.213535024421426689e-01,1.029157263675462675e+00
-1.225456151704019447e+00,1.756372290255125979e+00
-1.075737270773461818e+00,1.945467277435985576e+00
-1.090141471153888153e+00,2.484675778241187238e+00
-9.816885642631758557e-01,2.474672900169162304e+00
-1.110661052308566044e+00,2.346299770340988911e+00
-1.012936776283852813e+00,1.494472612087718089e+00
-7.627332551840039221e-01,6.914084879530315586e-01
-2.353392530921515624e-01,-3.768315786341574353e-02
1.961311237527728346e-01,-1.877045150276216157e-01
6.246663920662163250e-01,-6.112383230449713878e-01
1.021439829718843839e+00,-7.420885996581453314e-01
1.089013162192645101e+00,-8.233433213397042261e-01
1.335178611001764049e+00,-6.029314354907127083e-01
9.947742479232410950e-01,-3.355527315154306356e-01
7.249089424183803310e-01,-1.528708004227962713e-01
-1.944417379068195950e-01,2.711489055792012381e-01
-1.091669031417073610e+00,1.125179996625678358e+00
-1.149688852225364988e+00,1.351850925713402152e+00
-1.191908744340401949e+00,1.602621308765588060e+00
-1.071809601985642679e+00,1.238948765642073901e+00
-1.047600528994011571e+00,1.123929687755289120e+00
-8.033946627540022867e-02,3.674554578549121264e-01
3.389472452022833648e-01,-9.553238276977987775e-02
4.627934873044549091e-01,-6.138617193131974403e-01
-8.852964766958352216e-01,3.348441179596720052e-01
-1.621581655798578048e+00,1.267077043667389047e+00
-2.125436020979662111e+00,1.896814625087555495e+00
-2.145910049173067158e+00,1.473241158496909620e+00
-1.846754764972986740e+00,1.185063520264492132e+00
-1.598813547898951581e+00,1.152331436547253896e+00
-1.393213668030361285e+00,1.592138794509285304e+00
-1.083256366421694983e+00,1.590508363186020624e+00
-8.897809769226238119e-01,1.598594584423945753e+00
-3.569346650614311778e-01,1.310963989050635270e+00
-3.569346650614311778e-01,1.310963989050635270e+00
-4.499192552868937489e-01,9.209470757212093739e-01
-1.013700155715279161e+00,1.049678930488612938e+00
-1.072407120109851508e+00,6.903736481473484732e-01
-1.462178519159595735e+00,7.224895636362951290e-01
-1.269134639771557493e+00,5.656903151035908017e-01
-1.197706068764280873e+00,9.622257889375953610e-01
-6.169168320960113361e-01,1.084400742700682541e+00
-2.912280836714571386e-01,1.187768763910012293e+00
-5.148516833570556672e-01,1.000013396806088695e+00
-9.234875270328273267e-01,6.632111925931898355e-01
-1.633408044404903947e+00,-8.916205349886237030e-01
-1.719076636855795703e+00,-3.080868225658025761e+00
-1.223096041094730246e+00,-5.363512300266326527e+00
-5.182343451323859762e-01,-6.546764150353915568e+00
-7.162726161850732631e-02,-6.519513747803977743e+00
2.785755651877235839e-01,-5.162749270474125574e+00
-2.662356746431862771e-03,-3.276381403258913583e+00
-4.133011395154573830e-01,-1.535932903834388519e+00
-1.104299906946438758e+00,-7.496222800605474301e-01
-1.213922704003130848e+00,-4.850256307509925313e-01
-1.425974171085629294e+00,-1.778705276208543684e-01
-1.155914868623645564e+00,-5.275593097371346074e-01
-4.538688184974021822e-01,-4.556692085942725678e-01
-2.184802204403081538e-01,-3.516740045106753199e-01
4.875945767831376537e-02,-2.793668212262232498e-01
-1.321008844046399622e-01,-2.307985503241693492e-01
2.016719514442534000e-01,-7.225566390810771455e-01
5.164912210735894682e-01,-8.870763151819566206e-01
4.474813776421336375e-01,-1.479563595526618869e+00
5.177845536610187205e-01,-1.913658669625511122e+00
3.397521783882359037e-01,-2.507916220054338119e+00
6.371053447321152197e-01,-2.118850259764609500e+00
4.162844741826366990e-01,-1.405618462618555276e+00
1.666268658593003105e-01,-2.758164406377405786e-02
-5.767071984126153072e-01,7.951725491567028792e-01
-8.753390422452710373e-01,1.306752908268212776e+00
-1.150892102371050552e+00,1.487272772280716637e+00
-1.287953629759254870e+00,1.571546239896116859e+00
-1.277440545940556227e+00,1.581364279165020204e+00
-1.333737894296661119e+00,1.759420517197272993e+00
-1.581064825627818582e+00,1.558081230740259837e+00
-1.614640707603075986e+00,1.453669107607422628e+00
-1.569548743449355133e+00,1.273028872919327759e+00
-1.325108142666060473e+00,1.443835850275762889e+00
-1.277440545940556227e+00,1.581364279165020204e+00
-1.126543592049263021e+00,1.737654335770755676e+00
-9.403444419727295944e-01,1.745722455230597880e+00
-5.639104333461271157e-01,1.368864159625991617e+00
-2.912280836714571386e-01,1.187768763910012293e+00
1.489561817472375427e-01,1.210786248613107574e+00
6.304867652732295547e-01,7.974147046224526747e-01
7.563285097449584660e-01,4.201458534003780221e-01
7.474950943162582684e-01,-4.026341409335715826e-01
6.511465928619494248e-01,-1.281308778940216220e+00
5.350224988085824362e-01,-2.219517491124521680e+00
2.412235670924872399e-01,-2.618600191763075458e+00
9.016260326361567878e-02,-2.567362365992887252e+00
2.538161996259291064e-01,-2.456636322738890321e+00
3.199452517732728762e-01,-1.813918204478816243e+00
2.482995603428715392e-01,-1.300867274802012252e+00
-7.144436124661292242e-02,-5.775987754372191585e-01
1.842531082145230925e-01,-8.748444486812779752e-01
3.058846363527744083e-01,-1.044954586613579428e+00
9.584752696042532216e-01,-1.595255507208889645e+00
1.243230109934026828e+00,-1.619816709376214581e+00
1.584189543242124021e+00,-1.582354982273031174e+00
1.373832892295913100e+00,-1.541227968676800897e+00
9.642537982518305517e-01,-1.485344703340834904e+00
5.303774022820132439e-01,-1.533552894983614578e+00
4.689502081588847182e-01,-1.761417639895797471e+00
2.184859965948685590e-01,-1.334743967488338345e+00
9.190986813458551508e-02,-1.052071930227176599e+00
-2.052709078266984066e-01,-4.346111194620547180e-01
-5.733535556593348514e-02,-6.552710634658134303e-01
1.356950577879545428e-01,-4.053178588592540876e-01
-1.628647173187998676e-01,-7.168831352198455908e-01
-1.951611246085938611e-01,-6.015260120818970435e-01
-2.214924754778171689e-01,-6.115895700479808683e-01
9.381897413230495808e-02,-2.497057411837731999e-01
2.166838041978510487e-01,-1.001262845328397405e-01
2.166838041978510487e-01,-1.001262845328397405e-01
1.575026988960819690e-02,-7.199912293713321698e-02
-1.152190292777499625e+00,6.527357262503560853e-02
-1.576848523472667019e+00,1.524719451851320184e-01
-2.093029853421643605e+00,2.783909130927683662e-01
-1.965524523024842596e+00,3.505846933862794557e-01
-2.372912244105189750e+00,1.842646673784958111e-01
-2.489710399196367163e+00,4.072630889049209113e-01
-2.696361861177221098e+00,8.928161452290280797e-01
-2.547887551812604734e+00,1.741996584547507165e+00
-2.241231662569601379e+00,2.249765760342711918e+00
-1.911601098397503806e+00,2.452062505758125344e+00
-1.371596236826694515e+00,2.250475141574311166e+00
-8.989349438920458679e-01,2.071984698972737071e+00
-3.373941066140686562e-01,1.754571278099660292e+00
-1.941710656682810454e-01,1.522393723161092227e+00
-1.781487620292965257e-01,1.139126806433673256e+00
-3.010911759943107890e-01,6.285924648331173703e-01
-3.041101880780205935e-01,1.695354582408371003e-01
-1.579407243376489134e-01,-2.372271907140696690e-01
-1.495876365659329181e-02,-5.888715559611134021e-01
6.354400873680798867e-01,-4.894639361083559237e-01
1.464887963884976108e+00,-1.631385423558932846e-01
2.696608595871134550e+00,3.613788927540901863e-01
2.816169503358978865e+00,6.556742032971334400e-01
2.475419688895918124e+00,8.660806021873507232e-01
1.225878720340243033e+00,1.041235610939267753e+00
2.228530106267657962e-01,9.426929403810881958e-01
-5.742399325313295444e-01,6.869310253297697955e-01
-5.742399325313295444e-01,6.869310253297697955e-01
-1.278281495524288491e+00,4.550651405757901724e-01
-1.466431410447808892e+00,6.950221422042088815e-01
-1.966270145784727807e+00,1.138156756982992013e+00
-1.758891085311935054e+00,1.947187190586963546e+00
-1.911601098397503806e+00,2.452062505758125344e+00
-1.560777709365212651e+00,2.091744871938370220e+00
-1.430056203401330883e+00,1.799632297130241421e+00
-1.277440545940556227e+00,1.581364279165020204e+00
-1.250456673066221880e+00,9.532765212510659891e-01
-1.653697032053231819e+00,1.767746956938452962e-01
-2.292157506892016805e+00,-6.552054493295449422e-01
-3.088944121659740638e+00,-4.991274117336496619e-01
-3.368530138120024997e+00,-2.536672772061772663e-01
-3.065997905663405465e+00,-2.315944464210745526e-02
-2.470053550487577354e+00,4.468064005595223653e-01
-1.784147535220272252e+00,3.796743960694932696e-01
-1.336662924819434606e+00,1.157063648889194579e-01
-6.058875114971278286e-01,-5.841140108711979639e-01
-2.416703912719628256e-01,-8.178719065569890478e-01
-3.058970046634003626e-01,-6.298729133405119862e-01
-4.917104880645044584e-01,-3.871997109247692359e-01
-6.514107254888504839e-01,-6.799491438168177478e-03
-7.458091147347748473e-01,1.865976680883201511e-01
-9.523177738530764769e-01,7.466249752063299772e-01
-1.139941698831698158e+00,1.207036913967334479e+00
-9.005754290034944098e-01,1.589518796080500174e+00
-5.061674058808427468e-01,1.376454319294225348e+00
4.132351858897588548e-02,9.099583905615085122e-01
-3.791271381624163328e-01,4.965113831444210590e-01
-9.879195115480360334e-01,-9.880252320169063962e-03
-1.350377347470744116e+00,-1.447176900161265267e-01
-4.836628410418262747e-01,-5.187541530277635093e-01
3.124972207525277823e-01,-3.628669538032217590e-01
1.033908793960727213e+00,-5.775858673042821856e-01
1.194051211168540405e+00,-2.977784571851487261e-01
1.092077613655763058e+00,-5.184010210029772470e-01
3.643703336383119495e-01,-5.807017193997079385e-01
2.095410670725467439e-01,-8.702894354830720269e-01
3.507571975081101856e-01,-6.361703692840567914e-01
1.033908793960727213e+00,-5.775858673042821856e-01
2.031445478893492584e+00,8.145025436413723119e-01
2.144994310374314317e+00,6.601050466860735044e-01
2.145644649183814145e+00,4.108566314496203686e-01
1.211354842322775127e+00,-9.961157203442463359e-01
1.280749934945147439e+00,-8.746545950239433820e-01
9.555631008106841850e-01,-5.982831331297162603e-01
1.164856315372147622e+00,-2.863090643265503998e-01
7.346953170405667866e-01,-1.634588325637349182e-01
8.693589049450651807e-01,3.171224124427261121e-02
4.778840312396890888e-01,7.747217706316221475e-02
4.603837541971169678e-01,1.428814692643425033e-01
8.063745865181226602e-01,3.654926124556289596e-02
4.088295431014997705e-01,2.213224013198578088e-01
-1.992674903447267110e-01,9.129888305664562997e-01
-9.141615382552389368e-01,1.111557252193000611e+00
-7.517710097776801881e-01,9.888648345428242559e-01
-3.852390836373282418e-02,4.525699685023995555e-01
3.451435804983893352e-01,4.798452573502283158e-01
4.160710659266600997e-01,4.731691736957667760e-01
6.658247861563502124e-01,2.201603954717322176e-01
7.437929576891719741e-01,-2.364595556718466218e-01
5.154426278164391251e-01,-6.070557325025890405e-01
-1.289929054083582549e-01,-7.480838556269852058e-01
-5.319768392303634297e-01,-9.896998387403865838e-01
-2.817113103920547146e-01,-1.461039822475749705e+00
-5.713405003936641302e-01,-1.711966946027109637e+00
-9.735742479214644085e-01,-1.690467387099660268e+00
-1.763514456425778310e+00,-9.660203253244465937e-01
-1.862877366010202040e+00,-4.243768224034761838e-01
-1.502706491024497826e+00,2.264572124624171789e-01
-1.141278011856727614e+00,-2.726216368585592797e-01
-8.682189940384863469e-01,-1.721885369271057842e-01
-6.880537121848429027e-01,-6.366405942714576938e-01
-3.777541867269409437e-01,-4.186212714153228487e-01
2.713076905775771430e-01,-4.920385798896426133e-01
1.222286025607688120e-01,-3.076132196602390234e-01
-1.506945863290975740e-01,1.313991915882270316e-02
-9.647346251930939420e-01,1.248909749490356540e-02
-8.223399414019036957e-01,-8.192425100037263597e-02
-1.276681366799711226e-01,-3.466938698753488368e-01
5.009508217301322786e-01,-4.209079586600713574e-01
8.489938993498764574e-01,-3.648703837412539119e-01
5.747494662767147489e-01,-4.558923085998263236e-01
8.436769531528942601e-01,-5.581436135484686423e-01
5.573061563221435311e-01,-6.081771536959207358e-01
5.508337094217090613e-01,-7.920487732404412062e-01
3.176375585789730227e-01,-1.392462291187156032e+00
9.078473629678105450e-01,-2.416624650080294145e+00
1.317664768730426150e+00,-3.431069454410871078e+00
1.777127576238454187e+00,-4.121180268944212521e+00
1.808838136265529917e+00,-4.339514898842586454e+00
1.487031904090170054e+00,-3.743835450286414623e+00
1.390365103811868508e+00,-3.272984437343428699e+00
1.463306782746477852e+00,-2.661595461491144565e+00
1.676242196988565025e+00,-2.247358728326543709e+00
1.933726790467347634e+00,-1.457281644279045496e+00
2.081716651959743203e+00,-7.409737088167909214e-01
2.395857108324745077e+00,-6.519214456066303454e-01
2.505828132683390219e+00,-2.836618429064685643e-01
2.486752302494876776e+00,-5.434373083061413978e-02
2.357781874095842056e+00,-8.663594580346954677e-02
1.696257176939587774e+00,-2.953524120141488574e-01
1.238316210706018605e+00,-1.130049401759004146e+00
5.200127124690985259e-01,-1.997355855139894443e+00
4.645128346849861090e-01,-2.703821033593154510e+00
4.781414398403322497e-01,-3.068670005962482072e+00
3.054649129526881279e-01,-3.263842025924111656e+00
1.405758093720556878e-01,-2.863550851657606255e+00
-6.307095834039067039e-01,-2.661701678778208624e+00
-4.017988586353490876e-01,-1.862928966490608795e+00
6.409649269877400191e-02,-1.591577386362108548e+00
1.097279400185402709e+00,-8.584608697024890267e-01
1.069286611292056932e+00,-6.515991703418582137e-01
1.967123941367531659e+00,5.630259173622543800e-01
3.043177129100774536e+00,1.853566197692410489e+00
4.865805894379159113e+00,5.380354024744053554e+00
6.640044110215123752e+00,9.221714281219398401e+00
8.529598367219305644e+00,1.332129958864316066e+01
9.019690878508827225e+00,1.459446761699456374e+01
8.550135967368015955e+00,1.355785858518540543e+01
6.836967498073736493e+00,9.638504616103602984e+00
5.341961300809124680e+00,6.220459052413711554e+00
3.318428701346933796e+00,2.862519980477348458e+00
3.317926760637604389e+00,2.511145155124316020e+00
1.918853094266588677e+00,1.083253651067814571e+00
5.669467661697698002e-01,-2.524039140717772578e-01
5.669467661697698002e-01,-2.524039140717772578e-01
8.169958248041436777e-01,-5.143743406049029465e-01
1.169276192942910964e+00,-3.994767718116259414e-01
1.176099753312406682e+00,-2.727049319858529941e-01
1.150398895040801506e+00,-1.644713669835607961e-01
9.000629171999428024e-01,-1.541405526742795351e-01
9.484767417319197591e-01,-2.479527766757402274e-01
1.068554823535244669e+00,-3.695551142366455544e-01
1.420032457515452373e+00,-7.028165861012605209e-01
8.764826711138686832e-01,-9.983041821609691668e-01
1.432104024208691595e-01,-1.235449275200849906e+00
-6.354413814363601976e-01,-1.039038832101776277e+00
-5.496345801999650282e-01,-8.764651457520086231e-01
-9.121258264164507912e-01,1.582071549008942368e-01
-9.804740347732296968e-01,8.643342172400962919e-01
-4.835454091656665732e-01,9.629976358501868283e-01
7.643874525421784361e-02,3.706639646865475535e-01
2.804642297043478116e-01,2.878039873806684801e-01
-2.112571931175636353e-01,5.068468222636525189e-01
-5.188807331256164446e-01,3.722330489299915945e-01
-5.211317063257945303e-01,-3.169548401309481202e-03
-6.367281902070047739e-01,-2.339104451591695333e-01
-5.349371092840476960e-01,-3.511686692433780843e-01
-2.640848327579360388e-01,-4.406982197673903201e-01
1.085788966326379362e-01,-1.842299662936830451e-01
5.209849464195304147e-01,-4.762912172176273495e-01
1.019160025630743593e+00,-6.008407817567866793e-01
1.332480048364207414e+00,-8.021473591229493216e-01
1.280729870966137218e+00,-5.882752742336123664e-01
1.371233759401656593e+00,-4.780403011091776122e-01
8.762037277062197926e-01,1.817509883612075661e-02
4.974823423361066643e-01,3.038748287476263910e-01
3.306478715546597447e-01,4.525589550145725504e-01
4.603837541971169678e-01,1.428814692643425033e-01
8.921502384225922511e-02,-2.148879441710050686e-01
-2.746563477439814549e-01,-9.015993005437115126e-01
-4.777372392662579403e-01,-1.808083049266246078e+00
-8.002856070549713152e-02,-2.402115210557467684e+00
1.549477276461631858e-01,-2.536717436524084768e+00
5.372490367416491441e-01,-1.928990733474745589e+00
5.367497454065459639e-01,-1.226433544883315019e+00
6.571055684278296338e-01,-6.296950279425200803e-01
4.249945487787202825e-01,-5.466463331384092683e-01
5.446988975141966449e-01,-4.011304403612478420e-01
3.586518189555844560e-01,-1.826914436384312890e-01
2.566849249730903115e-01,-2.073552059096793743e-01
3.870563414942089775e-01,-2.989063063920902041e-01
3.870563414942089775e-01,-2.989063063920902041e-01
1.155757721741431210e+00,-2.410923580012886910e-02
1.699833648318712864e+00,5.706920701570770138e-01
2.292220448631965279e+00,9.739262717964934923e-01
2.157688193581429381e+00,1.112805289139230380e+00
1.723564792946515212e+00,7.973690265216183404e-01
1.281495508453094123e+00,7.496585953966278248e-01
8.447155267588163374e-01,7.684156531475533347e-01
7.173074497420736106e-01,9.189761785508804293e-01
9.000685781744988123e-02,7.326774537591892456e-01
-3.578302429698373976e-01,3.533769665595704601e-01
-8.278656539519014812e-01,-1.750289756804892238e-01
-4.329798499226798492e-01,-5.126887977186732614e-01
-1.820512713557971562e-01,-5.773515354479691331e-01
-2.872561867959163018e-01,-3.228439376109684678e-01
-9.592776506230309419e-01,-6.964438042542170186e-03
-1.495804964764861023e+00,-1.793056111411737708e-01
-1.378221255095207098e+00,-4.742595789023083541e-01
-1.378221255095207098e+00,-4.742595789023083541e-01
-4.256359374096252424e-01,-3.630040063434327724e-01
-1.004782792270964148e-01,-8.369336890675928634e-03
3.568989376733270324e-01,-1.548318906744183820e-01
1.758737059387565638e-01,-2.637317906502184561e-01
2.367810702022655478e-01,-5.531768736201273517e-01
2.525272826760798228e-01,-8.759764512247195656e-01
2.556441870245616463e-02,-6.516891090135927822e-01
2.300229485480703162e-01,-8.273392780146348047e-01
3.790812592761316768e-01,-5.787248829452367183e-01
7.560274524539787322e-01,-3.478913484197289629e-01
9.556174385517151038e-01,-3.734147756513881422e-01
1.220462396066568145e+00,-6.440115742975963675e-01
1.182316304715563815e+00,-1.039152512580828303e+00
9.270122583155608886e-01,-1.087374574399526450e+00
5.352908503979910693e-01,-1.511859161045205902e+00
2.565620846871180527e-01,-2.074970807058847289e+00
-1.103865283508597694e-01,-2.521114427836942617e+00
-3.651360854738893713e-01,-2.599352053773233084e+00
-4.141170319660973931e-01,-1.929469471015533788e+00
-1.208800205187055415e-01,-1.423653599252748592e+00
-2.581305511949094633e-01,-1.130760065839174322e+00
-6.033012200868416164e-01,-1.535102539342603212e+00
-1.014265789535780282e+00,-1.891508487722858289e+00
-1.134676409819784348e+00,-1.753409327651426652e+00
-1.092294869353651388e+00,-1.180623909385039694e+00
-9.243985749009022701e-01,2.081042981924519086e-01
-1.840235605723929690e-01,9.248761069300233117e-01
8.663145359738283480e-01,1.080153043838856908e+00
1.364092144745820967e+00,1.710071278885626211e-01
1.425124360038870330e+00,-8.018701171705886477e-01
7.221816514325640757e-01,-9.640875200662740729e-01
3.878672039178636122e-01,-1.113114111778607418e+00
-2.254200210450607034e-01,-5.587674058972883495e-01
-2.782221002381804476e-01,-6.355363989834106331e-01
-1.820512713557971562e-01,-5.773515354479691331e-01
-2.872561867959163018e-01,-3.228439376109684678e-01
-5.802978746475668803e-01,-1.608429712555648206e-01
-9.054214578678152492e-01,4.353676186678157728e-02
-8.278656539519014812e-01,-1.750289756804892238e-01
-1.102059294358582964e+00,-1.476201497762384685e-01
-1.447096798503326509e+00,-1.682494775196522185e-01
-1.227903469682906312e+00,8.517202725576186739e-02
-8.984129733788669414e-01,9.826554805468563913e-02
-2.504814873637441486e-01,-1.598019182092017543e-01
8.198839726188089649e-02,-4.684210200636964028e-01
-8.154576792689800790e-02,-7.885162888240986323e-01
-7.213346546773992118e-01,-6.191620024187634019e-01
-1.447096798503326509e+00,-1.682494775196522185e-01
-1.950399281752437819e+00,8.118688224882365523e-01
-2.314732593254585247e+00,1.616960089840213000e+00
-1.988061413585147541e+00,1.716593818361645596e+00
-1.234300836399957024e+00,1.066273505443850134e+00
-4.085771273671177650e-01,2.358126406101845596e-01
8.198839726188089649e-02,-4.684210200636964028e-01
5.996990483964741436e-01,-6.678590912648141309e-01
6.917468010053791083e-01,-7.685003269420855876e-01
1.169846022849900802e+00,-8.160555372405152719e-01
1.062539192853719783e+00,-2.278729811218235035e+00
1.213060573052776370e+00,-2.039677104980273992e+00
8.654305617435614773e-01,-1.972249502660540887e+00
8.325699262017962621e-01,-2.329086167302285293e-01
5.770774692794792271e-01,-4.306655950626194218e-01
6.744425360943721026e-01,-6.305440562461215315e-01
4.815430271356772041e-01,-1.027061929772600690e+00
3.537182523556379188e-01,-1.003519274979145948e+00
7.100135352823383483e-01,-6.867864528200976482e-01
6.427475027339258906e-01,-5.108454665544092110e-01
6.744425360943721026e-01,-6.305440562461215315e-01
3.144628638508683016e-01,-9.280830645443629567e-01
1.614052460891232110e-01,-9.214795139688359837e-01
1.371720472281485938e-03,-6.965688520159857289e-01
-2.912512826913195574e-01,-3.540084711857444111e-01
-6.595192297919110214e-01,3.361280292835262529e-01
-1.280150330446673257e+00,3.418336981332746882e-01
-1.908200389239033345e+00,9.883404497291060908e-02
-2.157916048604153314e+00,-1.302267466367298399e+00
-2.121506618995135263e+00,-2.311165341891113112e+00
-1.992042831822310678e+00,-3.331024447866199445e+00
-1.822395380995066150e+00,-3.766428440214929729e+00
-1.617542575460813925e+00,-3.583319357063848631e+00
-1.356589573547137384e+00,-2.753690325439052344e+00
-1.220856881453443066e+00,-1.963603721908993460e+00
-1.183639711465011901e+00,-1.265195070084637052e+00
-1.071585480750899988e+00,-9.391906630300537184e-01
-1.034626678059877181e+00,-6.539552470303251486e-01
-9.058551565237814573e-01,-5.130995012757354479e-01
-1.034587306912887916e+00,-6.840486626638314638e-01
-1.364825889802806502e+00,-6.257198044771591361e-01
-1.896480180999532417e+00,-6.870887912907004402e-01
-2.184797421158093833e+00,-5.406721561376548468e-01
-2.184797421158093833e+00,-5.406721561376548468e-01
-2.184797421158093833e+00,-5.406721561376548468e-01
-2.007494387172048533e+00,-6.478866070609854422e-01
-1.743061489822471444e+00,-7.952073277780096205e-01
-1.254959531969783493e+00,-6.622574234215942157e-01
-5.930201126119681865e-01,-5.572495195393394329e-01
9.749835952829150054e-02,-4.746274274428421425e-01
5.720979725307849817e-01,-4.933751090916407289e-01
6.084025118638721752e-01,-4.753830356590029727e-01
8.705699158341143606e-01,-5.186308549947364899e-01
5.440331877982380604e-01,-5.498613959657572270e-01
-1.386309291177619321e-02,-4.865848496948749768e-01
-4.357251293438484940e-01,-4.158553883452508204e-01
-3.687515376493838426e-01,-4.152573459113082510e-01
1.563918577940724697e-01,-4.734335856569204526e-01
1.121059147919485799e+00,-6.871642508393341897e-01
1.568518194783994346e+00,-7.514145611700544514e-01
1.682539665492106318e+00,-7.058261102240207530e-01
1.047193689125550220e+00,-6.710243733214620310e-01
9.358073134841640162e-01,-6.561786569637247934e-01
1.390468245607557884e+00,-7.629437700793256782e-01
1.652044822291057979e+00,-9.579869090321173619e-01
1.541520228727891073e+00,-1.501833125494800969e+00
9.443054116512654694e-01,-1.428824125470075534e+00
5.138470118887711324e-01,-1.598919604886922086e+00
4.455846609609190878e-01,-1.340086115302421943e+00
3.714822822691741244e-01,-1.940097900975333634e+00
5.299771644237997181e-01,-2.142186847109792680e+00
6.516065677306499548e-01,-3.185427603787248874e+00
6.492510014267957041e-01,-4.527349691811477506e+00
5.092899950548470667e-01,-5.512922961297065605e+00
5.092899950548470667e-01,-5.512922961297065605e+00
5.092899950548470667e-01,-5.512922961297065605e+00
5.092899950548470667e-01,-5.512922961297065605e+00
-3.294395426116546177e-02,-4.603259899411523470e+00
-5.067976661022510765e-01,-3.112817895382169908e+00
-8.726737802906663344e-01,-1.643734164560653355e+00
-1.658889384260819222e+00,-1.349031939038158878e+00
-2.625140301446379887e+00,-1.323324581119157850e+00
-3.673992606679569839e+00,-1.320979496971455447e+00
-3.707182854652701476e+00,-1.570410622887311147e+00
-3.097558891485823640e+00,-1.765375508710129937e+00
-1.885420042262436979e+00,-1.797581987722952190e+00
-7.177293201154794078e-01,-1.479425601072886565e+00
-8.711951766478905068e-02,-1.165737042276218327e+00
1.210771003187542050e+00,-1.015050227890714751e+00
1.414748756561621912e+00,-8.817204449001578848e-01
3.114784440960658429e+00,-1.016526559515114503e+00
3.953087606562591727e+00,-1.110807381712276998e+00
4.708826866069355077e+00,-1.352788731739805961e+00
4.940550600805593717e+00,-1.608350854796032570e+00
4.665419755569318205e+00,-1.707424620984796082e+00
4.267136649995117992e+00,-1.677732594864784543e+00
3.072879540517194474e+00,-1.202774429439198212e+00
3.114784440960658429e+00,-1.016526559515114503e+00
3.953087606562591727e+00,-1.110807381712276998e+00
4.646571092947916704e+00,-1.292336706302666061e+00
3.715552822891174500e+00,-1.066890955824895570e+00
2.526480247837867843e+00,-1.011006682441273563e+00
1.202784099444700106e+00,-6.224836585532134148e-01
1.241867669906129068e+00,-8.407876016379263184e-01
9.033882361778073911e-01,-1.514525448105426220e+00
-4.442243386364332774e-02,-2.500399032787974374e+00
-9.467610302864953864e-01,-2.932607158715470064e+00
-1.978259405088698797e+00,-3.738630692739740358e+00
-2.702931253930096922e+00,-3.993471485973024038e+00
-3.162817974611979110e+00,-3.917839293195410466e+00
-2.905321297329948038e+00,-2.429368006248663558e+00
-2.243014892123446735e+00,-7.117982725723517312e-01
-1.521540343984822963e+00,7.071860939803592538e-01
-1.397887409878645570e+00,1.266062933860151452e+00
-1.745373967783369284e+00,1.814702233014019672e+00
-2.054715753561068947e+00,2.294044153089042748e+00
-1.791642134511849394e+00,2.152929852962996993e+00
-1.034120690271649323e+00,1.218734235969980650e+00
-7.509629516021599782e-01,4.021960050119814944e-01
-5.084405372997287120e-01,3.325899503356628539e-01
-7.731194735083343761e-02,2.538429799775096529e-01
3.315136699226896994e-02,1.140483527987636636e+00
-1.000773232831963649e-01,2.173327357188187481e+00
-5.952291829343221430e-01,3.200061753670649267e+00
-5.952291829343221430e-01,3.200061753670649267e+00
-1.250858510461440254e+00,3.002022471931604208e+00
-1.592234286253629394e+00,3.125330261210799598e+00
-1.773506382426407013e+00,3.543175847541364831e+00
-1.384512533552155311e+00,3.843302917986849643e+00
-1.063685432617970328e+00,3.492580018355279758e+00
-6.760593054962026338e-01,2.556917943829356332e+00
-1.810459876441328497e-01,1.636755072738118599e+00
2.860439668957498460e-01,1.007307794704337400e+00
5.472732499793031558e-01,1.140184307871727309e+00
8.401581965632111126e-01,7.316871100706986430e-01
1.166538180113992018e+00,4.928873899775727541e-01
1.313122233307945752e+00,1.687440286943619194e-01
1.438041430823256750e+00,3.639708005461101403e-01
1.307204919727293246e+00,3.689247524175975346e-01
9.817335656572560021e-01,2.046768358993140413e-01
2.343823615389818149e-01,8.076543976855407592e-02
-5.044326435275251486e-01,-3.445668321262192468e-01
-1.308361754989869397e+00,7.398284131481969172e-01
-1.962966657281200566e+00,1.167481420364112843e+00
-2.242699852986306475e+00,1.643313196499958773e+00
-2.158644959602151747e+00,9.792019981405077900e-01
-2.035299426440262849e+00,7.316844026230329145e-01
-1.743704640239150727e+00,8.227039012574054455e-01
-9.524999390759687490e-01,1.627734450245445386e+00
-2.644596144683827865e-01,2.279517185889853081e+00
-1.172121444844931581e-01,1.654233772154279025e+00
-1.416657032597399279e-01,5.265269396611392816e-01
-2.855292180457587037e-01,-5.478376904666043545e-01
-1.580012695211513163e-01,-7.287642633235005274e-01
-1.520555898720004628e-01,-7.226789076697136549e-01
-1.675438235932219522e-01,-6.931030772825345077e-01
-5.329467092799358152e-01,-3.182720988562218190e-01
-9.730084833022001334e-01,4.707485136698599804e-01
-1.063136857289910031e+00,1.354012081064536188e+00
-8.408187175487266130e-01,1.740751263476190136e+00
-5.905216703490475672e-01,1.620794984968178420e+00
-5.984100976160215968e-01,1.568490999365726335e+00
-7.966059104404713542e-01,4.415039630633903478e-01
-5.198011686287961064e-01,-3.227119009567372410e-01
-1.391849807710784370e-01,-1.589252146887112360e+00
5.900534280896649886e-01,-1.679757056014105521e+00
1.575909980137886635e+00,-1.467323209719149757e+00
2.191368215672031994e+00,-8.403483253920038809e-01
2.490346552507243683e+00,-4.531214794623368292e-01
1.903251300860889117e+00,-1.012104276747326947e+00
1.404616692406393641e+00,-1.433303352635525663e+00
2.316467137201153881e-01,-1.671523807108923343e+00
-9.474702399738387237e-01,-1.161787225906788290e+00
-1.943411064500523144e+00,-4.679484418898174347e-01
-2.282339568256044782e+00,1.437998489559584869e-01
-1.631761798511998096e+00,4.267887523164908270e-01
-1.425100183779238305e+00,7.260343580055864665e-01
-1.117092451848345630e-01,8.562026730104164152e-01
7.598881317627904641e-01,1.186521142742477997e+00
1.546511190749381148e+00,1.235641925453625278e+00
1.292835202847601117e+00,7.840971179585490836e-01
1.444099764459294555e+00,3.949023429158076692e-01
1.508460628457525265e+00,5.833668332626772146e-02
2.100530123588719267e+00,1.780254611096483419e-01
2.349042317152573389e+00,-2.817823511631267416e-02
2.490346552507243683e+00,-4.531214794623368292e-01
2.158066791497278647e+00,-6.611312832905273662e-02
1.756420010750985750e+00,5.059441164689738590e-01
1.546511190749381148e+00,1.235641925453625278e+00
8.927161636165537040e-01,1.515477329338320578e+00
4.260982445674981745e-01,1.420186957679037576e+00
3.879282308114084254e-01,8.589818461213775125e-01
1.289078846682508273e+00,1.449344468599829128e-01
2.007373957370096385e+00,-2.266971906116468927e-01
2.268678345716136580e+00,-1.105072738593778497e-02
1.821202048273171004e+00,7.025563174410631717e-01
1.434177763476633949e+00,1.222855003186916312e+00
3.611480775625858786e-01,1.406430025369838743e+00
-3.230487812813112036e-01,1.542688765834041131e+00
-1.223353625247125764e+00,9.776987389214273350e-01
-1.343641284107350398e+00,2.681034411472166812e-01
-1.595884238736617888e+00,-1.104200246963302767e+00
-1.334687474444940847e+00,-1.441131107637379838e+00
-1.002297945541799740e+00,-1.452424010732572324e+00
-3.842585920548110545e-01,-3.013888227657338104e-01
-1.465778521090661535e-01,-3.149377720300645667e-01
1.306860211837126418e-01,-3.856360172346943171e-01
2.129072042552710431e-01,-8.481577611319754961e-01
3.139911652731889879e-01,-8.673689786352860587e-01
8.949679844036990684e-01,-4.765642651018598408e-01
8.418604195725603034e-01,-3.989823556325388654e-01
8.658987430464859525e-01,-1.732104437862343194e-01
-8.069109447302359739e-02,-5.760666727569230261e-01
-1.170218334639397062e+00,-5.779956046330850805e-01
-1.741374687315237590e+00,-7.015343647439413743e-01
-1.741374687315237590e+00,-7.015343647439413743e-01
-1.741374687315237590e+00,-7.015343647439413743e-01
-1.741374687315237590e+00,-7.015343647439413743e-01
-1.919745950289343472e+00,-6.655181715029013789e-01
-1.553663706382444332e+00,-7.939187807347459769e-01
-1.023812583290314215e+00,-8.652482557690658327e-01
-4.126952331188928902e-01,-6.855885871011880850e-01
2.056564199422199202e-01,-8.184337973041191372e-01
8.784774224731812797e-01,-7.596697496081543655e-01
9.572832002347811953e-01,-1.118957678344483453e+00
8.299476692079595930e-01,-1.127743140951452450e+00
4.589847390963466833e-01,-1.188518750769720134e+00
4.054005956317737608e-02,-1.058949897377837068e+00
-3.721024773669048269e-01,-8.614458147368724283e-01
-5.494377517798002541e-01,-6.690950207155641483e-01
-5.445086281118828309e-01,-5.850415630086788221e-01
-5.494377517798002541e-01,-6.690950207155641483e-01
-5.445086281118828309e-01,-5.850415630086788221e-01
-7.106193289687656733e-01,-2.552104388237642074e-01
-6.817193703355902690e-01,-6.822305181680632380e-02
-7.142804525193763299e-01,-5.499850062635065484e-01
-8.878116291585956832e-01,-4.568688142334280666e-01
-1.360536063507874482e+00,-5.453282926545067744e-01
-1.874166823735215814e+00,-4.823855103186415472e-02
-1.874166823735215814e+00,-4.823855103186415472e-02
-1.209885626852991614e+00,3.391864778283357751e-01
-1.097599257518976579e+00,1.222225236168421381e+00
-1.395789102427758666e+00,2.121768751935082520e+00
-1.395789102427758666e+00,2.121768751935082520e+00
-6.637254326609443034e-01,2.136229257392874725e+00
-1.865087453285278196e-01,1.132858259941866175e+00
8.145005230530411033e-01,5.025458023485606107e-01
1.220533369569544169e+00,-8.358788630258700003e-01
1.395866657096306085e+00,-9.313611547115272504e-01
1.228499471015350286e+00,-1.223998880714495696e+00
1.153766465556396392e+00,-1.207165593425029160e+00
2.001535813740300984e+00,-1.672662385728650225e+00
2.775456088630247731e+00,-1.871460394520570780e+00
3.251179954783726345e+00,-2.110020338870937096e+00
3.056497846439364618e+00,-2.046575948117236976e+00
2.226632423634274272e+00,-1.678293866181754135e+00
1.185410558004058368e+00,-1.176151803666139140e+00
3.348141073572340476e-01,-6.098736765749558364e-01
3.424003301930989701e-02,-7.495428266119079641e-01
-5.867597244822402025e-02,-9.008598843893957930e-01
-1.801286417420570607e-01,-8.206070208635478647e-01
1.250233062780201354e-01,5.431595645121507776e-02
2.669423789755504539e-01,4.709081711994165254e-01
5.429623936177661037e-01,9.148069252792979666e-01
1.209862907212763794e+00,1.817727634144463922e+00
2.140076340096102925e+00,2.987647289276035067e+00
2.939133930924228366e+00,3.834917376273478062e+00
3.352334213480246294e+00,4.130034395365784761e+00
3.187777759602971273e+00,3.858058879872976910e+00
2.545503866756544387e+00,3.015142480175173834e+00
1.334786220211841234e+00,2.232860649774353945e+00
4.308967126647083035e-01,1.154279326062182864e+00
-9.084588465096257726e-02,4.242086189028215215e-01
6.275488283646067644e-02,-2.179871591556520050e-01
-2.879584422138291577e-01,-8.364781880030794925e-01
-2.169538372121525838e-01,-7.819842298435706329e-01
-4.327738187537395476e-01,-9.343890262659140244e-01
-1.328786974710333357e+00,-1.403954267314351467e+00
-2.032517239069469461e+00,-1.656148482116438947e+00
-2.205045095282349266e+00,-1.484396227313787620e+00
-1.188120489696580684e+00,-9.386037694177996604e-01
-1.955694850526747963e-01,-1.615334004325502393e-01
5.022572335076366246e-01,3.890822938578249457e-01
5.022572335076366246e-01,3.890822938578249457e-01
5.022572335076366246e-01,3.890822938578249457e-01
7.844834175384355346e-01,4.623401652721144672e-01
1.800595410424418175e+00,1.313346951635822268e+00
3.199722307654421449e+00,2.183012640729354192e+00
4.354191725852787798e+00,2.898150720189446083e+00
4.567497227152299111e+00,2.801523905374952772e+00
3.745251775389175197e+00,1.916705770473603909e+00
2.944925869277700059e+00,9.021719263704757186e-01
1.686682394465217616e+00,-1.149965890759225701e-01
1.226045013335216538e+00,-5.426477595965044642e-01
6.491030822917630561e-01,-9.073109810425155075e-01
3.251765892987029116e-01,-7.038555906921835081e-01
-2.805204419657847947e-01,1.335668813595472862e-02
-9.422673419863777378e-01,4.686463651531033725e-01
-9.865669183947496368e-01,1.243160816529568502e-01
-8.565847142391652680e-01,-6.766811448091252235e-01
-2.817113103920547146e-01,-1.461039822475749705e+00
2.126561115693371140e-01,-1.471305126431238008e+00
7.718845295122973571e-01,-1.400013087064826411e+00
7.398072978466617711e-01,-9.121195906931768294e-01
6.710644768407142413e-01,-6.731756192996969368e-01
1.180166114698738999e+00,-3.261816469710209221e-01
1.927185217957050334e+00,4.527631199632267678e-02
2.839902922851373024e+00,4.975103463315279084e-01
3.486208612502558424e+00,1.596306257423400599e+00
3.052743217802980968e+00,1.544014030909472313e+00
4.193409139702647614e+00,1.060135236024803751e+00
5.638966061970359434e+00,-4.289430337697590634e-01
7.737387312757277869e+00,-8.342682109957312298e-01
7.607133541273252142e+00,-1.190592974653889025e+00
6.682012716812846698e+00,-1.116686550593233962e+00
4.663508229170579611e+00,-6.829702599568560073e-01
2.961735727842857102e+00,-4.858467985112753795e-01
1.245080005808797630e+00,-2.156257816081336431e-01
1.889328408451956376e+00,-7.112485135762848243e-01
2.493270744172177089e+00,-5.082448783742883336e-01
2.925439813823621726e+00,-5.864627588375738165e-01
2.102255052109882172e+00,-9.048621422317124074e-02
1.388943196801012858e+00,-2.107317742101692815e-01
4.571794043382133577e-01,-5.893655273828145580e-01
-7.253098404855683190e-02,-9.961336637243034531e-01
-4.523086806881691513e-01,-1.073249539800416485e+00
-6.762826699376461859e-01,-8.318679496482110913e-01
-9.047241372726430031e-01,-7.810736470973924650e-01
5.988843559955423501e-01,-9.455805788244794341e-01
2.894833299465862098e+00,-1.053256675916369289e+00
3.681457275532583395e+00,-1.130824682503816403e+00
3.942192036097396546e+00,-6.798655904944329587e-01
2.781116425313411966e+00,-9.149197935725054964e-02
2.051082400904606473e+00,4.558252395644348254e-01
1.132608453477765620e+00,6.479654576271008937e-01
8.770444243091442271e-02,9.515503803226529334e-01
1.575816433351288348e-01,5.907639513533626818e-01
4.370876520474831772e-01,7.571890826797531004e-02
9.533432299929914810e-01,-5.081580325195002024e-01
9.802814651400154622e-01,-5.332050153759688715e-01
1.168809396925930777e+00,-6.021823650557774910e-01
1.032933920899077540e+00,-7.631406020726008155e-01
7.583096779155147349e-01,-7.991031675182437288e-01
8.002165564338893367e-01,-8.593169635905850701e-01
9.428843959051879109e-01,-7.226055353772593559e-01
9.162689597679843923e-01,-4.819894971923449067e-01
1.120779467584912759e+00,-2.565614784532167514e-01
1.439843006597891995e+00,1.199495593068949581e-02
2.191511711028071741e+00,1.296640104794213044e-01
2.523112528411852740e+00,2.885259660782665270e-01
2.818937749298751516e+00,5.610588989176513719e-01
2.284047511732391289e+00,4.971465259383060498e-01
1.355878418408303032e+00,3.578613184059978303e-01
3.226287474959661505e-01,2.102637127211540724e-01
-4.615140662120560955e-01,4.871843618067371873e-01
-5.740578301647155657e-01,7.131429446369342839e-01
-6.457693854860023785e-01,1.037372457075011328e-01
-1.834500352505947507e-01,-2.819890408324875475e-01
8.012721636740446907e-02,-7.866486371397757305e-01
7.105914490378696380e-01,-1.791807445141057886e-01
1.127724348835414281e+00,3.370574677949354780e-02
1.795826405631899991e+00,2.543611372252954639e-01
2.209019285145472189e+00,3.687409921156647452e-01
2.818937749298751516e+00,5.610588989176513719e-01
1.693198313320077197e+00,5.008827690840276237e-01
9.486045751062363030e-01,5.205561880222141918e-02
3.563841975336002887e-01,-5.962079988862619695e-01
7.135875425268008998e-01,-1.003724502734251400e+00
5.637540788888122378e-01,-9.180153568592188673e-01
9.717167715910154380e-01,-1.077177908949595198e+00
8.459949568545622745e-01,-1.170658377195119781e+00
3.670217247053343956e-01,-1.126858079303443949e+00
-9.592134123842478433e-01,-1.018989779357267311e+00
-2.292157506892016805e+00,-6.552054493295449422e-01
-3.088944121659740638e+00,-4.991274117336496619e-01
-3.500193489611006736e+00,-5.017496706908369797e-01
-3.500193489611006736e+00,-5.017496706908369797e-01
-2.913500168035453974e+00,-6.116640711245217021e-01
-2.021272566696521444e+00,-4.973384473302373543e-01
-1.282692077262499897e+00,-5.034703625494988399e-01
-9.080324146213073488e-01,-1.879439084659092762e-01
-9.036198414856835281e-01,-4.790743387021463850e-01
-8.439996536258139725e-01,-6.788181714349297291e-01
-6.249886542611161611e-01,-8.899421839474550566e-01
-5.533834523549752138e-01,-1.349474486603808199e+00
-1.768469600023064026e-01,-1.762663389960000604e+00
-3.795949346560855558e-02,-1.748754817142298190e+00
-8.968087666456921181e-02,-1.534051411769924655e+00
-2.419166329660767667e-01,-1.111800782665856691e+00
5.809562140825420135e-02,-1.509142771957163953e+00
2.119996691982396417e-02,-1.481913614707446980e+00
-2.672220408945877312e-01,-1.326471523436251632e+00
-7.212553273457888992e-01,-7.877160269520074865e-01
-7.800568276577529714e-01,-8.400880377698405344e-01
-7.845465985137778375e-01,-9.839310954980131640e-01
-8.901336460325521838e-01,-1.038081174164866338e+00
-8.566114921053935571e-01,-9.033543029130696178e-01
-7.010214229611947401e-01,-6.801501571646746402e-01
-2.766400092835772928e-01,-7.080266778790759163e-01
-8.702216084665778673e-02,-8.170384349911612443e-01
-8.871541286498066392e-02,-9.158233663356739607e-01
-9.636523657911431895e-02,-9.952522111251064230e-01
6.996208272379026739e-03,-9.758458473741257189e-01
1.751987519629224777e-01,-7.142136964886612871e-01
5.461512759853255350e-01,-5.338741301983661591e-01
6.024398959747793159e-01,-3.240655079030011626e-02
9.010833554564627867e-01,-1.286301433365261149e-01
8.599846783529606631e-01,5.142963686722723353e-03
9.785166546128959419e-01,-4.026529857978344840e-02
1.082247489770148841e+00,-1.481306931693425477e-01
9.797331594864253645e-01,-5.209725185372774403e-01
8.163039565215630677e-01,-1.375024920960692842e+00
3.181355315507682358e-01,-1.635648845303073307e+00
-1.166272540938082941e-01,-1.756200373379162016e+00
-3.730530425602934241e-01,-1.389345684552192983e+00
-5.722880742410073607e-01,-1.266970902871410676e+00
-5.357385752178260852e-01,-9.869594789928306522e-01
-4.478040234216477677e-01,-1.417542815268078904e+00
-2.334008232469814703e-01,-1.725060573683528498e+00
8.125173135263349944e-02,-1.987818228857933800e+00
3.718921008744012213e-01,-1.533277947441579858e+00
6.353721675168739758e-01,-1.537742064981251655e+00
2.137120282944626748e-01,-1.515807973984681922e+00
-7.174087930300963867e-02,-1.872370349275985779e+00
-3.108478424767829873e-01,-1.675438538284576673e+00
-1.065060989578272277e-01,-1.721994007545773586e+00
-2.425146965521345621e-01,-1.564225034590790653e+00
-3.671055532417415446e-01,-1.067386472562502187e+00
-6.783120004625583510e-01,-1.203157191279974558e+00
-4.749897958638450435e-01,-1.411145039905110865e+00
-2.880448754035669356e-01,-1.271342109083738015e+00
-5.310976329295143128e-02,-6.073738835819266768e-01
2.186554296488093796e-01,2.702258800630817914e-01
7.859829224361800648e-01,7.186437900760663799e-01
1.230410754810711271e+00,8.940611580185275908e-01
9.462316036701772237e-01,1.818152361255962746e-01
6.603065182660554644e-01,-3.535722828664367157e-01
3.002510064895468900e-01,-7.506386965956673984e-01
-1.412460762467133701e-01,-5.173391147035902859e-01
-9.373775573961067309e-01,-1.141232824492545012e-01
-1.890943713241672430e+00,9.365128831737079551e-01
-2.326774539776784945e+00,1.277807424759335619e+00
-2.444794273644575355e+00,1.251210720210759408e+00
-2.188762860574955837e+00,6.817496286774287206e-01
-1.776039328256965311e+00,3.275963144137373773e-01
-1.246149740795164718e+00,2.180270276138455143e-01
-1.296778637450325178e+00,1.293522906929229221e-01
-1.512184816725183900e+00,3.775158639165305807e-01
-1.722820037926319436e+00,6.387074500139832134e-01
-1.728745829491988184e+00,1.019857384895100694e+00
-1.673140914596258133e+00,1.370345519847047777e+00
-1.738909600965459878e+00,1.377921460036585444e+00
-1.512407288247718418e+00,1.130680613303301829e+00
-1.591360678547243390e+00,7.315943174416611461e-01
-1.290921534422419414e+00,6.930818835209444639e-01
-1.185351588524344857e+00,1.908192959882519524e-01
-7.803709381662105038e-01,-3.009696405936014840e-01
-8.796755177686621519e-01,-1.034095427846999371e+00
-1.402490448137156065e+00,-6.346984147533594189e-01
-1.661398508597551782e+00,-9.634387555022305705e-02
-1.776039328256965311e+00,3.275963144137373773e-01
-1.618720406586225735e+00,3.005158944598090853e-01
-1.154435408689752141e+00,-1.102731204607082377e-01
-4.865319310722588386e-01,-3.873932224775955002e-01
1.679159663342419395e-01,-8.261775243975799654e-01
3.676293650372771671e-01,-8.807686903585553173e-01
2.504314397827777094e-01,-6.905701997467705855e-01
2.814067594385788462e-01,-4.993715669749690389e-01
2.829055297071287889e-01,-4.356238771495175022e-01
5.503102702185517225e-01,-1.626119961802434677e-01
7.059476737510622657e-01,1.843237702909098774e-01
1.012375422782711087e+00,5.369457311161688340e-01
7.294769856107170547e-01,3.899026288512034144e-01
3.522638313465161208e-01,5.628800457747149544e-01
-2.412118654704353271e-01,5.396733740163606186e-01
-3.952912889070849256e-01,1.119196974385597620e+00
8.925359886730825643e-02,1.088352886602605096e+00
7.732600501730898523e-01,3.785910485107569223e-01
1.514266696987075056e+00,-3.267134594055985386e-01
1.277938187228300215e+00,-7.194452562816704422e-01
1.980905300320352946e+00,-8.743370751114686312e-01
2.224328356906985160e+00,-9.152855523881292532e-01
2.627659598187025658e+00,-7.167374389542577884e-01
2.726461831961567217e+00,-3.603531307271676809e-01
2.802995957500267199e+00,7.351390587802346388e-02
2.818937749298751516e+00,5.610588989176513719e-01
2.784747016552561849e+00,9.621891533883483172e-01
2.690792961403875250e+00,1.241287260782024227e+00
2.560360201398446556e+00,1.394336040743573202e+00
1.557288560047337622e+00,1.290683954702281921e+00
1.055671615316305267e+00,1.068695619819216347e+00
6.439222395983798530e-02,5.821297786151357137e-03
3.240448968808783414e-01,-5.135947507090103947e-01
5.204265867061033668e-02,-9.833918866749014054e-01
2.619124150580945942e-01,-5.633041847870965402e-01
6.446390910093974247e-01,-6.477467614424980979e-01
1.553775899866390642e+00,-8.964676155721525985e-01
2.224328356906985160e+00,-9.152855523881292532e-01
2.627659598187025658e+00,-7.167374389542577884e-01
2.726461831961567217e+00,-3.603531307271676809e-01
2.802995957500267199e+00,7.351390587802346388e-02
2.818937749298751516e+00,5.610588989176513719e-01
2.784747016552561849e+00,9.621891533883483172e-01
2.634927230644655616e+00,1.276625796902969290e+00
2.292635033638354969e+00,1.378303083166280807e+00
1.396627206330871562e+00,1.184394856753089531e+00
5.595502690990930006e-01,7.881957156746339788e-01
-5.304371214854800565e-01,1.346889602051160040e-01
-7.932400547797350265e-01,-1.933312595706278003e-01
-9.230864417910179531e-01,-3.516491565306814060e-01
-6.956695942969505220e-01,-1.554809615703887093e-01
-6.042845592190956294e-01,-5.037473735347320486e-02
-8.722316691204917705e-01,8.094852031744660670e-02
-1.105144524191850275e+00,3.354040286743277255e-01
-1.485764677383925703e+00,4.328439114013922784e-01
-1.289759132023418964e+00,8.604654893787609948e-01
-1.634470380662553568e+00,1.524878610240603560e+00
-1.395087149756078615e+00,1.620564951146600485e+00
-1.430569983480949103e+00,1.190340059826852537e+00
-8.752374446699517918e-01,4.478001859408633489e-01
-4.680721191563804728e-01,3.490158341395888791e-02
-1.762106171659913734e-01,-1.022156965476843787e-01
2.153746827061471525e-01,-1.330918941130284361e-01
6.960687319825263897e-01,-1.189913916963099283e-01
1.337734420047155259e+00,6.043834678007170905e-03
2.034485934793190509e+00,-9.336279103055686313e-02
2.525675450924288690e+00,2.106073610891055214e-01
2.094265352012605774e+00,-6.318918726483767623e-01
2.170205924420129495e+00,-4.098992419937594334e-01
2.140209877947350847e+00,-5.722095646137025371e-01
2.818937749298751516e+00,5.610588989176513719e-01
2.354164316794281842e+00,6.367364385573065499e-01
2.354164316794281842e+00,6.367364385573065499e-01
1.584644188198323311e+00,1.089146620280073419e-01
7.995364645178377749e-01,-4.930703116279798737e-01
-8.393129214262405602e-02,-1.036570794772053050e+00
-5.154422570675118997e-01,-1.210597145042012990e+00
-3.267224710034017932e-01,-1.335078193961076076e+00
1.899088104667471730e-02,-1.019471170887168876e+00
3.219803738561630158e-01,-8.137639646439500662e-01
1.013826982666891530e+00,-1.527090848212057927e-01
2.086871150315442680e+00,1.812790438534920556e-01
2.588447865180969476e+00,3.026888710205056232e-01
2.818937749298751516e+00,5.610588989176513719e-01
2.508112463264801750e+00,5.352546421563872947e-01
2.335212231297584928e+00,4.237834786765113382e-01
1.569220632926157100e+00,1.129022271097597785e-01
7.749625436526199618e-01,5.503189902728584243e-02
-3.442839380783843661e-01,9.089404123445868344e-02
-9.755441003795309873e-01,3.183447329924405378e-01
-1.485764677383925703e+00,4.328439114013922784e-01
-1.360003834274513101e+00,1.260166667900229909e+00
-1.723665910778253263e+00,1.990816951619509778e+00
-1.209359948053820855e+00,1.881298230755405587e+00
-8.063624956380071040e-01,5.025327780497778063e-01
8.347323393143884010e-03,-3.670226755171295263e-01
3.219803738561630158e-01,-8.137639646439500662e-01
3.236027309934703666e-01,-2.507609302584764555e-01
1.022366830115512271e-01,-4.304455269771645561e-03
-1.102584795876905138e-01,-6.928279210405117669e-03
-5.757142763593479096e-01,9.002488912670089660e-02
-9.375768440791882874e-01,6.864661698006552237e-02
-1.412639833155701963e+00,2.032596990660679726e-01
-1.142653196747705602e+00,-6.240144063593723589e-02
-2.416525609531962604e-01,-2.694135871695086948e-01
7.607385769362702277e-01,-6.170150037729185133e-01
1.321859592187249355e+00,-7.720653686809859639e-01
1.403277389155429100e+00,-8.713611828724504571e-01
1.390292137992788613e+00,-8.522530091623394810e-01
1.321857299773219863e+00,-7.720680474492959133e-01
1.042490135790893335e+00,-1.047240764089762299e+00
8.805840833505562681e-01,-1.595039181691370489e+00
1.300998994789464014e+00,-1.241552450587906975e+00
1.196987134885184600e+00,-6.466928525334892930e-01
9.197007890850704692e-01,-9.347443894069845660e-02
-1.294864400560689077e-01,-2.057095016611918889e-02
-6.055339932643126755e-01,3.587866708557589379e-01
-9.819389021062094880e-01,8.481253300976347997e-01
-7.493758392366315357e-01,5.013592843234705443e-01
-9.699728699274914323e-01,6.381126408166090114e-01
-1.159113623635006363e+00,5.102216021781699196e-01
-1.352651012028511346e+00,4.603859258715745639e-01
-1.140892370480947715e+00,-1.284077789438992367e-01
-5.673783516560783058e-01,-6.869389575932135505e-01
-4.061877935571548415e-01,-7.410241299334825449e-01
-2.210489315756281326e-01,-3.091136202408242828e-01
-2.962260526194869792e-01,2.564390771686618845e-02
-9.531654864683439254e-02,4.801254164058927354e-01
1.749949661597610673e-01,4.283106669699916491e-01
7.659299789201216013e-01,1.179386376260574965e+00
4.998175907019424269e-01,1.921615823239208654e+00
8.280650864020940860e-01,2.443872790767727121e+00
1.175245638117274227e+00,2.008487094217411784e+00
1.806227182330663483e+00,1.864498320650179064e+00
1.221272778012216120e+00,2.133394382521409227e+00
8.280650864020940860e-01,2.443872790767727121e+00
1.175245638117274227e+00,2.008487094217411784e+00
1.698621388015328471e+00,8.678907834579326908e-01
2.178238926520246199e+00,1.393352299946315487e-01
2.303567423928082558e+00,1.702713646848644236e-02
2.834439275154666316e+00,6.266046151512024709e-01
2.647444113958993039e+00,1.100082176959948477e+00
1.626478630460414854e+00,1.807357163579074610e+00
1.206193430704280534e+00,1.407374717974310796e+00
1.472696130744159726e+00,1.062612574821069744e+00
2.047399367814983773e+00,-2.864590249952768744e-02
1.669697700952314623e+00,-3.479250380299122591e-01
9.545883628153026823e-01,-7.548923339595706716e-01
9.634135777311489957e-01,-1.297511764407450752e+00
1.312423789088636994e+00,-1.953350358997617775e+00
1.278442612655534161e+00,-2.802134594325036421e+00
9.455595007693394782e-01,-2.640560782335346524e+00
6.066331671767033473e-01,-1.986150283001898220e+00
5.084437292777912454e-01,-6.473411551930157160e-01
2.668012785171847145e-01,-1.234930695386724092e-01
1.690354679005659777e-01,2.604475089538578203e-01
3.919872658137900645e-01,-2.210698981395692597e-01
2.052661933713587072e-01,-7.761616057604306951e-01
-1.468846404992914800e-01,-1.013373883569763212e+00
4.571156741585083449e-02,-9.916714706347310448e-01
7.361512421851461596e-01,-7.754417750101572082e-01
1.812015585432833475e+00,-4.051869550446580148e-01
2.254596684957325792e+00,2.607041089213338325e-01
2.355001062373510923e+00,1.316484163343862868e+00
1.570975173744023401e+00,2.027266047644384894e+00
5.889669825477852338e-01,2.507788300550930938e+00
6.609021042133189638e-02,2.006571044702359252e+00
-2.386893303301882985e-01,1.098510779350388544e+00
-5.011483661800664180e-01,-1.013809562469797504e-01
-1.405495264222468732e+00,-1.840269138790074699e+00
-2.287780519768801479e+00,-3.161206834410464239e+00
-3.165011596340914224e+00,-4.298122695199432464e+00
-3.460080122271683489e+00,-4.538641876624382121e+00
-3.081819820269609433e+00,-3.935726228996475395e+00
-2.007299519686356337e+00,-2.708289042498543964e+00
-9.774321004784982669e-01,-1.432053391356125083e+00
-2.048765746719253544e-01,-5.253087970665898387e-01
-4.384056005555098112e-01,-3.735840002337171839e-01
-4.901578860286440187e-01,-1.337713418291610334e-01
-7.964750836458404093e-01,2.854660589343829269e-01
-9.422673419863777378e-01,4.686463651531033725e-01
-7.140157337509265290e-01,4.806844631867694395e-01
3.986441041596140711e-02,1.342972166035774073e-01
5.878730689966455980e-01,2.939121064505919104e-02
3.975589840224890148e-01,2.723105923482027971e-02
-8.644764123662777022e-01,5.397967464346711264e-01
-1.605004017300556862e+00,9.531555713868968827e-01
-1.992789589957936647e+00,1.443505127602507265e+00
-1.757548468849386092e+00,1.681005594531381986e+00
-1.795838655125092886e+00,1.443364274750010834e+00
-1.780920598133873600e+00,1.167240686936337202e+00
-1.803952239371249044e+00,5.914221007030440180e-01
-1.767472863171273945e+00,8.875110334106415255e-01
-1.777780888266672354e+00,1.137017846347453398e+00
-1.595001690681921991e+00,1.224420938655756519e+00
-1.239063484564439488e+00,1.722749504259308839e+00
-1.354682519294247101e+00,2.087367229821718517e+00
-1.463345429985996704e+00,2.824747796652101961e+00
-1.829469066361395724e+00,2.920164004708684313e+00
-2.032894183977338454e+00,3.273075894692511589e+00
-2.104530495290600101e+00,3.069114792081078846e+00
-1.782797826474946223e+00,2.975521943545589743e+00
-1.708892679579896212e+00,2.568744018936341966e+00
-1.268774960592807366e+00,2.378276960390520500e+00
-8.519960013831135992e-01,2.185148456952514806e+00
-2.652509353961242655e-01,1.511436394902761604e+00
-1.230737602312153844e-01,2.287911734747187342e+00
-2.453896852921020610e-01,2.935020876287164349e+00
-2.148373031583818704e-01,3.546370084738381223e+00
-7.478932173865759925e-01,3.537593496567572604e+00
-8.121311792766666704e-01,2.329145312152995917e+00
-4.135878384271021724e-01,1.979787598207564114e+00
2.715315321511068691e-01,2.076540959005526599e+00
5.823594820302359087e-01,3.225131666868673808e+00
4.057483074888134644e-01,3.752224905374216490e+00
5.094060711653894402e-02,4.073338430812610156e+00
-7.478932173865759925e-01,3.537593496567572604e+00
-1.013083469345452237e+00,2.244255026280051801e+00
-4.707091950900018085e-01,9.852072585645974545e-01
4.491910461686742240e-01,2.943146862796193752e-01
9.922129030881503553e-01,6.740225063215518619e-02
9.952595351961304182e-01,1.467066033647121959e-01
1.032525011720837549e+00,6.594925838788920358e-02
1.399233009942105532e+00,-3.458992902680618764e-02
1.589490329677782920e+00,-3.444163809717033509e-01
1.609181217788080875e+00,-5.100571630153294400e-01
1.470699397467694514e+00,-6.648348518898176129e-01
1.716085785632400329e+00,-4.061019049239664724e-01
2.026421674825023889e+00,-1.235272190004839954e-01
2.213799791101945136e+00,2.149457889124767873e-01
1.744803903629877029e+00,2.614080435422383997e-01
1.465571655056602474e+00,2.785140533502584725e-01
8.819794682829382726e-01,1.749401170511139803e-01
9.952595351961304182e-01,1.467066033647121959e-01
1.871996326413168377e-01,5.545658069066762286e-01
-3.260590255985249541e-01,6.705821332038289784e-01
-5.655202868810700334e-01,5.087291881289661699e-01
-3.595614627347537007e-01,-8.441135838453296680e-02
-2.782736278692836060e-02,-5.308469225867409325e-01
-3.516526100576692904e-01,-5.780873303792189999e-01
-6.086882436692235832e-01,-7.757452584047973554e-01
-6.829053430101080790e-01,-8.367156982317084379e-01
-1.469645708930114592e-01,-9.115219687357287714e-01
2.677849434760115610e-01,-9.325108621748011695e-01
3.870702535155515767e-01,-5.257496177777802870e-01
4.680588639441141119e-01,-2.186371631706093832e-01
7.004616369621661232e-01,-1.629066677948755870e-01
3.531215054579831536e-01,-3.366387208732145586e-01
-2.316641445152607670e-01,-3.458840146010729727e-02
-1.113982510659408787e+00,6.856432151941154185e-01
-1.604050471409508516e+00,1.323103673136475811e+00
-1.782481077338488484e+00,1.670680572431083366e+00
-1.786032925594644549e+00,1.910897000164867743e+00
-1.588278226401252713e+00,1.991424613224353601e+00
-1.168876905572347580e+00,1.874685826473218020e+00
-1.266534678508729916e+00,1.999780281875744192e+00
-7.602042432176280284e-01,1.882758671775527803e+00
-3.299542866127453955e-01,1.763123343480098137e+00
8.350473909131735928e-01,1.252791343193625062e+00
1.198430499033854568e+00,8.743015309740448382e-01
9.730028800642063214e-01,2.958000456979745785e-01
9.002787909059185856e-02,-1.873316881916810284e-01
-2.835049306367308786e-01,-5.785217122470456275e-01
-5.168508976516675846e-01,-7.730177184186275419e-01
-5.168508976516675846e-01,-7.730177184186275419e-01
-5.168508976516675846e-01,-7.730177184186275419e-01
-4.300633404148011540e-01,-7.791851526439831366e-01
-3.772503644365804432e-01,-8.039572432760124787e-01
-1.054672595200196322e-01,-7.148726887418921372e-01
2.679133222646796209e-01,-5.203399267392435634e-01
5.009939534592987576e-01,-2.576990626117814029e-02
3.599502513547836458e-01,4.679967516093590241e-02
9.126993450202267599e-01,5.297316620340554172e-01
1.402715193164963514e+00,1.132414634092299810e+00
2.034185834837872520e+00,2.052621486999557376e+00
1.497443570384177747e+00,1.748837798221265061e+00
1.766392065945352474e+00,1.977398029535333501e+00
1.847824175216403297e+00,1.088415997948682712e+00
1.613205784413576982e+00,2.548876130951106544e-01
1.375162597688006860e+00,-3.494590465336724350e-01
5.474599028424013136e-01,-4.081931358480216376e-01
-5.113455694552951902e-01,-7.584311510288825886e-01
-9.954509222823548775e-01,-1.041304300157829710e+00
-1.296116742450391435e+00,-1.412412953962620898e+00
-7.713102360945536251e-01,-1.204367992399470122e+00
-4.641971056954606878e-01,-9.362563172625331109e-01
4.913009941779139522e-02,-7.184834277116143308e-01
-1.114088636647150854e-01,-5.289684879900035108e-01
-9.548445379501244168e-02,-5.672968711074782844e-01
-3.389101525373972579e-01,-8.070173888819973662e-01
-2.558946378867161808e-01,-9.018157133129356406e-01
-3.552200868205245832e-01,-9.377868135948439487e-01
-5.573688906499943974e-01,-6.667632534951922763e-01
-5.820774907748701432e-01,-1.073196629798193857e+00
-6.226221383494586759e-01,-1.407025096334433734e+00
-4.688773061032796563e-01,-1.510009743813207184e+00
-6.725353428894205177e-01,-1.294867864304458882e+00
-7.021068616972145904e-01,-1.044619969934619697e+00
-6.256030043645207650e-01,-7.592478415289547478e-01
