-1.072537566786404273e-01,-1.491072793059899371e-01
-1.228440145198932826e-01,-3.915680583927798053e-01
-1.073731585292257568e-01,-3.280750215102739564e-01
5.020844097748429491e-02,-3.938895487004240303e-01
-6.708235143623714203e-02,-2.515461071248713543e-01
-9.907467136139026798e-02,-4.336156573298103334e-01
-1.134243777175605455e-01,2.154370060215224925e-01
-3.053882612743546304e-02,1.044126474409907468e+00
1.011222197633043912e-01,1.468604582090894173e+00
1.298243780380529677e-01,1.153051605980240923e+00
2.775155841511229293e-01,9.052376711307943413e-01
2.523337966613551364e-01,9.323867863111989784e-01
1.046388826003456923e-01,3.253117149891681104e-01
-5.968046993410930368e-01,-8.232766120639989360e-02
-1.151184842851388668e+00,-2.882084119272085299e-01
-1.447122343194518601e+00,3.178437760255679173e-02
-1.457442908470869991e+00,2.689857425066166097e-01
-1.262755150938420279e+00,4.687769301493042162e-01
-1.216726326568768446e+00,6.292323874523436666e-01
-9.570026235266179127e-01,4.485259600091687227e-01
-1.194060816482984455e+00,1.761987546700291563e-01
-1.063866660666172193e+00,-1.646871115123234031e-01
-8.802490500996659195e-01,-1.713918706863326036e-01
-3.478302599021502184e-01,-1.958118669110516796e-01
2.651414225576732495e-02,-1.988784889938470801e-01
2.328542819434192002e-01,-4.198946781688505658e-01
2.698529112516951933e-01,-3.747878384367176463e-01
2.164010566491136323e-01,-2.893365383032513449e-01
-2.689879863556524087e-02,-1.542129543941461907e-02
-1.467586819088549654e-01,-3.117391394547627814e-01
-3.850055721879229453e-02,-6.824963832221511151e-01
-2.715198580652066276e-02,-6.782696780884356347e-01
2.787792678121626122e-01,-6.708665934599109537e-01
1.844766394125104680e-01,-3.479034654214924194e-01
3.258448223878180894e-01,5.986530795117133569e-02
4.591451855653785885e-01,7.455992436339441420e-01
7.973634256349234617e-01,1.129037568345254483e+00
1.270333017731522851e+00,7.533859004999615694e-01
8.843924102686503419e-01,4.604385259592235213e-01
5.004982282619550027e-01,-3.904400789758909196e-02
-4.406046892848110574e-01,1.132258338209145287e-01
-2.984865603021548686e-01,-8.041528106044644464e-02
-6.280833158217553613e-01,-1.866161816276418750e-01
-9.924809226445365784e-01,-2.563421966111745776e-01
-1.142184586324487716e+00,-2.540373534835448921e-01
-1.014980817617602504e+00,-1.657356754350402528e-01
-9.462307656191848437e-01,-1.714178925425230704e-01
-1.083185241755602490e+00,-1.737921891821744835e-01
-7.219643694341284501e-01,-1.748466113163403279e-01
-8.186167336347770496e-01,-1.694796485267223152e-01
-6.000848006136167978e-01,-7.877999430567195205e-02
-4.217590754380243778e-01,-5.029777175401719397e-02
2.364434615585799676e-02,-7.299417455172502178e-02
1.848797590429348270e-01,-3.370805391663183048e-01
9.285901035171695295e-02,-2.977947870509056738e-01
9.762249305428019608e-02,-1.819862422996823548e-01
7.113745265989741828e-02,2.955425453333809793e-01
1.868339551465648951e-01,2.818454190802994197e-01
3.243204603609985415e-01,3.381159035504381349e-01
2.519415382797109970e-01,7.824417073638867404e-02
2.562401449852252933e-01,-8.356736729080456449e-02
2.247701801914443742e-01,-2.709578151838780147e-01
2.091517435755532450e-01,-2.784902163064600367e-01
2.091517435755532450e-01,-2.784902163064600367e-01
7.429648702943442151e-02,-3.404318741177257412e-01
-8.435955959862337372e-02,-5.090322128875099938e-01
-2.284920649685861227e-01,-7.730288005039460675e-01
-3.345698275050091874e-01,-8.722130304781720023e-01
3.053827837839716564e-01,-8.907735395730831396e-01
1.987374996467787813e-01,-6.562555289390294977e-01
3.468054490689740366e-01,-5.400230728609298758e-01
-3.917114393626918711e-01,-4.935020040889417370e-01
-1.104577885573685275e-01,-3.891804586845030167e-01
6.350752401924786295e-02,-3.563940071802228493e-01
1.273733392234680240e-01,-1.248501853006268036e-01
4.279477663789710978e-02,5.828004352781225583e-03
-1.908634693890448597e-01,1.468324526137116115e-01
-2.559133603987490124e-01,-6.055656111934598629e-02
-3.011460035276916636e-01,-3.656496816636139457e-01
-2.475809287830956634e-02,-7.171900635930215095e-01
-1.050845413607108814e-01,-6.001189321636993812e-01
-1.000127180296538423e-02,-5.408892508634647323e-01
-1.643264577809503135e-01,-3.915178197403249571e-01
-1.286602213633790959e-01,-4.821328354719124354e-01
3.590622480034772607e-02,-4.016785121657784341e-01
4.406184811215521080e-01,-2.763505002227593654e-01
9.349938365236499793e-01,-6.534749518882700947e-01
1.014484157481882587e+00,-8.761682165143769296e-01
6.341575609406548963e-01,-1.059038807597496579e+00
3.269870609693737995e-01,-6.513434712133568949e-01
5.309602981307753877e-01,-2.014779137765178862e-01
1.441961459612716157e+00,6.881005129006435572e-01
1.323542134020692096e+00,9.879114372434584235e-01
1.033826167322899892e+00,8.434581334345250259e-01
3.754735139636373731e-01,-5.672823391227361789e-01
6.421681518180524240e-01,-9.265089092055448505e-01
7.728355947699360184e-01,-1.005625333962044010e+00
3.721841684186091848e-01,-7.032838968557395543e-01
2.905532139962724858e-01,-8.478601592650508723e-01
2.585927797293734454e-01,-7.923268927273523499e-01
3.592790744525104496e-01,-7.921425812938148736e-01
3.801647406496074244e-01,-6.230707736817607811e-01
1.920617689975703535e-01,-7.127260555034519163e-01
-2.240579418870422904e-02,-6.404798765134651628e-01
2.086536340117356170e-01,-9.765974269187244206e-01
6.816452962799369741e-01,-8.006872125764966652e-01
1.077627818840680485e+00,-2.150718268184904081e-01
1.180899763771004363e+00,8.363325391933780217e-01
2.452108487144733839e+00,2.574872314295201026e+00
4.185207771148244937e+00,3.999857800554758480e+00
5.531791646098466408e+00,4.636834486552228185e+00
6.105062516486806423e+00,3.354663764327689979e+00
4.729137005568897045e+00,1.412919884003223103e+00
3.493286122948296768e+00,-4.915485568568012109e-02
3.493286122948296768e+00,-4.915485568568012109e-02
4.423691771085215940e+00,1.088829110659663389e-02
3.826501028644126112e+00,-1.926490280481691075e-01
1.673554090765787983e+00,-6.376797087670935671e-01
1.233612761959123755e-01,-8.642367528247708597e-01
-3.713721086237240510e-01,-9.804018265809009147e-01
-5.109946504872042716e-01,-8.875086028653169645e-01
-9.253543780612414338e-01,-4.049876954384747374e-01
-1.044236364815229079e+00,-1.186954502691684454e-01
-1.108506033324191176e+00,-3.849294262933868060e-02
-5.802518006950742047e-01,-4.028195217404938466e-01
-3.197192589267777163e-01,-3.766127049159287976e-01
-1.668777325081324259e-01,-1.828537701884843658e-01
-1.148048252916092776e-01,-8.880206470192535118e-02
-2.951493779538064133e-02,-9.436235328057566984e-02
4.894079080438731161e-03,-4.310535737861980188e-01
1.005113661064498121e-01,-7.889414884788380489e-01
-1.408588560531755240e-01,-9.985469748240524135e-01
-3.635001293138673817e-01,-7.493548345499152497e-01
-5.883949590383762418e-01,-2.480483375297229121e-01
-6.957402449054965743e-01,1.703067371473814540e-01
-1.116952338191652627e+00,2.820991752540827902e-01
-9.524968622634631954e-01,2.056856208329007341e-01
-7.021075023803751147e-01,5.970729469780057877e-03
-2.047620335050908680e-01,-2.275498226565837723e-01
-2.904485444981369513e-01,-3.108435965820896540e-01
-5.053408113072181962e-01,-2.221754599490004534e-01
-5.053408113072181962e-01,-2.221754599490004534e-01
-3.060784965229767507e-01,-1.631098605218935238e-01
6.084316274752252784e-01,4.802942002615571138e-01
1.544134384519354253e+00,6.100773585304231084e-01
1.547360571413354036e+00,4.945340027956021678e-01
8.756022236405468506e-01,7.125930638474352319e-02
-6.863906024335098000e-02,-3.169520338144397181e-02
-2.534456189393115982e-02,1.899384287453386722e-01
1.801197005421452668e-01,1.964090442046891594e-01
5.387912242962595855e-01,3.796542293144229419e-01
5.696549443028353643e-01,1.908488436933776788e-01
4.184174844848261299e-01,-2.739880021646402472e-02
-6.351462140493709940e-01,-4.488538796896160421e-02
-8.184862591790252884e-01,7.228512929457137082e-02
-7.767419698620542379e-01,-3.591365620564083982e-02
-3.011460035276916636e-01,-3.656496816636139457e-01
-4.661227626608767660e-01,-1.671858985470860703e-01
-5.549202493858266250e-01,-3.776872107474075341e-02
-5.872487084428983373e-01,9.763390183226383634e-02
-5.872487084428983373e-01,9.763390183226383634e-02
-5.872487084428983373e-01,9.763390183226383634e-02
-8.255723324183740219e-01,2.349453794362975356e-01
-9.252277510060175070e-01,3.337328311443841788e-01
-1.322385299806872583e+00,3.391603077285375578e-01
-1.549556027499316979e+00,1.691048815035746944e-01
-1.615657518401625525e+00,-1.920906554053272985e-01
-1.403897678431344165e+00,-1.039023450134968357e-01
-1.110408584581334068e+00,2.412077159197050999e-02
-7.479110425470307799e-01,1.253089747487949879e-01
-3.086727262972490671e-01,-8.022399966340837407e-02
-2.253226409310692957e-01,-1.853488164011924400e-01
-1.892502642674546431e-01,-2.909429492550377749e-02
-5.369594676117571685e-01,-2.993965164725313072e-02
-5.442494380000889587e-01,-3.968934274566825876e-02
-7.307871948015898234e-01,-1.641466330128072970e-01
-7.307871948015898234e-01,-1.641466330128072970e-01
-7.307871948015898234e-01,-1.641466330128072970e-01
-7.608815749115241944e-01,-1.277187852366291620e-01
-6.957665447570519079e-01,-9.569593831404651918e-02
-7.716928193549663639e-01,3.097674352009191241e-03
-3.116820993862176037e-01,-1.839835863854266118e-01
4.186500467456004682e-01,-7.392276599872272813e-01
8.207713621425396511e-01,-1.007987900220943756e+00
8.171081780600987221e-01,-9.034027046071816391e-01
3.770674794432102850e-01,-2.914183350254462845e-01
-5.568362299095736337e-03,-1.555090182882327109e-02
-6.865174668768238286e-02,-5.016221716476481490e-02
2.007327188840418719e-01,-4.118750153404761583e-01
8.207713621425396511e-01,-1.007987900220943756e+00
8.171081780600987221e-01,-9.034027046071816391e-01
6.419976131629095972e-01,-6.129186147351027847e-01
7.021040201849400031e-01,-1.623214853709650241e-01
1.334996825946522581e+00,-2.047937101628521245e-02
1.477861481422264145e+00,-9.844966713446975937e-02
1.071454088993146092e+00,-1.082434473668777708e-01
2.246067614560891268e-01,-2.481430679407554268e-03
-1.000991314307977942e-01,1.570740954661416222e-01
-1.188341830776366709e-01,1.555567070425001308e-01
-1.553883875836082062e-01,-1.295638114171024369e-02
-1.553883875836082062e-01,-1.295638114171024369e-02
-1.864483119490543128e-01,1.864064069649180866e-01
-3.703980300835774120e-01,4.190408028420478104e-01
-3.686547978122758917e-01,3.621355908447028704e-01
-2.109951472934191441e-01,2.224935412428268311e-01
1.412822625859179726e-01,3.510523638105062516e-01
3.133596784057929296e-01,4.977990758898250268e-01
3.133596784057929296e-01,4.977990758898250268e-01
-1.200358639117857090e-01,1.629891722921033848e-01
-4.638887449482504421e-01,9.708140880909117698e-02
-7.006811220595449141e-01,1.910460044229057575e-01
-8.438151113342665655e-01,3.382796438046502541e-01
-8.144826236568002420e-01,5.051068402504125254e-01
-6.010771641557521860e-01,4.924639229578423594e-01
-3.572751739051358011e-01,4.539096858076932528e-01
-1.307665381545799754e-01,2.583463524480101858e-01
3.183896497014330161e-03,6.682602114600864895e-02
4.039071993039471814e-02,-1.198408920572657105e-02
-1.636093376250031817e-01,-3.366306788050856813e-01
-2.879591291291611066e-01,-5.863719897683837834e-01
-6.143155834616378375e-01,-4.574414146655136904e-01
-6.143155834616378375e-01,-4.574414146655136904e-01
-6.143155834616378375e-01,-4.574414146655136904e-01
-4.819558509052759288e-01,-4.206175793453344469e-01
-6.567551661820031361e-01,-2.812846614583762728e-01
-4.031544831422342878e-01,-2.398629644426856222e-01
-2.402751645524765778e-01,-5.119976413504742085e-01
1.650043671878655971e-01,-8.204936630787681429e-01
3.590440021129032711e-01,-6.715811208181208247e-01
3.805689353477300640e-01,-5.736219249374649998e-01
6.119050383460808984e-01,-3.740599619418618071e-01
7.915913653643441572e-01,-7.436674492122979929e-01
1.121811959667587955e+00,-7.162582858639646721e-01
1.004261836511622041e+00,-4.894784410700253607e-01
7.083788817796706772e-01,1.142499838720528738e-01
3.179014756235331585e-01,4.765626390718263883e-01
-1.181641600271275128e-01,4.506048195112989929e-01
-3.523630244278334045e-01,3.565435456909198941e-01
-3.617618006520825213e-01,-1.117095272848926957e-01
-2.051770063824631396e-01,-2.725682796204467184e-01
-1.831826535909372999e-01,-5.904306446830336341e-01
-2.296875599969980808e-01,-6.559192279378567303e-01
-2.350385352762672519e-01,-5.843112743463242387e-01
-4.095967719532274121e-01,-7.430567508438413737e-01
-4.950211900199069093e-01,-7.813475773603187902e-01
-6.559649521924562077e-01,-1.143137466376137779e+00
-6.545590036182582505e-01,-1.168390416197002013e+00
-5.718909074098681433e-01,-1.111353650470613630e+00
-3.842087574419450480e-01,-8.060253745190504304e-01
-2.981239195525540175e-01,-6.519236227310072351e-01
-4.500852846576486876e-01,-7.086999915569378583e-01
-5.090659633765604042e-01,-8.219699233124035942e-01
-3.540927793286724468e-01,-5.463923827890148077e-01
-2.376546973187421696e-01,-3.546286470992731643e-01
-3.800636874753455241e-01,-8.804809496168192195e-02
-6.395360199250510469e-01,-4.399184005074768256e-01
-7.129940488595061243e-01,-6.093804875849824221e-01
-5.246706129282705522e-01,-7.055494764570602317e-01
-4.573864466338929402e-01,-5.104899237316642413e-01
-3.339330534886161828e-01,-4.558053141372421790e-01
-2.278035399834700200e-02,-2.828131711197108267e-01
4.974680226106538150e-01,-3.063617816951378914e-01
8.367099574368498383e-01,-2.898994201918267399e-01
8.530937383251597783e-01,-5.579480151193020321e-01
9.555152790501613147e-01,-1.058420484753568092e+00
1.217239194901674315e+00,-1.926607729944151748e+00
1.471840450454132032e+00,-2.148194401516427821e+00
1.284208845639240648e+00,-2.061070740479480801e+00
1.791374591011191120e+00,-3.208427809856869040e+00
2.017966024776995937e+00,-4.056036892777938441e+00
1.902051333400980537e+00,-3.765754993760679348e+00
1.822402016381391210e+00,-3.342318769031049630e+00
1.726992267526864078e+00,-2.572766725520481135e+00
1.881554087518356733e+00,-2.804716251007279393e+00
1.760050979262489435e+00,-2.460299566994275544e+00
1.727000800667832126e+00,-2.572786038391309926e+00
1.260167986133492457e+00,-1.874934797642269002e+00
1.284208845639240648e+00,-2.061070740479480801e+00
1.822402016381391210e+00,-3.342318769031049630e+00
1.822402016381391210e+00,-3.342318769031049630e+00
1.822402016381391210e+00,-3.342318769031049630e+00
1.791374591011191120e+00,-3.208427809856869040e+00
2.017966024776995937e+00,-4.056036892777938441e+00
2.111842447470775319e+00,-5.631286337502052319e+00
2.074162513764003180e+00,-6.952528353227640956e+00
1.911430592356257563e+00,-7.620691525537943711e+00
1.619771525388063793e+00,-6.591407747054240929e+00
1.167411639387085254e+00,-4.113249043748311351e+00
7.705741320030403685e-01,-1.966631071128171815e+00
2.759721248247666847e-01,-4.645153187471892098e-01
3.184240559907035029e-01,-5.011475920436433418e-01
1.786061910942746134e-01,-1.683169895497333701e-01
1.050420164101862480e-01,-6.763518570443831368e-02
-5.927565996541708099e-02,1.581358558669288261e-01
-2.123331742372289860e-02,3.086120148483506020e-01
3.920858711875659375e-01,1.682078726507131028e-01
4.611953812373120742e-01,-2.634421024999900052e-01
4.137565256919535917e-01,-5.731523656805149747e-01
2.910769950185734811e-02,-6.334359214218877598e-01
-1.958059648278266951e-01,-2.646259060972949717e-01
-1.604933933350009834e-01,-3.759631671733084657e-01
1.137711956740192626e-01,-5.974051974501196627e-01
3.539101125743371878e-01,-9.056866739297416702e-01
8.161672656819211891e-02,-8.880855776190511586e-01
-2.414825754332969032e-01,-5.584848515859442974e-01
-7.202898570663899269e-01,-1.620687373694784661e-01
-7.202898570663899269e-01,-1.620687373694784661e-01
-8.417699591484592014e-01,-3.335504695520115637e-01
-6.641756424090954347e-01,-3.234037987639712952e-01
-4.998614499755943408e-01,-1.871542994414446548e-01
-3.772784100397697515e-01,-4.282180022341224718e-02
-7.093668412846187987e-01,-5.228253172208682797e-02
-7.093668412846187987e-01,-5.228253172208682797e-02
-8.363743225215756194e-01,-2.463657492236330238e-01
-7.012692226013409469e-01,-3.607890792075943986e-01
-7.548505996729639733e-01,-4.090121084963235232e-01
-7.053612983538936065e-01,-1.905118820431300763e-01
-7.121141012248708435e-01,1.139816900910240599e-01
-7.538127786118473672e-01,5.149513340930155225e-01
-7.538127786118473672e-01,5.149513340930155225e-01
-7.519293462456018151e-01,6.125977512883005183e-01
-4.163437015942122454e-01,6.062800324542151342e-01
-3.888705379201930212e-02,3.806191061854938829e-01
1.670759317672611266e-01,4.287805041474594403e-01
1.545810620220502141e-01,1.346390695607627419e-01
-4.432916414023534146e-02,9.619743539048959680e-02
-3.763218608770972362e-01,-2.902313979139966582e-01
-6.289780654870387178e-01,-5.579518403317558217e-01
-9.589058863685739897e-01,-4.873020240635820843e-01
-1.166757889254734337e+00,-3.692088281722624016e-02
-1.448479218877260388e+00,3.755282284752345934e-01
-1.458219269751718672e+00,3.874343019417514911e-01
-1.442378905340737871e+00,-4.228272060905727964e-02
-1.141628619932118394e+00,-3.677231907305630321e-01
-1.048527139798618890e+00,-5.623975757048521595e-01
-9.190281151851692476e-01,-4.652785720700924332e-01
-1.039388318936187883e+00,-2.887865304181950199e-01
-8.987236597227364898e-01,-4.879580122720592744e-02
-7.812280938674549535e-01,-1.549884136878398877e-01
-5.951164581145907961e-01,-2.368506503317695799e-01
-3.692823829583861128e-01,-3.051569957385245058e-01
-1.013427284976736870e-01,-1.809254522682079147e-01
4.692659886615617795e-03,-8.893397457259741290e-02
1.017360064371982675e-01,-1.109085326354113804e-01
1.742990724281883175e-01,-1.560285263269519385e-01
2.300353277079298098e-01,-2.452302374991497114e-01
2.601066157792281675e-01,-3.985813849074861803e-01
5.391284590566272072e-01,-6.041087454027946890e-01
8.805743956256210092e-01,-9.722668794223349176e-01
1.047210709124488215e+00,-8.580835142105335267e-01
1.018390452326159989e+00,-9.818583164184548906e-01
1.014484157481882587e+00,-8.761682165143769296e-01
7.857618578207711257e-01,-1.191218944675787927e+00
5.359339416061742467e-01,-9.856302147657608481e-01
4.534198639550401366e-01,-1.002347909457789399e+00
2.009699267317138216e-01,-7.396261249788478320e-01
4.342559415563074787e-01,-9.325554517701204471e-01
4.741231561623828750e-01,-6.847057251949701939e-01
9.349938365236499793e-01,-6.534749518882700947e-01
5.040603677266244365e-01,-1.275064233608911024e-01
7.138916954546870031e-01,-3.550312385758794820e-01
3.292376117089804155e-01,-3.745274012632643368e-01
9.041594414866049867e-02,-4.393656749619367918e-01
-1.787296266792890165e-01,-3.014837560581012377e-01
1.673842349957324893e-01,-7.332178065096668362e-01
5.496363172369256311e-01,-9.883792312948036507e-01
1.057501605446643511e+00,-1.258152397531363986e+00
1.275005501013831699e+00,-1.177702177845075804e+00
1.552964228257020407e+00,-1.151230048974448250e+00
1.293868842515080608e+00,-8.720415414926648845e-01
5.213284428234749024e-01,-1.158149253882945345e-01
1.732473476603487578e-02,4.615897452262983647e-01
1.085568498902891865e-02,6.647257039284124591e-01
7.247188576247340364e-02,3.515351110964177739e-01
1.126880460675958734e-01,-1.298132314670460141e-01
1.193942838005652152e-01,-6.560391444252129389e-01
3.578135944908311106e-01,-8.864013542275279711e-01
4.022416962428723708e-01,-1.188367818831520539e+00
5.978215357203749969e-01,-1.115780828432606286e+00
9.134376392661933686e-01,-8.533170022440708102e-01
1.232471642494040065e+00,-4.944239037220169997e-01
1.162853378363705170e+00,-2.884320837708019281e-01
9.396190946698710356e-01,-2.199495634425018276e-01
3.044344550959727225e-01,-1.495908348611682814e-01
-2.218662895948914082e-01,1.106642577520194487e-01
-8.751089157385794071e-01,3.781289251806030371e-01
-1.154790396716638634e+00,6.395810886682642415e-01
-1.075522050232686766e+00,7.511345612877556865e-01
-7.478781084773011845e-01,6.705874648391090265e-01
-5.523752976384825875e-01,5.649854321667023838e-01
-6.779354910650793320e-01,5.748269882223967508e-01
-9.397370133064816278e-01,5.632167154246333629e-01
-1.011774889411179768e+00,4.795755810854481216e-01
-6.702100919845614957e-01,1.861162618666954149e-01
-4.382432431877702483e-01,6.927862818093509512e-02
-2.636737688468506202e-01,3.092573978240427124e-01
-1.617421521036501997e-01,2.473785409519910494e-01
-8.903687198446522122e-02,4.484156586963725655e-01
-7.673657423668976685e-02,4.031341700998639643e-01
-2.729636863124050294e-01,5.232323641430686179e-01
-5.645853540883478683e-01,2.747830811193103240e-01
-4.928635682841476795e-01,2.626108029712301284e-01
-4.207808647706416938e-01,5.182552669813714763e-01
-3.407700272557372956e-01,4.314105962839375197e-01
-5.726810050201621705e-01,2.723868419988013101e-01
-6.597626850154471034e-01,9.704456770154046286e-02
-6.687295317968425801e-01,2.933827716030009136e-01
-5.132730316179749952e-01,2.116727338930335101e-01
-4.610612417285151476e-01,1.389967343974209402e-01
-3.744815033378191549e-01,2.389419576725177255e-02
-5.013108030817431393e-01,-3.173065336565941696e-01
-5.641630870270111092e-02,-7.305186019883843640e-01
-3.425220100645186608e-04,-6.249179463301538506e-01
2.803612819793089850e-01,-4.048738699419930365e-01
-2.436710237181711688e-02,-7.262297184315923138e-02
-2.436710237181711688e-02,-7.262297184315923138e-02
-1.419922780705492049e-01,7.533823859712710132e-03
-5.179714698250547505e-02,-1.025247391357977517e-01
1.148666556135664873e-01,-4.318463430366571432e-01
8.606523063186490019e-02,-4.353724359442738279e-01
-1.740700230027474385e-02,-2.508889049178134600e-01
-1.487493178364106550e-01,9.814010598926167089e-03
-1.487493178364106550e-01,9.814010598926167089e-03
-2.370692563071676584e-01,1.468222880211487134e-02
-4.116132909407411167e-01,9.096673812024090588e-02
-3.888352114397213843e-01,1.901731953017684329e-01
-5.061115684045881524e-01,3.342799465338028297e-01
-5.428093490840983915e-01,3.334253134017855502e-01
-6.687295317968425801e-01,2.933827716030009136e-01
-5.729134655213005134e-01,8.301824157764016443e-02
-3.156710766561592885e-01,-3.744593151829003763e-02
-2.242950706676216741e-03,-6.147842069654999575e-01
3.653455612895835647e-01,-1.848900356563480063e+00
6.236361092787732208e-01,-2.032040853475971076e+00
6.856403349393705993e-01,-1.791678707530234727e+00
4.508840013384275980e-01,-5.088260034762297490e-01
1.822820604734588235e-01,-1.684139813629408067e-01
1.822820604734588235e-01,-1.684139813629408067e-01
1.822820604734588235e-01,-1.684139813629408067e-01
3.044313622604802316e-01,-3.502944812907095584e-01
4.096619584173787354e-01,-5.810327595471473927e-01
7.853734714352849089e-01,-8.938807987258736709e-01
6.841214679664648912e-01,-8.058141945308638920e-01
4.006108192498936127e-01,-4.476441162256566408e-01
2.678155511921044216e-02,-1.017735557348419112e-01
2.678155511921044216e-02,-1.017735557348419112e-01
-8.415589433819639642e-02,-8.346600560810607528e-02
-1.726168238427635004e-01,-3.330691106364943033e-01
-1.145111039087929328e-01,-5.602594873031450096e-01
1.021238120537672489e-01,-9.260101059939979118e-01
3.626821327023503905e-01,-1.082448685126152998e+00
4.507698424591123354e-01,-1.132443069885888276e+00
9.636150648869899749e-02,-7.209281014282662436e-01
-2.275629290702819163e-01,-3.156903050720984427e-01
-4.476663198585559278e-01,9.837561742197971359e-03
-2.672599107412810260e-01,1.437550963948315899e-02
-2.636737688468506202e-01,3.092573978240427124e-01
-1.617421521036501997e-01,2.473785409519910494e-01
-1.513419366741831085e-01,8.107230578321408809e-02
-4.010948969262066038e-02,-2.206607663451943258e-01
2.047135929109858421e-02,-4.753124984964252064e-01
1.141728450760888025e+00,4.748684611042343073e-01
1.033844587602615661e+00,4.471570600712548305e-01
1.022240014944250319e+00,6.674635837122272486e-01
-3.688079677398619638e-01,-1.554273974665199010e-01
-3.100340112999652176e-01,2.038224438517608483e-01
-2.942051227367782351e-01,4.135046908901217066e-01
-1.372799964894764746e-01,5.162775232574513540e-01
-2.843908493709970675e-01,3.000716148300068831e-01
-4.170840882533715654e-01,1.850702967529288534e-01
-5.634331447708742502e-01,1.762220666949347245e-02
-4.199774584419838086e-01,2.392966377177287440e-01
-2.749643961010715398e-01,3.589135664864078756e-01
-1.372799964894764746e-01,5.162775232574513540e-01
-2.983909105019884045e-01,2.946231630318402184e-01
-3.550207333599079140e-01,5.268558675319376938e-01
-4.327135855079023430e-01,4.918332603499204203e-01
-4.278622616682252189e-01,4.293676149523820706e-01
-3.932598696832292351e-01,5.292274649015316079e-02
-2.930205382092622157e-01,-2.842624875622786762e-01
-6.998426414335913448e-02,-4.001374786843605591e-01
-3.677877728081805353e-01,-4.043682526958972678e-01
-5.129707844884123791e-01,-2.061888571987361141e-01
-6.333448232671041733e-01,2.040995602526471039e-02
-6.210108573884869365e-01,1.903880255825596834e-01
-3.354543922890922958e-01,3.776897398555580931e-01
-1.416024289939153517e-03,1.036037337347777698e-01
1.284447683836115739e-01,3.342371908155832849e-01
4.652673195240319970e-02,4.320557966827953122e-01
-5.266342069528873876e-02,8.202509910470955345e-01
-1.728687799949333859e-01,6.540812527327780623e-01
2.045449650519518686e-02,4.614933943361076429e-01
1.504672388348753942e-01,-1.342369904224927635e-01
5.675915727586029469e-01,-1.578793514227726236e-01
4.639519984986796297e-01,-7.388218211374524003e-02
2.209423101267606881e-01,5.696274564039758292e-01
-2.087530934016726125e-01,7.697902554154538723e-01
-6.031157828544867483e-01,8.501669672976187586e-01
-5.966769896853085786e-01,5.866872461430477914e-01
-5.800515237365272414e-01,3.909877262114602181e-01
-3.361688234464136893e-01,3.089586861143772678e-01
-2.525122249006620523e-01,1.750525911850104865e-01
-1.390169228051418293e-01,1.247399987476408567e-01
-1.409881079630990186e-01,-3.023745257937725597e-02
-3.002642128493798745e-01,-2.817866871802927053e-01
-3.002642128493798745e-01,-2.817866871802927053e-01
-2.991665584526992383e-01,-1.279490587481209307e-01
-8.547365352683586326e-02,-2.108437539228844373e-02
-2.314403368075647338e-02,-2.378790399827470647e-01
5.416107388369088838e-02,-4.297455449073221412e-01
-3.113244736648548491e-02,-4.051463937929819514e-01
-1.922120438634369044e-01,-1.825763786222880103e-01
-4.530870576851991349e-01,-3.097722392220912391e-01
-6.732233933007575333e-01,-2.550689099885842803e-01
-8.442568077523052716e-01,-1.439990646961742948e-01
-7.176447978255009463e-01,7.005376753082728780e-02
-9.138729849374336300e-01,2.015143151355873186e-01
-9.107976244665205723e-01,-2.480662871538532460e-02
-6.601349927661961381e-01,5.687940168352739745e-02
-7.438042826434226873e-01,4.963846208076782424e-02
1.730287359691865812e-01,1.538618533243833186e-01
1.168865291742382961e+00,1.439578729970960591e-01
2.510564053380075933e+00,-2.829853830754438387e-02
2.992635856495522440e+00,5.361929945511029888e-02
2.643418642132042251e+00,1.420846994061113755e-01
1.372485459215551762e+00,4.983084607736145699e-01
5.922091621300503705e-01,6.170232358442487852e-01
1.979257821973724740e-01,5.765676061440719868e-01
-7.072566960990050999e-02,4.558987250988819628e-01
-4.758346547850240693e-01,3.533038871737426700e-01
-8.234004492486536320e-01,2.860210358150202525e-01
-6.660323313708900184e-01,6.420358259232463727e-01
-5.998795116440039932e-01,9.068794888826265943e-01
-5.164070831831474306e-01,8.053675452536236401e-01
-3.591145955032479242e-01,1.290668696668745508e+00
-1.309376509055137916e-01,1.998931959047388629e+00
-6.327151129375857552e-02,2.048342082917197438e+00
-1.261424133011813109e-01,1.509806643722690467e+00
-4.318882896520711556e-01,3.007758384482164260e-01
-5.172365997558117101e-01,-2.353066616954089738e-02
-6.841045318459881841e-01,-1.056137745225378122e-01
-5.463436561188597107e-01,2.375100215979272233e-01
-4.940241154031286830e-01,7.168172049390304501e-01
-3.186197394965975538e-02,1.999203445212941910e+00
2.025401833048681433e-01,3.067646262023789205e+00
3.797838210676514614e-01,3.628801403898671563e+00
5.000306509909013819e-01,3.455966748957907342e+00
3.750426439715137117e-01,2.363917033797354517e+00
3.527771975932474935e-01,1.313325322966669040e+00
-1.724341700881486250e-01,2.002018027227240315e-01
9.985915492746584576e-02,-2.875399108450016894e-01
3.216171577140142929e-02,-4.327126799062948059e-01
4.426789550390051731e-01,-4.229305559041567353e-01
2.602144472500860783e-01,-4.176967620114290236e-01
7.707277332579424989e-02,-5.413948185130789126e-01
-3.592397209677227754e-01,-3.280702293811212922e-01
-5.586580427786691505e-01,-8.483473829662756260e-02
-7.238596506966872290e-01,2.640950542892651076e-01
-9.073366473092486784e-01,2.330513155135612580e-01
-9.295228010102262184e-01,1.383357186867693600e-01
-1.089593031079308050e+00,-1.302465378828564779e-01
-1.252863117198962151e+00,-4.068542967565285662e-01
-1.339782694168907939e+00,-4.596000172335999445e-01
-1.136884788286763204e+00,-7.138648878533471187e-01
-6.542437360140466174e-01,-9.896208702438569205e-01
-3.149070309560855208e-01,-1.166082791139102959e+00
8.878683762217656761e-02,-1.225251724610520121e+00
2.432278884543868924e-01,-1.141171998574749269e+00
2.449833587463722262e-01,-8.770535802719671148e-01
-2.324694237097857732e-02,-3.094068710075258410e-01
-2.627313746401044314e-01,1.868143145944956701e-02
-5.441525677084104728e-01,1.320407057987519339e-01
-3.627436120694204069e-01,-2.689783909300443310e-01
-3.007924455544357389e-01,-2.512164722723800869e-01
-1.509156838935916956e-01,-5.215208643347315487e-01
-2.044933647314309266e-01,-3.912793252337883887e-01
-4.071908196777153099e-01,-3.568747872423697620e-01
-4.920035061535888987e-01,-2.332652246029062737e-01
-4.642954153264303163e-01,2.275358474684428464e-02
-4.642954153264303163e-01,2.275358474684428464e-02
-3.877687542150884958e-01,1.395640468106964516e-01
-6.325203275660263857e-01,9.703136071039941690e-02
-4.462800796444157947e-01,-9.625957471931827214e-02
-4.848106821715282844e-01,-2.977043564312195079e-01
-2.960287992495705955e-01,-5.049960203001769843e-01
-3.304452692282819903e-01,-6.972692252854189032e-01
-3.862215761688553850e-01,-8.298721602739669301e-01
-4.108600729295569520e-01,-9.196307469712433624e-01
-4.510395670508299260e-01,-6.364691447173785877e-01
-4.986683548553821343e-01,-2.649369941938320427e-01
-5.609367321574720844e-01,8.908463028165980457e-02
-6.075736400411668736e-01,2.165413338808975796e-01
2.757078593077748607e-01,5.381029292129940744e-01
4.176228106600275436e-01,6.986941171863629840e-01
8.023341659627130085e-01,7.677035721005407432e-01
1.046617190842505485e+00,1.190000830479759131e+00
1.142900875265417282e+00,1.223380266556885809e+00
5.237414562470719126e-01,9.923607091926958113e-01
-2.990514805653936015e-01,4.134946918702148144e-01
-5.396597997524263945e-01,9.480387717254548652e-02
-1.451966839719383284e-01,2.114995652444576213e-01
1.713655079075386278e-01,4.271259380500351255e-01
6.292078507403137295e-03,6.106208312046516040e-01
-2.602022075042439986e-01,6.176109587539976298e-01
4.242486539894846365e-02,-4.429407442776968351e-02
-3.731836310702111442e-02,2.689893806355837524e-01
-3.731836310702111442e-02,2.689893806355837524e-01
-3.450749229700255105e-01,8.131035863395442709e-01
-2.908606507454790657e-01,2.390572276618911085e-01
8.090218869409502300e-01,1.639734069702475094e-01
3.706371355543767621e+00,-2.364163729685661297e-01
7.415972054860054286e+00,-5.717906450980557720e-01
1.095085850943647188e+01,-1.088322908314321102e+00
1.280399568097825913e+01,-1.261956941464797977e+00
1.251149544683832460e+01,-1.125113278205773559e+00
1.022115390041531136e+01,-5.303237276471800543e-01
7.335401497949730398e+00,-2.651708537513093877e-01
4.527316675688849656e+00,-3.493859554638423237e-01
2.928654101302226920e+00,-9.078834084361881995e-01
1.520451110815117746e+00,-9.992723705725218286e-01
3.294709231965384788e-01,-9.333408562727927293e-01
-6.000416609327959838e-01,-5.121958272361121223e-01
-4.333961081628046053e-01,1.557605143995384814e-02
-6.226929882582021847e-01,4.311379592611211398e-01
-4.656335599153396676e-01,2.696617333890526935e-01
-3.977738776933142928e-01,-1.567006050600993627e-01
-2.121196442521246228e-01,-3.612034523705119349e-01
-2.121196442521246228e-01,-3.612034523705119349e-01
-5.595046604969802218e-01,-4.645316517419912500e-02
-7.721467964243405868e-01,1.828850892005144668e-01
-7.317021184744995077e-01,4.448932532501817527e-01
-9.813369476792320745e-01,5.249367558570650072e-01
-8.792892250368633533e-01,4.732353558680746364e-01
-8.790050425258812972e-01,2.994458402142736730e-01
-8.462528287846574626e-01,3.239845542249712995e-01
-9.625884644634117304e-01,3.641147831202576901e-01
-9.388349856723045006e-01,7.333761849388922283e-01
-8.165340026252591032e-01,6.998865451391546033e-01
-3.832000009967190812e-01,4.680042164606988964e-01
-3.395801541552703751e-01,3.114356779041603240e-01
-1.208683819852179736e-01,3.928005197746783916e-01
-2.216329418103652471e-01,6.479531343629965079e-01
4.383271925625317755e-02,5.245058194324293543e-01
8.033972700156164284e-03,4.074242431484695892e-01
-2.694252724014272737e-01,2.986291578868373042e-01
-6.182998621732130884e-01,2.540771010364619165e-01
-8.776270359293484313e-01,4.118985855231093729e-01
-1.079443600620383137e+00,5.796669376654282058e-01
-9.176868298757382414e-01,8.156827640839066085e-01
-8.640211718555688147e-01,8.762388103218753388e-01
-7.159458615643683466e-01,7.692448023921361067e-01
-9.037827126947689527e-01,7.145602699414828063e-01
-9.388349856723045006e-01,7.333761849388922283e-01
-1.116526202823000968e+00,9.201490705716860452e-01
-1.166631833162044440e+00,1.173191859116339941e+00
-1.186089064023572615e+00,1.087567044502343094e+00
-8.644210822578882736e-01,1.210787176738955973e+00
-7.661053517956506465e-01,9.584447454151145962e-01
-6.994939833491100600e-01,7.662216677426987310e-01
-7.608265675482156487e-01,3.394923978682142796e-01
-6.760787636865825956e-01,1.531493218155683955e-01
-5.888178486576116644e-01,1.516271330145395890e-01
-4.751086904106876507e-01,8.418802463946882531e-02
-6.075736400411668736e-01,2.165413338808975796e-01
-5.040015643582027582e-01,2.127696526127490495e-01
-8.003544705715296415e-01,3.705758695733661900e-01
-6.019121530077172766e-01,9.750711775415606131e-02
-4.758330421176136804e-01,-2.127418878445508088e-01
-2.792862821026811382e-01,-3.406206129909755131e-01
-5.081927710772173867e-01,-2.959146044520349905e-02
-5.546434684846804908e-01,1.520038897922127985e-01
-5.359503769428870523e-01,3.910766047908241783e-01
-3.838037511410081759e-01,4.106630515940846160e-01
-5.141546451175557086e-01,5.320489586325657383e-01
-5.141546451175557086e-01,5.320489586325657383e-01
-6.093171962027761346e-01,5.174106878577359181e-01
-6.093171962027761346e-01,5.174106878577359181e-01
-8.813295349688990976e-01,4.929644727372310409e-01
-1.037344442001151945e+00,4.136745739569768765e-01
-9.667567373757500748e-01,3.240037979824332837e-01
-9.085540667355087585e-01,2.504734945060925200e-01
-7.267135957130027579e-01,2.745566616991618747e-01
-8.231937679545138220e-01,1.341881678416908807e-01
-6.361311921091703514e-01,-1.100145529389218307e-01
-6.127562541134179419e-01,-2.013867162847241821e-01
-3.216121416681270717e-01,-3.267711576523422701e-01
-2.957505656256733673e-01,-3.346545724322017579e-01
-4.519634817461279930e-01,-5.497160128033777848e-01
-6.990426457960069451e-01,-2.301546093573842711e-01
-8.999311081831808945e-01,-2.495258448763346820e-02
-1.149045925228032061e+00,3.818803770369208483e-01
-1.233194525045266277e+00,3.307426118729683284e-01
-1.168848293034673080e+00,3.423483304849956332e-01
-7.382661786350530608e-01,5.313639469599160114e-02
-6.608510425958502577e-01,-5.364746467566768873e-01
-5.159640843370418839e-01,-1.419359979863591859e+00
-4.728293507331869372e-01,-1.939392008620815400e+00
-1.308295930131539962e-02,-1.888375227952620472e+00
2.508211307757989839e-01,-1.567655474753580247e+00
1.657995278332820843e-01,-1.293137381597768032e+00
-1.896632581035133935e-01,-1.280653376915894981e+00
-6.292649006345005791e-01,-1.399213112624871691e+00
-6.355172580521565306e-01,-9.910730446507146629e-01
-6.286030672973316191e-01,-1.375518330812063539e+00
2.101442979293107471e-01,-1.051936415055945595e+00
3.732971927639007759e-01,-1.187470455989092510e+00
6.110225045705328650e-01,-1.095652672016732332e+00
-1.280139870602892416e-01,-1.160927693119631066e+00
-1.897264798630228233e-01,-9.103427597644691005e-01
-5.238971598341525260e-01,-6.324353879642224951e-01
-7.271289463221071170e-01,-8.182473049239173957e-01
-6.471396360516719071e-01,-8.463630364548979657e-01
-5.196699099595730731e-01,-9.676779822813771359e-01
-2.073623624611695138e-01,-7.631548246498658372e-01
-2.385930755045267970e-01,-5.440379370626095001e-01
-2.428700895201031384e-01,-3.383647550753419719e-01
-2.817488858749173652e-01,-6.670652102939948758e-02
-4.672566803355696630e-01,4.227436114267076322e-05
-3.167377053366441375e-01,9.750756729781444310e-02
-4.104915333987853576e-01,2.741662938634116253e-01
-2.653613122219681819e-01,6.584358068044444678e-01
-2.937549299541172276e-01,5.463673686394634466e-01
-4.919422991565816639e-01,5.232368024453372124e-01
-7.387880983077130814e-01,2.788132267951981547e-01
-1.135594542371983318e+00,5.008535696732152598e-01
-1.308437440199822221e+00,5.126266513452506501e-01
-1.107409780131906496e+00,3.588845632751972992e-01
-1.451628068903007440e+00,6.437724460344306232e-01
-1.391923577313760596e+00,7.944416419233404358e-01
-1.178644004575873927e+00,1.000708709645267813e+00
-8.725809167802210942e-01,9.533920773990304243e-01
-5.489754375759968719e-01,7.402165690285854582e-01
-4.123712364476274650e-01,3.736541203492212970e-01
-2.315395755575739845e-01,1.245162189856269808e-01
-1.412707749799348433e-01,-6.098522488433254229e-02
-1.350599778554940067e-01,1.401020103348151746e-01
-1.689438928653235472e-01,2.568825173609406431e-01
-1.728996843784653681e-01,3.545945368230140615e-01
-1.579404046232402714e-01,1.071077289028166957e-01
-3.074032816242389665e-01,-3.573822885216521028e-01
-5.398004659752798640e-01,-6.349632425694242688e-01
-7.855107801145606583e-01,-5.106503476886147253e-01
-1.362466275107893310e+00,-9.673644665959930666e-01
-1.958133896410182873e+00,-1.577995553118872740e+00
-2.242193201002552705e+00,-1.949988704109282267e+00
-1.941471557190249664e+00,-1.521983654235999905e+00
-1.452040499643143079e+00,-6.617497795082092349e-01
-1.020352855138658921e+00,-1.180860239308456627e-02
-9.967005394754373526e-01,7.350233389100256642e-02
-9.967005394754373526e-01,7.350233389100256642e-02
-4.411118814224523343e-01,8.915358342172372552e-01
5.898252838387438857e-01,2.051595010762080840e+00
8.891404084638379057e-01,2.622756352935880386e+00
4.998980861036081969e-01,2.377028665612954228e+00
-4.675970612432296392e-01,1.757450239344108711e+00
-6.212317301779861634e-01,8.527281675199229749e-01
-1.609502538035570418e-01,4.457536776848741167e-01
4.360621183520403676e-02,-4.649012435585688635e-02
6.187586456015397030e-01,-8.518362475941079204e-01
1.477035420778405328e+00,-2.090641316816060247e+00
2.182166540265633170e+00,-3.342733592055674663e+00
1.978920340719664273e+00,-3.149259042542324138e+00
1.506137265322474494e+00,-2.544777050577199606e+00
4.794168935459781067e-01,-9.979144483802308008e-01
-8.936979547826869041e-02,-1.160962910555229932e-01
-3.530151390707150089e-02,-9.213433784122465608e-02
-1.000584067548910272e-01,-8.034733994108675392e-02
-5.237266033575235236e-01,-3.864537498336721721e-02
-7.935804369177416051e-01,-4.721370235333264415e-02
-6.732790053526842566e-01,8.040172349062314761e-02
-5.224800432552600959e-01,3.442458579138258853e-03
-6.181868273416454285e-01,7.385214707478272855e-02
-1.043751641189684554e+00,-3.830350430181851951e-01
-1.211939574423790411e+00,-7.445731719765137369e-01
-1.204670447668257482e+00,-8.583234252313775015e-01
-1.204670447668257482e+00,-8.583234252313775015e-01
-1.204670447668257482e+00,-8.583234252313775015e-01
-1.095330748359796713e+00,-6.926097387706631192e-01
-8.157476270953823994e-01,-4.261019630846863415e-01
-7.633649137473907942e-01,9.489660568614388669e-02
-7.935804369177416051e-01,-4.721370235333264415e-02
-7.126125499908035898e-01,-1.483452265726357133e-01
-6.718410608788937255e-01,-1.850453030520933517e-01
-6.630082638345371482e-01,9.762535325308875633e-02
-7.939516955860624892e-01,2.756981549079502991e-01
-6.951633747469890823e-01,2.459254455683036744e-01
-7.942232493061542886e-01,4.105730821306103479e-02
-6.702410467921350312e-01,2.792257683580292027e-01
-8.151180525531458443e-01,5.183025448073790287e-01
-5.232645085504478155e-01,7.073635393948761729e-01
-7.147004139395825018e-01,6.572081931188666903e-01
-7.058808895414498963e-01,4.940261090692502632e-01
-8.724436607982107850e-01,3.949455145211644425e-01
-7.725369941113148231e-01,2.444624680400316608e-01
-7.450551003302349207e-01,3.794529068230785840e-01
-9.173876694489400130e-01,1.028255421872106140e-01
-1.013902465251632634e+00,7.797045497130997670e-03
-1.016078255144460929e+00,-1.322524791570147407e-01
-9.741795051193490318e-01,-3.573153139400891964e-02
-1.005327935201675738e+00,1.833680827350344655e-01
-9.830454038577809417e-01,4.068511084573523395e-01
-1.009622341272780277e+00,4.673432958980804908e-01
-9.179117759650423647e-01,4.932376750103227847e-01
-7.866678148374961488e-01,2.533711694411771576e-01
-5.253226125196432950e-01,1.701216642103111076e-01
-2.755172138372000146e-01,-1.000729214536473372e-01
-1.655973214843087515e-01,-5.876635615620448561e-02
-2.001468565908443853e-01,-1.139747130916878570e-01
-6.760086906783926430e-01,3.835968606683323040e-02
-8.206930763251256700e-01,-5.867511162193275731e-02
-9.976946840742270117e-01,6.519403624691490207e-02
-1.010111606808433926e+00,1.587507554947765465e-01
-1.241878424613272358e+00,6.344392177613227268e-01
-1.334646161138209219e+00,6.389892886930872429e-01
-1.247241118986154751e+00,6.566896047292931637e-01
-1.017734331550818716e+00,3.143122732858698032e-01
-9.352583204813974538e-01,3.501280659583063670e-01
-8.106563722717441411e-01,4.857813533471804640e-02
-7.290989735015044326e-01,1.300949298269219456e-01
-4.534809218996302405e-01,-9.792825192304370485e-02
-9.348386967010641202e-01,-7.459393152813394989e-01
-1.393100551542435728e+00,-1.855981432429351097e+00
-1.811641591342811886e+00,-2.554970045291959480e+00
-1.717555528554801647e+00,-2.532154008270825152e+00
-1.438318124494073036e+00,-1.802507674463033949e+00
-4.494185097165368514e-01,-1.403802633759047458e+00
-5.886220407817886746e-02,-7.566104644731707074e-01
1.056224833967589830e-02,-7.977225589851371090e-01
-4.225954935942071722e-01,-2.824549811973872671e-02
-3.872290025290635040e-01,-9.654137042436438179e-03
-5.406594082042420757e-01,-5.191612572780902879e-02
-7.226258514224583873e-01,-5.020091500362844350e-01
-8.288770299600995983e-01,-4.374742185574974629e-01
-9.252622705623850807e-01,-3.739666507772322346e-01
-8.195642789199216738e-01,-1.899533336505500047e-01
-8.195642789199216738e-01,-1.899533336505500047e-01
-5.666392854766117981e-01,1.839441812263377385e-01
-5.294047535802699489e-01,3.270474003965043175e-01
3.728153214272385274e-02,2.312766081390337791e-01
3.560351861325263267e-01,2.525298718176503532e-01
6.609735259640545646e-01,5.398790504691319825e-01
8.310382174208327255e-01,7.460010460124135712e-01
7.737278948637067444e-01,3.426512707386523138e-01
8.778448502846966095e-01,-1.994649242415342805e-01
5.737604216824131464e-01,-4.584252296197779408e-01
8.079345200693236473e-01,-5.509283404020334229e-01
5.082918174381525489e-01,-5.283427304064468588e-01
8.499285619537934044e-01,2.899306977650772596e-02
8.541606692289720471e-01,4.936746163528307751e-01
7.327880256386259950e-01,6.658253778084557428e-01
7.389054055320960490e-01,8.441047977511969558e-01
3.832063273845704998e-01,8.720117588758062865e-01
4.375544077257536579e-01,1.248155013777957123e+00
-1.512433814713670388e-01,1.088899186810019737e+00
-8.961085496236542713e-02,8.854749718602905606e-01
1.228340019941895206e-01,2.901863407055279565e-01
2.905850083720888377e-01,2.622202694580387794e-01
2.366115863659738194e-01,7.124646980516605721e-01
-5.826802780967639366e-03,1.173335790213753338e+00
-3.380459521816964186e-01,1.123730054722167360e+00
-3.380459521816964186e-01,1.123730054722167360e+00
-3.380459521816964186e-01,1.123730054722167360e+00
-3.380459521816964186e-01,1.123730054722167360e+00
-5.350085005316701503e-01,8.907382381449926445e-01
-6.249891178491308041e-01,6.640757963164106714e-01
-7.807976625259671621e-01,6.952979454542667082e-01
-1.115317252286748717e+00,3.375292394857160039e-01
-1.478091679825828120e+00,1.059665571433467124e-01
-1.546835547789170873e+00,-2.757674980595196668e-01
-1.264450763293000657e+00,-3.539676434290335849e-01
-7.540388267150843760e-01,-3.144212436597131899e-01
-1.997629392743516530e-01,-2.114749755879070103e-01
-7.746379472207289008e-02,-8.749853817703411030e-02
-3.003386414181300479e-01,-6.634710067362975527e-02
-5.172365997558117101e-01,-2.353066616954089738e-02
-5.409678009535631160e-01,1.213238523951103293e-01
-5.482201221690523596e-01,8.935027832970023065e-02
-7.036633627538243507e-01,1.402102379024015681e-02
-6.124800915591507300e-01,-2.224945063420585012e-01
-5.955869156944805232e-01,-1.830587364703790965e-01
-3.532141585401950001e-01,-1.172781279894677398e-01
-1.836927670114344990e-01,8.605043143461320321e-02
-3.298254356665659692e-01,2.153042681222837595e-01
-4.338456815142446299e-01,4.824956883224231774e-01
-7.586215589184860386e-01,5.581985543576080122e-01
-7.634049717228497123e-01,4.446844673290015204e-01
-9.075542039112490800e-01,1.847630886696063068e-01
-1.536126052505470962e+00,1.485655198215754647e+00
-1.360300684074615241e+00,1.718821903488002789e+00
-1.442393792778662087e+00,1.927486389127744504e+00
-9.354823919846576574e-01,6.288661100839664231e-01
-9.287971927523780424e-01,7.159987965177615488e-01
-6.659146067213320697e-01,5.116931149688628278e-01
-5.639754258931301001e-01,6.316296210204243033e-01
-5.167952103753087334e-01,2.618362060597027585e-01
-2.854539971839498147e-01,1.046183174081253831e-01
-2.143411470542474495e-01,2.348175999091174030e-03
-4.050708614655598727e-01,4.770854884902255011e-02
-5.406487020844282787e-01,1.673338808041232029e-01
-6.213393094465541333e-01,2.383226352335494624e-01
-6.346934714388137166e-01,6.599562716893078718e-02
-7.087224090579909985e-01,5.566646911332737147e-02
-1.180919607818697870e+00,-7.063488231998596434e-02
-1.731374382006230617e+00,-5.400910383432100392e-02
-1.821203153443065714e+00,-2.333503749199054567e-01
-1.657124632298575095e+00,-1.275832661948499980e-01
-1.184148209721841205e+00,5.108337886485465884e-02
-8.368985112242807167e-01,4.881790679476256667e-01
-3.499881626638151055e-01,7.591778738048960973e-01
-1.242018740107666414e-01,6.800503545020903928e-01
1.070672022415362773e-01,4.966365491923331876e-01
8.123511895084602197e-02,3.604336121615756006e-01
9.923961725532218781e-01,1.064635584157070797e-01
1.408330416030054044e+00,9.172013056630345940e-02
1.777183730443798959e+00,3.304869728215323876e-01
1.155646861645920120e+00,4.634434346465224341e-01
4.861381282651888736e-01,4.528501896812304750e-01
-3.556485777551659511e-01,1.294820721033659860e-01
-8.255747898065459722e-01,-4.134119494242612103e-02
-7.311486096555361858e-01,-2.078298789315391193e-01
-5.374988498718084040e-01,7.568585180267026202e-02
-2.026922774257892135e-01,2.982537727360457525e-01
-4.845233132524792707e-02,5.745053435120942575e-01
1.061351836174137808e-01,5.112264707683082943e-01
-7.067841055215540180e-02,7.315612361729315616e-01
-4.105508043498328208e-01,6.278966344429446345e-01
-5.508686319115192465e-01,6.199839041666754813e-01
-6.733497068634476390e-01,2.035307401839033803e-01
-6.123178638231254745e-01,8.860630510423116168e-02
-5.199400312384480083e-01,-5.820939992659505957e-02
-4.565131411355926594e-01,7.161719445478081925e-02
-4.881821077290935396e-01,2.716635401011205930e-01
-2.536970080433725294e-01,6.339830595014426251e-01
8.188578712135216597e-02,7.957555322836877831e-01
5.486178447722973583e-01,5.972572482523743620e-01
5.781630961105487243e-01,6.319173282810512937e-01
3.732337471682686814e-01,6.146816350303773158e-01
5.608678643370087341e-02,9.395949527137573698e-01
-2.495478291834490325e-01,7.400190914659335872e-01
-1.734228551093418003e-01,1.057746990959472916e-01
-3.048900180220992517e-01,-2.233501140407319341e-01
-3.814785063626700001e-01,-1.922884297131320641e-01
-6.831454938380873143e-01,1.682905117242782522e-01
-1.716288662374368112e-01,-2.376873841957081179e-01
3.440803843407821416e-01,-8.604460776971114555e-01
4.697258268524255875e-01,-1.045805786691548889e+00
4.697258268524255875e-01,-1.045805786691548889e+00
3.920967120315231313e-01,-7.045849805047362802e-01
4.017253670799314502e-01,-2.917071542475844770e-01
-7.154250317564936346e-02,1.116001613764412842e-01
-3.220021032071295197e-01,6.086315689712560317e-01
-3.473364444198435708e-01,2.147143157145446277e-02
-2.323841544530528269e-01,5.335289103578447212e-02
-2.323841544530528269e-01,5.335289103578447212e-02
1.013376619001776346e-03,1.234314717692948538e+00
9.218092188877430315e-01,2.250597437604117346e+00
9.912492704201828486e-01,2.700021317182034419e+00
6.545534337785053891e-01,2.507512699952962887e+00
-2.917489798002229628e-01,1.697704773271364376e+00
-5.928066533637800228e-01,9.820934431774428486e-01
-9.485443106107954714e-02,7.833101120697455455e-01
2.107391949342429793e-01,7.884417730265577129e-01
2.435118074798583998e-01,7.057757820635908175e-01
-1.246919007168157262e-01,6.080231525966881545e-01
-4.390163757505796127e-01,7.320557575350283841e-01
-3.307735986987937471e-01,6.075786593307899164e-01
-3.376686677404199810e-01,5.104879681866802965e-01
-4.016438224413807490e-01,3.073868447045127739e-01
-5.274187863675520171e-01,6.470789765701899787e-01
-6.692575319434084236e-01,8.774355572733647524e-01
-5.368692341132768053e-01,1.043177744387605577e+00
-5.058642015142358339e-01,1.028887791585595846e+00
-5.640703864661705813e-01,9.093961253476549045e-01
-4.767902579028000520e-01,3.890885722054603924e-01
-4.682492327213929606e-01,-9.733588073678586805e-02
-2.016083417337397043e-01,-2.197464484725085987e-01
-4.067916381541106241e-01,-3.267028313596179734e-01
-3.260318405126685359e-01,-4.952794041093226962e-01
-3.697241261703982929e-01,-5.731550409573532567e-01
-1.758655399111199447e-01,-7.697372955813250872e-01
-1.382242359362222117e-01,-6.317317075320422193e-01
-3.049779526312635936e-01,-4.991048191433912207e-01
-5.326832846718915215e-01,-5.178110276871545903e-01
-7.283911402360013776e-01,-7.872595078377894184e-01
-5.995074573396765860e-01,-1.151888440588477502e+00
-4.801966754399417114e-01,-1.119180471916528807e+00
-1.172457233204684812e-01,-9.253874651887592506e-01
-1.847417150344313752e-01,-4.113195824106592458e-01
2.491279757660171679e-01,-3.335078896317049679e-01
4.668373505402197421e-01,-6.618419632650088813e-01
1.529845653623271851e+00,-1.270406851946130899e+00
2.351206308936245826e+00,-1.662920517404622656e+00
2.480072350221581789e+00,-1.457693914182324635e+00
2.495426252155658720e+00,-1.362715945933358652e+00
1.704587265854677902e+00,-8.899751542407228211e-01
1.623124587018269116e+00,-7.781250297208300859e-01
7.477116207632508171e-01,-3.266042473704455218e-01
-1.814516408940103354e-01,1.846728755980705516e-01
-2.826094569776935184e-01,-3.107218026827837307e-02
-8.119841792326731866e-02,-8.591700456459153146e-02
1.688418179287144161e-01,-3.588748224734079617e-01
1.440255270484164463e+00,2.515231032875477335e-01
2.774457965789267178e+00,1.188217982810718443e+00
4.372894149521880713e+00,2.499052081269720116e+00
4.067781615390705596e+00,3.279014007914552664e+00
4.229357225988787938e+00,3.870307172458250289e+00
4.229357225988787938e+00,3.870307172458250289e+00
5.040805128866216123e+00,3.762875453885163868e+00
4.902936042210567003e+00,3.298923157022144004e+00
3.649970189871452053e+00,2.386226922976208087e+00
3.524486796558954804e+00,2.182751816283739377e+00
3.838165882328974821e+00,2.405675212686552378e+00
5.089514954047030137e+00,3.318204367361507146e+00
5.490979558153584961e+00,3.929534302554114511e+00
4.783227536501574839e+00,3.643054819187590887e+00
5.844160629581889310e+00,5.334163447870124308e+00
7.758941541220495175e+00,7.947813163535597525e+00
1.080223643067274075e+01,1.148242261524033836e+01
1.186641463469676694e+01,1.274051484909405829e+01
1.116044830508959329e+01,1.199551483030381505e+01
8.802899949335049712e+00,9.556333353804614461e+00
5.337340967722203011e+00,6.133408732570985400e+00
2.288260908285195683e+00,3.411507783457024434e+00
7.263399808632765853e-02,1.861222817797568485e+00
-1.053351938209804717e-01,2.018135929341164925e+00
-1.175102041521463025e+00,2.512615176356029600e+00
-3.158974168970188234e+00,5.109228733076736972e+00
-5.741928096248907210e+00,8.605707545420596460e+00
-8.194758493851580283e+00,1.163770217454792011e+01
-9.546845054927789676e+00,1.250625956325593080e+01
-9.454963016401400466e+00,1.129427569788630059e+01
-7.868923571763185798e+00,8.441710787178910991e+00
-5.262578076134285077e+00,4.861073651512842986e+00
-2.616295907064064785e+00,1.882006864319525130e+00
-1.007012006620397360e+00,1.045733059789374503e-01
-8.831987017749393098e-01,-1.047871494260080721e-01
-1.951881972015754085e+00,9.772277138689612966e-03
-3.109479250802979600e+00,-2.678611384113645938e-02
-4.467277417025975694e+00,1.239533139516688920e-01
-5.160398790069120167e+00,2.490106446025559250e-01
-4.562199999019682650e+00,2.487936867200086777e-01
-2.873157653603321204e+00,1.483065525768122173e-01
-2.310588866640010064e+00,3.060292014450834153e-02
-2.885135909258574660e+00,-8.945639737376849532e-02
-2.297013702556210735e+00,-1.779620796493164570e-01
-1.349897232946423387e+00,-3.839678613724636924e-01
-2.963811378995044321e-01,-4.961754887486327648e-01
-1.289304659521010588e-01,-6.949409434347989523e-01
5.582909234824739997e-01,-1.476296268723651384e+00
1.008064851439479215e+00,-2.436078155916447052e+00
1.833451014550481428e+00,-3.606564316616489574e+00
2.362666924040946359e+00,-5.807683570044620325e+00
2.602576967367303151e+00,-8.246704444256033995e+00
2.444507104868331115e+00,-1.018660576122318595e+01
2.083608992213333622e+00,-1.016900056426536203e+01
1.514876001711860098e+00,-7.971561308955641856e+00
9.746663785641151989e-01,-5.420608862481435253e+00
4.616578514037938397e-01,-2.855962050458121571e+00
1.988332957698314973e-01,-1.797716013073166197e+00
-1.272862831058755029e-01,-6.430169174760431705e-01
-5.685245699795472667e-03,-7.538160979506138837e-01
6.085645444032583562e-01,-1.669711948042185146e+00
1.566997845300567294e+00,-3.060940885669879208e+00
2.114047091002938750e+00,-2.845628513401377457e+00
2.954988650806667394e+00,-1.796790036004832336e+00
3.085645702831771420e+00,-3.273528588558499708e-01
