7.429693280583087756e+00,-1.909593604157927338e+00
7.657922425930065558e+00,-1.896123250409262884e+00
7.561056822741258898e+00,-1.730610692368049985e+00
7.729328446317768275e+00,-1.560359126385281625e+00
7.731926498020030181e+00,-1.539916945126651227e+00
7.568724131002750433e+00,-1.671073427189214033e+00
7.670925320293465077e+00,-1.797724831845062043e+00
7.705089989802628381e+00,-1.840617379482377025e+00
7.670925320293472183e+00,-1.797724831845053828e+00
7.568724131002744215e+00,-1.671073427189197824e+00
7.731926498020018634e+00,-1.539916945126643899e+00
7.125184218176218387e+00,-9.573977396959093555e-01
5.778120775866634418e+00,2.549701051047384079e-02
4.634262976808405377e+00,1.006230767240237078e+00
3.448395344672197993e+00,1.938264890732136259e+00
2.381143681242478660e+00,2.863554919682687050e+00
1.638994413586946086e+00,3.117034581536557880e+00
1.258182114405944629e+00,2.676517118040944165e+00
9.199071305094894679e-01,2.226354860116933398e+00
5.714573893460908049e-01,1.669854468787425938e+00
2.158193909672606603e-01,1.033304948659571121e+00
-1.213385595295392444e-01,4.612000697550829864e-01
-2.881234638220756539e-01,1.270953180394845672e-01
-2.679204844328827440e-01,7.726951110127433520e-02
-2.783698832359847719e-01,3.172852637663487602e-02
-2.887238225702798422e-01,-1.647673509934894504e-02
-3.267743624603282604e-01,-6.686409711366214648e-02
-3.424383272880305307e-01,-1.224600492363717014e-01
-3.343371111884487767e-01,-1.762125449070973682e-01
-4.058342698568260798e-01,-2.652729774638065141e-01
-3.945854647218486888e-01,-2.552419152663551460e-01
-3.471013691447727423e-01,-1.773356843409004402e-01
-3.873873351818541977e-01,-8.042414236253704607e-02
-3.602817402159322890e-01,-4.094248340274951603e-02
-3.170196328950610209e-01,-5.214603077993319041e-02
-2.985798310534886757e-01,1.547871577478386433e-02
-2.934798700301424756e-01,5.373205679233548915e-02
-1.526606216578901554e-01,2.353362495054152903e-01
-1.858661117965769716e-01,1.553881940179862309e-01
-3.254329807549703468e-01,-1.434027081391908154e-01
-2.883343516348516045e-01,-1.365728716039026069e-01
-2.885167783161289856e-01,-1.421212344754621548e-01
-2.885167783161280419e-01,-1.421212344754624879e-01
-2.883343516348507718e-01,-1.365728716039024959e-01
-3.254329807549684039e-01,-1.434027081391898717e-01
-2.255081048596051518e-01,-9.557375867379248879e-02
-7.854956485757422224e-02,-3.369041014832481473e-02
-2.353035757416264973e-01,-1.491862185661162465e-01
-3.571991514453923267e-01,-1.866259046880662797e-01
-4.538775410221083662e-01,-2.866364973658279136e-01
-4.324655542901071348e-01,-3.547115542621182560e-01
-3.495955167719725920e-01,-2.942575374522886644e-01
-3.207864456230807293e-01,-2.564533131471567473e-01
-3.874964903104856639e-01,-2.834282452658319906e-01
-4.006289559915550136e-01,-2.723193851250448327e-01
-3.348708327087226433e-01,-2.069285734478553962e-01
-3.453632609568446643e-01,-1.246947148229672897e-01
-3.709782592947617474e-01,-1.762506485319871308e-01
-3.799360431416338169e-01,-2.964288985155655309e-01
-4.398423679073148462e-01,-3.473662881847887629e-01
-4.494568539433355103e-01,-3.849826565222799757e-01
-3.769763614209895586e-01,-3.613603458344901154e-01
-3.622755116042751800e-01,-3.697792517843879190e-01
-3.626845643210965253e-01,-3.781278948730120160e-01
-3.622755116042735146e-01,-3.697792517843943583e-01
-3.769763614209887814e-01,-3.613603458344921693e-01
-3.792666793743515452e-01,-3.352474596420161324e-01
-3.731985739374900080e-01,-3.031375543879067380e-01
-3.765929312192923262e-01,-3.036295005957168058e-01
-3.382778452943616121e-01,-3.118165836983735062e-01
-3.241499479599834199e-01,-3.498259788347393706e-01
-3.515993841728193292e-01,-4.245292618812424035e-01
-3.259878861068472578e-01,-4.155897897398977969e-01
-2.987064060844680791e-01,-3.765317922193335831e-01
-3.185015502847963198e-01,-3.805420015281462676e-01
-3.271863208971269588e-01,-3.470800802211985725e-01
-3.474500625338333148e-01,-3.036280492170468359e-01
-3.419308506364777678e-01,-3.089507922298184717e-01
-3.333251910786511063e-01,-3.830080260909137779e-01
-2.662007929211092638e-01,-3.510068674743234696e-01
-1.314246506136997061e-01,-1.997414323799443225e-01
-5.075839743791880215e-02,-9.439038941970373520e-02
-8.680460413311302803e-02,-1.947942519585347532e-01
-9.641386490710336654e-02,-2.546828481246814491e-01
-9.090500916906550655e-02,-2.543617567526443857e-01
-9.090500916906647799e-02,-2.543617567526448853e-01
-9.641386490710274204e-02,-2.546828481246825038e-01
-1.129166575885344193e-01,-2.753029330457812951e-01
-1.396076576017628024e-01,-3.144171612334759058e-01
-1.734992353550840749e-01,-3.536165144140316907e-01
-2.081941810981864371e-01,-3.772764957761842175e-01
-2.433951306921173785e-01,-3.842794109414056636e-01
-3.069175422263060171e-01,-4.182973423345313635e-01
-3.247318876820986522e-01,-3.856452176923464981e-01
-2.950635313047135777e-01,-2.908458751739340098e-01
-3.119391019874223070e-01,-2.298993752546317770e-01
-3.481305088620589294e-01,-1.528758330954601841e-01
-3.513560204309288393e-01,-8.586006249124764067e-02
-3.330052272867743968e-01,-1.244785502930868815e-01
-3.595821554325767111e-01,-2.285809250737638465e-01
-4.474122897628290407e-01,-3.455771918185736591e-01
-5.155069918056427447e-01,-3.852928206380922260e-01
-4.161545502593016477e-01,-2.936348999010957028e-01
-4.161545502593019252e-01,-2.936348999010953698e-01
-4.000562713451968344e-01,-2.216871243617352383e-01
-3.580542108803866364e-01,-7.564140353872646216e-02
-3.636238230207484712e-01,-8.700709284673031896e-02
-3.216954939834973937e-01,-1.338235029665753861e-01
-3.003624435510364732e-01,-8.893615887806387288e-02
-2.919569107627573712e-01,-4.496051906663004610e-02
-2.833394665368054177e-01,-2.637568078089616160e-05
-2.745839694375106776e-01,4.374358831125668701e-02
-2.657654612555474527e-01,8.428168562126341079e-02
-2.873804501639960485e-01,1.295458556816486140e-01
-2.804925865707382227e-01,1.248977326261560133e-01
-2.700713592701066701e-01,8.201476159895607076e-02
-3.138304588533034067e-01,2.884436636482328852e-03
-3.555994822929037236e-01,-1.452413563149764220e-01
-3.660075886571115267e-01,-2.160184888073315990e-01
-3.441146488893038757e-01,-2.008199690161980300e-01
-3.409540019615541206e-01,-1.990285286165584255e-01
-3.197945017291340952e-01,-1.061800880181778539e-01
-2.985798310534888977e-01,1.547871577478432403e-02
-1.542211017036528020e-01,2.518368830881671516e-01
4.319583999637657823e-01,1.130010674400422355e+00
1.339634215441835252e+00,2.548745565653876888e+00
1.751880866127033309e+00,4.197897263032191795e+00
1.591329922598498259e+00,5.824498601814327436e+00
1.484888426367771075e+00,7.429086271145942888e+00
1.363429819813539279e+00,8.681559465913373685e+00
1.227995102804301686e+00,9.522751518670222737e+00
1.079745061937213091e+00,9.912924628518270609e+00
9.199503216449553822e-01,9.833647069546469055e+00
7.499804539022975058e-01,9.288663903115992326e+00
5.712922398710600369e-01,8.303720061658768969e+00
3.854171840908273694e-01,6.925344161487158701e+00
1.939483882290222172e-01,5.218650497136411381e+00
-1.473103106912067219e-03,3.264263050735150440e+00
-1.997832429401652510e-01,1.389989672356912731e+00
-3.210593330337966900e-01,2.938574098505487564e-01
-3.120069366584080628e-01,9.862795307473848361e-02
-3.015795982554351218e-01,-3.669573600312610318e-02
-3.281372099074630899e-01,-1.888307905011052390e-01
-3.489406218255456382e-01,-2.434309223731295491e-01
-3.409540019615535655e-01,-1.990285286165588974e-01
-3.374709883297333235e-01,-1.983997548588957160e-01
-3.965248699152258971e-01,-2.652053124142663143e-01
-4.111162449659950813e-01,-2.630678103897038378e-01
-3.790340162056753948e-01,-1.126689718756976183e-01
-3.527931188707172372e-01,2.140288002726416783e-01
-3.205962001552720708e-01,2.359220277840164692e-01
-3.107080252183038738e-01,2.814197904765197017e-02
-3.297818466146403837e-01,-5.054879861432515914e-02
-3.284962769488288248e-01,-2.726830671249896171e-02
-3.375381651632641811e-01,2.040331007984031580e-02
-3.565098548531998035e-01,-3.024146772265497510e-02
-3.427046107096743954e-01,-5.437478872934811691e-02
-3.421542900519193853e-01,-4.714543742239080820e-02
-3.100764676481774784e-01,-1.090995693690939294e-01
-3.223196572220397571e-01,-2.477886779916169957e-01
-3.245926599006310198e-01,-3.182756489418832047e-01
-2.939978573131696304e-01,-2.968047165033598778e-01
-2.890217386694097779e-01,-2.885613489127186182e-01
-3.144308912047940052e-01,-2.714897451280122165e-01
-3.547384558542694410e-01,-1.764655079970294804e-01
-3.813183302731443236e-01,-5.197924381376353709e-02
-3.527931188707172372e-01,2.140288002726416783e-01
-3.381586356070886978e-01,1.785197070986656032e-01
-3.411168522649428714e-01,-9.743093608707452391e-02
-3.392853647647741111e-01,-1.823626819139987365e-01
-4.179767494317412346e-01,-3.041570111095295847e-01
-4.599960727143637129e-01,-3.822628097288125470e-01
-3.810818067919063412e-01,-3.132256908764672887e-01
-3.429853352649965270e-01,-3.259173678815451280e-01
-3.315597238331891017e-01,-4.278654967623848338e-01
-3.341552239403259850e-01,-5.294638033653531473e-01
-3.361771384582859512e-01,-6.072157355648033494e-01
-3.376081379214445621e-01,-6.574483024057314884e-01
-3.384359574908145651e-01,-6.777885240992846949e-01
-3.386535020737746482e-01,-6.672755312729662380e-01
-3.382589071348384158e-01,-6.264059563122174046e-01
-3.622102287589236691e-01,-6.031515723119289518e-01
-3.839576747556816549e-01,-6.005509971505781364e-01
-3.586180655211604340e-01,-5.877363775364847776e-01
-3.430585507303551274e-01,-5.988297226562744324e-01
-3.419304443635987623e-01,-6.090897432353057361e-01
-3.401621123920383072e-01,-5.917418705822351521e-01
-3.628602751939867810e-01,-5.911530586787185904e-01
-3.839576747556817105e-01,-6.005509971505780253e-01
-3.585876788632378909e-01,-5.162188077423461863e-01
-3.580660047904034582e-01,-4.123661554419841280e-01
-3.537857781838162352e-01,-3.332743897170195035e-01
-3.308817761333837093e-01,-2.686019131507706437e-01
-3.365228746412258221e-01,-2.160109426284480827e-01
-3.334669726792023892e-01,-1.192769397317814534e-01
-2.880912019659091494e-01,-7.647580958707828058e-02
-2.776462118082670960e-01,-1.433494262314945755e-01
-3.319300454777822651e-01,-2.143832871657748440e-01
-3.484434442639293694e-01,-1.932973319645956978e-01
-3.549617870046321011e-01,-2.320703737349503748e-01
-3.881698015655553613e-01,-3.310463083051017330e-01
-3.974779186853767965e-01,-3.424873575792346525e-01
-3.625844795317751390e-01,-3.068740276361833774e-01
-3.435866954726856659e-01,-2.315417272431926632e-01
-4.027989867287136705e-01,-2.495673319961695391e-01
-3.869492102494814789e-01,-2.851604633316410231e-01
-3.523535052163963011e-01,-2.856076104994551557e-01
-4.023267594729499352e-01,-3.453648060304918554e-01
-4.817373965833481875e-01,-4.018166570573877272e-01
-4.978536572486181311e-01,-3.723048271591001268e-01
-3.965248699152258971e-01,-2.652053124142663143e-01
-3.427263174764452192e-01,-1.989132081544599251e-01
-3.392308906338263874e-01,-1.974230238025870277e-02
-3.120069366584078407e-01,9.862795307473835871e-02
-3.104554032231461314e-01,-2.420766133470406579e-03
-3.212949105355971113e-01,1.202776627312246958e-02
-3.173405876375954837e-01,-1.170970971507251379e-02
-3.340092368230018760e-01,-1.695387214488736916e-01
-3.363860424887226142e-01,-2.391730663478183472e-01
-3.340531513192372959e-01,-2.241453802392646966e-01
-3.621369436539493836e-01,-2.212907401344349767e-01
-3.507956572113741789e-01,-2.120112680719923037e-01
-3.178102734195023538e-01,-2.111410369209223148e-01
-2.925683001656445570e-01,-2.047520833486467240e-01
-2.925683001656445570e-01,-2.047520833486467240e-01
-2.994944686935823164e-01,-2.045553658519020102e-01
-3.218465541705346489e-01,-2.100132185333434820e-01
-3.567370740046660327e-01,-2.274547259676128474e-01
-3.668452464202616170e-01,-2.563906869208633643e-01
-3.537034959008467094e-01,-2.792968269011608662e-01
-3.423384869823943299e-01,-2.905911610770415265e-01
-3.886158207762085981e-01,-3.387837021265635018e-01
-4.303998355432756551e-01,-3.636672957358306757e-01
-4.392916074894086531e-01,-3.330418700605694560e-01
-3.919763821896909972e-01,-2.780277419110022130e-01
-3.519764329399195923e-01,-2.544756712226736162e-01
-4.119500890155800565e-01,-2.927800842445492657e-01
-4.151105518876682110e-01,-3.046098260765977006e-01
-3.878832070566317070e-01,-3.076322551528886118e-01
-3.869587783442284268e-01,-3.224894297702275425e-01
-3.607443067136895665e-01,-3.065467865255438462e-01
-3.869587783442292594e-01,-3.224894297702275980e-01
-4.073649127465420738e-01,-3.252760201462102096e-01
-3.900761929212405166e-01,-2.749702334903649792e-01
-3.810400583443994127e-01,-2.697001286251936025e-01
-3.825824214100383980e-01,-3.131365712604288198e-01
-4.502490918546566689e-01,-3.710763715043145505e-01
-4.260737987732834964e-01,-3.305437065083862147e-01
-3.538230135566663437e-01,-2.832594944778946688e-01
-4.023267594729495467e-01,-3.453648060304920220e-01
-3.945461340937119754e-01,-3.873037373350287083e-01
-3.605828241986909766e-01,-4.256346026973444885e-01
-3.819904673718640953e-01,-5.439374115966247869e-01
-3.781015829959479824e-01,-5.425054464812021360e-01
-3.442589707590874570e-01,-4.257374695895534411e-01
-3.368209212511098505e-01,-3.574003219295705525e-01
-3.410192746315207080e-01,-3.319023652367841248e-01
-3.665639139288041082e-01,-3.599346966974620310e-01
-3.636777918652419062e-01,-3.319647613591880653e-01
-3.175346160251472094e-01,-2.363272435787662218e-01
-3.355319633595212347e-01,-1.783742027644860118e-01
-3.299427033481814320e-01,-1.665934903504407982e-01
-3.013737930523719410e-01,-2.027233733161181717e-01
-3.338542415911442407e-01,-2.714120982104696322e-01
-3.782341553895858799e-01,-3.257554010828837554e-01
-3.803529249158415504e-01,-3.315490933266004303e-01
-3.464168388862304271e-01,-3.175685931470679790e-01
-3.303515678030838898e-01,-3.149407067894146039e-01
-3.380980680698504326e-01,-3.217850442023806323e-01
-3.778655858427896197e-01,-3.455884103684351838e-01
-3.815334701706401543e-01,-3.302470345764227377e-01
-3.232196789716978436e-01,-2.855423724323855050e-01
-3.182850425143463613e-01,-2.929303519048234716e-01
-2.795024625605765922e-01,-2.677264079208873659e-01
-2.135380611526802586e-01,-2.262036238678786504e-01
-1.668085620345910181e-01,-1.950394344128332791e-01
-1.037029473375966071e-01,-1.282220054403952203e-01
-7.242781603000633672e-02,-5.557821564598587616e-02
-2.074719448253874443e-01,-1.563748928261101956e-01
-3.328673323771329517e-01,-2.253745956149550145e-01
-3.474950888251253089e-01,-2.068359726090737705e-01
-3.711420453066551217e-01,-2.640718230011752099e-01
-3.984569656264512205e-01,-3.429628144483538033e-01
-3.804573412274265820e-01,-3.414475490344201503e-01
-3.456452304701483347e-01,-3.098877061186658399e-01
-3.586856538563026331e-01,-3.083481043047571202e-01
-3.984569656264513871e-01,-3.429628144483539143e-01
-4.160106710386323736e-01,-3.653253409507906668e-01
-3.742404634934262120e-01,-3.442427686062350944e-01
-3.487457827007806044e-01,-3.521101748015724731e-01
-3.482828239372915968e-01,-3.704027994885762398e-01
-3.471251944663579225e-01,-3.723630704787357915e-01
-3.452828161219358982e-01,-3.578983848307197291e-01
-3.427714795973967887e-01,-3.276920523742604674e-01
-3.648948520892505432e-01,-3.072355108752561348e-01
-3.627357750579854878e-01,-2.469309537425526668e-01
-3.192866070643760046e-01,-1.933411037797482523e-01
-2.158519192950645593e-01,-1.402072046291405194e-01
-3.079411395985183764e-01,-1.989233223067820022e-01
-3.000302941941505597e-01,-1.872238433259756363e-01
-3.129206582607356180e-01,-1.802264377341649959e-01
-3.101513437053958211e-01,-1.800178094329216716e-01
-2.791069077271821630e-01,-1.792709837056170319e-01
-2.808398600413882229e-01,-1.923016206949233475e-01
-3.249683668688915783e-01,-2.368067953617986332e-01
-3.479680522594513770e-01,-2.771778156591638842e-01
-3.816965118891498809e-01,-3.264138814984196002e-01
-4.817373965833481875e-01,-4.018166570573877272e-01
-5.155069918056427447e-01,-3.852928206380922260e-01
-4.246148458223589772e-01,-3.073926840130070670e-01
-3.248750941129452952e-01,-2.475461092002833041e-01
-2.962496632104625882e-01,-2.261896675792429701e-01
-3.012914622712082324e-01,-2.129647621487537335e-01
-2.954253825252409760e-01,-1.996435265562750694e-01
-2.954253825252413090e-01,-1.996435265562752082e-01
-2.932416960800656169e-01,-1.721562880376504845e-01
-2.644952667709764560e-01,-1.497674371204571198e-01
-2.695838303533964475e-01,-1.687282978267394262e-01
-3.356392426040188393e-01,-2.379797048185461616e-01
-3.791427587271855026e-01,-2.907296202983572497e-01
-3.648642264163592941e-01,-3.070870759267542716e-01
-3.426818137850686230e-01,-3.272632191089468456e-01
-3.451284293624138355e-01,-3.571785619663935818e-01
-3.469074099807838985e-01,-3.713862623519390560e-01
-3.480035083173118604e-01,-3.692151503855349848e-01
-3.740845489608936592e-01,-3.779621482203444072e-01
-3.899666034150334748e-01,-3.839094746183540074e-01
-3.668053889555228930e-01,-3.159666884197576131e-01
-3.403159615659707149e-01,-2.595357634778206468e-01
-3.218754943911688593e-01,-2.665394726124138414e-01
-3.408566696359405235e-01,-2.935011947869554105e-01
-3.699506504620678204e-01,-3.249643578176917846e-01
-3.388747221826745037e-01,-3.118980222996189933e-01
-3.082697665864967962e-01,-2.985582480947096551e-01
-3.000775823821392740e-01,-2.942860852922609127e-01
-3.047874407881356329e-01,-2.901983555631417744e-01
-3.182850425143463613e-01,-2.929303519048235271e-01
-3.633583495117907458e-01,-3.050152871204587224e-01
-3.883812925925619330e-01,-2.965488742737955041e-01
-3.797561264710706541e-01,-2.849280935155093508e-01
-4.474122897628290407e-01,-3.455771918185738811e-01
-4.735737978702656004e-01,-3.982703490605102870e-01
-4.160902136733791168e-01,-3.878968743682283393e-01
-3.714044103845238753e-01,-3.632820988692929132e-01
-3.401566014604488486e-01,-3.268040230758512688e-01
-3.333965914149316090e-01,-3.001965911948549781e-01
-3.506493600874063254e-01,-2.826216191694244650e-01
-4.161895466706099223e-01,-3.008887893500173938e-01
-3.775534108377018860e-01,-2.519200629052952833e-01
-3.348702803324186128e-01,-1.967237598598566006e-01
-4.027989867287137815e-01,-2.495673319961695669e-01
-3.812129757073883796e-01,-2.577338858091901552e-01
-3.356438988534917733e-01,-2.067791356365004385e-01
-3.755551034898508278e-01,-2.545052324406816835e-01
-3.760549483296721229e-01,-2.862792310309919541e-01
-4.083209151710130436e-01,-2.952203359021544626e-01
-4.399233225922938861e-01,-2.534856868109749972e-01
-3.229006373007136665e-01,-1.144784837960381163e-01
-3.021135975979625798e-01,-6.182871913710958484e-02
-3.125330289699265185e-01,1.227076913501490459e-02
-2.680310300830832104e-01,5.551957556055092669e-02
-2.643651615588153980e-01,4.414595525921911207e-02
-3.171680947501414050e-01,-8.210147822270316698e-02
-3.755551034898508278e-01,-2.545052324406816835e-01
-3.683002255148503656e-01,-2.896515822377175309e-01
-3.367473014113739338e-01,-2.675608051991650305e-01
-3.518662496321089961e-01,-2.715321446327711996e-01
-3.628793583698506908e-01,-2.522995678427319977e-01
-3.336635923228647993e-01,-2.126802593019052057e-01
-3.336635923228647993e-01,-2.126802593019051779e-01
-3.195587146292118153e-01,-1.520812279470508122e-01
-2.795957137123339376e-01,-2.859394427413748316e-02
-2.921488751991188071e-01,9.009932177777893458e-02
-3.252364058371914335e-01,5.794618407567319468e-02
-3.044774135623563582e-01,-9.722107116892025891e-02
-2.924749563611172554e-01,-1.890266589515040285e-01
-3.171547787633375859e-01,-2.761228866195844511e-01
-3.263510515046054161e-01,-3.511502387239032186e-01
-3.407590150132109863e-01,-4.236207777742094227e-01
-3.485107706221445834e-01,-4.328531007851169621e-01
-3.348684283118409377e-01,-3.601373302150247535e-01
-3.676550056011305134e-01,-3.218727858530074926e-01
-3.938465725591993039e-01,-3.006197526107605711e-01
-3.557177353607369197e-01,-2.487048898920274642e-01
-3.087717146023490344e-01,-1.974549924151914049e-01
-3.352137962240100411e-01,-2.133252329475833764e-01
-4.206626245811991294e-01,-2.788362580045301575e-01
-3.742947255863833811e-01,-2.715538167681479931e-01
-3.009787788516020690e-01,-2.360560815052997197e-01
-3.050317843451546551e-01,-2.513550293427201932e-01
-2.365811006358366497e-01,-1.976343955060582414e-01
-6.763607911712413157e-02,-5.380547106138058866e-02
-1.722847381692349522e-01,-1.392352414798899152e-01
-3.549116117706970219e-01,-2.849183242641061264e-01
-4.163255160873025051e-01,-3.611408166654481722e-01
-3.503696998645400296e-01,-3.572962367924460980e-01
-3.605828241986912541e-01,-4.256346026973443220e-01
-2.493418642585264744e-01,-3.134556795692642894e-01
-1.625188603832209422e-01,-1.941756854200281379e-01
-2.008783958802162206e-01,-2.236879797601321884e-01
-2.574683998657019135e-01,-2.634566421201718356e-01
-2.842164382768145869e-01,-2.916357811176676362e-01
-2.798165693244329399e-01,-3.057589119066954630e-01
-2.876022601842863624e-01,-3.200190788331381819e-01
-2.952133625332367117e-01,-3.203270123377188194e-01
-3.155690647036503704e-01,-3.207370759792181336e-01
-3.514621725754276671e-01,-3.176051727369114119e-01
-3.528537374446280017e-01,-2.949135099224716727e-01
-3.517099010830531669e-01,-2.999903193496993858e-01
-3.699506504620678760e-01,-3.249643578176916181e-01
-3.556056053321029475e-01,-2.930145732045383866e-01
-2.099021555586872700e-01,-1.595119408096129510e-01
-6.763607911712443688e-02,-5.380547106138048458e-02
1.147338119186156304e-03,5.953329289188162825e-04
