-1.229172756636019844e-03,-2.193342306238032710e-02
-2.563215978807570350e-01,-3.726061276963566621e-02
-3.782409583756633498e-01,1.601331114171137826e-01
2.134223871688212607e-02,3.293757310270645222e-01
6.314804108144501660e-01,5.244429509510573073e-01
1.404029574605927255e+00,4.134442962707893243e-01
1.207124767512678165e+00,3.126617008114907503e-01
3.893948175428777470e-01,4.918739297877557370e-01
-3.947034962020991022e-01,5.842051670201952041e-01
-1.032559969407110367e+00,1.627561305216178311e-01
-6.711775630119378722e-01,-1.929105603889036402e-01
-2.804375050758115551e-01,-1.512869535206952665e-01
-2.563215978807665274e-01,-3.726061276962729096e-02
-7.047274040322529798e-01,-8.937526309587694173e-02
-9.014625189965558283e-01,-2.037014240262808029e-01
-6.394718262023731947e-01,-3.838823208846339208e-01
-2.049944034691554839e-01,-4.640474925747395951e-01
5.493485663046469847e-02,1.154402389649269445e-01
-9.628430968207223051e-03,5.648705312706400195e-01
-2.049205256823514454e-01,5.394672740093722219e-01
-3.718388632090559587e-01,1.109985546031538178e-02
-4.066430140397331305e-01,-5.209295085807391645e-01
-2.365394587186695208e-01,1.752047685976801036e-02
-3.528500689051319861e-01,7.739787379211962026e-01
-5.798443019084998928e-01,5.123418898509701780e-01
-8.171041424468591385e-01,1.194645827424550000e-01
-7.897694363277193430e-01,6.227561316062769220e-02
-3.370830055876785081e-01,-8.167008411351371622e-02
-1.966583609692446055e-01,-3.836684779148187840e-01
-7.289451820757663070e-01,-6.780842950892729259e-01
-5.855742378780925961e-01,-1.494353391435911727e+00
4.720276414705242840e-01,-2.217180534060323005e+00
1.325068829387204605e+00,-1.969835516020312927e+00
1.395265576901386195e+00,-1.104340301056077056e+00
7.584715724373222168e-01,-3.024936214735859386e-01
6.538268880497438706e-02,1.882808035532039792e-01
-1.856723447585300613e-01,1.733275271432194453e-01
-4.044474857284851010e-01,-2.642359159813785774e-01
-1.666314476603253103e-01,-4.575887496546627298e-01
3.998740083591663108e-01,-3.343338052782958703e-01
5.887355245999226216e-01,-4.547977755208648665e-01
-2.353678359629860772e-01,3.821594447584934495e-01
-9.928556265384702595e-01,5.278612751314095686e-01
-9.935849148903056482e-01,-4.339634636434758774e-01
-8.967713087833639740e-01,-8.981790378927225760e-01
-8.317073644416398404e-01,-5.795886117021339379e-01
-5.942971257611776581e-01,3.411651283823481651e-02
-2.368877975288082582e-01,7.675976349800525678e-02
-3.874268937976093619e-01,-3.067423148524269227e-01
-2.384457293418407176e+00,-1.018268782941783135e+00
-5.228409543469819454e+00,-1.375647599661196319e+00
-6.721927157466192071e+00,-1.061744335977248044e+00
-6.231927143916485612e+00,-3.871021486472766004e-01
-4.249790677989806476e+00,1.527045293109197469e-02
-1.752206852664824677e+00,3.049194146537083719e-02
-2.989971690366998169e-01,-5.725262992478610258e-01
-3.109612659157309777e-01,-1.079001352748900633e+00
-4.984138681766867585e-01,-5.946519643979411018e-01
-4.233198037956359405e-01,3.444775562162481763e-02
-7.059527190322216483e-02,3.886521207628487740e-03
-6.845647309128464857e-03,-2.047594464595715175e-02
-9.080618961114771126e-02,6.079277602593827906e-02
-1.519745976139708354e-01,8.265678052615463289e-02
-4.648963809929360091e-01,-5.403823406996070000e-01
-8.096195036050597427e-01,-1.488305044790748211e+00
-7.686007389768221287e-01,-1.604973546425288999e+00
-6.110133883803148258e-01,-1.060648452165619648e+00
-1.825744752938324444e-01,-6.928835126264636379e-01
5.416277517203064162e-01,-7.903825878767565261e-01
7.543423463816767427e-01,-7.773816412768412842e-01
7.509048013931629573e-02,-6.803683176252199871e-01
-2.684371755155046668e-01,-1.836559840132679644e-01
7.401183288865104126e-02,3.626319440510933356e-01
2.005324931062146265e-01,1.281253962148424519e-01
4.755422423913781005e-01,-5.224097905706821532e-01
4.755422423913781005e-01,-5.224097905706821532e-01
-5.199394388233948838e-01,-1.882276307577676056e-01
-9.501028046139199379e-01,-1.822100417270122452e-01
-4.003574978342487323e-01,-3.287925954764918390e-02
-1.088170466857773633e+00,2.188124755148397882e-01
-2.941380836798998200e+00,1.904646572383226211e-01
-4.999560665732041720e+00,9.058928995876047718e-02
-6.208740071513695113e+00,6.337773501434039447e-02
-6.039701191203897146e+00,1.662432543592756995e-01
-4.263492900141242714e+00,-7.142740080255516322e-02
-2.938273824521086208e+00,-7.546939921413923225e-01
-2.598910499200128399e+00,-1.156125292698028550e+00
-1.660767751287673066e+00,-9.555152520326922749e-01
-5.359791960829539681e-01,-3.588226899161839345e-01
-1.571449765130502468e-02,7.404556386392681377e-02
-2.975128800190776079e-01,1.481426283694066426e-01
8.980436147737820562e-02,3.483671471367346117e-01
5.536991603330854161e-01,1.454133099132549845e+00
1.851376249237420279e-01,2.692809156008238336e+00
-4.323391482448196155e-01,2.421735539912435620e+00
-8.259140177607114941e-01,7.869509576326106925e-01
-7.304140855909043717e-01,-7.320447987900204900e-01
-8.804172408194691490e-01,-1.158418409595656673e+00
-1.290975750964782787e+00,-8.249583076460218489e-01
-1.084131390525893135e+00,-2.066182262829892036e-01
-1.973213740997233900e+00,-1.833615928097944436e-01
-2.214437540024189577e+00,-4.193419938138334135e-01
-1.084131390525893135e+00,-2.066182262829892036e-01
-6.120975516862322552e-01,1.003612295439392232e-01
-6.120975516862322552e-01,1.003612295439392232e-01
8.408957896986125891e-02,5.870173571657740785e-01
1.035913741612587202e+00,1.334405278540877315e+00
6.853817607446078819e-01,1.021549626625894103e+00
-2.574177552206475261e-01,-2.623250497794297198e-01
1.799006991476059247e-01,-1.134353268735054820e+00
7.637035165253759361e-01,-1.313252406393530469e+00
7.463428130628981805e-01,-6.817776506242085865e-01
7.463428130628981805e-01,-6.817776506242085865e-01
7.475588993010020555e-01,-7.949900011858002102e-01
-4.511511358762763935e-02,-8.182022882775468187e-01
-5.347319296211578976e-01,-1.125428901323818343e+00
-3.402245603044360411e-01,-1.303150954208046608e+00
-3.250978047866057152e-01,-1.301344819024951027e+00
-2.104924562950937772e-01,-8.079533506161381551e-01
2.013050922912173191e-01,-3.839660579371830251e-01
5.459802322603173330e-01,-4.129459048323889103e-01
4.453834497028755224e-01,-2.953273118768275918e-01
-1.295028784395952925e-01,-5.149738173184588430e-02
-5.132262149210730096e-01,-3.410122848374808058e-02
-2.577399786492604039e-02,-9.866288327796542482e-03
4.225277100780253647e-01,-1.402981501885982030e-01
6.543994912814839193e-02,-1.267037371786159383e-01
-2.295871022590952881e-01,-5.418419150355312519e-01
-2.996664760900105695e-01,-6.883484344399122268e-01
-8.673661646195615083e-01,9.169122814722838275e-04
-1.448635659228382222e+00,5.017791105176092614e-01
-1.586952276126390338e+00,6.466927258144663515e-01
-1.387644766704433819e+00,6.464773878682525954e-01
-1.150858628910894410e+00,-1.812286828282290707e-01
-1.474805333256484552e+00,-5.011963209718418577e-01
-1.708016332403776705e+00,2.480282182537306146e-01
-1.298398802933391050e+00,9.608449664747485963e-01
-7.932582089349362597e-01,1.227340034915849420e+00
-2.461353156820570917e-02,1.090718867663697189e+00
5.414870565831675364e-01,8.065768851447591148e-01
1.379026744608805310e-01,5.731588451300789755e-01
-6.862414042143842874e-01,8.447538352305674625e-01
-7.932582089349362597e-01,1.227340034915849420e+00
-3.688587431571336284e-01,1.293246716294936816e+00
2.564411414571940995e-01,1.135508461973273819e+00
4.452788716298752836e-01,5.287987221312007158e-01
4.049538371361369737e-01,1.242214419832953082e-01
1.187189357695383807e+00,3.632022839435218586e-02
1.558583437149984929e+00,-3.094483153180312973e-01
1.353258579555489449e+00,-7.684574344340719954e-01
7.598505713125837113e-01,-9.846396100798439077e-01
-1.031510516418844725e+00,-9.543063306801518042e-01
-2.725248795892349474e+00,-8.557152045942334473e-01
-2.946212021236243928e+00,-7.996074056305974009e-01
-2.070549368469879248e+00,-7.067988276403671666e-01
-1.250949370575487718e+00,-4.760640583043332930e-01
-1.127698817611988424e+00,-2.145427325463221124e-01
-8.080979238562758793e-01,2.153713445387178682e-01
-3.628858715745215680e-01,2.327362545028264229e-01
-2.458039893900585415e-01,-2.529498313315236072e-02
4.055997980028878680e-01,5.346810608984701174e-01
1.714473554102645680e+00,5.305364139322642503e-01
2.443394791418248779e+00,-4.125539013684602074e-01
2.262506879439029284e+00,-9.232051710468127670e-01
1.328192862929286289e+00,-8.205470791541391584e-01
4.866249429680918337e-01,-2.653661642116091346e-01
2.548087012870199342e-01,3.804652353930468300e-02
1.192529020381428578e-01,3.514914073741166045e-01
1.984852265577960184e-01,6.745821318053573101e-01
3.585352098152374545e-01,1.098906780517677900e-01
6.232505406423379801e-01,1.778638078990968374e-02
1.404029574605921260e+00,4.134442962707958191e-01
2.093071995570179311e+00,7.187252371423443753e-01
2.351215943679247911e+00,1.704207238653923318e+00
2.171509163742368909e+00,2.668589364411540821e+00
1.356526290334159501e+00,3.005075666656228606e+00
3.771638030740335767e-01,2.535468407336699315e+00
-6.745279737083603733e-01,1.347605530915707339e+00
-7.847678369947936883e-01,3.761100433994773451e-01
-2.570857974312238947e-01,3.864220993785869029e-02
-3.615902061763281439e-01,-1.359095223595000013e+00
-5.187131036372608639e-01,-2.432057981783762646e+00
-6.321874421569848579e-01,-2.646488200489145459e+00
-7.768928253170355180e-01,-2.471897596223765703e+00
-5.187131036372608639e-01,-2.432057981783762646e+00
1.202595859412118440e+00,-3.372381493333638680e+00
4.297706332220277758e+00,-4.786354338213494763e+00
7.361288318506093553e+00,-5.998331948464988628e+00
9.007838099943510812e+00,-6.569815151464087677e+00
8.954501347658091248e+00,-6.528051012267818365e+00
7.306011008328317402e+00,-5.955048299241171073e+00
4.275915355891827474e+00,-4.466125052757370817e+00
1.654062968652045162e+00,-2.393138960476761223e+00
7.149123191513117037e-01,-9.165363551628664673e-01
-1.955970909655029011e-01,1.503161380224482535e-01
-5.278742011192443240e-01,3.274699769938536204e-02
-8.462227921021219235e-01,-3.665307667040971218e-01
-1.658204668304125828e+00,-7.347564107685834456e-01
-2.143579376395367664e+00,-8.120550102094676870e-01
-2.009763832664761551e+00,-7.838470164931872208e-01
-1.288219424296101367e+00,-6.979079635369568324e-01
-9.618612233798609079e-01,-4.564485505317777414e-01
-1.337947537431773748e+00,-3.940604023674984524e-01
-8.855530139688997382e-01,-4.341400450467749472e-01
-1.920433081748390836e-01,-2.353037261126391111e-01
-3.839714978069221352e-01,-3.329647710223122004e-01
1.612008070995748499e-01,-1.292392909947827073e+00
1.542613114176559774e+00,-2.575662504152509413e+00
1.973742027163677193e+00,-2.970852444188534225e+00
1.973742027163677193e+00,-2.970852444188534225e+00
9.623315336238334738e-02,-2.420029558529558145e+00
-1.501404095005271389e+00,-1.199938248372375948e+00
-9.085413784047459140e-01,-5.771911837004882750e-01
-5.205158650628479711e-01,-4.721335503426615232e-01
-6.746707324060752242e-01,-5.436357891097253203e-01
-1.143700126415071683e+00,-7.068666141578536788e-01
-1.143700126415071683e+00,-7.068666141578536788e-01
-1.025230602219303844e+00,-6.936639782985075664e-01
-7.991179666243152235e-01,-6.537586016711955939e-01
-7.345369796442038357e-01,-5.662151117039518899e-01
-4.526644438327082631e-01,-3.926575483314923565e-01
1.425395924092847655e-01,2.837478591146921914e-01
-1.361770256025882087e-01,4.720663197157239921e-01
-5.278742011192443240e-01,3.274699769938536204e-02
-5.575747936251576053e-01,-2.012097716674388082e-01
-8.942783814343826521e-01,-4.505992890385301375e-01
-1.008146050561865570e+00,-5.768626297822397886e-01
-5.087382502397502781e-01,-6.174270463536312148e-01
-2.644220869178168926e-02,-6.199247382881961643e-01
1.138451669006046718e-01,-4.373621143985711446e-01
1.211750868517886964e-01,-2.726950934936931414e-01
1.211750868517885021e-01,-2.726950934936930859e-01
-2.854069021856218691e-01,-5.343663677899138653e-01
-9.083217285718060419e-01,-8.477264901718917223e-01
-1.323600422976146662e+00,-7.863065175993267930e-01
-1.362264122176240155e+00,-3.806252664687411191e-01
-1.758164692475215451e+00,-4.433863460825104852e-01
-1.525524603742313801e+00,-6.592580180769299636e-01
-4.006008154211512240e-01,-2.644914390690802364e-01
3.023192102429759220e-01,7.470409946983965765e-01
7.524064359221764864e-01,1.751991335153159524e+00
1.383997653298029817e+00,2.441851995126092856e+00
1.757785718119258656e+00,2.811438694170337094e+00
1.588515334487499597e+00,2.688242514996836974e+00
1.063506511141727673e+00,1.935848485889174686e+00
6.900575434771646366e-01,1.287971189489491852e+00
1.225407561102725307e+00,1.951351208135634563e+00
2.217160364301788977e+00,2.841764004517990827e+00
2.908508805349806270e+00,3.790537246380646152e+00
2.839616013006565520e+00,5.034308841141069912e+00
1.890981236069894544e+00,5.484141950045319014e+00
6.583758638395659224e-01,4.717373967530310352e+00
-1.813895235024556157e-02,3.124773704215347170e+00
-3.860466867575679806e-01,1.030783180572443447e+00
-5.132262149210730096e-01,-3.410122848374808058e-02
-8.746533351618908103e-01,-1.838880626493893666e-01
-1.337947537431773526e+00,-3.940604023674987300e-01
-8.855530139688997382e-01,-4.341400450467749472e-01
3.838036804260073764e-01,-1.274076220050954777e+00
1.542613114176559774e+00,-2.575662504152509413e+00
2.360774894906834565e+00,-2.060356978310547316e+00
1.924749499288497256e+00,-1.280112495384571947e+00
9.482740697724705292e-01,-1.610344175850825232e+00
3.782226091781084598e-01,-1.387139806011238541e+00
1.148828858754527005e-01,-7.438243228628462766e-01
5.038139754381157909e-01,-6.799350409570734666e-01
4.129809313843317842e-01,-7.200914887565170730e-01
-1.210369295579074578e-01,-1.302099231510837618e-01
1.372019216429206379e-01,-1.655522018693703634e-01
4.589473529434597299e-01,-5.296667349566465122e-01
4.220805243071970581e-01,-6.548722992015798550e-01
1.482754319612218374e-01,-3.961486556030084372e-01
-7.043452567317573521e-02,-2.473119632861393580e-01
-5.093273050245723521e-01,-4.515033911263097721e-01
-7.316800133765196668e-01,-5.209127974673207762e-01
-6.023512151495387101e-01,-5.081008735156913314e-01
1.552115774447077601e-01,-2.225531448955356262e-01
8.734428515352254951e-01,-3.262194767377163407e-01
8.780935565263672249e-01,-6.409168913271300339e-01
1.956369691852319903e-01,-5.579514461062492492e-01
-2.676603697240010904e-01,-2.310476590827852394e-01
-1.907217018828279709e-01,-2.545541079371920618e-02
-4.386009125885403231e-02,1.353945462655420547e-02
3.469494742349926719e-01,-2.236852377018727911e-01
5.980316100072778918e-01,-6.131026959820068400e-01
1.956369691852319903e-01,-5.579514461062492492e-01
-4.979670279478844441e-01,-8.730732789580819553e-02
-6.024063164808448612e-01,1.597294214287611203e-01
-2.563215978807665274e-01,-3.726061276962729096e-02
7.268514712877686135e-01,-3.491108648242029489e-01
1.080109272994995262e+00,-5.834754270294723044e-01
4.535034830741640488e-01,5.310222601439008872e-02
8.628305068995259508e-02,8.303664006229859451e-01
-4.565356032761264116e-01,1.061807434112154391e+00
8.075736573598532031e-01,1.021072076776407433e+00
3.499090852208868174e+00,1.150467835077390699e+00
5.015641806898258004e+00,1.334424115502024666e+00
5.049015848907572490e+00,1.616647884421560155e+00
4.366683075702743722e+00,1.673882477174142513e+00
2.882791662438891844e+00,1.501583922550520533e+00
1.631104575601154849e+00,1.650074609691875915e+00
8.974692708503471117e-01,1.788954791468349015e+00
5.512072935919888339e-01,1.575158685176270890e+00
6.761152983044275144e-01,1.010551938225905166e+00
1.404029574605921260e+00,4.134442962707958191e-01
3.482388460138674979e+00,8.146367733331064676e-01
5.049015848907572490e+00,1.616647884421560155e+00
4.366683075702743722e+00,1.673882477174142513e+00
4.374976824816704912e+00,1.388163582196627166e+00
5.015641806898258004e+00,1.334424115502024666e+00
5.049015848907572490e+00,1.616647884421560155e+00
4.366683075702743722e+00,1.673882477174142513e+00
2.166910659592616195e+00,1.203685985287926252e+00
4.452788716298752836e-01,5.287987221312007158e-01
-5.674217884585859295e-01,-2.494674641879975896e-01
-1.347668958650380278e+00,-6.531473446763623736e-01
-7.525514825989649825e-01,-1.146839344018481116e-01
3.708584684763263639e-01,9.474503327307858269e-01
3.708584684763261419e-01,9.474503327307858269e-01
8.802474712200262230e-01,7.678814411825446440e-01
2.165372948710816647e+00,9.710112052170085661e-01
3.899205751382406770e+00,1.442384121435234645e+00
4.993266551426182254e+00,1.449186382366917103e+00
5.673748838574713460e+00,1.274363540589947830e+00
6.679448346434127437e+00,1.775819516375416462e+00
6.544281848167027960e+00,2.422786741034242741e+00
4.808758803396407266e+00,2.452498652265486800e+00
4.035931339807961038e+00,1.418693189729590909e+00
4.880225241508440170e+00,-1.014792514370311149e+00
5.014582214303545449e+00,-3.730980711040774889e+00
4.379101877013894750e+00,-5.103878367487238776e+00
3.254419643424698805e+00,-4.399982567879677120e+00
2.066742741089404589e+00,-2.091895703448078070e+00
1.022871417923422177e+00,2.542987483158679618e-01
5.478577548193093172e-01,1.513685762571370441e+00
5.512072935919888339e-01,1.575158685176270890e+00
6.761152983044275144e-01,1.010551938225905166e+00
4.831527929891236139e-01,3.434842613368243036e-01
1.864370051132047124e-01,1.647898683814551235e-01
3.066013135913761012e-01,3.150108924479457784e-01
3.893948175428775804e-01,4.918739297877539607e-01
5.070218113800235571e-01,3.523320988148140320e-01
1.074047436691827118e+00,-2.372136467474288690e-01
1.629327404965063675e+00,-7.257774215095605941e-01
1.631854118657712904e+00,-7.193694048583951783e-01
1.022871417923422177e+00,2.542987483158679618e-01
3.708584684763263639e-01,9.474503327307858269e-01
2.406313484381409629e-01,3.747794559549746385e-01
1.302097418636772197e+00,3.542413716125750178e-01
3.338241183881422103e+00,6.122927319472657448e-01
4.782950846918363474e+00,9.381547527041389500e-01
5.015641806898258004e+00,1.334424115502024666e+00
5.049015848907572490e+00,1.616647884421560155e+00
4.366683075702743722e+00,1.673882477174142513e+00
2.174770351106277477e+00,1.044732856462880388e+00
4.211635460335745873e-01,3.588780857810117686e-01
3.721943352650789461e-01,1.222666366066613580e-01
3.808630729505373957e-01,1.601125615030396243e-01
4.302100653179199985e-01,3.983733273988654955e-01
3.056164137671681380e-01,6.579196882771999322e-01
3.056164137671681380e-01,6.579196882771999322e-01
-3.417976710540562846e-01,-6.867155529422669380e-01
-1.358639898818802427e+00,-2.128359594215884609e+00
-9.566314359727782213e-01,-2.175493940481018296e+00
2.411553806791801868e-01,-1.745459401414402922e+00
2.562302829191424602e-01,-2.430975272532780007e+00
-8.480719742927397276e-01,-3.402577860115146180e+00
-1.459832668212840856e+00,-3.044211997342036291e+00
-1.487508629394287185e+00,-1.700408381364839849e+00
-9.979233625870461699e-01,-3.800545193514928144e-01
-4.366980905421208314e-01,5.386288523141378182e-01
-4.824726240241157581e-04,5.441508489586013297e-01
3.893948175428775804e-01,4.918739297877539607e-01
5.070218113800235571e-01,3.523320988148140320e-01
9.120957774578790644e-01,1.442562085022170426e-01
1.885257467150294852e+00,-4.639953835222289102e-01
2.779530294622023501e+00,1.022369311493376981e-01
2.875617187247002438e+00,2.018681073579727592e+00
1.697719659320902963e+00,2.336237667546822827e+00
1.692226640022692630e-01,1.122112115217395623e+00
-4.366980905421208314e-01,5.386288523141378182e-01
6.138279240158250188e-02,9.077587756275409259e-01
3.708584684763263639e-01,9.474503327307858269e-01
7.185031602423521679e-01,4.084300317717982076e-01
9.355243427498094455e-01,-2.147856363688958603e-01
3.457217550901670045e-01,1.893076890304745408e-01
3.356657200422791809e-01,1.583615672902673133e+00
1.210601190987462328e+00,2.637233783982072310e+00
2.372281403324340232e+00,2.741305708472534519e+00
3.855147204813945017e+00,2.217935811903736010e+00
4.489000033797545086e+00,1.708703243721355847e+00
4.489000033797545086e+00,1.708703243721355847e+00
3.108156559609279945e+00,1.333648084094948283e+00
6.364464288362479127e-01,7.050659667183192258e-01
-6.774741439640519225e-01,4.701641060098819130e-02
-6.485401493159100861e-01,-4.197016387590213893e-01
-7.998885754322395680e-01,-6.807556895217536930e-01
-1.558188047262580644e+00,-1.072892537762333731e+00
-1.817664613684218500e+00,-1.111697380914614008e+00
-1.239393483248086625e+00,-6.742217449284020336e-01
-1.747151633006974181e-01,-2.098866237058579776e-01
7.306720440674926431e-01,3.755648922685124180e-01
4.831527929891236139e-01,3.434842613368243036e-01
-1.784973425307245093e-02,1.078343569796812451e+00
3.364048157551459139e-01,1.902979305948805155e+00
1.391409449313604441e+00,1.647290499282373144e+00
2.070368938266247572e+00,1.013613227012624352e+00
1.818826835423389854e+00,5.051171564139326220e-01
1.162898620681511064e+00,8.117574024944267386e-01
-4.894278034816480494e-01,1.033494736771263023e+00
-2.587986584277534252e+00,9.835277281779899461e-01
-3.800480653580088575e+00,1.394183433895101354e+00
-4.035475175002393833e+00,1.767901034850495323e+00
-3.866917108033230299e+00,1.819411382751461526e+00
-2.736712790455375188e+00,2.155773525634931076e+00
-1.116558188366824522e+00,2.504110203116675315e+00
2.644648555516334598e-01,2.109983541996713452e+00
1.262239118670368310e+00,1.846985315970368191e+00
1.964074037002554007e+00,1.863866148981037085e+00
2.613973080482979938e+00,1.433158213394824632e+00
2.571257333176828919e+00,4.206221855223001294e-01
1.590089062925081009e+00,-8.575333219384199124e-01
1.058558577988014449e+00,-7.585852569383989552e-01
8.610762629277566305e-01,3.321188463469036956e-01
4.693991300799589816e-01,6.950423237282582489e-01
3.186523883884737618e-01,7.934481255524152843e-01
-4.475651664604825553e-01,6.897612033478454086e-01
-1.206605971166613278e+00,5.429901355298639709e-01
-1.206605971166613278e+00,5.429901355298639709e-01
-2.530944515373906523e+00,8.799025030748979237e-01
-4.688917340779854115e+00,1.354061017471382522e+00
-5.908847066338640097e+00,1.811961060422809799e+00
-5.523218064120235304e+00,1.947131650454524854e+00
-3.694951973581848570e+00,1.314374013319939749e+00
-1.529102699013206612e+00,1.641296122325152373e-01
-1.891420073469138319e-01,-7.530282119028514076e-01
-3.622631137851255179e-02,-8.067047253804896512e-01
1.065616794802042161e-01,-4.050049433465796045e-01
2.918545508057209248e-01,9.582248081591415723e-02
5.158990046087206238e-01,1.220845729536308710e-01
3.474953522249889515e-01,9.543809016708267035e-02
1.860805528543416909e-01,8.963821023922123876e-01
2.152925858291077355e-01,1.104852512278006405e+00
3.056164137671681380e-01,6.579196882771999322e-01
2.771204695453143851e-01,4.297310063903443944e-01
2.160560504249294245e-01,5.171692844608488659e-01
3.530639006093489463e-01,7.368815947419105061e-01
2.319600351325786791e-01,7.218628365056091178e-01
-6.020244827904574353e-02,4.320021409661930489e-01
-2.473765036494846858e-01,1.213561792660040328e-01
-2.151025779574168850e-01,3.151394601858462791e-02
1.613839653377597272e-01,2.833470238313079426e-01
3.056164137671681380e-01,6.579196882771999322e-01
-2.048973016449115725e-01,5.933093628809356090e-01
-4.750962459445471908e-01,-5.778010765177274931e-03
-5.649407188056100315e-01,-3.618706570074040618e-01
-3.357854543979169049e-01,1.657367134981002979e-02
-1.550393828011274733e-01,-5.335123751913541101e-02
-6.956291337910638362e-01,-2.478399116602821028e-01
-1.048667453562162510e+00,2.161221645996875829e-01
-5.246213087509692397e-01,2.450331105787316444e-01
5.297334371446485446e-02,3.485337794066416944e-02
-2.005599335252002402e-01,2.311808916974112116e-01
-3.639945648245652698e-01,7.679607186985518696e-01
-3.186727935294816350e-01,2.345301800438358786e+00
-7.655031488255504835e-01,4.783588099786478587e+00
-1.066673190880221833e+00,6.549031566238551427e+00
-5.601041397188077919e-01,5.963288913799516422e+00
5.074869080978847841e-02,3.308672546980003570e+00
2.217005578792854148e-01,7.070776685461870326e-01
-3.155940137085543329e-01,-1.987416173759868898e-01
-6.482744834082061480e-01,9.885950926525091664e-02
-3.062893187311293008e-01,6.774309753647772547e-01
1.058975385767097765e-01,1.199758507720760425e+00
-2.032379438895644264e-02,8.927238889349023987e-01
-4.995981565179439254e-01,-3.277546787707733000e-02
-9.852750675133311598e-01,-8.712970606988483802e-01
-1.219873694876078440e+00,-1.598613077064577448e+00
-6.089016271433878025e-01,-2.081888764489698396e+00
3.220608691239598143e-01,-1.919362715322477708e+00
6.817613171029681673e-01,-1.162838414861773861e+00
1.555325022686045999e-01,-5.017337209623965455e-01
-3.973274755392088853e-01,-3.852674938345505146e-02
-4.498215116606958386e-01,1.626818297232809907e-01
-8.260620205423263585e-01,-2.001577140706926883e-01
-8.361807413311872494e-01,-4.191671662764104855e-01
-2.323656373095203953e-01,-2.991043325851283075e-01
2.217005578792854148e-01,7.070776685461870326e-01
3.391536912748579491e-01,1.288059303162497615e+00
2.479747826342539596e-01,7.735163895910943666e-01
-4.443046840541729769e-02,2.503235015738167549e-02
-3.680806826596563219e-01,-1.010853154573011087e-01
-8.683929706252366820e-01,4.261869178128083191e-01
-7.717887213868426244e-01,8.425938518322612092e-01
-4.945967590878132536e-01,1.148724743269063486e+00
-9.896497409170462722e-01,1.202172255904742748e+00
-1.165374240533524342e+00,5.856809273562764151e-01
-5.675527611267218164e-01,-1.197610300606006262e-01
-1.201931449826500742e-01,-5.496000983112333538e-01
-9.216114168035154097e-02,-6.997300605362096748e-01
-7.052596142780849509e-02,-7.262874158308323391e-01
-7.657617009671531397e-04,-9.133164388666872302e-01
-9.734515788334187347e-02,-9.147186183320945574e-01
-1.579931863952033499e-01,-7.133499650107287815e-01
-3.019292946804629230e-01,-3.540419078942978470e-01
-4.017543804264311347e-01,-2.752645306204779541e-01
-1.709111707264309166e-01,-6.468187323474193784e-01
1.981389449597882602e-01,-3.278710827857941879e-01
3.554521674794091646e-01,8.056929473174626044e-02
3.650518840550730504e-01,-2.575069251334305420e-02
4.993489370613963807e-01,-3.295523132461664062e-01
7.832053237087832631e-01,-9.554963175217549010e-01
7.406894785574595907e-01,-1.226583151009903006e+00
1.997651412559380835e-01,-8.480595288186185687e-01
-2.568598304584445713e-01,-1.545588177159282761e-01
-8.189416799896126475e-02,-1.138761829410420701e-01
9.461207836136503735e-02,-1.265535124527301936e-01
1.320569307043188700e-01,-2.422885054016255327e-02
1.296994813664005042e+00,1.728042111260672531e-01
2.806638675292937091e+00,8.919346128248275551e-01
3.233965500121160908e+00,1.801205952179222747e+00
2.584574052986210457e+00,2.182707175158471458e+00
1.637061862165880788e+00,1.649770988229904978e+00
8.462956131690710926e-01,1.148527258993578659e+00
4.364113312619349316e-01,2.059181109993406533e+00
4.561674628813693899e-01,2.941596380233536312e+00
6.351234008902976180e-01,2.396307872277645856e+00
7.107346654184795165e-01,5.353399624085890540e-01
6.541537343694031614e-01,-6.240663069611603886e-01
1.869719201611396708e-01,-1.931699535491761432e+00
2.614682499905016666e-01,-1.873420839200464538e+00
6.866303266568107855e-01,-4.395233869865070586e-01
3.408143254691690105e-01,4.161929513279937209e-01
1.056225066873643648e-01,1.207647172608298014e+00
7.603019162015332844e-02,1.163966299670237570e+00
-5.487942999142980671e-01,1.417510501830870240e+00
-1.172662640914478027e+00,2.127733625627522329e+00
-1.146316099584678394e+00,2.130939920565823265e+00
-4.689608521447375389e-01,1.455109137367301297e+00
-1.918225356426801753e-02,9.340775606478501913e-01
3.014510152658424480e-01,1.147622877323869472e-01
5.522900970809966337e-01,-6.758869613257031395e-01
1.051585207626515167e-01,-5.617480701562458378e-01
-2.351702651188361803e-01,-2.044905274979422483e-01
-6.666230305258204203e-02,-2.430422542887405724e-01
3.064429077519401634e-01,-5.094665383445416973e-01
2.091360957932332509e-01,-8.709599695709240308e-01
-2.883834034035427374e-01,-1.118722594813283733e+00
-4.211001904362087211e-01,-9.420622030064953467e-01
-9.349003475265245389e-02,-4.134115515739365532e-01
3.010061616987178557e-01,-4.338607590930871338e-01
5.938675155708021958e-01,-6.159115743310169533e-01
7.950142223915989126e-01,-4.574859288331519780e-01
7.746814796505696599e-01,-4.995258749374944518e-01
4.421071118594995797e-01,-9.672983575638858245e-01
1.271090775009182106e-01,-1.508514476334567034e+00
-2.100694494817772762e-01,-1.670674386863880256e+00
-3.281928929319887223e-01,-1.162611010462741845e+00
-9.349003475265245389e-02,-4.134115515739365532e-01
-7.849109117696316529e-02,-4.721717201994639623e-01
-3.459063633948095684e-01,-7.787875156738685023e-01
-1.623818051751549918e-01,3.491695589488325296e-03
2.850257582765778341e-01,1.003918159901469043e+00
2.357894239199647135e-01,1.115853056174077373e+00
-6.358547660207040930e-02,4.147568112099296878e-01
-5.569837849101905158e-01,-2.091553515755787962e-01
-8.039578652499003164e-01,-5.089679506456036284e-01
-7.596070414821759487e-01,-6.164885467555398790e-01
-9.800984190893893278e-01,-5.751812956997593984e-01
-6.735580518408017525e-01,-4.593267765705584815e-01
-2.568598304584445713e-01,-1.545588177159282761e-01
-7.750978659795132453e-02,3.941529420745499279e-01
1.328406769031357515e-01,1.049750364846359973e+00
7.603019162015332844e-02,1.163966299670237570e+00
-5.729404351138902562e-01,2.218174501082444405e-01
-5.119421134196066037e-01,-5.455714682334762700e-02
4.994698083202426253e-01,4.071615956791626023e-01
1.014633213221724173e+00,3.513254381744862487e-01
1.047235765535299734e+00,-4.069093472490198371e-02
6.650479906423718557e-01,-1.949609172747658603e-01
2.796748644834776698e-01,4.970572362062468906e-03
4.262497072324462205e-02,1.255904382946561836e-02
3.612400061370039939e-02,-9.909681662047341300e-02
-3.606181819884532458e-02,-2.156493799566175928e-01
-1.722624369497277041e-01,-3.102658929896185969e-01
-2.568598304584445713e-01,-1.545588177159282761e-01
-5.066583401976763046e-01,3.339480901726049611e-01
-1.883751056949586111e+00,1.252619588499841230e+00
-3.497464184326340320e+00,2.134901325742829759e+00
-3.608169873236627634e+00,2.158412366385109582e+00
-2.037789143654192170e+00,1.488052684230961598e+00
-7.201907376377197911e-01,9.841002593081925598e-01
-6.726061609293525478e-01,8.322570690421580153e-01
-1.263024063421688270e+00,4.057878973718219151e-01
-1.630110085690462896e+00,-4.278237960391390732e-02
-7.814581804607853011e-01,-2.481237232337826504e-01
-7.098009121709730751e-02,-7.296525786506975753e-02
-3.715561249166517421e-01,5.007124427949906087e-01
-6.726061609293525478e-01,8.322570690421580153e-01
-4.792825832546839249e-01,-2.643323732172881552e-02
-5.676821291166914696e-01,-5.813677376586466883e-01
-7.441731247000202831e-01,-2.990628423989367679e-01
-9.715292173286228516e-01,-2.856877743447703288e-01
-1.715707821250687326e+00,-2.579407397262700186e-01
-2.120812000714116685e+00,-3.340414780754222823e-01
-1.713066440458930639e+00,-1.243038197557445601e+00
-5.332618095388877988e-01,-2.008706509036022325e+00
7.189094874620518549e-01,-2.015161030233535211e+00
1.539637107963930163e+00,-1.837781635015790282e+00
1.364608516363890800e+00,-1.325008239862868642e+00
9.966456810072579220e-01,-9.361755309424352189e-01
7.173569665822872032e-01,-6.847040705865756749e-01
1.801165104380904047e-01,-5.711715113500769325e-01
-1.513708244446988760e-01,-5.900302251192247605e-01
-3.719021690810803138e-01,-2.512079713133864023e-01
1.785645592774214585e-01,1.885287959761791754e+00
1.120891172692465299e+00,4.832482565646426309e+00
1.697533472459929360e+00,6.895597341382679879e+00
1.710460987442840697e+00,7.017104551364750975e+00
1.291224953810329978e+00,5.351241008154851819e+00
6.291656843963709944e-01,2.891110552874449180e+00
1.420575102078940055e-01,1.055598028676376643e+00
4.059575182201034110e-02,8.080800224803191822e-01
1.706868815520871108e-01,8.311500488167082867e-01
4.684504315989499457e-01,4.361961803287112138e-01
5.432442191351436467e-01,2.466342940383071392e-01
3.893948175428775804e-01,4.918739297877539607e-01
3.180492432279978798e-01,5.053768822164406149e-01
4.524395206337810671e-01,4.041949543204380602e-01
7.036193611448759988e-01,2.199994323714961064e-01
6.227783469625924884e-01,2.275572495325639544e-01
-1.072670349874985524e-01,1.697931964506389779e-01
-6.400753465830839595e-01,-6.794038646711104690e-01
-5.447976245663584960e-01,-1.304377867555327697e+00
-2.659284853345539879e-01,-1.314349287453140835e+00
-1.803439172086477027e-01,-1.243737397981552029e+00
-2.170902815478486791e-01,-1.287132517346605054e+00
9.518653422666001340e-02,-8.543071527580755609e-01
2.467228562511620538e-01,-7.370017140942921596e-01
1.208572429781617080e-01,-9.900647132104417603e-01
2.042380555831991018e-01,-7.397846136726314858e-01
2.357255885829064590e-01,-3.143104395870753853e-01
-6.642805188114048187e-02,5.067841639895849237e-01
-3.386724867501467173e-02,8.135503417443262775e-01
1.795849534979454820e-01,5.582036111810655399e-01
3.482753597394396272e-01,-1.323345641703061737e-01
2.485550321923187533e-01,-3.705673923864949426e-01
1.330426378787980535e-01,-2.270610093328830625e-01
2.258550807598980747e-01,-2.567936169402156195e-03
3.072942584082549722e-01,1.059863851745057872e-01
4.428411508694490156e-02,3.025238645733516751e-01
-2.406924897786390238e-01,2.471613150348725141e-01
-1.582810481870629560e-01,-1.448058149717229570e-01
3.553836995731589066e-01,5.608539037154314233e-02
1.034485727052049775e+00,3.683111332253239945e-01
9.394714132282575569e-01,-7.901701708298065896e-02
5.347725507471592366e-01,-3.417792235607675089e-01
-4.418792037812919737e-01,-6.056000462122370642e-01
-9.321101773486220043e-01,1.000876645984154906e-01
-4.387171951726639429e-01,5.661799289334237262e-01
1.722498748469982188e-01,-1.393103646714224375e-01
-1.587916714401772511e-01,5.577005255307547482e-02
-5.934114766724462031e-01,3.169163894983825780e-01
-1.522120232377301152e-01,4.047418135600957395e-02
2.039029443900128857e-01,1.054086827944725885e-01
3.482753597394396272e-01,-1.323345641703061737e-01
6.270493011312858744e-01,-4.167924225965154994e-01
3.937015487928013924e-01,1.338397458611324253e-01
-3.553791633768704772e-01,6.529946204819651046e-01
-7.228215880773846136e-01,4.563053611925152464e-01
-5.233591603441415385e-01,-2.960172350582587208e-01
-3.459063633948095684e-01,-7.787875156738685023e-01
-4.030047059201969373e-01,-1.242616950174774582e+00
-4.118166408329078654e-01,-1.880481153090155066e+00
-4.045203423749010319e-01,-1.794133098845578811e+00
-3.986791615528155752e-01,-1.025840938287953641e+00
-5.259110827093046309e-02,-4.567565534088004475e-01
4.241549218401214350e-01,-4.544404900547395765e-01
2.841942057381857123e-01,-2.460155904681976258e-01
-3.866794084058036013e-02,-1.267403662663170727e-01
2.504850157789057508e-01,-1.604549996448887406e-01
5.458002579799031695e-01,-1.994269746402342613e-01
5.347725507471592366e-01,-3.417792235607675089e-01
1.195233754371202439e-01,-4.384336464878691442e-01
4.766145104899339319e-02,-6.925521759899309071e-01
3.390534809357515500e-01,-9.411779490214906563e-01
4.347481955404486897e-01,-6.806102804339909662e-01
2.404782062325133418e-01,-1.553029503348100915e-01
3.644442665610479470e-01,-2.253233380099881888e-01
4.731446293444122042e-01,-4.638380907072172099e-01
2.456724714032037515e-01,-1.726848238576711714e-01
-1.188132271210175922e-01,-1.207900203006216089e-01
-3.453096444500913798e-01,-3.475514234069000397e-01
-2.254704131144905921e-01,-3.973125764097033552e-01
-1.060581647172077924e+00,1.514635099131223239e-01
-2.034992757491431714e+00,8.324502577389448765e-01
-1.702591750808761573e+00,1.198065672355743017e+00
-1.079116067892613717e+00,1.031580275423755300e+00
-1.433181721896508165e+00,2.974548975885328850e-01
-2.110248461292385525e+00,-8.278831216145535743e-01
-2.375935642655784275e+00,-1.568206392976116970e+00
-1.669383789839490984e+00,-1.323551840056396811e+00
-5.791873621761707280e-01,-5.099304429643356507e-01
2.727881572112619835e-02,-4.300909645072312770e-01
1.961918089777194563e-01,-9.004640690462721864e-01
4.485450962439512246e-01,-7.568662846750667805e-01
4.995967808431229229e-01,-3.951904655584884685e-01
-9.681841031613558357e-02,-2.421945597381771342e-01
-5.132262149210730096e-01,-3.410122848374808058e-02
1.293931896144129290e-01,2.442821076265572489e-01
6.708041553881795016e-01,2.828889652848541880e-01
7.008113620062123017e-01,-1.174082406844030174e-01
8.715972922154343605e-01,-1.783915101635303591e-01
1.000999011332566635e+00,1.136381810321662189e-01
6.540789711812021734e-01,9.908834156394651094e-02
-1.295028784395952925e-01,-5.149738173184588430e-02
-5.132262149210730096e-01,-3.410122848374808058e-02
-3.136006034182818869e-01,2.201548602601224591e-01
-3.247688697467862595e-01,4.147763547522993477e-01
-5.849582353829629877e-01,1.733638143636372919e-01
-7.272336086301499636e-01,-1.518113079066485960e-01
-8.621136972253792274e-01,-5.963429343198082266e-01
-3.962644689229836703e-01,-6.908561428481583278e-01
9.255837243094724442e-01,3.674433750909683605e-01
2.443988560304337199e+00,1.620765054748169121e+00
1.790585844325616849e+00,2.136833386170476690e+00
2.793701357096136095e-01,1.695600285570683319e+00
3.237034212052142812e-01,5.636640796360676831e-01
-7.147067137246275459e-02,-5.362068588832188398e-01
-2.303321534862775091e-02,-7.331957057717356507e-01
3.640128704648102342e-01,-5.029637432021778071e-02
4.474810018181843985e-01,1.184120431471504236e-03
4.589473529434597299e-01,-5.296667349566465122e-01
1.001784850216759004e+00,-6.754327374799924399e-01
1.421622613705560978e+00,-5.141729137135907513e-01
1.355651508121124893e+00,9.964230734145597401e-02
9.474276644829070504e-01,9.024657776424270805e-01
5.750522584682785654e-01,1.024993196020880015e+00
4.285147876459670657e-01,4.603628888261245278e-01
3.482753597394396272e-01,-1.323345641703061737e-01
4.597766529498644172e-01,-8.972572011452661922e-01
4.585922550722133506e-01,-1.563096117954038577e+00
-2.116411115831010048e-02,-1.931902380463530466e+00
-7.946762672911029668e-01,-1.998959054882092579e+00
-8.914447867202798248e-01,-2.044458007604341709e+00
-3.265721703261512676e-01,-1.741143526622243698e+00
-8.839560022778734927e-02,-7.214327102192654717e-01
-7.943998828298688697e-02,-1.454769048498469608e-01
3.139336357260200105e-01,-1.664648462041372901e-01
7.411436416823714568e-01,8.318674779339845227e-01
5.329410137219126042e-01,1.233591387552746221e+00
-6.956659589449146197e-02,4.762656641307645988e-01
-2.937903593776756694e-01,-3.598928296854942976e-01
-3.858801678071634988e-01,-6.553719250980269972e-01
-6.252456357776281504e-01,2.504611376167404924e-01
-4.209661067509135046e-01,1.452656481436764846e+00
-5.429095232031198037e-01,1.165707119517521706e+00
-3.174560788922178856e-01,3.952723693258097248e-01
-8.465539092790121123e-02,4.462377281303727128e-01
2.403920307921913156e-03,3.272087328117769811e-01
6.146011878204503676e-01,2.303874744198331770e-01
8.546805318846547594e-01,3.939250407602239989e-01
6.670451697319512707e-01,9.427912491757001190e-01
1.015371652619071197e-01,2.324693311869327150e+00
2.452766791479295827e-01,3.001503104722425874e+00
1.191141908947249028e+00,2.237078591454835674e+00
1.512690554316697300e+00,1.222851310493962229e+00
8.855352642285528875e-01,1.610873654357359575e-01
-7.937977881739837968e-03,-4.150678895234814481e-01
-1.581175577935903798e-01,-9.650642724857408927e-01
9.023126267332061412e-02,-1.437291834607123064e+00
1.854498962625000108e-02,-1.142193202208461100e+00
-3.858801678071636099e-01,-6.553719250980269972e-01
-1.956093704080984486e-01,-7.180401438999483021e-01
4.666425962830523799e-01,-8.914939503265170151e-01
7.200185780102584809e-01,-1.077076657569386420e+00
4.795660920252169945e-01,-1.179290192456859954e+00
1.634072647109152954e-01,-1.140444766282084910e+00
-2.178273043818017007e-01,-1.954327052452929481e+00
-4.172377291014299217e-01,-1.713317753207673100e+00
-3.031156861478743747e-01,-4.325013275445458438e-01
9.240906898214022724e-02,9.597895745541082380e-02
6.409327389375149009e-01,1.824460969482086248e-01
8.546805318846547594e-01,3.939250407602239989e-01
2.724310271612010448e-01,9.008525926079131718e-01
1.195366518370379744e-01,1.288223245690972796e+00
8.423408969059290596e-01,7.564729606458604483e-01
6.799094787458754841e-01,3.059097327767986152e-01
1.670414627537622210e-01,3.238429840186217157e-01
-1.914583641923212898e-01,-1.602840127198796455e-02
-4.986490269180232082e-01,8.458334496997235719e-02
-5.291146292149928598e-01,6.928042387835797733e-01
-9.127149219863032181e-01,6.557293212640610269e-01
-1.239131896005276623e+00,1.305783447430176325e-01
-1.145085155820597889e+00,-2.269346369046556233e-01
-4.004680115392673656e-01,-4.154280668264508369e-01
3.640128704648102342e-01,-5.029637432021778071e-02
8.407341987138986505e-01,8.872065639502886292e-01
8.714141716405053861e-01,1.205329348768428899e+00
4.129907691853558771e-01,5.305630891921169212e-01
1.482754319612218374e-01,-3.961486556030084372e-01
1.136863031632452808e-01,-7.263456786669182375e-01
-1.317041710923456781e-02,-4.586402277772225200e-01
-3.373317062121639620e-01,-2.083624880677943311e-02
-1.023843362560762499e-01,2.678645582282187521e-01
3.728844858441689447e-01,-1.774492325163603071e-02
3.133419122228761622e-02,-2.311493180411183235e-01
5.720025049411553431e-02,4.611950630429364484e-01
-1.451199140307366520e-01,1.101695066038560933e+00
-9.283594344133881959e-01,1.056492850672403616e+00
-1.039357407669569078e+00,8.029056424080007748e-01
-7.388294762975662344e-01,7.193968431650964446e-01
2.031490976714288993e-02,1.614956703379526903e+00
4.651383474283828368e-01,1.000634031089504550e+00
1.553722051326609510e-01,-5.065265230724529805e-02
-3.068908752667474094e-01,5.879048279532783639e-01
-6.726061609293525478e-01,8.322570690421580153e-01
-2.963766292756930265e-01,4.044354905738988815e-01
1.895593229787387590e-01,2.118989908732383243e-01
3.139786974598650082e-01,3.502615715960512577e-01
2.353887116226771881e-01,5.372434642101275859e-01
4.059575182201034110e-02,8.080800224803191822e-01
6.178798243305691495e-02,5.487888911490125254e-01
2.692374308438819086e-01,7.170714692539553736e-02
1.785708749938583195e-01,-3.169976978011695284e-02
-2.563215978807665274e-01,-3.726061276962729096e-02
-1.183616678302903846e+00,4.683753369402274963e-02
-2.693940075677773383e+00,9.140348021030935133e-01
-3.766678876576614154e+00,1.730276890607167939e+00
-2.822007404537379305e+00,1.393661825307009661e+00
-1.201308459675827889e+00,1.150845373129451898e+00
-4.153029417409581092e-01,1.617769542560198781e+00
-6.106337366819257761e-01,1.690714928105718773e+00
-5.914200008476006021e-01,1.150596177715224711e+00
-3.262366828508105748e-02,8.193010592020594229e-01
2.615905388754830585e-01,6.470073969859509166e-02
-1.866277920260668577e-02,-1.079749274810040793e+00
-5.908640347471074694e-01,-1.960049979882690030e+00
-8.672269759761846997e-01,-1.964579757754377098e+00
-5.915453690446993429e-01,-1.357468950899717530e+00
8.215905695481920401e-02,-8.167226690445892334e-01
-8.112934230169389221e-03,-2.697862671164629744e-01
-6.600996443483632126e-01,7.103871828922645459e-01
-3.323764903194103004e-01,9.146073277466952867e-01
-6.752832589119366069e-02,1.069915829443224053e+00
-2.683792562713763902e-02,1.741362785425209170e+00
2.168114927560890054e-02,2.300848665367404067e+00
-2.343836313964068052e-01,2.717860647024001874e+00
-4.831321714685447022e-01,2.569301886244454991e+00
-1.857790787904084473e-01,1.806696659892868873e+00
6.543456691228879407e-01,1.115362177044340042e+00
1.251303836692282179e+00,7.723404523485734030e-01
1.251179242571801575e+00,2.865697415495129241e-01
8.080690284012906899e-01,-1.284872575734526401e-01
3.106304598581197118e-01,-3.081023535356069987e-01
-1.160119348065966477e-01,-1.902122525029748268e-01
-3.275178444647734999e-01,1.123963495704698584e-01
-6.590872656653729011e-02,7.505957232064214280e-01
5.443020240233606977e-01,8.679621223293807475e-01
9.012790774199577193e-01,1.064318253598486447e-01
6.407556316715159461e-01,-1.523035180167481295e-01
6.096478553200743722e-01,3.093393563813768288e-01
8.412172491190682555e-01,5.252939210996878661e-01
7.600440818892723049e-01,1.348349704248102132e-01
3.515516927453684048e-01,-5.860743126674146097e-01
2.620052272495343448e-01,-1.043578581429675856e+00
5.881379068380993003e-01,-9.222983896774524792e-01
6.537890451244628975e-01,-7.377450664041179662e-01
6.198117721447758965e-01,-5.887866906671294087e-01
5.025226011400604209e-01,-7.230105274261022785e-01
1.656855026352598570e-01,-8.556371717174073854e-01
-2.657160501786361428e-01,-6.540779389979409775e-01
-2.776592514274789369e-01,-2.346524825486933641e-01
2.514933806418963025e-01,7.474179602388068833e-02
4.218322074719006998e-01,7.107470328236377144e-01
-2.305771965651010058e-01,1.221003069090020654e+00
-6.600996443483632126e-01,7.103871828922645459e-01
-4.376680486428208283e-01,2.206532428981698019e-02
-2.860953556213819415e-01,-4.814346618579370407e-01
-2.908768787285364588e-01,-8.649370744852032944e-01
-3.459063633948095684e-01,-7.787875156738685023e-01
-1.086211050415528678e+00,2.253395640825931745e-01
-1.305573626496786321e+00,1.334066958579233297e+00
-5.504130232824301361e-01,1.518410141037586314e+00
-7.915872068368701164e-02,1.058099447587695696e+00
1.939575994860502084e-01,3.244310331238416945e-01
1.806379500352086331e-01,5.458576563992736386e-01
6.965218726665082238e-01,3.263783892471894821e-01
1.326044662734644719e+00,-2.270785500217342989e-01
8.241102566218174719e-01,-7.966020995441647212e-01
1.054559880964914265e-01,-1.061039733199906410e+00
-2.428537588807559156e-01,-7.663144272526024592e-01
-2.412521283410594686e-01,-5.417510056711360988e-01
-1.844225280496366026e-01,-7.197363837174177714e-01
-3.459063633948095684e-01,-7.787875156738685023e-01
-3.782254580178197045e-01,-9.043264604187768452e-01
-3.853755004697254072e-01,-1.097259008523171708e+00
-2.491263800201601042e-01,-1.178326396935348797e+00
3.142431376307527890e-01,-9.454729468760827427e-01
1.258437258292267380e+00,-2.711525640592720166e-01
2.396882348865168932e+00,-1.234651826432556332e+00
3.212302148471661845e+00,-3.733649417443828611e+00
3.480049616920055211e+00,-5.718129014247809394e+00
2.677642645214701744e+00,-6.574533649604046737e+00
1.026187725539934759e+00,-6.410301721123322416e+00
-6.860356208019208202e-01,-5.609239174790819682e+00
-1.598730168707052535e+00,-4.442331299962757107e+00
-1.397020513059085589e+00,-2.904080100629648165e+00
-5.980649968208884282e-01,-1.279207331165907346e+00
3.782659388374364773e-01,-4.763154866245633001e-01
7.843577676754840411e-01,-4.560779893762612613e-01
5.784941160387874204e-01,-1.304314403703715486e-01
2.269084493357375887e-01,5.935746544522289142e-02
-4.068474203932572753e-01,-4.796342225594529829e-02
-8.317726203078660285e-01,-9.094794148842275661e-01
-1.358639898818802427e+00,-2.128359594215884609e+00
-1.781903772780660367e+00,-1.673052795586102537e+00
-1.813578790842858446e+00,-3.125841296022515703e-01
-1.798553221791062917e+00,4.920296460894796331e-01
-1.619939405348893358e+00,2.605929225119857917e-01
-9.384323338925361080e-01,-5.914849534540893988e-03
-4.054745198867326650e-01,1.006380165894576583e-03
8.706374152052673634e-03,7.457012937949486497e-01
9.277979089433467663e-02,1.495777295869286316e+00
1.135608849584767745e-03,9.937713700130221817e-01
-1.040636151837827372e-01,2.107674461150458867e-01
-8.381907018908055229e-02,6.686423523483339681e-02
-5.888053610236629321e-02,3.343324702681756411e-01
-4.901504845847676900e-02,9.860358462530482981e-01
1.836833964231861238e-01,2.017898073112230239e+00
7.050140170911560755e-01,2.875496486501113225e+00
1.283103862317727994e+00,3.093192454382990064e+00
1.525763288314914812e+00,2.392982575292160519e+00
1.869905293871985785e+00,1.493704921924345674e+00
2.019743386370416172e+00,6.742400825003259657e-01
1.204825858303023800e+00,-4.916208534593378143e-01
-1.005765435801399543e-01,-1.427702862759709257e+00
-5.852833493397138209e-01,-1.350574517222191906e+00
1.546047989438321946e-01,-6.617234828558489212e-01
6.807184153303399432e-01,-5.549850705011594165e-01
7.734658418451375583e-01,-8.092477494265383209e-01
8.618624521831949048e-01,-6.864287190929353466e-01
7.633534640789272352e-01,-3.172497092527902796e-01
4.908943250494599009e-01,-9.940393084664785051e-02
-1.550560999901106629e-01,3.441448080320738505e-03
-1.135464557328382140e+00,1.829049827893228231e-01
-1.218242305754771104e+00,6.810490317951610750e-01
-3.383299720538805455e-01,1.154135327097494113e+00
-2.967652829442666423e-02,1.142217169847382641e+00
-9.184031100450869289e-02,5.137418593481068996e-01
-3.580360592125625963e-01,-3.029714137897921433e-01
1.732498105456652671e-01,-7.865515822529690615e-01
7.704077765020398427e-01,-8.466594284371603552e-01
8.374216589992887760e-01,-8.868155989228514446e-01
8.512679878826170388e-01,-8.187254392194879271e-01
7.843577676754840411e-01,-4.560779893762612613e-01
5.784941160387888637e-01,-1.304314403703722425e-01
4.120332863036448301e-01,5.299305900140909020e-02
5.034589113447862641e-01,-9.625073700373470986e-02
5.686940471473496128e-01,-1.790540201472076709e-01
6.799306781561441637e-01,-3.497777638430604741e-01
2.262482590604631971e-01,-1.712672051277034091e-01
-9.715787603910166492e-01,4.916695150994582764e-01
-1.565791023626320611e+00,9.162793647863177737e-01
-2.095624230665749099e+00,7.246894406393409316e-01
-1.953862034172114459e+00,3.642667374256770008e-01
-9.033340968271179605e-01,-8.258294244335817602e-02
-3.234519496964677887e-01,-8.038204966546627084e-01
1.673602363087559330e-01,-5.582010700249048218e-01
4.879145787408575852e-01,3.040916987563279661e-01
6.613057758156012378e-01,9.923212137112041864e-01
4.102080674960055795e-01,9.450147628508646092e-01
-2.168173464395473371e-01,9.145323205976804704e-02
-5.656428202184141663e-01,-5.936940398210172054e-01
-5.089446420168193264e-01,-9.048445762680989990e-01
1.399989421534298673e-01,-8.105192634946820629e-01
6.964783395837197411e-01,-3.174395073952280821e-01
3.311326731410332291e-01,-2.338092283759960477e-01
-2.855720656437490401e-01,-3.885309369629313947e-01
-3.234519496964677887e-01,-8.038204966546627084e-01
2.091195160619687132e-01,-1.051677359467963146e+00
2.595309670419654324e-01,-1.048985171865283839e+00
-2.446700042805897146e-01,-1.092606114325743727e+00
-9.094853021407678373e-01,-7.674459283369742257e-01
-8.141582968393530351e-01,-4.910777280737575468e-01
-7.252944580143443343e-01,-3.076306392258245648e-01
-8.889298251532516959e-01,9.357471924522269002e-02
-4.735488272839140644e-01,8.890778832623363881e-02
6.710288125101231405e-01,2.217228360976270796e-01
1.456123617347263144e+00,6.240060456430762681e-01
1.641352648037804007e+00,5.170564532539189129e-01
1.068164913000309690e+00,-4.044114698316284701e-02
4.064673883274088073e-01,-2.583482793679962031e-01
1.331639993220935514e-01,-1.429986176504988715e-01
-2.950592042793727041e-02,1.064795400937747910e-01
-2.713851378286920649e-02,2.152030967070864276e-01
1.871841649673817651e-02,7.277674565394688655e-02
-1.575006491129016806e-01,1.410733083285436174e-01
-1.570197945476421442e-01,2.332839334655958663e-01
-3.697412171108607933e-03,1.877126163890837918e-01
-8.852723149691268945e-02,-2.098236895299199767e-01
-5.112165172997602536e-01,-8.195782461560862098e-01
-9.677909942628255546e-01,-1.347660441121663277e+00
-9.321536084504207231e-01,-8.774252475746951996e-01
-5.132262149210730096e-01,-3.410122848374808058e-02
-5.404746101618723708e-01,-2.382401414309994470e-01
-1.475167648764867667e-01,-9.257694921378820663e-01
6.034581861635190947e-01,-1.523240607390680124e+00
9.080532141486298281e-01,-1.506542437555974834e+00
7.725943228704837962e-01,-9.981121869332776342e-01
3.522557756555312336e-01,-2.614902563365309462e-01
-5.851164552281040189e-04,-9.605507792912773013e-01
8.367236171346804918e-03,-1.975626141377095246e+00
2.681062481208512094e-01,-1.362509121922025779e+00
3.877277774656308074e-01,-2.155526585228007552e-01
-1.050218220758880328e-01,-2.559391175465871027e-01
-2.982368187161942297e-01,-1.112673864011236718e-01
-2.061056422835625193e-02,2.591441243791928195e-01
1.171227572365708125e-01,4.432266709392537057e-02
1.331639993220935514e-01,-1.429986176504988715e-01
2.253093943906785135e-01,1.545147886389346970e-01
2.703542362229915952e-01,5.733966379366104427e-01
2.271991364964786320e-01,5.336852771888482838e-01
1.768917741685729350e-01,1.099608518997530898e-01
1.072344487065880758e-01,-9.493169666767720116e-02
1.083184681912781749e-01,-2.097909057403260155e-02
-1.000286796319001387e-01,-2.922226186865085618e-01
-2.954800875287296735e-01,-5.006502320259882399e-01
-5.378926314830361211e-01,-4.492761372101999329e-01
-7.376802206855886945e-01,-4.295177404320755232e-01
-1.005503306689181642e+00,-6.421183617681236466e-01
-6.314437361294934492e-01,-4.992799846037224154e-01
-3.251238242530556932e-01,4.276882060527159024e-01
-6.043367665197963978e-01,1.155865650135882827e+00
-5.889656217928743720e-01,1.373460835882602149e+00
-4.545540455294418414e-01,1.219048055389634344e+00
-2.234730664786037727e-02,5.831729257699216351e-01
3.449669755597732923e-01,3.221492829610851372e-01
5.974795422920899934e-01,5.927897681928524509e-01
3.171666772005770629e-01,8.066973830502024434e-01
-3.541352387540813718e-01,8.924248778136580906e-01
-6.913122670681354220e-01,4.988506648175520808e-01
-7.264147559216510563e-01,-1.581393039896369646e-01
-6.829386031404746094e-01,-5.805092670783206232e-01
-6.633829093454156611e-01,-5.757285710097479470e-01
-3.833481684492280328e-01,-7.641888006666051059e-01
4.134384939010107285e-01,-6.550503124962429036e-01
8.219967913866770282e-01,-1.362983007128000523e-01
6.369448295502633250e-01,2.120217138579707367e-02
-2.577399786492604039e-02,-9.866288327796542482e-03
-2.885705451131740928e-01,-1.005490656962752388e-01
-3.560871159898946342e-02,-3.091808016963171202e-01
-1.600842976312553678e-01,-6.805247617516219094e-01
-5.636994413173922469e-01,-9.938096190701006805e-01
-6.136882068345547170e-01,-8.456087061285086914e-01
-5.711583070748972313e-01,-5.154662441627194669e-01
-6.742624160073236173e-01,-1.076342932948793768e-01
-2.181782293236475545e-01,1.635761554866834444e-01
4.587865623134003701e-01,-2.205440941564616453e-01
8.373781433325058199e-01,-9.938933899645097103e-01
1.112651594696625779e+00,-1.683315275764424079e+00
1.187192495525790870e+00,-2.010431239876873999e+00
8.409332276462911926e-01,-1.839099719305496761e+00
2.531263857535981932e-01,-1.370584459217219164e+00
-2.001597019193664811e-02,-7.792049911868030865e-01
-3.506541327735610558e-01,-9.329898445865778545e-01
-6.204716448390320549e-01,-7.584953704328032398e-01
-3.645865396221713017e-01,-8.872164382954973449e-01
1.541980067745424010e-01,-1.209937459215500555e+00
4.069634713616061550e-01,-1.454076373318287985e+00
2.531263857535981932e-01,-1.370584459217219164e+00
-2.657901648479935597e-01,-1.339384674284660237e+00
-5.704637475941467528e-01,-1.576971814348423040e+00
-5.452198543984774215e-01,-1.383407091684283996e+00
-1.804254208560445993e-01,-5.984406722595692063e-01
3.166542054233554837e-01,6.460633870529008949e-01
5.231082931415087511e-01,1.285777583408672209e+00
6.761152983044275144e-01,1.010551938225905166e+00
3.770485173575104931e-01,6.348323660851397099e-01
-2.464853485684450340e-01,3.837639950873977107e-02
-4.495664123842780802e-01,-8.403587208868242009e-02
-7.273232666788903567e-01,8.461973481709539335e-01
-4.576967054878174346e-01,1.058011962567013464e+00
-9.312373154960819355e-02,4.170134635041544691e-01
-2.327920774846508334e-01,1.942126507466940266e-01
-6.422055249032281032e-02,4.961858568197536346e-01
1.984852265577960184e-01,6.745821318053573101e-01
1.867296815835544910e-01,7.782554642884245144e-01
-1.970364273592554050e-03,4.371286077720191732e-01
1.228787892298117135e-01,8.748939037165661889e-03
5.283649823308791404e-01,-8.109715046708427253e-04
7.241498893297111383e-01,2.432861913835402540e-02
8.860672952617020259e-01,3.144217764079632049e-01
7.690426634333820122e-01,5.492140755311940570e-01
7.218316049161253023e-01,7.254849501375277843e-01
7.360256695942472005e-01,6.718620278209571639e-01
1.879894194281143682e-01,5.242207230104040105e-02
-2.568598304584445713e-01,-1.545588177159282761e-01
-1.717791996888953440e-02,2.712080922326207556e-03
4.267249730917798689e-01,-1.228582769833518190e-01
6.741954776912857383e-01,-5.217203570545695529e-02
5.271617590261558073e-01,-1.509855826137802004e-01
2.081769656581020922e-01,-7.010336757235686722e-01
-8.206372622530939964e-02,-8.304912974997334940e-01
-3.210669158245288424e-01,-4.756717626830532786e-01
-3.445853447435299199e-01,-7.457320302247072430e-02
4.692574838520895131e-02,8.194387723984113137e-02
-3.331430278031086156e-01,1.926169850726672517e-01
-1.049382700788828782e+00,-6.446202875346505046e-01
-1.298934301785084511e+00,-2.658491647095923671e+00
-1.292141063068012796e+00,-4.040819707353008106e+00
-6.682561629304509809e-01,-3.732600275009182234e+00
-6.682561629304509809e-01,-3.732600275009182234e+00
-1.731348262892522527e+00,-3.917485021855036997e+00
-2.641030024054948466e+00,-2.693356385706142664e+00
-3.126960129684650536e+00,-1.182652203335442076e+00
-2.983592038147480086e+00,-5.280739199348544188e-02
-2.173622520990758478e+00,4.058461969274175241e-01
-1.130217544820218079e+00,3.625646717411508679e-01
-8.327562999837117008e-01,-2.310808293228517607e-01
-5.885458717472933365e-01,-4.600723220426239379e-01
1.169319789232517864e-01,4.478512043657650182e-02
1.526072100123443409e-01,4.717047291459873781e-01
-2.983174133473858736e-01,3.124581037280617091e-01
-5.771680440524837863e-01,8.160853574123543008e-02
-1.346409686740910883e-01,7.453417499693033577e-01
1.623989398277813079e-01,1.141826643210566594e+00
-1.328341617154396304e-01,7.453675935830214039e-01
-8.327562999837117008e-01,-2.310808293228517607e-01
-1.143700126415071683e+00,-7.068666141578536788e-01
-1.326060821875267637e+00,-1.038898398124961986e+00
-1.372994512813531909e+00,-1.625472062187235389e+00
-1.106715813373499779e+00,-1.456779154638792706e+00
-7.991203274581505367e-01,-6.705831103625725653e-01
-5.595625378970638941e-01,-2.748581695339767303e-02
-9.281650711521564068e-01,6.937325519044861000e-02
-1.134353323071024322e+00,-3.049485467276277784e-01
-7.703577171188364936e-01,-4.801877033625573388e-01
-3.295594866786900057e-01,-3.683082762661386567e-01
2.431524671852803576e-01,8.888142140559729398e-02
1.011930913117026654e+00,7.475796745202073490e-01
8.940608161206237137e-01,1.021372732943462314e+00
2.204572134489397039e-01,8.569379656881974672e-01
2.090252743577450945e-01,7.166746998235443700e-01
4.647738981138853642e-01,4.362701497215587532e-01
4.029175838058950410e-01,7.863371110591620139e-02
-2.842144479167835747e-01,8.674791690759139917e-02
-4.975911427739014847e-01,-1.310071026992473686e-01
-1.006707870819496808e-01,-5.048485847472705679e-01
4.359607536906701108e-01,-6.753225136510631055e-01
7.566392848195521159e-01,-5.395303344619404307e-01
4.082786231886084694e-01,-3.094446957853373981e-01
3.067176979116493230e-01,-8.813896497632961458e-02
7.859270827909299317e-01,-1.391836528607824364e-01
1.068509684480531519e+00,-5.908303635965703737e-01
1.121064723575668332e+00,-5.481454646823126220e-01
7.298738430962393720e-01,-2.684203099492061817e-01
4.034271149059198702e-02,-2.942392166278061105e-01
-5.802671965225052464e-01,2.336968109869988763e-01
-6.754455990302006274e-01,1.023241268295361772e+00
-3.847897376823370408e-01,1.195738594610754157e+00
-2.055947001218355330e-01,1.153484417794490291e+00
-9.858202838724074990e-01,9.033342005371075567e-01
-1.846983221669709518e+00,3.714762803674177549e-01
-1.972607135159744729e+00,9.311640108437412022e-02
-8.214835349118430052e-01,-4.462716759905783759e-01
6.762937957453359905e-01,-8.487565755562492820e-01
1.121064723575668332e+00,-5.481454646823126220e-01
4.708072133033499029e-01,3.599985080512131397e-01
-2.055947001218355330e-01,1.153484417794490291e+00
-3.654850399708253761e-01,6.046595277355780729e-01
-3.598517365629320119e-01,-2.912882676189886832e-01
-1.833877005132523164e-01,-5.641046412496756313e-01
-3.747948650732281228e-01,-3.123066287161888055e-01
-5.522193380471053237e-01,-9.844277211112990172e-03
-3.184727013032311316e-01,1.364702482512045179e-01
-1.778893530080209451e-01,4.483227110010760685e-01
2.945194273268811891e-01,2.729811893940087275e-01
5.821457117815788118e-01,-3.357102397666411608e-01
3.892322216112455435e-01,-4.208435676557299443e-01
4.018755788512930471e-01,-1.408239292314266422e-01
7.271117287107567995e-01,-6.058796611874592286e-02
6.555680758052186974e-01,-2.846768266650686052e-01
4.035909906595886443e-01,-1.364584143845002651e-01
-7.115617758787255720e-02,2.465257217931387385e-02
-5.050947841522113180e-01,-2.226888155994824203e-01
-1.098075615520449633e+00,3.397561876362390487e-01
-1.309546762991656177e+00,1.217626787083972095e+00
-1.447717708494063116e+00,2.016650855742847082e+00
-1.903339897329279884e+00,2.993223754487078114e+00
-2.028230157184191196e+00,3.338141060135033644e+00
-1.903841007621484893e+00,2.992524707054872835e+00
-1.654648764301668296e+00,1.914902500341790770e+00
-1.309546762991656177e+00,1.217626787083972095e+00
-8.881643829234162624e-01,7.454959420727917951e-01
-9.940006256668624252e-01,3.191086228857364371e-01
-5.847886595849488556e-01,1.198640232057541333e+00
3.368783973505442009e-01,2.141208928700936376e+00
2.635725758658156725e-01,1.911960766194662487e+00
-4.544202006026350493e-01,1.308568184730039441e+00
-8.212280943312190162e-01,7.659869849404108422e-01
-1.327257414266505453e+00,-3.662491758978795864e-01
-1.683201019581376690e+00,-1.612196728960894054e+00
-1.398317980390659798e+00,-2.593334852034108184e+00
-9.846684484561135653e-01,-2.751289612817771957e+00
-9.630181646639952575e-01,-2.214383977695746797e+00
-1.358639898818802427e+00,-2.128359594215884609e+00
-1.129396469473032738e+00,-2.034145824189291130e+00
-4.332454234253952929e-01,-1.432660662565140575e+00
-3.102295718366380670e-02,-8.067327756682559636e-01
2.024975140390351813e-02,-1.753816030035709184e-01
-1.158649724944845971e+00,4.157710654362344882e-01
-2.758136836473772835e+00,1.604694959837788260e-01
-2.988267039599286079e+00,2.142144633748788995e-01
-2.137757798381687113e+00,1.858527461866963937e-01
-9.825801109294508562e-01,-1.016782640007773963e-02
-9.572363793600613402e-02,-2.569857419125118336e-01
1.940947902588451290e-01,-3.872211252129159065e-01
5.628387590500535387e-01,-1.402672203885190483e-01
7.168656158378851062e-01,-2.219870581026130441e-01
6.216321951570178417e-01,-4.696359050410680025e-01
5.547553156056495016e-01,-2.253544456090837977e-01
3.227742892444622758e-01,6.108555671973860124e-03
3.644442665610479470e-01,-2.253233380099881888e-01
3.452143316675044815e-01,-3.855902881857528608e-01
5.391542465582908061e-01,-6.658387012009608918e-01
1.088853539709320195e+00,-1.282263157691813982e+00
1.188963664272497445e+00,-1.461335910396073468e+00
1.022018995052874191e+00,-1.268066035678083070e+00
1.204647487256093497e+00,-1.274527655316064267e+00
1.679037639868353970e+00,-1.556350651467903523e+00
1.749856140133103422e+00,-1.592864297626297443e+00
1.279783324899321562e+00,-1.313267297913166987e+00
-4.088822672125523583e-02,-2.085459654160334297e-01
-1.901171500063227215e+00,1.089382963704545348e+00
-3.804994837395968776e+00,1.512565845747008364e+00
-5.101235441984139918e+00,8.536258371593259398e-01
-4.752350433570730281e+00,-2.132780957359192153e-01
-2.955559703024364548e+00,-1.138789444326990585e+00
-2.559193278802558424e+00,-1.605702591248485689e+00
-3.335501036315053902e+00,-1.425652669875264511e+00
-2.738643055645013202e+00,-9.531010577917400362e-01
-1.486072177070557832e+00,-3.322633645233317168e-01
-4.246832934063224929e-01,1.888026183837658578e-01
-1.884968724545757202e-01,1.379658600826358106e-01
-3.345869498967798394e-01,6.154369988974627281e-01
-6.719414187514851644e-01,8.121653418867765817e-01
-7.115490682449118198e-01,2.180519504772196124e-02
-6.907934870301907226e-01,-7.814021622328173322e-01
-5.177407306589231206e-01,-1.123400151522679247e+00
-2.104924562950937772e-01,-8.079533506161381551e-01
-3.348057315926041277e-01,-2.337814700929636003e-01
-4.304542510322459936e-01,1.969193449398894957e-01
-2.642080071955203446e-01,2.694420909023210187e-01
-4.314541984364693161e-01,1.963792573792763341e-01
-6.120975516862322552e-01,1.003612295439392232e-01
-6.120975516862322552e-01,1.003612295439392232e-01
-4.692477068315166200e-01,-1.717581883468412840e-01
-1.121735898126854508e-01,-4.350713509816003244e-01
1.450717683156217408e-01,-3.835012813860217973e-01
2.853757430482805058e-01,-1.863807464158738492e-01
4.225277100780253647e-01,-1.402981501885982030e-01
5.841868460525745377e-01,-2.380494233580053576e-01
5.841868460525745377e-01,-2.380494233580053576e-01
-3.338868954291032004e-02,-9.226060270039368461e-02
-6.222417866034394285e-01,3.014822226981336284e-01
-5.823546882053939333e-01,6.029267174435622989e-01
-4.978124555265122098e-01,2.293047729085860298e-01
-4.978124555265122098e-01,2.293047729085860298e-01
-4.311389284214057205e-01,6.831212884354314063e-01
-1.272815127069026608e-01,3.703439703183852294e-01
-1.379635432264028905e-01,-5.479045625730267766e-01
-3.553540614876126713e-01,-1.127474617486449171e+00
-2.104924562950937772e-01,-8.079533506161381551e-01
2.484572416196949018e-01,5.294554018576997506e-02
5.532259096595640302e-02,2.937558536316600688e-01
-2.815277396792793541e-01,-7.881109234375911765e-02
7.621909434119655824e-02,-2.810874864137941631e-01
-7.348312255417939198e-01,-7.534921580096388682e-01
-2.520009314996137562e+00,-1.267566455255275226e+00
-3.751787134073347296e+00,-1.552425304591440236e+00
-3.784276425687329581e+00,-1.455057480288644900e+00
-2.327898767075859077e+00,-8.862238135807297690e-01
-1.218430509790976890e+00,-3.749381772843821681e-01
-1.232270497920633145e+00,-3.510730802691244268e-01
-9.849710671133774520e-01,-4.275739316726465677e-01
-7.441731247000202831e-01,-2.990628423989367679e-01
-9.715292173286228516e-01,-2.856877743447703288e-01
-1.084313634386454783e+00,-1.110011125525126818e+00
-7.341798300310262704e-01,-1.221716435189328820e+00
-3.608855899250126287e-01,-1.573624232306623516e-01
9.666068063788173237e-02,6.837271630755181739e-01
4.240176677798076499e-01,8.205107621373560756e-01
2.607053242927567238e-01,3.870160583594463577e-01
-4.485163204240149581e-01,3.747720776205495929e-01
-7.388294762975675667e-01,7.193968431650964446e-01
-1.964023351114753957e-01,1.190570510735626364e+00
3.202458255133304732e-01,1.932722367112355233e+00
9.221775158366415370e-01,4.553793011685146830e+00
1.125495348718552169e+00,8.105828164349551557e+00
3.816219933098829453e-01,1.007670765098326982e+01
-8.689255065186834992e-01,1.009811598258223064e+01
-1.812819515441336460e+00,8.678578397480768203e+00
-1.919795855566472254e+00,6.415449633209558300e+00
-1.272576243844326660e+00,3.678075347149874830e+00
-4.768950464608800455e-01,1.094232406789066303e+00
-3.117258422611759311e-03,-2.428365757144613224e-01
-3.117258422611759311e-03,-2.428365757144613224e-01
-3.117258422611759311e-03,-2.428365757144613224e-01
-4.703648377871214037e-02,-8.370244480370228612e-02
-9.400300905005628538e-01,-1.256121916439629560e+00
-2.083962881351903107e+00,-3.213144626027645501e+00
-2.306217698176171726e+00,-3.882913590070062426e+00
-1.540147687452554370e+00,-2.838922416810663485e+00
-4.901559698623781935e-01,-1.034648394496093582e+00
1.267726788177821369e-02,1.636388179836102408e-01
2.795827918863881267e-01,1.878534217644459159e-01
5.001800950449476479e-01,-3.782215231607132244e-01
3.522557756555312336e-01,-2.614902563365309462e-01
1.472199757313907009e-01,-5.111391578147920882e-03
2.594337046421482107e-01,-2.161167504498697489e-01
4.453265079955487371e-01,-4.595571305592619504e-01
7.220478327976034283e-01,-7.297623864513321790e-01
8.093292363717268234e-01,-8.823207747289730785e-01
7.474885342785378972e-01,-5.622737839953081407e-01
6.741954776912857383e-01,-5.217203570545695529e-02
6.950449936188727307e-01,-9.595754378670247331e-02
6.001943778988630962e-01,-4.202866513604457399e-01
1.911296276704356201e-01,-6.275683770733345712e-01
-3.458059677101135154e-01,-5.628171188086309451e-01
-5.711583070748972313e-01,-5.154662441627194669e-01
1.969495686144408508e-01,-8.439385840256595772e-01
8.234496094976407887e-01,-9.661011891308631805e-01
7.002133678627610047e-01,-7.474995903434524802e-01
4.380973463791933420e-01,-4.370209875144653866e-01
3.975869925427457097e-01,-4.301990426680074586e-01
1.765736440954693010e-01,-2.177689324768313228e-01
-1.863524968120752467e-01,1.907218379042695255e-01
-2.642080071955203446e-01,2.694420909023210187e-01
-1.875819631211425309e-01,1.900577835180922714e-01
-5.073899158387164265e-02,-3.989610774596586730e-03
1.985766349763865568e-01,-1.202849892831632794e-01
-3.338868954291032004e-02,-9.226060270039368461e-02
-8.875327975277184089e-01,7.472695472282485651e-01
-8.487809404943522651e-01,9.789840460451071369e-01
-6.705914516660744784e-01,4.756739967691804294e-01
-4.854315247065409955e-01,3.785589293648605053e-02
-7.115617758787255720e-02,2.465257217931387385e-02
6.479940064853392245e-01,-7.965816736386962527e-01
1.345368588526949960e+00,-2.092808254868079310e+00
1.034903864038120291e+00,-1.768453038897783491e+00
3.642148577363846229e-01,-5.926431211453309089e-01
2.867846679872213533e-01,-2.628516596321836540e-01
5.256573798751891236e-01,-3.157143861825760789e-01
5.534837912283276928e-01,-4.880427058981874344e-01
1.574096331419463091e-01,-7.369298932505375932e-01
1.474749204583866991e-01,1.285042871858742830e-01
6.191178952332486718e-01,1.229540956105278138e+00
9.822500143857143540e-01,1.358761987758150713e+00
8.988136796317520716e-01,3.271778285992493762e-01
1.178720502079376592e-01,-5.729805681831365849e-01
-3.862859739555221106e-01,-5.028349405900074398e-01
-4.668593559332777643e-01,-1.971872932324051086e-01
-4.668593559332775422e-01,-1.971872932324036931e-01
-1.049499808957394947e-01,-5.933204924662335289e-01
-8.065073149701899868e-02,-6.668610895110226311e-01
-3.862859739555221106e-01,-5.028349405900074398e-01
-4.235209195156298678e-01,-3.754754443698692934e-01
-4.235209195156298678e-01,-3.754754443698692934e-01
-5.468914557718401737e-01,-1.311309275958373322e-01
-5.468914557718401737e-01,-1.311309275958373322e-01
-4.235209195156298678e-01,-3.754754443698692934e-01
-4.593955392040047769e-01,-1.854974952999386140e-01
-5.745658937532440724e-01,4.019431977663658062e-02
-9.275216565443501759e-02,-4.228648600246514566e-01
-9.275216565443501759e-02,-4.228648600246514566e-01
-2.875956666248516980e-01,2.528145216487485691e-01
6.985178229613203671e-02,4.493526228079454121e-01
-2.105129996246149215e-01,7.598321015142559531e-01
-6.726061609293531030e-01,8.322570690421577932e-01
-2.453597453843305298e-01,6.255311234306515367e-01
7.090596095312873270e-01,1.931408196685867884e-01
1.272540324333571338e+00,-3.482942222986343261e-01
1.120906845179836520e+00,-5.473919692929132275e-01
5.082069385018861407e-01,-3.748401660019810566e-01
-5.766620595315209707e-02,-8.319752629272342270e-02
-7.386544030609765686e-03,3.024126941812907421e-01
1.984852265577957409e-01,6.745821318053571991e-01
2.661024805620695877e-01,3.949783002643329488e-01
4.587865623134006476e-01,-2.205440941564615065e-01
5.633905236098709635e-01,-6.418053443474212028e-01
3.807701548602325792e-01,-7.512030258417260464e-01
