-5.733115857328547893e-01,-1.212837251585316301e+00
-2.825218455394090666e-01,-1.212054271975040676e+00
-3.751865393330864468e-02,-1.556564351752857345e+00
6.314260245292950546e-02,-1.698357510560566386e+00
3.918635724199168863e-02,-1.719597215995737116e+00
-8.475525261846351965e-02,-1.655622361479695881e+00
-2.214271710229796242e-01,-1.376162875067478142e+00
-3.673099873999683407e-01,-1.044202495415356591e+00
-4.429413047496962852e-01,-7.270700204982185610e-01
-4.955556217095432037e-01,-6.291813082413469926e-01
-4.044064984834208620e-01,-5.227931677556341139e-01
-8.234449875011329301e-02,-5.286978188985924643e-01
-9.187880182406213403e-02,-7.716451221349838185e-01
8.080737395400898471e-02,-6.399677518086178685e-01
-4.913713740736939117e-01,-1.014736361425361943e+00
-6.722331707162829684e-01,-1.300307252663513324e+00
-7.266165535340137760e-01,-1.501498920338055099e+00
-7.549415360375237860e-01,-1.543119910580727616e+00
-5.847826824548594260e-01,-1.096886808968552396e+00
-5.411307890865352244e-01,-8.395117834147968194e-01
-2.774759172266632046e-01,-2.070093606246487250e-01
-2.307784734374169755e-01,-2.033029148803680575e-01
-2.010205254446992829e-01,-1.917133998266135064e-01
-3.067582376928466581e-01,-5.013133800510108928e-01
-3.547048792888777280e-01,-5.523429625676148369e-01
-4.080724639761915129e-01,-6.001410870506177497e-01
-4.366114045270411137e-01,-5.420377593918552783e-01
-4.441543140435968429e-01,-5.247804594330458539e-01
-5.079039396434053000e-01,-2.962842247621030323e-01
-6.962688535052402594e-01,-1.217398551897606734e-01
-7.956959541903030342e-01,-1.546366924857087710e-01
-7.698860488736286589e-01,-1.355986059815482980e-01
-6.246500196884527956e-01,-8.265877264660159707e-02
-4.276668757394815890e-01,2.354016460942547628e-01
-4.082481293164358926e-01,2.576685625500454435e-01
-2.833146418673417877e-01,2.467010521408882495e-01
-3.334428579929428760e-01,1.267328557374368947e-01
-8.317765321933330569e-02,1.137073428455018242e-01
9.394928138115644922e-02,-2.184725663704130058e-03
2.640095458931981942e-01,-1.092012371972682777e-01
2.738180293527855969e-01,-4.056114262767299139e-01
1.535127737255498892e-01,-8.729871518482879011e-01
-2.536697242137206723e-02,-1.569317439219598542e+00
-1.259090078721445960e-01,-2.077131021265260724e+00
-8.572594967669641686e-02,-2.151953466962006178e+00
7.594738991514566814e-03,-2.259030515446332821e+00
1.163407384885754570e-01,-2.289824207244434806e+00
1.539116423540435874e-01,-2.443854929531818598e+00
1.480008105392973394e-01,-2.155899148710402002e+00
1.058476689881652777e-01,-1.926424377658263909e+00
-4.721671595719185294e-02,-1.918501452546053976e+00
-1.686479316663675454e-01,-1.890153459707502037e+00
3.935511583426019588e-01,-1.427254055509293185e+00
6.740024366160989322e-01,-8.072632182663773692e-01
8.043774789498795430e-01,-3.345816338769569964e-01
2.765860478169371306e-01,1.507708422623859901e-01
2.795988709174741099e-02,5.534264586343420333e-01
-3.421272401146219777e-01,8.112558330832519982e-01
-3.535788030413179461e-01,1.311961830327487366e+00
-2.932292026526957529e-01,1.700024741958521268e+00
-8.649056799069280987e-02,1.882643521212459481e+00
3.597246388825122571e-02,1.116215266302214459e+00
6.540107028671249267e-02,4.143972218482988579e-01
1.112559359646105375e-03,-2.080802558980475170e-01
-8.123614899116124444e-02,-3.083496946728794819e-01
2.228423441007042552e-02,-2.284232250931148012e-01
1.941375150264491589e-01,-1.490782958476637166e-01
5.084145520010522334e-01,2.572151441917455150e-01
5.410563951619259404e-01,4.318412070970286676e-01
3.904830929440876730e-01,4.205386290284177098e-01
-2.465584575314495180e-02,-1.829315736915385071e-02
-2.666719242622668240e-01,-4.158627821430168070e-01
-5.418654138577227997e-01,-7.342838634503131567e-01
-6.917565764025566111e-01,-8.902015569865460165e-01
-9.549096729691310959e-01,-9.469328549609321577e-01
-1.252195028927149512e+00,-1.166784862769657538e+00
-1.403951643170172625e+00,-1.268426211156383099e+00
-1.153954585093491803e+00,-1.028615077314150694e+00
-7.615161321794039484e-01,-5.274512988542646719e-01
-4.815526361534308020e-01,-2.718273222179025672e-01
-8.485138848749382845e-01,-5.894145332376437008e-01
-1.285847651569924199e+00,-1.142455924558980707e+00
-1.634982776414277472e+00,-1.466615220968772615e+00
-1.635687320736667116e+00,-1.509801640744867779e+00
-1.153954585093491803e+00,-1.028615077314150694e+00
-7.338152373835781228e-01,-8.608185329279416376e-01
-4.621576258043505470e-01,-5.604226475829089393e-01
-6.242306141139588593e-01,-7.288203037754490410e-01
-4.856235989742274106e-01,-3.514733510956305484e-01
-5.747738051940939341e-01,-8.081710962618565697e-01
-5.373269274912565452e-01,-9.541284515238968034e-01
-6.816556705879057709e-01,-1.345069650497303648e+00
-6.858601150477894315e-01,-1.332818250985330799e+00
-2.636731673784920016e-01,-1.026280595197972989e+00
2.540743643436872423e-01,-6.885751816990228757e-01
8.995920953578007140e-01,3.039942920076861219e-02
1.429062256779918938e+00,6.005985773365359881e-01
1.680218412555824381e+00,1.037943665169071217e+00
1.601332484001634304e+00,1.129839801667890109e+00
1.566020179758647268e+00,1.157803647771880051e+00
1.412018875657999439e+00,1.052673557045282315e+00
1.308698205844645246e+00,7.446741172156313704e-01
7.365496312776786958e-01,1.857459690783397066e-01
6.539459905718197907e-02,-5.784439576787042681e-01
-7.871980120514059376e-01,-1.273567924479319879e+00
-1.510108824825280749e+00,-1.754440345486543817e+00
-1.859799397890476325e+00,-1.845126963271022325e+00
-1.891153504449425427e+00,-1.454175433079821111e+00
-1.487527416651254208e+00,-1.040599044108452498e+00
-8.877228219255557384e-01,-1.163741683007194494e+00
-4.792266691907730580e-01,-2.116583288954798636e+00
-2.514336807541809882e-01,-3.433393011602927647e+00
-1.988310511589288232e-01,-4.604930737869138646e+00
-1.388443290987335099e-01,-5.288584564880860484e+00
-3.186167815359419730e-01,-5.050786406452986377e+00
-5.323315816696299052e-01,-3.800144088068351245e+00
-7.192625005809385463e-01,-2.545112949077824815e+00
-1.240755433094512750e+00,-1.733610537535801743e+00
-1.618792411540837861e+00,-1.807156803263239908e+00
-1.986119068736508675e+00,-1.901138144349544090e+00
-1.885189510365486543e+00,-1.779743484523966579e+00
-1.658796551001837205e+00,-1.534671150848371690e+00
-1.126959887786401326e+00,-1.025592103764599639e+00
-7.095425219662020444e-01,-6.792643154319073506e-01
-1.095064834743463972e-01,-4.197928255982229517e-01
3.427919094001107836e-01,-3.802317052966784905e-01
8.230769875361408916e-01,-3.842170719309567217e-01
1.173043768868666792e+00,-1.760625504953128584e-01
1.306562637543572158e+00,1.515009338792234206e-01
1.437903045224854015e+00,6.563246094730125213e-01
1.594691255782233918e+00,9.769663092680194172e-01
1.840333419444142304e+00,1.253891206497782740e+00
1.774136711105647413e+00,1.199627681115372990e+00
1.772070238240131212e+00,1.249462827884150196e+00
1.584217356994803483e+00,1.015864867169329999e+00
1.356634774674983612e+00,8.857728476033300824e-01
1.503397458651711149e+00,1.110013932104979784e+00
1.688683522213150434e+00,1.346602041158920127e+00
1.688683522213150434e+00,1.346602041158920127e+00
1.892639995809814790e+00,1.344964366468077266e+00
1.643666126984866471e+00,1.083177137902817666e+00
1.115167224984813243e+00,8.836912318538534539e-01
5.833421080841812989e-01,5.927178292985403329e-01
2.402466342971293078e-01,3.967075782549812080e-01
1.921750960068003000e-01,1.433660322286520739e-01
8.138276899898386763e-01,5.795386711995350604e-01
1.551827462027131954e+00,1.811371220953998495e+00
1.653646100378079353e+00,2.900911426785118596e+00
1.227237179554020452e+00,2.880414314200577586e+00
6.135861654050007719e-01,2.102658567260925260e+00
5.136185282459732049e-01,1.050281864943462651e+00
-4.600336963133119794e-02,2.149152419508206235e-01
-2.082673935253452902e-01,-3.591459998962236999e-01
-6.652823927113550306e-01,-5.102557998384287252e-01
-6.778505749866338137e-01,-2.880474433608680163e-01
-6.737171819537243200e-01,3.827441486917770863e-01
-3.612428128543501149e-01,7.903219355906091481e-01
-1.131206106099327674e-01,1.068938072500041914e+00
1.799759972899451490e-03,8.639662199276397780e-01
-2.237680073656669183e-02,5.035413400280841500e-01
-1.726992990803873362e-01,1.041345933571131560e-01
-4.543524977898320549e-01,-2.366482318811328478e-01
-6.365373866271289982e-01,-6.908336151382172829e-01
-6.673848815163941905e-01,-9.603403510219575834e-01
-5.617207032106419362e-01,-1.237730993059384499e+00
-4.729575781455016559e-01,-1.498796384763112943e+00
-2.482292413738488857e-01,-2.697785043203881461e+00
6.242278282737027950e-02,-3.599912109607179556e+00
3.051179332676067224e-01,-4.141323864672203037e+00
3.812133788492331199e-01,-3.278475272619590708e+00
2.334134640399740113e-01,-2.198525295464845541e+00
1.537657116924000256e-02,-9.318661756073727265e-01
-6.868001273908298787e-02,1.721785130627316029e-01
-1.262530746626692145e-02,5.788145606011526612e-01
5.164116736919761169e-02,6.725191847283783497e-01
1.794415869796266508e-02,4.295188556124249768e-01
-1.079731082255150215e-01,-1.565549409558474048e-01
-3.735650926262144012e-01,-7.690990952905298883e-01
-3.735587718924637257e-01,-8.576178549275093044e-01
-4.296641883305256648e-01,-1.018368904951892029e+00
3.960538465047673540e-02,-7.888570962520426999e-01
4.941287957942536724e-01,-6.112972591836857150e-01
9.268685072840380235e-01,-3.541107195249361128e-01
9.012078190418046919e-01,-2.132987627416872145e-01
4.625257972611157009e-01,-2.271985023266321624e-01
5.588979305631745081e-02,-2.293148513666753985e-01
-3.476228520481968176e-01,-1.261336595520025916e-01
-2.427038849720670743e-01,-1.633859492300128446e-02
-2.922100492449536402e-01,-1.761224632621665731e-01
-3.314445945785329806e-01,-5.948649111530787126e-01
-2.818153040329035575e-01,-8.815247679485986865e-01
-2.077396311890731262e-01,-1.173704923845101833e+00
-9.018925196153787516e-02,-1.022133272941433191e+00
-1.139846474902704160e-01,-1.272046152276075315e+00
-2.162253985268614287e-01,-1.542284955087271481e+00
-3.333243921340623417e-01,-1.902157769927835806e+00
-4.676787956701893845e-01,-1.679346881375661349e+00
-5.252333235809092393e-01,-1.390063216084007180e+00
-6.377103953478709952e-01,-9.237193825754592691e-01
-9.254048790676953073e-01,-9.955793877109033740e-01
-1.396905541900560710e+00,-1.199728186458535184e+00
-1.904187300551650752e+00,-1.639487299150221178e+00
-2.350798612371275187e+00,-1.887236586534796201e+00
-2.387910945462837553e+00,-2.095076978378361154e+00
-1.921172317369314042e+00,-2.049147221315721801e+00
-1.544588777535482960e+00,-2.044335441812482834e+00
-1.339891482706850434e+00,-1.899817599658540246e+00
-1.454277466700989674e+00,-1.723204870646466436e+00
-1.103989177568071467e+00,-1.421724626105598022e+00
-7.705162970692847058e-01,-9.624974676740503110e-01
-5.511538151509625116e-01,-5.032185826126366335e-01
-6.216577072446991536e-01,-7.717930922760811441e-02
-7.411745607395751057e-01,8.888793321407269243e-02
-7.267292457347382939e-01,2.223134286042659780e-01
-7.567217673604437200e-01,1.022514569010882640e-01
-6.864704389743281343e-01,-2.831677858203259790e-01
-8.708825793767084322e-01,-8.603149172503669062e-01
-1.157066017775171707e+00,-1.501001307108743577e+00
-1.405880722971654118e+00,-1.689012120812256379e+00
-1.454277466700989674e+00,-1.723204870646466436e+00
-1.241868233178967440e+00,-1.089819564365378968e+00
-9.193992760055691438e-01,-1.324725189292614569e-01
-7.092213419287233256e-01,6.723945460040352540e-01
-5.629357376616715980e-01,1.134631232334880169e+00
-5.661002415179412495e-01,9.987399261886592550e-01
-3.129236505677999158e-01,8.589072693485551024e-01
-2.522783759896658484e-01,5.082787068161506161e-01
-2.510143195044542419e-01,4.330672186253238520e-02
-4.817111742914798600e-01,-4.253634153843252608e-01
-5.741213756702556736e-01,-8.593942228794976268e-01
-5.617207032106419362e-01,-1.237730993059384499e+00
-5.438958611298077006e-01,-1.321698786630359557e+00
-6.879049367885867738e-01,-1.149349481579218013e+00
-7.341132263784962975e-01,-7.113721913572064182e-01
-8.478357014590325313e-01,-3.386766733223731674e-01
-4.882026709077997850e-01,5.292570486815274811e-02
-1.463844216289536537e-01,4.677833019379294965e-01
2.012706067079576000e-01,5.929340185605370683e-01
1.537303818482343987e-01,6.377788720597383776e-01
1.050565733647444711e-01,3.573864966025866452e-01
1.721796755156450587e-01,1.973513786743218146e-01
3.394628700155626344e-01,-2.164000608288403973e-02
2.574678089883533083e-01,8.360862853507435022e-02
3.457213290204629308e-01,1.361086462649991335e-01
3.596779442272251548e-01,4.977035009736178184e-01
1.180477637294752746e+00,3.798513628974039547e-01
1.056177831009023516e+00,5.015734196095409381e-01
1.039353458698534904e+00,3.610313417394867552e-01
3.267031472917652501e-01,4.697764205555085004e-01
2.902071545472328373e-01,4.697099357214538640e-01
2.693369237628557289e-01,4.367985348246105071e-01
8.332472624010535123e-01,7.750156053038921578e-02
2.626817964372410774e+00,8.248642675951381453e-02
5.208794889144495954e+00,3.440704473453241041e-01
8.569937440824398678e+00,9.887725692902482599e-01
1.183385291764097147e+01,1.404674503064858859e+00
1.460082922408281014e+01,1.538321793368434554e+00
1.645889725741096754e+01,1.266940332897483534e+00
1.710577951389883111e+01,6.562265817066296192e-01
1.634334575799138634e+01,-1.034447525724667694e-01
1.416112139498725142e+01,-7.181474216403079813e-01
1.075528123389462820e+01,-9.570935495378676272e-01
6.824803751330861701e+00,-6.534151063477716681e-01
3.481318230087488530e+00,-3.449706235602144067e-01
1.041587750195672513e+00,4.420821799958793430e-01
2.428973762093238620e-01,9.524869254842378563e-01
3.353294745467038096e-01,1.289462887765776999e+00
2.056590285387920880e-01,1.174089512077996611e+00
2.775823769288437437e-01,7.966645978980237963e-01
5.773352972832792585e-01,6.890046462957237772e-01
5.197867390040045166e-01,6.299562899845206898e-01
2.753932770563569110e-01,6.812149623507989249e-01
-8.285080399153647857e-02,5.560065663269321279e-01
-1.346354898434652392e-01,7.281666539916843428e-01
2.095556769760582028e-01,8.985903440474323212e-01
2.272501245535613890e-01,1.581919792676184544e+00
2.688349811055679717e-01,1.605362389223280450e+00
-1.497251069385474587e-01,1.063398724546876339e+00
-2.229636375029654394e-01,-2.636672206945953056e-01
-1.360139535078221662e-01,-6.161745850290847315e-01
2.046266235904745934e-01,-1.786196347163691023e-01
3.771795677477240427e-01,7.118298071770665647e-01
2.028065126753650360e-01,1.125237930174218803e+00
-1.955636198265562897e-01,8.607210917249690230e-01
-3.321641440631000197e-01,5.548830110525529991e-01
-3.317182056929669498e-01,4.831006247965344974e-03
8.596784793545932113e-02,2.035071843801638802e-01
7.503245770092601408e-01,5.418409252018536737e-01
1.413208061749839262e+00,1.307876192640882840e+00
2.004326262896038990e+00,2.037228889076285299e+00
2.279991709496234087e+00,2.591680122639880235e+00
2.053655754272252221e+00,2.774940070737608178e+00
1.387761764283575339e+00,2.712351260953579146e+00
5.282329478119620614e-01,2.221213648583129530e+00
-2.069142531755074343e-01,2.075003936629862267e+00
-5.658724482200662154e-01,1.990721686064538032e+00
-8.734585459538511953e-01,2.135709839735459248e+00
-8.959893185856283582e-01,1.836078457545876175e+00
-7.528167019975960939e-01,1.165313124118363408e+00
-2.882122320879311195e-01,4.699661151027462735e-01
-2.952378305681543358e-01,-4.699587789820541817e-01
-3.946086976945473723e-01,-1.254123706213400746e+00
-4.957647997678262253e-01,-2.059396049257443018e+00
-4.958966733364186807e-01,-2.148770336765097433e+00
-5.003419771901448376e-01,-2.078094956382427139e+00
-4.820426475078421480e-01,-1.331301927980786060e+00
-3.950668174178947889e-01,-1.121404743049010388e+00
-2.717422451722035781e-01,-6.280593560203094894e-01
-4.802205277781427389e-02,-1.168466267639262784e-01
6.702876726537861096e-02,1.600133302168081917e-01
2.213299773526194447e-01,2.633258847852322782e-01
3.405515519162287119e-01,1.124648013536146074e+00
3.221176684133789658e-01,2.044842167185720427e+00
2.823948600076507942e-01,2.666711332774126753e+00
1.402244376779007151e-01,2.405771889537523300e+00
1.713859223018568134e-01,2.164850162181808813e+00
1.641466782576926631e-01,1.684028627361253472e+00
2.251157504973064494e-01,1.479505815745372210e+00
2.657171156438934423e-01,7.534463957724493177e-01
2.489630879349316872e-01,4.942242239375827517e-01
2.136982039687577994e-01,2.024225352436835046e-01
1.066314187464958152e-01,4.369891037471818618e-01
1.176837803906727875e-01,6.247975762268593858e-01
1.662535357467334607e-01,9.710210242807353342e-01
8.491018304131189853e-02,7.539448954883710696e-01
1.083471279754481429e-03,5.074788812515381720e-01
-1.075307291299182899e-01,9.544855065563284668e-02
-9.808148532021446209e-02,3.789099746232794108e-01
-1.464507671219236473e-01,1.721894481113310227e-01
-1.057253864392057319e-01,3.870090855948155051e-01
2.387243008446203463e-01,1.654322369090839295e+00
1.375046874703707567e-01,3.974474342221504752e+00
-2.505497252879462788e-01,6.629546349485393009e+00
-1.281995927894489906e+00,9.070904822528358835e+00
-2.099992619132360794e+00,1.007321531959036953e+01
-3.380809226872331319e+00,1.123306169074323613e+01
-4.511725887410256597e+00,1.181086992528086199e+01
-5.450692051725559928e+00,1.234423373500949417e+01
-5.367913100245059965e+00,1.090129558747181804e+01
-4.548258374177287955e+00,8.402631865417227175e+00
-3.162063299267229066e+00,5.058843438881257981e+00
-1.779539224282253862e+00,2.360403775051813202e+00
-5.301833225130705429e-01,5.654649867528322993e-01
-4.820339341793004606e-01,6.570766420653297857e-01
-4.469837421607430472e-01,4.319936465349801802e-01
-7.649002706634545623e-01,5.050210546639467557e-01
-5.623489089189509516e-01,5.157219255571890981e-01
-3.880683898813093169e-01,5.765747810650773131e-01
-1.978773485932641407e-01,6.311407928355752261e-01
-2.425276122366758491e-01,6.756743228976457294e-01
-2.506832893308048593e-01,6.385102809814403590e-01
-2.921549395529008941e-01,4.592030673320968703e-01
-3.517541658814014038e-01,3.224026264098648342e-01
-3.146027495941674523e-01,1.280574735752903481e-01
-1.768402336442152500e-01,2.585000470158077546e-01
1.555266471226865732e-01,2.782753840852105753e-01
5.773352972832792585e-01,6.890046462957237772e-01
6.290587797375926105e-01,4.455901233485865531e-01
5.990435092077247559e-01,9.270963004559112930e-01
3.892003144447806484e-01,1.369556828473525778e+00
3.587746934845251756e-01,2.365032980630075610e+00
1.882028620318822454e-01,3.312581820613860639e+00
1.307651543671884894e-02,4.017415246740497992e+00
-1.352550094599049568e-01,4.268395864701362896e+00
-1.700181622732556130e-01,3.803831577045489798e+00
-7.512171959772444285e-02,2.684834697454686392e+00
1.399410764547588393e-01,1.655114659312181491e+00
5.408116929160666775e-01,1.053843255488245534e+00
3.218448677287098492e-01,8.830250066584229840e-01
6.146316387875341153e-02,1.098090378515766651e-02
-4.556197601495133864e-01,-8.629951917821928609e-01
-4.590483051089715438e-01,-1.403257370176497432e+00
-6.344980846987502421e-01,-1.245422171697203151e+00
-6.598189569563519541e-01,-1.082468179062538560e+00
-1.072834794202820463e+00,-1.173258383939834060e+00
-8.099433273889146134e-01,-1.084924217036777438e+00
-6.849238545570999204e-01,-1.031683211247738763e+00
-1.172123420363687801e-01,-6.401419996698839432e-01
-5.620302007102312425e-02,-6.306378672945042174e-01
3.761053742468530720e-02,-5.869506644267395989e-01
-2.777828653842061638e-02,-5.663446564249891013e-01
3.654848580036944294e-02,5.521405033530742482e-03
1.903287342577572594e-01,2.334701459726313266e-01
2.172901456949489496e-01,3.133877600596546298e-01
6.387274687855998279e-02,7.898566322859579270e-02
-3.429139110041198313e-01,3.420721326009732582e-02
-2.693889131053676667e-01,-5.598570677726264488e-01
-2.291527768407080612e-01,-1.312710791012198452e+00
1.506750234077886275e-01,-2.110126810727748659e+00
1.925700964729637199e-01,-2.638140408363817357e+00
2.711531403693407394e-01,-2.815061373158726621e+00
2.206626716361121121e-01,-2.537669425209549523e+00
2.435776170383665007e-01,-1.536234768474563195e+00
1.956919033493421389e-01,-8.727010574774671792e-01
1.977008351387356810e-01,-1.163623019571041528e+00
1.633015449811024422e-01,-1.809584235576705558e+00
2.171434692306686842e-01,-2.314184864297392785e+00
2.082441512479916434e-01,-1.529907401062063688e+00
4.120786946220532099e-01,-1.169641902958084900e+00
6.219116166580189731e-01,-6.577571247445174185e-01
7.954053028907843714e-01,-1.100160648110315886e+00
5.470796657157067644e-01,-1.040330879660983587e+00
2.963575240734092064e-01,-8.181051236149349259e-01
1.670704071351765962e-01,-3.754098106291641757e-01
2.342131295484159714e-01,-6.086991352937985988e-01
2.303516899260479867e-01,-1.089120119441968626e+00
9.647898196384128988e-02,-1.317329463484574914e+00
8.669870275246033958e-03,-7.709965990246436807e-01
-4.258609546170282617e-02,-1.806000112868036689e-01
-6.607077394692884020e-02,2.609980820901220411e-01
-2.858187680809181619e-01,3.635369738947449303e-01
-3.442123517066502103e-01,2.919120637574680877e-01
-3.907252042000027292e-01,8.634555687293753168e-02
-1.360933507080339666e-01,-2.193165688034028615e-01
-8.994068646094841024e-02,-6.824934477552226930e-01
-5.963974284023370286e-03,-1.246843279852729802e+00
8.810551153484239006e-02,-1.810371672583604319e+00
1.499492539124005763e-01,-2.238680726545542399e+00
6.643292597439999503e-02,-2.422319645235271324e+00
-1.648015918550151671e-01,-2.210306695236721186e+00
-4.123414499352399676e-01,-1.858482761549876017e+00
-5.564859770803489702e-01,-1.170151943434969644e+00
-6.891942240958216503e-01,-1.071297517395771948e+00
-7.871690464919126606e-01,-8.527929811492688250e-01
-8.334252649053188744e-01,-9.831087549313209939e-01
-8.828565301683147792e-01,-5.440131158607705020e-01
-9.358772526125693769e-01,-3.968360795081232184e-01
-1.006939963163650198e+00,-1.748558285685517522e-01
-1.042646539663526273e+00,-4.749738211669353172e-01
-1.207932717669760292e+00,-1.135039527729394759e+00
-1.324305231517001857e+00,-1.812703582855299755e+00
-1.265229744632044406e+00,-1.931882208665181011e+00
-8.896704499008918354e-01,-1.517923929909048342e+00
-4.931096090514996422e-01,-8.625001944862179526e-01
-8.840697731146784921e-02,-3.872175122282658366e-01
-2.150285358273650027e-02,-5.462864909599747243e-01
7.561948190312868523e-02,-8.548371459406000072e-01
1.620313866015486715e-01,-1.123137657014428470e+00
1.414433235372889175e-01,-1.001399160854157033e+00
3.439300268911798519e-01,-1.181917323752801341e+00
4.805723027084949917e-01,-8.728944886947621606e-01
6.073439410478752576e-01,-4.011882021677832810e-01
4.694995376491993277e-01,-8.242666957751187962e-02
2.987153556906388396e-01,-4.464265405468843817e-02
3.710687902300505159e-02,-1.720758608201876927e-01
-1.360933507080339666e-01,-2.193165688034028615e-01
-2.840260646199908035e-01,-4.084753796016573485e-02
-4.645160198643287774e-01,8.291314453642263660e-02
-7.099994716720037236e-01,-1.203811485793141872e-01
-7.955958431666207975e-01,-5.273419010465943968e-01
-5.595724294215764782e-01,-1.076694624070651196e+00
-1.012363655991019989e-01,-1.234961392760497212e+00
1.135054044716022753e-01,-1.024672979979076137e+00
3.146113552270084907e-02,-6.149584729650806603e-01
-3.931979813718936012e-01,-7.018783663470353762e-01
-8.994538473492232900e-01,-1.275926021616729189e+00
-1.412627413732910231e+00,-1.780125826862148708e+00
-1.571065585391999253e+00,-2.028907442262802618e+00
-1.877583591949799402e+00,-2.400750505611923824e+00
-2.017127265077200082e+00,-2.562600946750894781e+00
-2.203271304436355216e+00,-2.662357514393235203e+00
-2.274882755943929524e+00,-2.316148208690492538e+00
-2.006027868086325494e+00,-1.853266454209334002e+00
-1.585230494074129748e+00,-1.287879933140777311e+00
-1.416275277002555288e+00,-1.477249927253650785e+00
-1.321497821497507497e+00,-1.671130631089155605e+00
-1.321497821497507497e+00,-1.671130631089155605e+00
-6.725254325365045416e-01,-7.571884203746761521e-01
-2.921757375784053701e-01,5.381293966037092869e-02
-3.099693410624594359e-01,1.935199487785748407e-01
-4.954478444580207586e-01,7.421771817153893780e-02
-9.059305716329539848e-01,-3.868852246202511003e-01
-1.503935661712071381e+00,-1.028637791466727069e+00
-2.050057362808593631e+00,-1.479459917084698928e+00
-2.351836263058831644e+00,-1.711145583035456941e+00
-2.376571614814080746e+00,-1.307207318888688130e+00
-1.970875836232401035e+00,-5.056815633227136342e-01
-1.608838453387905654e+00,3.276140368841650163e-01
-1.172601268667622820e+00,7.264360641545075659e-01
-9.180236347841650435e-01,5.306786639371960934e-01
-5.783511797799212317e-01,2.546480691982092592e-01
-3.795051386672819160e-01,-1.563247177341698380e-01
-4.343181604815064545e-01,-2.616971809428959572e-01
-4.563661799713561451e-01,-5.495048182199862019e-01
-4.710126687741049145e-01,-7.709370465838842890e-01
-4.417518327059391514e-01,-1.063432148570963687e+00
-4.040549867027269926e-01,-1.149625863666938086e+00
-1.750509783739812586e-01,-1.603274015961883237e+00
2.510291359251036747e-01,-1.853803748795319173e+00
7.595319799891476764e-01,-2.290608642994800714e+00
9.435243612183037420e-01,-2.136925062457297297e+00
7.476816440370869232e-01,-1.936840928806478512e+00
3.990586343965746297e-01,-1.406408576758793272e+00
6.705295490725654561e-02,-8.320324993656449397e-01
1.325378962117620268e-03,-5.300413592423832698e-01
-8.806233383551817506e-02,-3.514435200408290716e-01
9.967472074826355666e-02,-1.884823997321647127e-01
4.667213963990791137e-01,-8.455069463407552943e-01
8.237327501212048375e-01,-1.468644380125954774e+00
1.006823802543914681e+00,-2.075588106962326762e+00
9.383354078611557680e-01,-1.784620979577149269e+00
6.188255971556494428e-01,-1.313491283451993619e+00
2.358675958317345556e-01,-7.794270328172065998e-01
-1.762642220704751031e-02,-5.196755974951501322e-01
-8.806233383551817506e-02,-3.514435200408290716e-01
-1.245801799300408526e-02,-9.149066117138952015e-01
-4.519475812539159448e-03,-1.203571944376344849e+00
1.326678131106777681e-01,-1.096232157859271750e+00
2.048405254839777978e-01,-7.241497755688016680e-01
-1.099626663245449193e-01,-9.644100901966731199e-01
-1.912762108384848114e-01,-1.274757423378972465e+00
-2.324956052562032194e-01,-1.465850646893947617e+00
5.508364242327784543e-01,-9.573056820351810714e-01
8.768036362857078991e-01,-7.028743375130900306e-01
9.888468038223390266e-01,-5.176518372493837949e-01
9.661384622211799389e-01,-3.759089065638037686e-01
8.027008201994546566e-01,-2.095709974928225139e-01
6.629722928464576448e-01,-1.484218227437064941e-01
3.005324474552992786e-01,-1.064627049972512035e-01
3.984533047756678992e-02,7.788148287175820396e-04
8.283823211776496567e-03,7.305134252232571568e-02
-2.272344897914054251e-01,-1.004321383377794058e-01
-3.428858764516486968e-01,-7.867648086775598237e-01
-3.387304115106979929e-01,-1.117041128350206192e+00
-2.050555671041790484e-01,-1.174517345543165447e+00
-1.736749552701611632e-01,-1.331939070862470986e+00
-1.534269063045419490e-01,-1.027945144951092349e+00
-1.867509708434658966e-01,-7.962332024259086705e-01
-3.224680966043112496e-01,-8.852670833724096688e-01
-2.783613821001465483e-01,-7.970813410946251398e-01
-3.587153890291815417e-01,-9.978911792538426306e-01
-2.694417005807050458e-01,-6.975500998699395439e-01
-3.100759712242915356e-01,-7.791749945463593008e-01
-2.239893904352844578e-01,-8.916500192224665611e-01
-1.490867484974437440e-01,-1.120698787962715270e+00
5.742457337430528080e-02,-1.149083654870162396e+00
1.121159770959249680e-01,-7.925210155111879207e-01
-9.081290370928551958e-02,-8.606862322320857350e-01
-2.729642161802812717e-01,-7.492371153278157836e-01
-3.587153890291815417e-01,-9.978911792538426306e-01
-3.076117610594432117e-01,-6.313521883781905153e-01
-6.726946143198249406e-02,-3.519152043188172874e-01
2.402421348379571442e-01,1.359612462333084359e-01
5.194235391175019423e-01,5.276793817002091158e-01
5.217081949945789887e-01,6.843364539510254918e-01
4.681605225619675514e-01,6.555532113913532521e-01
1.415683557165317852e-01,2.498277756390911986e-01
-1.189711616329440225e-01,5.502340123070605798e-02
-2.910894134934371991e-01,6.137281881207376499e-02
-6.005541772984811510e-01,6.438113310053972249e-02
-9.483012983603112955e-01,-6.654347138662720929e-02
-1.149185472987291456e+00,-2.032882769451224148e-01
-1.238948864608199862e+00,-3.224901090342406906e-01
-1.170952506211837774e+00,-2.116190643692271167e-01
-1.083978998528437598e+00,-1.932320073756842727e-01
-9.786079886338282519e-01,-4.906609287795789948e-02
-7.566268866232029877e-01,-1.999907260862459624e-01
-3.428456470865261507e-01,-1.380607372987874837e-01
1.096885591578764391e-01,-2.213721778992120137e-01
1.160445106086828576e-01,-2.127013481602794132e-01
1.831426576774301818e-01,-1.865538063049495543e-01
-1.500822726245611659e-02,-2.597289184491353708e-01
1.112559359646105375e-03,-2.080802558980475170e-01
-2.718975433747382042e-01,3.678781211950983288e-01
-4.223460971407288489e-01,8.039715229002629693e-01
-7.490010287935298106e-01,9.752892703111377681e-01
-5.110606639506425353e-01,7.397704208817723615e-01
-4.354428328684631366e-01,5.280885121938427851e-01
3.864484456168563314e-02,-1.248578903158015056e-02
-7.316629376234025373e-02,-7.215654987459345637e-01
-1.828181077883952454e-01,-1.202821556754982035e+00
-6.729155959706670798e-01,-1.568233343374255906e+00
-7.523968180437501374e-01,-1.579181968878496045e+00
-6.854771094389217057e-01,-1.674103588775060825e+00
-2.578820864380587108e-01,-1.782552662342327121e+00
-2.279480887398056266e-01,-2.057342376434845299e+00
-2.382682705581860294e-01,-1.780992500497983411e+00
-3.957194059252095442e-01,-1.414496618033368902e+00
-5.610170937196126140e-01,-4.759191479370362132e-01
-7.339809784149428085e-01,-2.445976464900198877e-01
-7.973228135728153143e-01,3.428893095044651673e-01
-4.891813244766574087e-01,3.580291915823086146e-01
2.364516145941529535e-01,5.652112240963776957e-01
5.130188436827178844e-01,8.733926020209956675e-01
4.398767463908511699e-01,9.051552993739304664e-01
-7.339085068915092783e-03,8.851597706461535875e-01
4.977887795037738705e-02,6.399305581692873446e-01
-8.411002771837916558e-02,6.184480916713147591e-01
5.461994915995908167e-02,-5.367330852754575304e-02
3.527339776267110483e-01,-6.532385227172313874e-03
7.339705233863206280e-01,-1.004551963777024041e-02
9.052892407513004613e-01,2.947819971413003781e-01
7.257547615334259961e-01,3.406118448805919297e-01
2.080240757405580898e-01,-2.144632518236373464e-01
-1.452874340459213987e-01,-5.937201031344736535e-01
-2.472409114130503238e-01,-7.670164495102326230e-01
-1.424085825286700857e-01,-4.994623196841745938e-01
-2.150985094979070145e-01,-3.989933802552007580e-01
-2.580382543910506588e-01,-4.382634058930637289e-01
-4.045246973498970999e-01,-3.921389079697358282e-01
-4.444518952995114569e-01,-3.071463837766411076e-01
-4.368159116739084302e-01,-1.846510644609455354e-01
-1.737364075546268816e-01,6.823896838255638642e-02
4.153383973654028449e-01,4.032197264432156314e-01
7.268236083696162364e-01,5.555365934579173937e-01
7.265936226582219160e-01,2.805486261978942242e-01
3.817419152914430791e-01,-1.943876464401553539e-01
2.578967455619657900e-01,-6.801806679441046999e-01
1.499640109708995639e-01,-8.681414908944209419e-01
1.485869013135487637e-01,-7.693450540912798452e-01
1.371586537008080142e-01,-4.548246357490606795e-02
1.269862791800364654e-01,2.448460931441029387e-01
6.514512687175917638e-02,3.015862412563787842e-01
8.003685180116948406e-02,-6.974695697830297914e-02
2.447095608753688256e-01,-4.196378043985605349e-02
3.516435572386647501e-01,-1.717917191960826595e-01
4.626731405489071802e-01,4.693771899551961169e-01
7.422047214538288751e-01,8.162446446650271081e-01
1.270843663735471862e+00,1.452965746337977926e+00
1.452823569479320343e+00,1.363746182201337254e+00
1.335330081029704630e+00,1.253365498284366275e+00
7.157194374035948936e-01,7.728967429902731112e-01
8.927783006231879703e-01,6.958623971174041634e-01
7.957176522233481153e-01,6.357737855001640570e-01
9.269298088801358748e-01,6.776231155015796093e-01
1.026365850308678329e+00,6.298387865215814285e-01
1.531059299688031894e+00,7.546523965886201557e-01
1.995186608876382772e+00,1.180085767641417593e+00
2.011372219606848866e+00,1.392872765510792643e+00
1.655900782379124081e+00,1.449105870872610780e+00
1.241846280570303440e+00,1.271368566230690389e+00
8.172938527174478107e-01,1.359451801836719875e+00
6.432701194641053943e-01,1.444770681230737486e+00
3.199042046810521289e-01,1.934932190181589462e+00
-3.520934528830193533e-01,3.368162524003133207e+00
-1.420545725806514170e+00,6.061549522416664004e+00
-1.685493901848570841e+00,6.721305284220082221e+00
-1.456051879700503759e+00,5.720300752699610136e+00
-3.779583629764869390e-01,3.194187858669216062e+00
1.713859223018568134e-01,2.164850162181808813e+00
2.791726187211192589e-01,2.209386158275971734e+00
1.904085514002100132e-01,1.732951467189739692e+00
1.757784175781303138e-01,9.855090367219604408e-01
7.713870242677016431e-02,2.766701746890782299e-01
7.440587547358613885e-02,4.508827004013005180e-02
-2.542777957607855049e-02,4.341139314296438290e-01
-3.108466755330089454e-02,5.672409911985749620e-01
3.850889980823686554e-02,4.588799166841555643e-01
1.671127334027601163e-01,-1.801031957816461582e-01
2.196716762041690807e-01,-6.324972754976125877e-01
1.595186528167077122e-01,-1.325869425973301929e+00
1.523841327165332236e-02,-1.641460942281777191e+00
-1.258710364962830619e-01,-1.597419714009109981e+00
-2.201438029728101653e-01,-1.084894526647663948e+00
-2.456601625870692696e-01,-6.837569906114999707e-01
-2.896631541703630908e-01,3.007026885499693436e-01
-3.629848421590800567e-01,1.149800656473827676e+00
-4.805717759740449346e-01,1.771158980818191786e+00
-5.793001278913948449e-01,1.439912425934104956e+00
-5.589915802486065122e-01,5.495186146710286934e-01
-2.142088603049432938e-01,-1.362560199745652123e-02
-2.002427729094422570e-01,-3.531292086967942057e-01
-2.858152007243861537e-01,-4.167159690759881796e-01
-6.974763985785816800e-01,-8.027921063292355885e-01
-6.965504333893376421e-01,-8.866594220249489622e-01
-6.691099678279929241e-01,-8.770259488705008932e-01
-4.806264527445766599e-01,-5.914588195391763392e-01
-3.008316244233360526e-01,-3.464379386287214646e-01
-1.697091715260701794e-01,3.705641347870560209e-01
-3.979772669242708644e-02,5.978411351301581300e-01
1.403120145649444372e-01,5.589612793991676210e-01
2.628355602912806344e-01,3.038074173863550831e-01
7.001178337784187411e-01,4.920664065458134617e-01
7.268236083696162364e-01,5.555365934579173937e-01
5.102950685640160744e-01,1.946619869650390855e-01
-6.446700996946372331e-02,-2.283508581268950677e-01
-4.399766060987274630e-01,-6.957847952340964204e-01
-5.127050878220309471e-01,-5.393411655110937897e-01
-4.190745192571351807e-01,-3.372778475137897525e-01
-3.642452591763478131e-01,4.135456560810837900e-01
-1.785374208934836504e-01,8.064043576124653168e-01
-6.527870493361397075e-02,7.836599971492682615e-01
7.713870242677016431e-02,2.766701746890782299e-01
3.935578083096431812e-02,-2.210718684717739024e-01
-1.673349234852432310e-01,-5.230053674743081471e-01
-1.018643542821032477e-01,-4.905695510494320621e-01
-1.234450864020670696e-01,-5.372992299666119465e-01
1.112559359646105375e-03,-2.080802558980475170e-01
3.634224968301229264e-02,-2.066078539275283954e-01
2.220871633315184279e-01,-2.174824931115476312e-01
4.342140559492586038e-01,-4.796578969240656298e-01
5.202150095396655960e-01,-1.015013682105419202e+00
4.530146442486845948e-01,-1.604814002660639449e+00
2.551276033243231600e-01,-1.886074759041196369e+00
3.438754820447025712e-02,-1.867248507478266317e+00
-1.426128609390958923e-01,-1.376179491967355784e+00
-2.341441596918866774e-01,-8.713143254009758643e-01
-3.316669387698020222e-01,-5.062696834477252716e-01
-4.006386976778058551e-01,-5.896881988246399642e-01
-5.678153331054333064e-01,-3.276825231233538305e-01
-7.591901384233208372e-01,1.845392433722735925e-01
-1.025685543033801217e+00,9.057198004858574292e-01
-1.264956544368386115e+00,1.434046604081965715e+00
-1.552389585274785544e+00,1.918029310320515490e+00
-1.618408362591340133e+00,2.056339151183727676e+00
-1.442851565670145053e+00,1.853784424566329303e+00
-9.524037186739295890e-01,1.558997219020314073e+00
-4.713082324831801007e-01,1.069478687668589556e+00
-1.906516248605331365e-01,6.712596258012528683e-01
-1.772611238975483061e-01,4.503512102128147676e-01
-3.614194233785514299e-01,5.465427402522747835e-01
-6.659907372476905341e-01,8.318741003729621664e-01
-1.053922385830404096e+00,1.160296567572618898e+00
-1.401662126542525533e+00,7.343570538145992588e-01
-1.422603891275986188e+00,4.885674170467250721e-01
-1.169963531554908842e+00,5.656730655933864260e-02
-6.989969683803485268e-01,3.159143390165639054e-01
-4.038520275504671186e-01,5.430562571602475241e-01
-3.350676175507610877e-01,7.638744118732372357e-01
-4.083188329844795739e-01,1.351433507861747874e+00
-2.789561155972608009e-01,1.349629026838744306e+00
-4.243144608351426955e-02,1.370036506441975499e+00
3.475597357055069669e-01,9.559973701347312947e-01
6.088423051081308657e-01,9.934371115036528810e-01
1.002615065611432987e+00,6.811926966475294609e-01
9.506957854660640361e-01,4.400537889861092511e-01
7.090706856964246185e-01,3.294155757003685014e-01
-1.968243829620775764e-01,5.001625508462811398e-01
-6.934122268762397123e-01,-2.049683178308297007e-02
-7.636283304003955719e-01,-6.962157788417951965e-01
-4.536054187846422781e-01,-1.071694569101106165e+00
1.865559700663415033e-01,-3.415252373872768032e-01
2.859834550023341304e-01,2.289248168215423096e-01
3.237223691545035309e-01,4.810219529227052204e-01
4.859522600317206335e-03,2.521577941930868219e-02
-1.608298431930542394e-02,-6.466533551140819791e-02
-1.483458717592897880e-01,-5.114239196404933574e-02
-2.012242838402878431e-01,1.528908726666999840e-01
-5.873051288624924204e-01,5.881002254153878672e-01
-1.007477452020067998e+00,1.077786586847283790e+00
-1.381456343689123401e+00,1.377743765853004509e+00
-1.304976766617505834e+00,1.239550487375867593e+00
-1.062547477734728130e+00,1.152966659874411492e+00
-6.229620066971810477e-01,8.750651398571357431e-01
-4.810172082451493192e-01,9.466916154834463804e-01
-4.276114895802905491e-01,6.089822001703493193e-01
-5.764036524325529820e-01,4.846099730564508157e-01
-6.424201292532790708e-01,2.251138947450637973e-01
-7.472423776303656062e-01,1.933552460886589774e-01
-8.655249517637715329e-01,1.593797599949278998e-01
-9.316933391418356081e-01,3.425637396229297416e-01
-9.187245483611666819e-01,6.672148884999252738e-01
-7.089549567667480234e-01,1.005903039770628560e+00
-4.713082324831801007e-01,1.069478687668589556e+00
-3.564898241664471445e-01,6.558709865854280840e-01
-6.352505262972896194e-01,2.542606177492450770e-01
-4.653127609253534525e-01,-9.138401769630198623e-02
-9.742819640880344412e-02,-1.485165584135371072e-02
3.184051143551891450e-01,-1.663888557769516718e-01
3.620516304730848067e-01,-4.158268387291388229e-02
2.023142197160006095e-01,-2.658604161124075160e-01
1.112559359646105375e-03,-2.080802558980475170e-01
-1.220902000278248356e-01,-2.107626043611870725e-01
-1.185424142263741681e-01,-1.680262484159339986e-01
-1.316841209765446941e-01,-2.282915981247742587e-01
-5.326960588558973114e-02,-5.876048753029865512e-01
2.020510019513886424e-01,-9.062286347242146656e-01
4.572651839860734646e-01,-8.141680200470773343e-01
7.359012609990257525e-01,-2.129711499208303271e-01
9.103718312814643721e-01,4.413094862805027052e-01
1.126511822030131560e+00,9.020270062878678052e-01
1.190279674473225136e+00,1.270988407745964111e+00
1.096178800665861042e+00,1.316173155914313053e+00
1.312195152364461270e+00,1.962982608804531903e+00
1.818336889695191028e+00,3.019089430679590347e+00
2.619848672691163394e+00,4.499676874965567563e+00
3.132408332168506337e+00,5.284687091609434617e+00
3.303863704699248949e+00,5.462378503438799271e+00
2.934414978619354741e+00,4.760433328721261681e+00
2.402682477563817809e+00,3.939656801975371270e+00
1.452269659698951276e+00,2.638673581937923007e+00
6.081945900895853185e-01,1.450517805092060186e+00
-3.640045428580159226e-01,3.223147194211104516e-01
-9.051002569248891572e-01,-1.935541103537757601e-01
-8.860873557826376423e-01,1.145663079627301240e-01
-7.069855868893165640e-01,2.650619057752445218e-01
-4.045015920332935555e-01,5.245660065925296101e-01
-2.589689787026719925e-01,4.395302331282773811e-01
-3.960176871039464142e-02,1.069380476550000347e-01
6.639193702667846309e-02,-3.664722296321071271e-01
2.771428849176403864e-01,-6.686495194797256181e-01
3.213925240701995811e-01,-5.753105778649282298e-01
1.060035301290116472e+00,-7.823890226201160036e-01
2.197963257483595889e+00,-1.194487662744128986e+00
3.654934449906540816e+00,-1.967818531338637156e+00
4.796792427868848741e+00,-2.457972029633857414e+00
5.327128108278476049e+00,-2.571137041280883828e+00
4.929050990387024989e+00,-2.147748781470221413e+00
3.625625525760288070e+00,-1.227982647902714719e+00
2.060598739695294501e+00,-3.842170972955794017e-01
4.654150767467416516e-01,-4.871321550199904371e-03
-3.690438018767446815e-01,-2.804330526270744708e-02
-5.444426253859397935e-01,1.241553937584861100e-01
-2.005845553451855445e-01,4.081712637058685367e-01
6.772583464922947716e-01,3.973116249406263845e-01
9.054188896098473993e-01,2.992465003124462619e-01
7.408472344049913394e-01,4.274620263585642288e-01
2.110179188458521093e-01,4.522118468458356522e-01
-3.740805783639130078e-01,7.819719907748359788e-02
-2.903575226059518233e-01,-1.125618188294025962e-01
-2.059391949788500764e-01,-8.829660118523706414e-02
2.573762986253992635e-02,1.565760408320067132e-01
-9.533948527121265115e-02,2.475856616379060460e-01
-1.101398690705910621e-01,1.986862072203079976e-01
-5.034084722916450927e-01,5.796602904400059986e-01
-1.029370632300046218e+00,9.418637093561994522e-01
-1.700032816720292494e+00,1.303485939184730880e+00
-2.118125547288244981e+00,1.361433407397817819e+00
-2.192020159347019437e+00,1.211071992044044254e+00
-1.720746163595792355e+00,8.878760235665513756e-01
-1.480963645671893980e+00,4.546765125501484039e-01
-1.583575583962750777e+00,-1.963281875558691714e-01
-2.203993744175541281e+00,-9.768850681554066551e-01
-2.565977736616181115e+00,-1.554375591820937430e+00
-2.435657383361753414e+00,-1.787357030102165956e+00
-2.299716034257587083e+00,-1.631888313133544433e+00
-2.043356536566806270e+00,-1.429829623373995107e+00
-1.822349280277168360e+00,-1.180129588661747775e+00
-1.514575485591733273e+00,-7.768459354329275701e-01
-1.266060193397347655e+00,-3.817580758390253237e-01
-1.432164126095587076e+00,-1.676602260275453504e-01
-1.122039404454937994e+00,4.850551836893598340e-02
-7.968853256995755974e-01,2.070587540580917374e-01
-2.799288789324060889e-01,3.870749720782267755e-01
-1.697516135838031959e-01,3.836994974326475294e-01
-9.787116325609915291e-02,2.451135958846175633e-01
-5.608222217583760244e-02,6.371248272595880779e-02
5.027845520695980314e-02,5.784429882026594777e-02
6.295749801464813056e-02,2.861118850689311488e-01
-2.552475358684269668e-02,3.528268851828657016e-01
-2.429316461143726513e-01,1.336258812875638358e-01
-3.623220591598393381e-01,3.340211082312945570e-03
-3.067536091996175829e-01,6.852026388231419185e-02
-1.543443818231669262e-01,3.540655792492806153e-01
1.502125316474313584e-02,4.432122762553796225e-01
-1.262030825555496803e-02,4.128942859674060717e-01
-5.495316423687635760e-02,1.479219749149599528e-01
-1.511365985146161106e-01,-1.017820972495656895e-01
-1.724017554416379383e-01,-4.011147751069089051e-01
-2.144004880598814611e-01,-3.849509101552324175e-01
-3.504214774495461593e-01,-4.972289270347168277e-01
-1.231888673656638400e-01,1.627347550979193480e-01
8.114572155427830780e-02,7.589421454694645908e-01
3.912805926151067260e-01,1.347861357894880152e+00
2.927977880872589256e-01,1.238039868596026105e+00
1.711493419428003482e-01,1.288180982908601058e+00
-2.310723955135696867e-02,1.040133425715175752e+00
1.470456251748563595e-03,7.099220330003559454e-01
3.104966294949809344e-02,3.509080638476720360e-01
2.645221158946219897e-01,7.077067197221463823e-01
3.219210886632214996e-01,1.347634195274881153e+00
3.705169466277636325e-01,2.014997195278541042e+00
1.581254704424059632e-01,2.407635709114420486e+00
-1.168566471656855149e-01,2.441165777910098811e+00
-4.080384711066221692e-01,2.614299880252872299e+00
-5.750092131038244680e-01,2.748468774029611872e+00
-5.978213067594668750e-01,2.900024812526234896e+00
-4.886688648346856900e-01,2.529419156322236351e+00
-3.378306483090902090e-01,2.031810635098580065e+00
-2.325368372042604659e-01,1.342557368431731346e+00
-9.037325540061366680e-02,-1.231911996857968372e-01
-2.287981246609253200e-02,-8.388726576070790752e-01
