-6.860002853034774528e-01,-9.691179222761219236e-01
-1.135887941949612179e+00,-9.148880181310100612e-01
-1.792338993938706437e+00,-1.733812683882851313e-01
-1.756261198559952996e+00,8.596622284564888750e-01
-1.399939517100067476e+00,1.363583458363051948e+00
-9.435014130419934197e-01,1.309247128329538157e+00
-9.300275300630289621e-01,1.102714277032685208e+00
-1.004003914388753360e+00,7.171718663099870827e-01
-9.286773928211552454e-01,1.634983773618997882e-01
-2.943407316170672527e-01,-6.963430743009914048e-01
4.973113610119601624e-01,-1.397718897348667610e+00
1.212272897780447334e+00,-1.953517922551981867e+00
1.241344271671282806e+00,-2.096415087821049905e+00
6.802660593542931844e-01,-1.530164492758405714e+00
6.350673799596148750e-02,-1.137236046675268897e+00
-1.478590540832176448e-01,-5.080589658104682771e-01
-1.527702830722494631e-01,-5.803681087174707987e-01
-7.631954226365547100e-01,-5.162006491742120451e-01
-1.046373110643355808e+00,-6.566122257698303599e-01
-1.262447807923427812e+00,-5.800643911457470381e-01
-9.651321750291689261e-01,-1.645753100716799977e-01
-7.174036909529483141e-01,1.143308125088499522e-01
-4.832628567378560169e-01,3.945424996873337364e-01
-4.603557856654368341e-01,7.270561583374864911e-01
-9.014292125031241332e-01,5.446290216195128764e-01
-9.494688151577783675e-01,3.204327806519354227e-01
-1.202195707953090276e+00,5.001026973982944934e-01
-1.410069431536998152e+00,1.049277832521022136e+00
-1.599391719027171144e+00,1.381481972121422430e+00
-1.018841612570438704e+00,1.210610100667307121e+00
-6.577581361711646313e-01,6.601941815041831862e-01
-7.271657193276023223e-01,9.162459111185129457e-01
-1.470759085620886086e+00,1.288397788963690394e+00
-2.117000927037808733e+00,2.255343889689188863e+00
-2.491453810870491115e+00,2.197828499257804324e+00
-2.457093177363540271e+00,1.644488812252032472e+00
-1.977622851889114575e+00,6.272034474047157859e-01
-1.507891685160732465e+00,-4.286953273176555279e-01
-9.999950449852091916e-01,-1.163750511911828101e+00
-9.940805400828069960e-01,-1.667971635500130612e+00
-8.462263071779612122e-01,-1.921232725875162473e+00
-7.677818495364573392e-01,-1.616027466501876342e+00
-4.663945358621831017e-01,-8.402445574953683050e-01
-4.646755307994345219e-01,-1.945715039950905445e-01
-6.721162150250086231e-01,-3.451770130498649225e-02
-6.552331698552184003e-01,2.562714238338272832e-01
-5.723489354552132591e-01,4.699921573917944517e-01
-8.927746524655686411e-01,1.096973143962433728e+00
-1.095668920107503830e+00,1.513605134011936526e+00
-1.195963295365706891e+00,1.445946637662261169e+00
-1.077782485427535297e+00,7.805388137184857689e-01
-9.223165118083922476e-01,-6.656335885708075661e-02
-9.237756577086873033e-01,-8.708392872378140082e-01
-1.106670599006772227e+00,-1.214639335310126800e+00
-1.905073605537751957e+00,-1.628894623406210718e+00
-2.637948723841585519e+00,-2.226710262559656428e+00
-3.030380892638559143e+00,-2.795129804072346680e+00
-2.709518763301864919e+00,-2.866964045625000068e+00
-1.908811434357311265e+00,-2.426935484568132129e+00
-1.127056988714846497e+00,-1.909982796353361989e+00
-3.789665193534974552e-01,-1.015005287940667023e+00
1.566919461204857589e-01,-6.261482140964661491e-01
4.624556287329997101e-02,-4.052287637991250357e-01
-2.229856324850310045e-01,-4.357428197353094834e-01
-8.764910570401779344e-01,-6.964379422863712366e-01
-8.764910570401779344e-01,-6.964379422863712366e-01
-8.270463667546286146e-01,-8.656750963562541701e-01
-9.232072357631088133e-01,-7.387652130894314384e-01
-1.025766230010458413e+00,-5.097176516635896215e-01
-1.301720840694236658e+00,-1.625434321873359955e-01
-1.408188763145143296e+00,3.845749151734018101e-02
-1.275773405515053582e+00,-1.883823129676152064e-01
-1.036738417183057814e+00,-2.393003972186310835e-01
-6.188057722459735510e-01,-1.186549076430788996e-01
-6.652811738365247418e-01,2.594291373393178834e-01
-5.881289310252362235e-01,3.643867248220977184e-01
-8.024811003414186183e-01,4.466838882045646719e-01
-8.085037937302093081e-01,6.062804919494635403e-01
-6.424012303145935077e-01,3.672835056678664944e-01
-7.048255753902408216e-01,-8.995317182420982383e-02
-3.145129897669197705e-01,-5.987349318693900857e-01
-4.534687803390107658e-02,-5.041845742202172298e-01
5.215254742599925719e-02,-7.043898426213549557e-01
-5.623889586720426381e-02,-1.010317928143531718e+00
-4.999205251927998916e-01,-6.389844555877151056e-01
-6.576600874325897461e-01,9.660823054037563917e-01
-1.033343793888044981e+00,1.973830680307282703e+00
-1.490845700177690469e+00,2.533284753492629715e+00
-1.668350674796100108e+00,2.076541666222757154e+00
-1.542861482525594630e+00,1.727928370109236056e+00
-1.493258414556382530e+00,1.211672650929900952e+00
-1.093461243731068677e+00,5.552116024348909828e-01
-1.009073836006376235e+00,3.128914727647882921e-01
-8.503672727460912517e-01,6.011890779254174255e-01
-1.135847089906009133e+00,1.186703917825822296e+00
-7.585376186970500534e-01,1.490844389938044134e+00
-6.809975764639467632e-01,1.620225986630001502e+00
-4.251671184438668982e-01,1.506065963199521907e+00
-3.520710002831727858e-01,1.092864604807101347e+00
2.810584676618512745e-01,7.852426958865442730e-01
6.522089343443824294e-01,4.836486414917697818e-01
8.397407717576418351e-01,5.630406920013015792e-01
3.007078073270296747e-01,5.034026462910110578e-01
1.089803845597612716e-02,4.393385429176503432e-01
-2.893045392307725394e-01,1.843575792724982121e-01
-4.422207283702938585e-01,-3.454296154469093660e-01
-4.494777711549505228e-01,-5.742513839318176272e-01
-2.473601379351139384e-01,-4.497305765946995604e-01
-2.978157370157321626e-01,-3.013172668803116849e-01
-4.361196576819192927e-01,-2.770735949873225357e-01
-4.713289823705795745e-01,1.023361652428436824e-01
-2.716259677001566786e-01,3.502815480565559247e-01
-1.975621557143482920e-01,5.124204913640149073e-01
-9.351917668811383921e-02,4.004085796211450110e-01
-1.974418721290973830e-02,4.857758865278723470e-01
2.164319955931451878e-01,1.757041509373212518e-01
2.842110967446059844e-01,-3.427355574200545429e-02
4.034667998468647876e-01,-2.511387160835389931e-01
8.212305662013955621e-01,-6.082729620782750812e-01
1.254781676016508030e+00,-6.834416290511657888e-01
1.346150387550227867e+00,-7.116369177276953284e-01
1.219937017844105798e+00,-7.214325867260432679e-01
9.360194673987005665e-01,-2.094476512024870396e-01
4.564759520162369744e-01,-2.182828533998299736e-01
9.640094039246512037e-02,2.579300674733843723e-01
-3.428261215438351828e-01,2.360864560494202458e-01
-2.149597908386137179e-01,8.355954184277316621e-01
4.368667713315890766e-01,1.599467409230045600e+00
6.699583860468697472e-01,1.553881054305697784e+00
5.338757516188633589e-01,2.080212101178101847e+00
-3.231242103028834634e-01,2.340177434936087764e+00
-6.446635807812088892e-01,3.196174608448635546e+00
-9.657167450392030172e-01,3.321386804144081939e+00
-1.086023452432979930e+00,2.544691743725633337e+00
-1.056765577236242759e+00,1.883034449204461058e+00
-8.054107627802022940e-01,1.323657850199083441e+00
-5.946318286962811728e-01,1.356032065743906667e+00
-4.393971482271943341e-01,9.854604132057112054e-01
-3.044808264980924384e-01,7.143675821304255047e-01
2.765108795030020161e-01,4.224445001453568382e-01
9.096063082514705966e-01,2.043301886621254337e-01
1.305863841063324537e+00,5.876960680553830474e-02
1.268666050096025177e+00,1.253164047487691501e-01
1.152405665749356656e+00,4.881466417031686822e-01
4.501224875177735063e-01,7.619648295923533432e-01
-7.992134163721455187e-02,8.248845556235696597e-01
-8.004180171788184417e-01,4.075162579449957967e-01
-8.956504303852230731e-01,2.879237961079246233e-01
-1.217772806906973315e+00,4.970187130233975070e-01
-7.999686161978254439e-01,5.500460283482512258e-01
-1.009751875291407863e+00,7.570720358347408085e-01
-7.884615418415064081e-01,7.190438216154609874e-01
-7.949502691201105753e-01,8.525583173660331582e-01
-8.761482895594671083e-01,1.039831259713773770e+00
-1.135408959850541466e+00,1.084384585449961858e+00
-1.367968074144151780e+00,1.029315174715915049e+00
-1.408172248519049985e+00,9.393665388442281605e-01
-1.464533254173789434e+00,1.118937505359816953e+00
-1.310511302690988922e+00,1.285090279392744339e+00
-1.178491115672472667e+00,1.269614700827563780e+00
-8.610654544985701930e-01,9.464789268683491130e-01
-5.751410339646134684e-01,9.127515354802937519e-01
-8.732991975765605486e-02,5.804640003340126864e-01
2.804795924123325013e-01,2.644022652422510777e-01
-1.184699700255916616e-01,6.794815931097910600e-01
-6.157129648536767696e-01,5.197626288444757714e-01
-9.926828935281081234e-01,5.440753010735465134e-01
-1.090887745446806667e+00,3.489068420769704248e-01
-8.643418900410261285e-01,6.615700935665184135e-01
-9.521167725378405500e-01,9.605622593700233747e-01
-8.761482895594671083e-01,1.039831259713773770e+00
-1.178491115672472667e+00,1.269614700827563780e+00
-1.313944059840403300e+00,1.300072570191564969e+00
-1.313944059840403300e+00,1.300072570191564969e+00
-1.313944059840402634e+00,1.300072570191565857e+00
-1.278614060485475434e+00,1.320796925568730185e+00
-9.403532252881378062e-01,9.493428096168089469e-01
-6.258381972808062521e-01,6.454466349186068763e-01
-1.643329028062017749e-01,4.751771504660670109e-01
-1.363500946357533439e-01,5.376007120609169743e-01
1.359217683145804434e-01,7.436072369672228621e-01
4.168844799175349114e-01,1.068306744169499334e+00
5.960836297487761559e-01,1.971360310052697074e+00
5.261879250237417871e-01,2.961827782064706316e+00
1.657741220546516403e-01,3.873296520822756328e+00
-3.685981724463926468e-01,3.789385512976805703e+00
-8.402289851525082121e-01,3.525850205996683862e+00
-1.098459932183915022e+00,2.961333853430160090e+00
-8.726623350304364424e-01,2.511326597175886466e+00
-8.423885158189159394e-01,2.058841927945600059e+00
-4.327929286967262534e-01,1.236964752856803962e+00
-6.597902628485061705e-01,1.422598011697872700e+00
-4.465833063293158656e-01,1.186630498027084313e+00
-3.436335691991458940e-01,6.428044779167199074e-01
-2.025860920717482139e-01,1.830303599433989346e-03
6.177176450581427225e-02,-2.019440726181999379e-01
-8.272201713606198298e-03,-6.282789970026455562e-01
-1.176005892238968925e-01,-4.600578397583661161e-01
-7.462109250046978781e-01,-4.328597327780268622e-01
7.038888016533810799e-01,-2.024038342520299849e-01
1.443410969890293272e+00,-3.299330850936655901e-01
1.891017816420301312e+00,-1.581810370581401559e-01
1.145368561255189377e+00,1.181310736913139814e-01
1.145368561255189377e+00,1.181310736913139814e-01
1.103403530354468920e+00,4.943139134255460920e-01
1.705656322419359050e+00,1.878707678698247063e+00
1.075779341073230810e+00,2.293425203794873912e+00
7.914193010639951620e-01,2.173105468877423618e+00
-4.283267833971533822e-02,9.960578942160622784e-01
-2.219544863463605300e-01,6.114999792320393590e-01
-6.063354430055040156e-01,-2.287029085502686465e-01
-8.191559893700522954e-01,-7.041185163654891666e-01
-6.252532339795274785e-01,-1.268107453092703674e+00
-1.896861914281569861e-01,-1.422420296626415448e+00
-2.941754728731130752e-01,-1.337336035892466635e+00
-5.293472937057231986e-01,-9.677374816647535960e-01
-1.188149370058116716e+00,-4.474219119224839281e-01
-1.174326151930654261e+00,1.270314356971234959e-01
-1.123036331271874744e+00,7.068239238811614422e-01
-9.108340784894274345e-01,9.244532453141862671e-01
-6.657723659527380322e-01,1.368085635265292144e+00
-6.313710389472919626e-01,1.509803920527710952e+00
-7.774517037902098915e-01,1.368752984693550667e+00
-8.538053813928248026e-01,1.120766583091582058e+00
-8.889185928496318168e-01,6.835056809885358131e-01
-7.576934312844035846e-01,6.924703524852466874e-01
-8.442511914552384145e-01,7.025425803087784749e-01
-8.506555282193535295e-01,9.657572045056698196e-01
-1.315517097395180635e+00,1.677025123293016451e+00
-1.918418349511117338e+00,2.556894258833415812e+00
-2.300302330473233070e+00,2.915579478249829659e+00
-2.428894504191248416e+00,3.153137792306510701e+00
-2.129139700460373152e+00,2.356053652547413169e+00
-1.847331900936853399e+00,1.263568140672190587e+00
-1.023448486355831299e+00,-2.369162978216844684e-01
-7.827399805041309611e-01,6.181200609237651883e-02
-6.212734231062732038e-01,7.130461683705693332e-01
-8.443438016671779289e-01,1.141519055477724809e+00
-9.454566558195142134e-01,9.307938726752987835e-01
-1.131202271115408609e+00,9.508573183949613483e-01
-1.131202271115408609e+00,9.508573183949613483e-01
-1.246650104704088546e+00,1.206376177555028351e+00
-9.690522313160637724e-01,1.201180507999084490e+00
-7.337268258865233816e-01,1.336262476162585644e+00
-5.078955592628776605e-01,1.299940445256452248e+00
-5.367743968220731743e-01,1.417489144027183512e+00
-6.843834360548065598e-01,1.339713338714751734e+00
-1.064413994568825572e+00,1.404563516540353163e+00
-1.434976683966489919e+00,1.303698671885655358e+00
-2.130529975077818161e+00,1.903922574468845497e+00
-1.999412335878451019e+00,1.886090689568716172e+00
-1.827784516146075289e+00,1.804837720958268665e+00
-1.827784516146075289e+00,1.804837720958268665e+00
-1.892649092539498312e+00,1.823828283625011482e+00
-1.892649092539498312e+00,1.823828283625011482e+00
-1.238705767781135947e+00,1.675639112112800255e+00
-7.377343572738339628e-01,2.036180146764306809e+00
-5.614287712554896226e-01,2.695214613947356952e+00
-5.614287712554896226e-01,2.695214613947356952e+00
-7.417715731898019138e-01,2.324551765419646809e+00
-1.201474978389073023e+00,1.902667282579721730e+00
-1.480271631229951312e+00,1.319687853699923918e+00
-1.451605045253461013e+00,1.189043387735615021e+00
-9.697585983375169860e-01,1.206835161987469762e+00
-6.725707423120769191e-01,1.312543957530189820e+00
-2.679225800128174906e-01,7.184813254127048188e-01
-4.338788972742838035e-01,6.969997678503228045e-01
-8.509270928811931700e-01,8.457931228181804206e-01
-1.183160558031159493e+00,1.272081095134415252e+00
-1.875954065937203818e+00,1.528315251949870834e+00
-2.633318373181394723e+00,2.324471174674209273e+00
-2.690996302078210167e+00,2.612870467755759929e+00
-2.047221747253542112e+00,2.488948425232897055e+00
-1.640722731210753960e+00,2.294991077348061292e+00
-1.532889776577970764e+00,1.970889439238560081e+00
-2.252729005426292286e+00,2.126760023223906781e+00
-2.873266532897613690e+00,1.798777327528771064e+00
-3.173582034591452938e+00,1.475922592396672783e+00
-2.591665942919240351e+00,7.524875684421354904e-01
-1.854760353406354145e+00,2.235859969928420676e-01
-8.521086761807482590e-01,-6.191808136355957809e-02
2.192874995079858724e-01,-7.983802175540725965e-02
8.516952457947677413e-01,1.902558380850353018e-02
7.310544119632680360e-01,-3.306980816411628776e-01
6.084247583448112451e-01,-2.119682390903944100e-02
1.366427117974819971e+00,-3.385902548260412148e-01
1.614604298682823957e+00,-7.307550200510096183e-02
1.907595356480999316e+00,-4.255872221221582707e-01
1.800140532544801442e+00,-5.831847958767134577e-01
2.300781117322348468e+00,-9.526824335567177782e-01
2.636868337910046378e+00,-1.047753139097726827e+00
2.935657940861258641e+00,-1.241627240182745284e+00
3.188030612307274581e+00,-1.319094913840977767e+00
2.994949967407893876e+00,-1.557061944707629042e+00
2.755528598130005946e+00,-1.120328193631803915e+00
2.444996339642694139e+00,-9.983558374897696375e-01
2.300781117322348468e+00,-9.526824335567177782e-01
1.745664075916590008e+00,-1.056495417841987416e+00
1.735867808815910740e+00,-7.686259188070213577e-01
5.359201156609731953e-01,-1.349842524479492323e-01
-9.276080585948161261e-02,3.609464171943356781e-01
-1.267164991429942544e+00,5.658955475195529550e-01
-9.180087178365783362e-01,4.377282125101454313e-01
-9.582390939059776125e-01,3.147281459765516876e-01
-9.314473447128671646e-01,2.453745588632483265e-01
-9.314473447128671646e-01,2.453745588632483265e-01
-1.083387403612031230e+00,4.226714254803015658e-01
-1.582886294755798007e+00,1.995352585079377183e+00
-2.220455760177126425e+00,3.721399991659904760e+00
-2.851867626035028636e+00,5.238982721756578975e+00
-3.015465147449968075e+00,5.001677443978029380e+00
-2.928527093222416333e+00,4.579412597502521720e+00
-2.788726683277215290e+00,4.136046932115983843e+00
-2.716221274867707258e+00,4.291339302760067476e+00
-2.460317225152640841e+00,4.379332509729866096e+00
-1.938119652502137136e+00,3.883880889052874874e+00
-1.405140591347446177e+00,4.124459355490955659e+00
-1.004817128815058025e+00,3.808463706123085490e+00
-8.796948638344198601e-01,3.333604900545453997e+00
-9.158287978982915245e-01,2.598812474799469641e+00
-1.093341862378712781e+00,1.740328793635204319e+00
-1.093341862378712781e+00,1.740328793635204319e+00
-9.754647458147662764e-01,9.664421015892332711e-01
-8.144605527174729742e-01,4.063113950942820463e-01
-8.289645731151540353e-01,-2.851559063783694614e-01
-9.377032727718946914e-01,-3.998541527520871885e-01
-1.011801158497370068e+00,-2.457600644843819238e-01
-9.018086304329995251e-01,-2.233374067690981901e-01
-1.064098070132033502e+00,-7.422658202989600162e-02
-7.266787384183347465e-01,-2.917824939841735521e-01
-9.664277248355828132e-01,-4.464905929353606417e-01
-7.259545246999680179e-01,-5.796808166149109987e-01
-8.165936973303631330e-01,-6.195069544870587253e-01
-8.493108316016404480e-01,-1.196067870452223320e-01
-9.601886461035115117e-01,2.315929104306335140e-01
-9.601886461035115117e-01,2.315929104306335140e-01
-7.347588985558071162e-01,-2.141119916313647120e-01
-1.135232973293338388e+00,-1.240884348975146434e+00
-2.096536096004995464e+00,-2.779582679120197408e+00
-2.722598271700131356e+00,-4.100064592260569185e+00
-2.688708694017956979e+00,-4.527290333560173963e+00
-2.195672865041490507e+00,-4.289196494394412085e+00
-1.427920108658208287e+00,-3.452644398749890264e+00
-7.134772765129646643e-01,-2.164678139171369420e+00
-2.674772391668893690e-01,-1.357885651773976132e+00
-2.575679877461408140e-01,-7.262269670579998282e-01
-5.501417312153520367e-01,-8.557551086028150067e-01
-8.153667557813814026e-01,-3.549224476045868548e-01
-9.415940250095533592e-01,1.407660475145101342e-01
-7.634144211832555316e-01,5.675880414779518324e-01
-5.759977941717744354e-01,8.959081357339252483e-01
3.455117231228045371e-01,1.676636760462864029e+00
3.982218282573294910e-01,1.852880066106762369e+00
1.800295935180474399e-02,1.708898443297318215e+00
-1.333962281324999610e+00,1.121106976142018929e+00
-2.046827999441321211e+00,6.851266667462608817e-01
-2.088366711893780980e+00,2.748564897732326817e-01
-1.546902241436025616e+00,-3.418494543111890160e-01
-6.841847319738606492e-01,-7.463125066618416792e-01
1.927550197111025931e-01,-1.371596203575667916e+00
1.110053819131877617e+00,-1.876181667667800923e+00
1.800929782536697887e+00,-2.159430863763892372e+00
2.477686491831494919e+00,-2.104567295846700326e+00
2.734075637985941221e+00,-1.598722510873119340e+00
2.204197468852778119e+00,-1.061273128797761700e+00
1.427238584402855448e+00,-5.342487213040416627e-01
8.414816906598340251e-01,-6.387743152212057574e-01
6.200971815226277162e-01,-3.862934721783167769e-01
3.947926435521156296e-01,-2.710629190909018549e-01
1.824169786692974582e-01,6.859599741099646486e-02
4.803425449847388840e-01,3.053502270717121103e-01
1.723932674967197043e+00,-6.019385811676459044e-03
2.155197125619029652e+00,-3.102979915813820766e-02
2.173346705884919405e+00,5.855354561743043862e-02
1.991116502428403212e+00,5.898756459378531325e-01
2.355279600465502110e+00,9.608143905491639547e-01
2.772235299238437367e+00,9.942509775690552276e-01
2.609858795089148309e+00,7.001283507689253227e-01
2.467925343507527014e+00,3.454577527488650879e-01
2.106254948482829015e+00,5.473599472053625875e-02
1.653071609511651552e+00,2.614136731063299718e-02
8.536881878890321129e-01,1.088874194817532060e-01
-3.944286525158906265e-02,4.123305278160901977e-01
-4.857519040075136130e-01,6.004703456480761092e-01
-1.150106782573165454e+00,7.583706393817725155e-01
-1.132985261022180001e+00,5.023440992148756612e-01
-1.136456766350115055e+00,1.917325280457526579e-02
-1.128325016441382278e+00,-2.419600596221911371e-01
-1.483746799058869081e+00,-1.576295512212360916e-01
-1.454417205221899323e+00,1.560812929192375575e-01
-1.479557871578645933e+00,4.370658853623478612e-01
-9.928531530169784070e-01,5.363312083175767464e-01
-1.310831981746142016e+00,9.049234869703293160e-01
-4.736530916733205920e-01,6.136981897432008948e-01
-2.174760280458080675e-01,7.557739244140800894e-01
-1.168881936770371777e-01,7.829559281537341597e-01
-5.062468020239465627e-01,1.091877234774984551e+00
-7.374311542312976808e-01,9.972855802066781239e-01
-9.469671502870488089e-01,1.010503485911696142e+00
-9.693091600587498968e-01,7.684772183129571221e-01
-8.475372472794348022e-01,5.597556043920857149e-01
-8.655999756033401216e-01,3.931079094102798432e-01
-9.134501503779836051e-01,6.609956379669391646e-01
-1.121082622885942737e+00,1.798860165821156043e+00
-1.024670691153158009e+00,2.037902229199734183e+00
-7.547635497508266011e-01,2.046172680564661839e+00
-4.523177847439679988e-01,1.337083116173382491e+00
-3.836209854445682410e-01,1.107786065852234270e+00
-7.071547013230754519e-01,6.776575665776579660e-01
-9.058659825920987174e-01,4.378257167043022036e-01
-1.022393026484977874e+00,3.934499966061487664e-01
-7.707330824769086375e-01,7.028379935597115491e-01
-5.662322721317057939e-01,7.889335005458321115e-01
-2.906263044251308769e-01,5.772482163354352158e-01
-1.436017151506748801e-01,1.555697918797909474e-01
-2.083560835719556747e-01,-1.684486428422735105e-01
-6.788650934868971643e-01,-4.802968789505590030e-01
-7.156386196051981452e-01,-5.377092066305417806e-01
-5.273111844366669132e-01,-4.309003261396119888e-01
9.983024385536064249e-02,-1.636489912024019222e-01
2.043270282578625308e-01,-1.426774033555472561e-02
3.890883309911848942e-01,-1.697688061255870073e-01
2.197320186766391903e-01,-3.625374398641457718e-01
2.197320186766391903e-01,-3.625374398641457718e-01
-9.503162284992502928e-02,-2.931198167498951790e-01
-2.366265828260521176e-01,-1.689841964753343584e-01
-5.503028606797931710e-01,-3.544062262710454547e-01
-8.208608098373700868e-01,-4.756799043032096663e-01
-1.220054933083981163e+00,-1.461686571977895976e-01
-1.287493796590767792e+00,3.775525415907240445e-01
-1.605944720211744503e+00,1.394027917944521189e+00
-1.516632924638568358e+00,1.899955769814032358e+00
-1.640722731210753960e+00,2.294991077348061292e+00
-9.330756631968128989e-01,1.583270669594475599e+00
-6.826845736869395775e-01,1.429862839592079382e+00
-1.054525588439367695e-01,6.382313187267064647e-01
-9.817865795421255870e-02,7.019059246900035687e-01
3.929865619275365457e-02,1.997577185828943447e-01
-8.196823476095466132e-02,-3.953915679511129100e-01
-5.462012475524809230e-02,-8.077469948832473046e-01
1.026773301694876468e-02,-1.120357204934452788e+00
1.828465128881047730e-01,-1.059693963575317754e+00
3.088720796057085050e-01,-9.322037681660778619e-01
3.388440557711246415e-01,-5.993574745356581301e-01
2.963258553958848518e-01,-2.878883470985043602e-01
1.857656209870554853e-01,-6.794349645727841558e-02
1.857656209870554853e-01,-6.794349645727841558e-02
4.206737767271633843e-01,-8.454292166206642256e-02
2.732262308972734921e-01,-6.281566674170087350e-02
6.347564297271457434e-02,-1.647099674583732132e-01
-5.943635652419855253e-01,-3.377781571232556512e-01
-4.616318840355861375e-01,-7.143239737604185624e-01
-4.465132007414406856e-01,-8.280745076222507661e-01
-3.261981846141322472e-01,-6.954271942971096410e-01
-4.413028944282003652e-01,-6.190815952738466521e-01
-5.717324424749583578e-01,-7.676484724287666594e-01
-5.324581949081946819e-01,-1.053438238165826268e+00
-5.844885072571260887e-01,-1.216101430378156545e+00
-9.809054642703194382e-01,-1.404726470067934718e+00
-1.466683274473356891e+00,-1.549861124435874649e+00
-1.782276260159599168e+00,-1.780221173907826637e+00
-1.840145551215215169e+00,-1.817408998596006242e+00
-1.482266081484011622e+00,-1.706808953709576082e+00
-1.101121289712622797e+00,-1.193734595845236779e+00
-6.252090717815618204e-01,-8.904235025619049448e-01
-5.878751350641184814e-01,-6.258628396420845563e-01
-7.426637350408461513e-01,-6.434520271674013525e-01
-7.426637350408461513e-01,-6.434520271674013525e-01
-3.585198962270792489e-01,-5.862219360279072866e-01
1.058128171741551798e-01,-7.203309156608107555e-01
5.029661528444306917e-01,-6.863055994800959514e-01
1.129900423678607657e+00,-6.406950775812477739e-01
1.559934616991086376e+00,-5.338091212842325239e-01
1.836723214508244828e+00,-2.048162821394901301e-01
1.547569945837435235e+00,-2.142290518667779309e-01
1.297417235390491363e+00,-1.250842811158052736e-01
1.032251756703455259e+00,-1.790182705813943009e-01
6.792199090486120694e-01,-3.873968939434617731e-01
6.194280110590830724e-01,-1.823066982840635675e-01
7.309346342359933635e-01,1.245057764024799229e-01
1.962258221581529627e+00,1.815798882626357802e+00
2.509961208531326093e+00,2.905676049339012135e+00
5.171979693063046390e+00,6.201534459259894660e+00
8.223760931239839422e+00,9.211605981934281928e+00
1.161603615511440779e+01,1.212161001442641606e+01
1.247449762699144671e+01,1.232515761385885966e+01
1.123130710836650792e+01,1.061256109365607436e+01
7.582505729351507462e+00,7.297638645512765088e+00
4.107635817081192187e+00,3.989463458963034448e+00
1.067525828105387653e+00,1.312497760504842681e+00
5.277555658797352667e-01,4.554460517929496688e-01
-4.285698208088847827e-01,-1.558366476338213513e-01
-3.356242795054286132e-01,-9.283550458264513972e-02
-5.354121219696380551e-01,-2.538007964337255506e-01
-6.272105915303275436e-01,-4.193080192541990825e-01
-1.071446984121347423e+00,-7.603963658008019433e-01
-1.100075337040355761e+00,-7.095237481756245801e-01
-9.712306644537321842e-01,-6.941572258604974399e-01
-5.988727628223067256e-01,-5.421356615568077020e-01
-5.830048065735026208e-01,-7.984816282320228442e-01
-5.430895955400835140e-01,-1.033902691026141518e+00
-2.699790560065321032e-01,-1.323851493603050988e+00
2.216633210259504050e-01,-1.191485376869378721e+00
6.959713593857329572e-01,-1.138349551129988813e+00
8.906545724237295847e-01,-1.086331047642428604e+00
7.497554806634032509e-01,-1.100061883542628127e+00
3.780461967343789476e-01,-8.080773261223792581e-01
-1.046928937262112391e-01,-4.487373512556187549e-01
-5.268086337715377487e-01,4.165030361925951552e-01
-7.864092342321136186e-01,4.358354265624984625e-01
-6.434565307421457048e-01,3.959810923513831793e-01
-2.069792024600409786e-01,-6.308647387361947245e-02
-5.524114551771789478e-02,-3.144288749312745268e-01
7.217260317085961519e-04,-7.223092217615016963e-01
-3.879583078031765275e-01,-9.928002539935508741e-01
-6.092168314351706915e-01,-7.938595883413362975e-01
-4.500769847382038447e-01,-4.238374132918152903e-01
-1.289181110452064516e-01,-1.614464059581363353e-01
4.788954725781601196e-01,-5.241613740173448610e-01
4.900063037857596560e-01,-7.553387185587577823e-01
5.322895745685638502e-01,-7.940228613362182442e-01
2.375335096018983960e-01,-6.028215067437461272e-01
3.859885669123067076e-01,-2.390474506124903586e-01
5.725827536268184303e-01,-1.103912724258327566e-01
1.206311172573822921e+00,1.145449580948122714e-01
2.073528642853717852e+00,3.698655106811184479e-01
2.468792494178048358e+00,1.773929802054801941e-01
2.243615070045091642e+00,-2.393281658885865748e-01
1.623874912507803359e+00,-7.290668937742488254e-01
8.339041946184376775e-01,-5.861579179507564463e-01
3.712188879341075110e-01,-8.446959381584162596e-01
1.348821150700022231e-01,-9.509801829760660130e-01
2.283725124311749011e-01,-1.736638224920349138e+00
-2.313026840967117304e-01,-2.367940469870569942e+00
-9.238129555925598257e-01,-2.778513251873740764e+00
-1.548672738761915024e+00,-2.784860315175404999e+00
-1.890149998751721849e+00,-2.465174768163243879e+00
-1.606458757216326472e+00,-2.125738906866939892e+00
-8.268503088962353420e-01,-1.601485111618656365e+00
2.537490244844523568e-01,-1.101760178485673203e+00
9.898381056914731246e-01,-9.325588505502925285e-01
1.121472032504368110e+00,-6.467155143087192082e-01
1.401152362390460704e+00,-5.843566275174288949e-01
1.401152362390460704e+00,-5.843566275174288949e-01
1.513555861681315839e+00,-7.793554195958487529e-01
1.380025244455461486e+00,-1.000687831265188565e+00
1.300048244986113488e+00,-1.187607490352081907e+00
1.393307103752140508e+00,-1.251087233284212230e+00
1.633778586809101707e+00,-1.056578863458403905e+00
1.240967547450712916e+00,-7.490428113316445202e-01
1.520844000672633589e+00,-9.038470490682039005e-01
1.377496861051058730e+00,-8.589807408928696875e-01
8.079182647065983325e-01,-9.251147396214735030e-01
1.251707987057874005e-01,-8.296274249871650186e-01
-8.521969724584333994e-01,-8.480438345307153014e-01
-5.490147629363625326e-01,-7.237272061287098879e-01
-6.142159325484610743e-01,-5.613078541577878333e-01
-2.589408675360463929e-01,-7.686514618113903241e-01
-4.088467569987108696e-01,-8.064141073671341475e-01
-4.299706019538436785e-01,-1.194101236767786123e+00
-3.125341277925920980e-01,-8.504433178487651457e-01
-2.780169036854355236e-01,-4.936113609530144997e-01
-2.185298455713543808e-01,1.795140373881850271e-01
-1.337183968292896818e-01,3.550624579741620823e-01
-1.629715832479378948e-03,1.574397210433101935e-01
1.923587106339959274e-01,-4.685390664559380136e-01
2.607601570150491765e-01,-8.766953709004987605e-01
5.327114671568741189e-01,-9.875397362316654659e-01
9.162233153733847502e-01,-1.071512453840298251e+00
1.163697191623934923e+00,-9.857718546413706262e-01
1.129209244540687385e+00,-9.138247208654138865e-01
8.427045072027444794e-01,-6.501234082962653593e-01
6.762064649241177339e-01,-6.187342957341709360e-01
8.217963721462151483e-02,-2.132043202169054963e-01
-3.259950758345211974e-02,-1.437138660341414909e-01
1.062885541003289885e-01,1.201881444462889331e-01
5.720488667685553752e-01,-9.787890779600309787e-02
8.656694162640289347e-01,-4.533796051269100014e-01
9.785200468260512041e-01,-5.930745691971324174e-01
9.870192043088562572e-01,-7.358858051367761499e-01
8.319818703733150578e-01,-6.098106876827791289e-01
3.689520002082106176e-01,-5.970678077644051562e-01
2.263696220676325310e-01,-6.944015158656222653e-01
-9.272323752772386810e-03,-5.389829860990490440e-01
1.211694295435840341e-01,-3.964534598013719768e-01
-5.270253241595135307e-02,-1.469228963845919111e-01
7.872498687477361146e-02,-7.642204219344699012e-02
-1.681432598175164606e-01,-1.040704841001066222e-01
-3.640019620420179014e-01,-1.933223536286966804e-01
-2.414493832324755562e-01,-2.139239637778300451e-01
-2.407348554397955032e-01,-2.703047823853056975e-01
-1.338045174397515802e-01,-2.508206073724483787e-01
1.808944185572759489e-01,-3.082783388177915418e-01
7.292609109784825572e-01,-2.177032652407477065e-01
1.498336855225322228e+00,-1.963009517705328888e-01
1.466784549963526141e+00,-1.273022906945920907e-01
1.179877427514230304e+00,-1.378304738044609790e-01
1.490530262605250789e+00,-2.839273279974552366e-01
3.200664037686123731e+00,-8.838471421364483271e-01
6.050470447928195661e+00,-1.773702829326946118e+00
8.779864711301945235e+00,-2.668681603908778399e+00
1.069668840100369600e+01,-3.438599781909382980e+00
1.133910247988816167e+01,-3.786925338150530784e+00
1.093762802291801428e+01,-3.605124676207985601e+00
9.608509341453885355e+00,-2.825700830004656883e+00
7.659337941647759607e+00,-1.751986249693956221e+00
5.540195434864395807e+00,-5.991477103969427009e-01
3.481925607307896797e+00,-7.235800332553626868e-02
2.703786655967899133e+00,-7.035240175232929105e-02
2.910099660036158831e+00,-7.527018103905785962e-01
2.708950531123289984e+00,-7.991324707210463174e-01
2.644287073474457905e+00,-1.074285436116543924e+00
3.309527571313037431e+00,-1.397936242366530912e+00
2.700489585986848518e+00,-1.221501032531451703e+00
3.290003568151905977e+00,-1.328861057987416716e+00
3.379457743827796179e+00,-1.311747367389627827e+00
5.537581001343214737e+00,-2.096838371846882598e+00
7.700742234190135704e+00,-2.772016445052430278e+00
9.678733148217229854e+00,-3.301436060491231839e+00
8.139066594343246308e+00,-2.460314817076011185e+00
6.089969082097652198e+00,-1.331555244882759670e+00
2.875728552820763451e+00,1.393643636288537380e-01
1.981274001116837491e+00,2.139482142965422606e-01
1.412465641311250186e-01,1.433156839115889702e-01
-2.071397334080503638e-01,-7.857442776693704944e-01
-5.376327266016701634e-01,-1.110500652715740610e+00
-6.983832268690187695e-01,-1.469044471633834004e+00
-4.083026632950916834e-01,-1.267499160891430110e+00
-1.157050432002074969e-01,-1.169453137863009751e+00
-3.878761251042944780e-02,-1.167977167120733961e+00
-3.555551903627147681e-01,-1.215200659959812635e+00
-8.579345076356198474e-01,-1.191546597584781209e+00
-1.625151805736538169e+00,-1.132908059134311918e+00
-2.254529514499361120e+00,-1.023090326204000977e+00
-2.353125661782331068e+00,-9.257255178902272785e-01
-1.689673202816990072e+00,-6.143726278704718657e-01
-1.457555041914035510e+00,-6.669504501896653670e-01
-1.726794711685999850e+00,-9.623153216160484913e-01
-1.423365573996613787e+00,-1.237104788007059142e+00
-1.156826770064783183e+00,-1.014090082589319319e+00
-9.933937698051064080e-01,-7.642403893377416324e-01
-8.330698317641112016e-01,-3.826924051437334273e-01
-5.138919929650102025e-01,-5.555534367440188026e-01
-3.114260049879297165e-01,-8.996872537903221057e-01
-7.635335751594769516e-01,-1.389548980151812385e+00
-1.299764568471741599e+00,-1.843469945723220205e+00
-1.299764568471741599e+00,-1.843469945723220205e+00
-1.337725290791976995e+00,-1.720236910160864996e+00
-1.246673807595652939e+00,-5.534129052759305667e-01
-1.126427593310344921e+00,-5.685742602906982412e-01
-4.765860465586398420e-01,-4.916713963578727697e-01
-4.904627699263323093e-01,-8.766881177488269339e-01
-7.435062628348796387e-01,-6.780811600900428227e-01
-1.165788946032202622e+00,-5.802560922740880311e-01
-8.252048477172202468e-01,-7.592976602536085640e-01
-3.981799013382946173e-01,-8.183144996637654600e-01
-2.538293099145855214e-01,-1.225849884963639669e+00
-2.453016618223941014e-01,-1.397599132595775728e+00
-3.282961787047126156e-01,-1.635984995612329351e+00
-2.104749416520857452e-01,-1.580830430354173366e+00
9.870412690325254534e-02,-1.128419544691724230e+00
3.952168690659832451e-01,-6.819610616819774540e-01
6.230848337990342323e-01,-7.225465811223057422e-01
3.056385544230920126e-01,-9.829129280566856197e-01
4.439374008853371606e-02,-1.124962399274779701e+00
-2.132849047930632791e-01,-1.015049809284729987e+00
-1.305409280053915766e-01,-1.024254965875082801e+00
-4.167719086822501140e-01,-6.851549365746643083e-01
9.045502241013338163e-02,-2.899066277336509456e-01
3.868229844207220491e-01,-1.210212621718453896e-02
1.244144086103712299e+00,-1.521957610104011649e-01
8.561765174922579824e-01,-2.286413678439416231e-01
1.064064787214337837e+00,-3.083121322516002571e-01
6.230848337990342323e-01,-7.225465811223057422e-01
3.056385544230922902e-01,-9.829129280566859528e-01
1.400013364781914627e-01,-1.223710508507569017e+00
2.597249219527523675e-02,-9.792343541045896993e-01
-5.814891510367036637e-02,-6.302553588171280197e-01
8.303718284588784693e-02,-4.030998200353630989e-01
-3.554509924177511743e-02,-1.478456574148137026e-01
7.560482478238839121e-01,-2.843242170103997893e-02
7.757175805101992339e-01,2.453628896764081524e-01
9.948440601902824865e-01,1.671053458094838851e-01
3.356493377128252908e-01,1.567428449340677044e-01
2.271848160548077533e-01,2.463690316212403530e-01
-2.630326990673649123e-03,2.998799072888293574e-02
6.656406316328797867e-01,-1.292696611976432985e-01
8.165210773879300055e-01,-1.982477284840158671e-01
9.671068955158496072e-01,6.172660798343387878e-01
4.041708187850785450e-01,1.320950422774058941e+00
-1.285371961922116557e-01,1.604879250680836700e+00
-6.570200463761387555e-01,1.633384352710382847e+00
-7.697568055883771132e-01,1.259960390659718987e+00
-4.763072998111612666e-01,1.078980953217109739e+00
-2.162232250777139098e-01,6.492429288812689991e-01
-1.243071875144069055e-01,-5.033572717460563228e-02
-2.036540907200564687e-01,-7.462032512371062909e-01
4.924842887490191168e-01,-8.767637398419398931e-01
8.241932349110019373e-01,-2.108950608117980685e-01
9.856653517949265364e-01,3.162055641620389879e-01
4.219834363259538645e-01,1.031989113617366671e+00
-8.945062393299547943e-02,2.107666023407972489e+00
-5.117914889323300631e-01,3.155962922868583487e+00
-6.915859774256809533e-01,3.428508471256531021e+00
-5.701803802135656518e-01,2.886911778901625869e+00
-3.343921913371534216e-01,1.538467941389224825e+00
2.733691718379294144e-01,4.308323521675162526e-01
8.330475286837948357e-01,-2.933106142519771864e-01
1.547001159935464942e+00,-1.258682770631122660e-01
1.934995279707068416e+00,-2.885604318007358171e-01
1.920662734606076727e+00,-2.180634047316366009e-01
1.306513186213642097e+00,6.736095473447711868e-02
7.607272330768439783e-01,2.034073958360835266e-01
3.265338299739126704e-01,6.125096960571578542e-02
-3.788596358559223609e-02,-3.927534973478439828e-01
-2.569875220335949839e-01,-7.406920390882636429e-01
-2.999273562964976936e-01,-9.975050888390559756e-01
-7.773326139343439412e-02,-9.776121510842730178e-01
4.394734865144294678e-01,-8.223818632612271973e-01
1.068333294254026233e+00,-6.749014951973383303e-01
1.433187661144090796e+00,-4.381102318853604127e-01
1.209284030765710893e+00,-2.320827228498828932e-03
6.141026630811883269e-01,-4.233154461547074254e-02
1.303123339030590466e-01,-1.495030540946117592e-01
-2.405165218896935242e-01,-3.092527207213927598e-01
-1.306445518434654930e-02,-2.296858252381847598e-01
-3.604386476787223015e-01,2.073964535158825118e-01
-6.243695182480278882e-01,2.600844315204870472e-01
-1.239453395252462453e+00,2.621237564692185940e-01
-1.247048403668951311e+00,-1.034510289428145074e-01
-1.193981426552909841e+00,-1.263670669532234725e-01
-1.013166721922338587e+00,-1.924729199488968701e-01
-1.013166721922338587e+00,-1.924729199488968701e-01
-9.927020906944973300e-01,-5.040491029445227228e-02
-1.117160509018308767e+00,5.419779054551157049e-01
-1.106294111799873248e+00,1.691187264779847821e+00
-1.221006846238032351e+00,2.250716810504366450e+00
-1.335437504418105492e+00,2.029517964580896727e+00
-1.274468823135220807e+00,1.259642474196589923e+00
-9.542579663393386813e-01,7.834324889043285944e-01
-4.611663763639681779e-01,5.809470248348037602e-01
-1.428622640871992644e-01,6.277251686166478439e-01
1.245616814033063263e-01,7.383561893548703514e-01
3.617131879919984194e-01,5.989835392658082736e-01
1.966825061687136889e-01,8.238041004748668517e-01
-1.534393763580802102e-02,1.030780446131815076e+00
-1.345300800155579679e-01,1.208555690130177052e+00
-3.377744462660486890e-01,1.264455839309234886e+00
-1.248312287265091469e-01,6.101320028858452371e-01
-4.172967114127246191e-01,4.433731651557902831e-01
2.916614380669762738e-02,1.074193302901558546e-02
-2.577425957004495557e-03,2.760266461855158115e-01
4.338348813394424797e-01,-1.111177197531594031e-02
8.744628374198644138e-01,-3.168875878638786059e-01
6.956403977864411559e-01,-4.511546371435349867e-01
8.214650955570625968e-01,-3.137941030924277230e-01
4.078400579178027008e-01,-7.170356980043809947e-02
6.558557091877783574e-01,2.371914888932249998e-01
4.960842582938109202e-01,4.043207692687155741e-01
6.301318513545693945e-01,1.881396053644995014e-01
6.043389590404513179e-01,-2.611452385034437884e-01
4.850881493060906768e-01,-4.542789869704098038e-01
1.618620696590055974e-01,-3.391088841999387871e-01
-6.886438098332758884e-02,-3.555325999242574531e-01
-1.969288297504745433e-01,-2.548580854055258804e+00
-2.867112786360837551e-01,-6.160374191015095313e+00
-3.587460850451860139e-01,-7.620131056266975733e+00
-3.359549278067653355e-01,-7.544209821900691004e+00
-2.142824491423667432e-01,-4.447151745628191044e+00
2.853923439679369872e-02,-2.313896691776394565e+00
2.089367911294668367e-01,-6.649466213662530434e-01
3.571599359863761869e-01,-5.536547480662056264e-01
5.038631392585024571e-01,-3.795967480821496598e-01
9.464063959123721892e-01,-3.575484209683340575e-01
1.055707434113514642e+00,-6.467246459169725403e-01
1.591295249807803014e+00,-5.562790283049532380e-01
1.543903822978075713e+00,-6.247927561101124239e-01
1.214279826590951128e+00,-6.685270027566078133e-01
3.129367639541060786e-01,-8.219460603013675204e-01
-7.444940760524407786e-01,-4.524242034156628622e-01
-1.139490865389565233e+00,8.586193740148816145e-02
-1.361241750551863028e+00,5.613986896339069332e-01
-1.060059133947379717e+00,3.708089163188029724e-01
-5.997785402882650496e-01,4.778766219393277837e-01
-3.951395513266507398e-01,2.388969916172569707e-01
-5.233448758012068103e-01,1.992710847737632074e-01
-9.036363013629353791e-01,1.527486766476092162e-01
-1.193552010436997435e+00,1.421878300910642823e-01
-1.174066099332523816e+00,-2.135012981542805943e-01
-1.300325670812306100e+00,-3.592979458587824415e-01
-1.277647495225766150e+00,-1.765216626439915504e-01
-1.698991574155788831e+00,4.683216218598086344e-01
-1.954885689157397355e+00,8.835272452179893099e-01
-2.231673889994455706e+00,1.406762040696042382e+00
-1.743604501974121090e+00,1.371105883959433669e+00
-6.972521614425244429e-01,1.223132040871276693e+00
4.169263375892404144e-01,3.521580005259085655e-01
4.287160676404817017e-01,2.736472639059869816e-01
2.688970625946666693e-01,4.241709139995703676e-02
-1.024393447416957620e-01,2.290390404859355411e-01
4.402667075424214760e-01,3.437520509808998925e-01
6.610479455689668438e-01,8.026430646240514388e-01
1.334034703992103221e+00,1.112048893338464683e+00
1.589554306723827359e+00,2.331605366109891442e+00
1.104229051072830758e+00,2.226328727077352632e+00
6.627990296542550785e-01,1.589188111806763670e+00
-2.700274443413339664e-01,8.909380708512501523e-02
-2.207808626390643514e-01,-4.729092916023471260e-01
-2.566376864506068611e-01,-6.079732985657106958e-01
-1.528173900034978105e-01,-7.830308956891000038e-01
1.687054005233203369e-01,-3.089163379227459760e-01
3.667091223728449201e-01,-6.255897650023551915e-01
7.240027598630387196e-02,-3.881123288955648509e-01
-3.046347871524142034e-02,-4.085075298722606330e-01
-4.676992870712082806e-01,2.095227326493435682e-01
2.346329716170684754e-01,-6.845225526043673125e-02
7.179272114435827357e-01,-2.743153259974040470e-01
1.161921544977949416e+00,-8.490890331406318881e-01
1.101562262246351898e+00,-7.500184910709295494e-01
1.074297555232607282e+00,-6.138110357438956166e-01
9.791705309244648214e-01,-1.963705517891456975e-01
1.299980131893663238e+00,2.468245448402633935e-01
1.952584533799976541e+00,6.070751686744473297e-01
2.801931739764216278e+00,8.359231367808268587e-01
2.962607608488177835e+00,9.019320686529671560e-01
2.727278723301032493e+00,6.665659460985202678e-01
2.338972892417666039e+00,1.422843080187005116e-01
1.688765428295846860e+00,-1.315526043079137397e-01
9.726534469693045581e-01,9.126311481546132628e-03
2.454520207935899645e-01,1.526517760456445605e-01
1.456246644839587767e-01,-2.108270474594250432e-01
2.318548940688623106e-01,-6.313163855758285870e-01
4.481849784815491455e-01,-1.060826813745498365e+00
7.055048222110881229e-01,-1.513525354626731101e+00
1.136341092069456771e+00,-1.899747136220501176e+00
1.741844452121964038e+00,-1.927071450605015723e+00
2.039728410877926112e+00,-1.397621984597591016e+00
2.064282737628936992e+00,-8.396331698929380138e-01
1.688765428295846860e+00,-1.315526043079137397e-01
8.646132210273778096e-01,-4.390749908684881686e-01
5.168784879817789335e-01,-6.037905983773067531e-01
9.473329392628528078e-02,-1.177286420170081005e+00
4.481849784815491455e-01,-1.060826813745498365e+00
7.457462938237665595e-01,-1.046425078984714041e+00
1.615930411785214682e+00,-9.582056136146047676e-01
2.262364724401222826e+00,-8.867370822343897396e-01
2.432465512110871586e+00,-6.435198839478968313e-01
2.143381235049699907e+00,-5.338720506246820152e-01
1.912347802416585862e+00,-3.082197608635169894e-01
1.912347802416585862e+00,-3.082197608635169894e-01
1.958196943326024231e+00,4.029715162600070594e-02
1.531440528579390614e+00,1.005772375139632607e-01
1.400708360190334290e+00,1.486893331242835070e-01
7.765803911747579669e-01,-3.532128841870241232e-01
-1.766371319549456861e-03,-7.619040376356632782e-01
-7.666265207011474514e-01,-7.769023980480498359e-01
-1.705393145283487177e+00,-1.878869596301217804e-01
-2.548719269400613108e+00,2.881494820362369702e-01
-3.031142442737867260e+00,4.084107865818246141e-01
-2.667079083148152563e+00,3.348672438321040890e-01
-1.684297240741718271e+00,1.668868832513675793e-01
-5.306827446103686841e-01,-5.517190234783127950e-02
1.293044573087602234e-01,9.644267380677624957e-02
1.774631901035559345e-01,4.134096382213139353e-01
1.519308323865467547e-02,8.248982788657287513e-01
9.833426811233907383e-01,9.018645442172459337e-01
1.457525999270634864e+00,7.483017642936991010e-01
1.784323472152351098e+00,4.913960495919542648e-01
6.935368319040471352e-01,1.581669551990391998e-01
1.605636293222800215e-01,-3.356388670924966705e-02
-1.737503564548481261e-01,-1.846666643192327872e-01
8.357717193599609184e-02,1.018397936073726778e-01
5.027081325591075123e-01,1.843725609066100557e-01
3.997705818549619483e-01,7.030270580812842951e-01
3.486227649269790230e-01,8.252268129790488738e-01
5.151702163016546633e-03,8.049359786522882754e-01
2.743512756818774698e-02,4.571969279966613398e-01
-3.533110787262554453e-01,3.156054983605450781e-01
-3.806453734059755956e-01,4.505248503689415762e-01
-7.054092185994410846e-02,-5.540873020337358512e-02
3.478213865893632906e-01,-3.376633903113115398e-01
4.052640506852628333e-01,-5.344832072992581340e-01
2.912308402658037032e-01,-1.264409565110563016e-01
2.786516097663584990e-01,2.538859610495897701e-01
3.440154713738334258e-01,5.478558710936161091e-01
2.774106678451713215e-01,8.515534412104144302e-01
1.297069320204401466e-01,1.098795271532797990e+00
-1.778543548443767830e-01,7.928913087637420309e-01
-5.401447897719372504e-01,7.478937736187566410e-01
-6.109001871268220363e-01,-4.774226283095590884e-02
-9.478561040759748701e-01,8.735674998673748082e-01
-1.595217233091471787e+00,2.102665556636745592e+00
-1.954405654385684921e+00,3.275671848612891512e+00
-1.798801386726164520e+00,3.265026483282203351e+00
-1.005724294612219349e+00,2.021844230708173207e+00
-3.673649480436173009e-01,7.929474234340024852e-01
-1.629408915079357673e-02,-4.316587232961549558e-01
1.355749979652888237e-01,-1.929587491781605546e-01
1.810642218162488992e-01,2.034751826076275083e-01
1.816700381197102199e-01,1.016658616756909828e+00
-3.287223304528330003e-01,1.433621848723850123e+00
-6.799475135558792349e-01,1.444944749373773485e+00
-7.956256593422705858e-01,1.004643262540966697e+00
-5.501394612475800638e-01,1.377386345619867891e-01
-5.635626852688092603e-01,-4.697644220326251951e-01
-4.465132007414406856e-01,-8.280745076222507661e-01
-1.383796492425509173e-01,-8.021051826842864330e-01
4.461442575916026859e-02,-8.300793777651851446e-01
-1.914693969775805582e-01,-8.267501168560946745e-01
-8.464045613540758239e-01,-4.431120593377294581e-01
-1.173862401752533868e+00,1.717900635023427158e-01
-7.405808167151902710e-01,5.204239514116090204e-01
-1.653144393311668237e-01,9.648303668877804551e-01
1.014292149053259706e-01,9.973740176075857056e-01
-1.650464836595759988e-01,1.181997417631697189e+00
-3.055605875737693600e-01,1.157685835255976681e+00
-5.819469847848038890e-01,1.133645123659810183e+00
-3.218869675238362760e-01,9.429849958086311545e-01
5.593446237145432987e-01,6.667981697082935311e-01
1.904340767158853476e+00,7.185599248102948755e-02
2.893672304478628998e+00,4.066152370549806772e-02
3.377469391483848060e+00,1.048352876042872757e-02
2.918708597006000716e+00,1.907214250182211746e-01
2.383474770615847227e+00,8.260052196701048177e-02
1.851804571896583207e+00,8.553552058651765766e-02
1.945688366879208875e+00,2.776716872837455274e-01
1.941372677349638476e+00,3.628696036618181964e-01
1.699424344316246671e+00,1.994098428470688911e-01
1.317026480210825801e+00,-2.961629126946821455e-01
6.373952580207882246e-01,-2.158099914965235511e-01
5.106986341077719427e-01,2.137320817154511610e-01
9.737229350217366242e-02,6.307372472047697576e-01
-1.131016208315913096e-01,5.173239551289275928e-01
-6.157398369388075166e-01,3.255988020787053960e-01
-5.638130516764287004e-01,3.112856311788839703e-01
-5.411388789135089805e-01,6.391131921774452218e-01
-1.800846098547443097e-01,4.274717630262248047e-01
-4.829261091678462292e-01,5.160807836226492112e-02
-5.625472304650565025e-01,-3.111904994302632232e-01
-8.295018095240060951e-01,-2.968652505288779109e-01
-7.761973940496157409e-01,3.895145178250036255e-01
-1.014522605066651595e+00,5.664790720309536010e-01
-1.137748884909115077e+00,7.697070133922155888e-01
-1.186428892627651610e+00,4.610551012245693303e-01
-8.929101621655114451e-01,5.563924249670080258e-01
-8.995519569632637324e-01,7.111731173753212953e-01
-6.076681162410698667e-01,1.202492511117396079e+00
-3.238711761256856114e-01,1.452888240616038606e+00
-2.238077249424770543e-01,1.856287050958512319e+00
-3.612579989542842318e-01,1.982471608165645494e+00
-7.372691903440404815e-01,1.813876824385715736e+00
-7.711292824393318757e-01,9.395749342677750526e-01
-6.417801596083464455e-01,-2.417468191427451785e-01
-3.353174154579717792e-01,-1.127003329132457710e+00
1.685489003202960689e-01,-1.004681700011711865e+00
3.106315901989640249e-01,-9.925772883712509209e-01
6.410678361797336189e-01,-8.496318335739402317e-01
6.459885989821266827e-01,-1.058570491396663593e+00
1.181085358508896732e+00,-7.335474231090450825e-01
1.467077036371576160e+00,-3.776436172603051533e-01
1.760728561817755944e+00,3.256667134326293039e-02
1.735734829860778872e+00,1.039983802583106798e-01
1.651587955965839738e+00,1.939293334432931337e-01
1.762664558977675044e+00,3.015531340711515018e-02
1.664430628564590231e+00,1.191757787727655039e-02
1.802070087735428761e+00,2.870275110441103741e-02
1.371138375882395621e+00,1.644518662176674417e-01
1.071581579520280547e+00,6.083290642789351832e-01
1.828087524271820030e-01,1.089382682917626743e+00
9.494492404677792874e-02,1.414746338911498036e+00
1.646822163989728749e-01,7.161354941163775578e-01
1.083583576034514273e+00,-3.252780499322457941e-02
1.420489027609228572e+00,-4.378434147151943345e-01
1.760728561817755944e+00,3.256667134326293039e-02
1.735734829860778872e+00,1.039983802583106798e-01
1.941809427471621108e+00,5.080945272448164629e-02
2.367600465637430318e+00,8.210790019341218660e-01
3.143003634975865879e+00,1.931447337879598880e+00
3.659918033287387740e+00,3.134030452976259706e+00
3.748692018926988112e+00,3.511815893954342460e+00
3.172064638620883059e+00,3.034907068380602535e+00
2.008072040072904407e+00,1.813772656197548017e+00
1.024795943927774733e+00,6.402982157285163067e-01
-2.036602557119717993e-01,-1.738651924736344667e-01
-7.380306281169949356e-01,-2.588265612810996541e-01
-1.398441832578801947e+00,-3.822028441570031743e-01
-8.770508379197382576e-01,-3.550631480030969622e-01
-4.684267745459412824e-01,-4.981698159568648254e-01
2.159116559310117200e-01,-5.600695194012283995e-01
1.362208068945144623e-01,-8.918601116254269989e-01
-3.502262447315758753e-01,-8.240740046713967981e-01
-8.251554396741050956e-01,-8.116246412817185174e-01
-1.214356017550394684e+00,-6.556986873710295427e-01
-9.586679668972141188e-01,-8.304373196220234954e-01
-3.738986202667700653e-01,-7.732645877095146725e-01
4.733657412267709419e-01,-7.038523101412077487e-01
1.034340798592657595e+00,-5.000344030749083180e-01
1.456429456376475695e+00,-2.643336471296729995e-01
7.660184224534051234e-01,6.857580205287369668e-02
-2.147270086519050547e-01,4.049550842796489913e-01
-1.660572407637300518e+00,8.185945459497134813e-01
-3.015192489987125857e+00,1.233927940509886412e+00
-3.729576175057728982e+00,1.398030794440179525e+00
-3.917099454636281397e+00,1.245962794717941913e+00
-3.158302484282154765e+00,5.995816577477043330e-01
-2.351001364817549621e+00,1.776801080017199608e-01
-1.657508897287305771e+00,5.666647952047714626e-02
-1.154653177665187158e+00,3.072225534167499772e-01
-5.403201497130550451e-02,2.267913438999426823e-01
7.785185380636233665e-01,1.098527098776649197e-01
1.375226104549706951e+00,5.888164986462490064e-02
1.000364317111640311e+00,7.460134709816640397e-02
6.620796228184876453e-01,-1.584858515755722605e-02
3.001848295088090368e-01,-8.114164265286509525e-02
7.030755506036290292e-02,-3.589826627953728311e-01
-2.387595421362726997e-02,-4.074532165838347098e-01
4.201582938849301452e-01,-4.520440319324252609e-01
1.136179645759248569e+00,1.058974651156513284e-02
1.329484415357672145e+00,2.739566863313742107e-01
1.003696621447243809e+00,3.341508383616242917e-01
4.800002297003201912e-01,3.573716535776918501e-01
3.845872204429743313e-01,1.381046782746557233e-01
3.940202048560520476e-01,-1.704976720184558647e-01
3.696820289014005612e-01,-5.425279397660386360e-01
1.245973970695007371e-01,-9.971850739913314943e-01
-3.542023149152738193e-01,-5.061138146305466101e-01
-8.380019428315481633e-01,-3.910414556889703075e-01
-1.196195319666710555e+00,-3.751983637421562601e-01
-1.047715114615533016e+00,-6.901599555292569077e-01
-9.617556039549025604e-01,-9.865699558071012731e-01
-7.430281832120765317e-01,-1.155845237342045140e+00
-9.244224242666198021e-01,-1.343757727093719323e+00
-8.328794373874365276e-01,-2.485200637448381489e+00
-7.222448544382575886e-01,-4.357694593657494231e+00
-5.214024762738174168e-01,-6.901166479493832995e+00
-4.605213833235494714e-01,-9.237705115523459298e+00
-4.020844561739040368e-01,-1.047276502077466276e+01
-1.320651467667183498e-01,-1.151265904150914388e+01
2.623889653574059677e-01,-1.126947815404792941e+01
6.720122116099640497e-01,-1.030021730532734381e+01
8.361112285431281377e-01,-7.132665890990971924e+00
7.715302109226157556e-01,-4.125872766026493110e+00
4.270008190056865383e-01,-1.796157935454300025e+00
2.977226599567111553e-01,-1.752879603077243775e+00
1.023018027023192833e-01,-8.724536313584909664e-01
2.277407168432180051e-01,-3.751531588541293094e-01
-1.659148312280320781e-01,1.038710203993277320e-01
-2.804814994296427333e-01,-1.623718824239303304e-01
-4.666247368513036231e-01,-1.404974930565807023e+00
-1.515565908816912943e-01,-2.586367077558830552e+00
-2.065163027973634935e-02,-2.985061113750357542e+00
2.964672459341092248e-01,-2.599137805855944894e+00
4.535999170282937754e-01,-1.539090920353235470e+00
3.594354024782508983e-01,-9.143089591035978847e-01
-3.317553369015675546e-01,-8.918617779108852783e-01
-5.495350302611721194e-01,-1.281767421638403182e+00
-5.405549653035782720e-01,-1.221218193365670501e+00
-2.663655190296445596e-01,-1.263286941439468514e+00
-5.234914388838907140e-01,-6.451243099109343904e-01
-4.729906854562227481e-01,-2.280569427817299433e-01
-4.956687111702965942e-01,7.113125860392538469e-02
3.735440279409497737e-03,-2.759069810521606048e-01
2.409658741156316120e-01,-4.803839931584270029e-01
3.895190658765383951e-01,-6.790523974231966742e-01
3.627487656273266636e-01,-8.888536082421342188e-01
3.051655948413120600e-01,-9.192908820257748026e-01
4.787266356842185266e-01,-7.556994985976852597e-01
4.455137305806353143e-01,-6.395354746699315474e-01
6.607477485630033343e-01,-5.516944513133918981e-01
4.209919040721116779e-01,-5.370451697510473243e-01
8.796629125863243415e-01,-5.117584067605479570e-01
1.033483575282741151e+00,-4.258498392902244634e-01
1.510336305126078527e+00,-3.131091277854860522e-01
1.219764923244512689e+00,-6.299214245801499912e-01
7.981027732390926221e-01,-8.150109545360318952e-01
-1.288636503491122354e-01,-1.050490950164344683e+00
3.367420161383995469e-01,-6.968204654917938834e-01
7.529440772456633679e-01,-7.869431581871620951e-01
1.766364207205193271e+00,-8.057440955891012058e-01
1.313514655479146365e+00,-8.255514989186468755e-01
2.103910227596688998e+00,-1.206709145215653534e+00
1.518607348534430912e+00,-1.099026934267701927e+00
8.717201099859758218e-01,-8.277713396115368161e-01
7.974080577317707585e-02,-7.519356367778848860e-01
4.224833793371974427e-02,-1.110644132506495962e+00
-8.274346976920970986e-02,-1.258263199689208633e+00
4.881610831531846967e-02,-1.093620623514045986e+00
4.886152257262524334e-01,-7.030983550262113191e-01
8.181303069424458174e-01,-4.739050028894373212e-01
1.251318203452166600e+00,-2.635101697726380809e-01
1.373260030216132632e+00,-4.172598154267483928e-01
1.204056555471995527e+00,-2.970547954595145757e-01
3.860764815717739329e-01,-3.784496961004346072e-01
-4.154400270527887629e-01,-4.111357577445236555e-01
-8.078415909042966359e-01,-2.977931126230717318e-01
-1.045663057159140985e+00,-4.894059634502508360e-01
-1.094446235059288508e+00,-7.149150873358227631e-01
-1.570970290809925896e+00,-1.219724220825856964e+00
-1.692659879763445341e+00,-1.219768754700272906e+00
-1.900954387516897937e+00,-1.048616977156047181e+00
-1.477422431074581155e+00,-5.583301862237770585e-01
-1.247348768189889601e+00,-1.606383428862017682e-01
-7.180147642013100517e-01,6.057799112323163093e-02
-9.265205042764912413e-01,-2.911952361084497731e-01
-7.951598110261129948e-01,-7.745176364347514664e-01
-8.904637816137068729e-01,-1.202831459223682398e+00
-4.732930489066950464e-01,-1.131593899304838224e+00
-6.011166229222871804e-01,-6.973589536852621285e-01
-8.123337312929141962e-01,-6.548853825670574169e-01
-1.304382452180669505e+00,-7.717573570924619597e-01
-1.231186557634024403e+00,-8.390694655498621701e-01
-1.114018207031985508e+00,-5.863377274771027770e-01
-8.162334746429819043e-01,-4.059057253501550111e-01
-7.768418121114177843e-01,-5.158199464638615339e-01
-5.302692892456913887e-01,-4.913342166708566938e-01
-2.666790570722703535e-01,-6.408669788787141330e-01
1.160388020236469142e-01,-2.160202464793262722e-01
1.014523981746421749e-01,4.196513047188183965e-01
-9.382801118658905259e-02,1.039138639384404428e+00
-6.408039725200409542e-01,1.140786158349825996e+00
-8.685920624117343669e-01,4.523561448149939768e-01
-9.595927987109942325e-01,-1.363582340570329288e-01
-6.714036540859865676e-01,-6.392855712407505830e-01
-6.714036540859865676e-01,-6.392855712407505830e-01
-8.587700066554609934e-01,-9.058915280253038160e-01
-1.069535930433188842e+00,-6.532828699571967546e-01
-1.084430783062826142e+00,-8.447716684403212550e-01
-9.538241620688735489e-01,-8.881983417846439632e-01
-7.248748096499041393e-01,-1.179003548763309706e+00
-8.123001824462062759e-01,-1.163560563464833164e+00
-9.746393357888248898e-01,-8.313487534990219308e-01
-1.133955392334396794e+00,-6.034764034368308439e-01
-1.232593658309458551e+00,-4.637300642661482813e-02
-1.179073581656575609e+00,-3.093107411139704721e-02
-1.215157359845699503e+00,1.659247966707039779e-01
-1.255153227144977235e+00,-1.565386568378103194e-01
-1.408188763145143296e+00,3.845749151734018101e-02
-1.503703767106596922e+00,2.347439465766984201e-01
-1.457618508856240114e+00,6.606844296947868012e-01
-1.364640669958764985e+00,6.642281765326560894e-01
-9.870890029613001992e-01,3.836662296529356198e-01
-9.637445273802363044e-01,-1.097054504010745862e-01
-1.273390790918265347e+00,-4.580773034064779536e-01
-1.143629364828550932e+00,-8.755449225486673370e-01
-9.479841825868364769e-01,-1.248895982082988354e+00
-4.044870631025568875e-01,-1.177819592074436539e+00
-5.742016420497197959e-02,-1.135224058085936960e+00
8.954202089377008567e-02,-1.085650808754065055e+00
-1.639556750806277774e-01,-7.320970126903175723e-01
-1.379643374125443800e-01,-6.434574374811595776e-01
-2.722940354267458507e-02,-2.946111594662366717e-01
4.782876800256198879e-01,-5.742236711751950162e-01
5.728571120234488001e-01,-1.919666307766663971e-01
5.196996642004497735e-01,-1.241918971548476858e-01
4.411339008954219820e-01,2.963893510969923262e-01
3.363046652932374370e-01,8.086403945849002239e-01
3.873451820991902217e-01,1.022317232672710574e+00
2.218393810267481336e-01,8.906022167732577932e-01
7.613885721075544510e-02,4.016908855129011080e-01
-1.235295644248344538e-01,3.277138298181939691e-01
-4.028326248135974952e-01,7.355948816069590723e-01
-7.346638376783689584e-01,8.645238595689734851e-01
-4.781581618627270824e-01,1.191198880802431415e+00
-5.098224330038229057e-01,1.154345189744098166e+00
-3.227984926816054867e-01,1.266666743588739985e+00
-5.355931590359646055e-01,1.493143113342924488e+00
-1.325392961345992771e-01,1.564778732710818465e+00
-2.780635291355799260e-02,1.893739088288501682e+00
7.331497098531020162e-02,1.672756817492337067e+00
3.235563800308896565e-02,1.336774664009856561e+00
-1.253296186623824304e-01,3.096766220823585214e-01
-9.253034667799339141e-01,-7.354300531883914971e-01
-1.933551188792151043e+00,-1.375232015175095190e+00
-2.398922352277276460e+00,-1.425350105319409755e+00
-2.195322258248017189e+00,-1.413908388726448528e+00
-1.645776636694048944e+00,-1.167884595133148240e+00
-9.180614990932597363e-01,-8.152316040993866642e-01
-9.929594308850160367e-01,-1.146109461895289394e+00
-8.215042415826152578e-01,-1.334266634917353755e+00
-6.841386088655257991e-01,-1.393450396256032731e+00
-5.981517448755551136e-01,-1.376568915791132941e+00
-2.391970451004615250e-01,-1.146810060779821061e+00
1.423737253739799646e-01,-4.383177568818864556e-01
3.569330728390586183e-01,4.048407695372892023e-01
6.040514523993706364e-01,9.737528522008309650e-01
9.578819181888080792e-01,1.236151719772381252e+00
9.187211098599071812e-01,8.083628676252284651e-01
1.193245067798170300e+00,7.957241691789169735e-01
1.388189262733154461e+00,8.301515758460671357e-01
