-9.815953505182702932e-01,-2.475779434242973143e-01
-1.128910747106838919e+00,-7.143303731777479737e-02
-9.706010029250369264e-01,2.054497265193943878e-01
-7.572928468330004659e-01,4.347795497812120269e-01
-6.851325039891092983e-01,6.739151015763180652e-01
-6.431481306978141799e-01,8.922261951093866106e-01
-4.883076637923244312e-01,1.012598383176083416e+00
-4.169460922990478324e-01,7.217592357272910597e-01
-3.512366819393485384e-01,9.645608543925635603e-01
-4.676304932380844215e-01,1.128369184455172425e+00
-5.450280668683512575e-01,1.028657885314131049e+00
-5.959286796294031019e-01,6.415630400178051751e-01
-5.054173935424119968e-01,1.756107959201609892e-01
-4.314269307627111028e-01,-1.354860993283790449e-01
-2.311741619589403884e-01,-5.465790752939618802e-01
-1.433721741644034542e-01,-6.844868470480519607e-01
-6.879252265751840956e-02,-6.922504133318821973e-01
-1.556755725663931146e-02,-6.695229123056909426e-01
-1.749902863464732061e-01,-5.229537376972859253e-01
-3.969315102238002990e-01,-1.824703823248812751e-01
-5.870617043166792559e-01,1.500235078666299904e-01
-5.228555451958553091e-01,2.592335149336992828e-01
-5.194283521780824753e-01,3.147192309618774830e-01
-5.742233486181844704e-01,5.857138615097220447e-01
-7.125332901871390678e-01,9.471383944195820304e-01
-7.300979304364304534e-01,9.470929898364390809e-01
-6.477761490565003832e-01,8.861906892471316244e-01
-5.165659857997147997e-01,6.716227921077793095e-01
-1.028398872939378372e-01,4.542283940409456156e-01
9.509571520407689160e-01,-2.676065624279777566e-01
2.140407695468109051e+00,-8.988484188261903762e-01
5.806712464154776931e+00,-7.558122059852687702e-01
1.024848035324345830e+01,2.676760229514147937e-01
1.474688661855553917e+01,1.511854966685033386e+00
1.742250746584226562e+01,2.392780121851316277e+00
1.782324399288726369e+01,2.845137252391896521e+00
1.560841895006550040e+01,2.695695257472568773e+00
1.173769223184572752e+01,2.000132685501020635e+00
7.082773075931697804e+00,1.082292559556179423e+00
3.410016528005954228e+00,-2.666371577930664039e-01
7.807113320332169648e-01,-1.898781913031380553e+00
5.258656173939886269e-01,-3.101229176247829233e+00
-1.674823096500969444e-01,-3.823581544326571269e+00
-6.067805846045710716e-01,-3.773333454729187242e+00
-7.800004260090068753e-01,-2.762641084071214781e+00
-7.521999662587597335e-01,-1.450328126941635043e+00
-5.868803547397331011e-01,-2.777944846526412825e-01
-4.572524170525066323e-01,8.602271329060322269e-02
-3.012713290918133113e-01,4.362853785158499198e-02
-2.277098056148223471e-01,-5.680347240303129652e-02
4.186396839121132862e-02,-3.291225552377596841e-01
1.883752090438211568e-01,-5.856504968563021052e-01
3.834807172614612680e-01,-5.508129464583640944e-01
2.772250550112159706e-01,-3.858072950577913773e-01
8.704549488527665857e-02,-2.399421855900389089e-01
-1.451710782703382330e-01,-7.335156580213024469e-02
-2.615056299214847391e-01,8.528714726513025868e-02
-4.008133720804544220e-01,3.966498441041192979e-01
-4.626092397235715969e-01,5.332569657640077176e-01
-4.294487143160250486e-01,6.290847014441993679e-01
-3.212335449859304859e-01,5.695309093974548764e-01
2.581483454164157972e-03,1.439528273514779633e-01
3.938752838955817959e-01,-4.105414587335979859e-01
5.756979057707218850e-01,-3.271872676296772031e-01
4.955776597454292220e-01,-1.125380323231580243e-01
2.347530893216685441e-02,1.963328707363151127e-01
-3.366070443843895976e-01,-9.692011187724496046e-02
-1.212075390720489976e+00,-1.609865382089969432e-01
-2.033115123363583354e+00,-2.168341572097921277e-01
-2.480956759310738224e+00,-1.132227262641282289e-01
-2.167171525364422813e+00,1.092418283888991898e-01
-1.767922163810955904e+00,1.505406798277286462e-01
-1.744509618354958880e+00,5.713338981061331923e-02
-2.191678007740447853e+00,-1.814101184398051458e-01
-2.459074869920557127e+00,-3.304146621502254688e-01
-2.225122048811720710e+00,-5.970292576114800687e-01
-1.751202379033136580e+00,-7.567656517071055244e-01
-9.029822558593458837e-01,-1.537429745376829304e+00
-4.470768476230124050e-02,-2.426271602713137909e+00
4.564313494207174471e-01,-3.092653622121867674e+00
7.125273208028176652e-01,-3.056502065695196002e+00
5.392411840169275550e-01,-2.220864145733659534e+00
2.316632764113131793e-01,-1.256481315664933041e+00
-1.035842153805030114e-01,-3.785061197915278730e-01
-2.914395394315334453e-01,-1.348832979507298413e-01
-5.402377337162459492e-01,3.485037786170464003e-01
-1.000098831479767858e+00,8.556177122074426489e-01
-1.101848364287545401e+00,1.011421511091969538e+00
-1.300317683932977753e+00,8.922532082039810186e-01
-8.875206641354664860e-01,3.384876313260815617e-01
-9.506005805769015549e-01,9.030024474433896720e-02
-1.097719901680570320e+00,1.111769731419934119e-02
-6.930962235388905546e-01,-3.640624548473474498e-01
-2.579951586583735801e-01,-4.289571653171878607e-01
3.297249580594554391e-02,-8.621904822772201715e-01
2.445580107122841407e-01,-1.294279330916998427e+00
6.407857958694556100e-01,-1.457505633840417758e+00
8.039836625388794289e-01,-4.677017226918844806e-01
9.404696806941198473e-01,1.027346441826672674e+00
7.234993078700366897e-01,2.550456849992464470e+00
4.309913422320496568e-01,3.361863582247745175e+00
-7.587837881802081408e-02,3.310926904328344911e+00
-3.597073145022963714e-01,2.323681487185180305e+00
-8.465259030234111304e-01,1.130030207802572129e+00
-1.123114334949233628e+00,5.593954347622015488e-02
-1.133012624927776324e+00,-4.462421466806922310e-01
-1.015899581245522265e+00,-6.669909406050237299e-01
-1.578526715550981896e+00,-1.073033425623266313e+00
-2.656346436312064352e+00,-1.317225200558663323e+00
-3.319482891753901654e+00,-1.743071042307464458e+00
-3.049877833757649981e+00,-1.683720571668499089e+00
-2.094001663403507241e+00,-1.115654322915484054e+00
-5.321365853565611648e-01,-7.311875109343567436e-01
3.427921790007010250e-01,-2.420590050361643986e-01
3.297840878657876118e-01,-7.606850813824372892e-02
-3.121251537955755384e-01,1.911607774942496729e-01
-8.047080306995041399e-01,1.118503295197119940e-01
-8.520776034413591882e-01,-1.019741122493727781e-01
-9.521077358955054581e-01,1.725447069609474804e-01
-7.308823642378153851e-01,3.386030974866999776e-01
-5.875134813500780817e-01,1.931577558363039571e-01
-5.741295791515660385e-01,-3.192995878323031667e-01
-4.979057667311548308e-01,-4.849909091817198870e-01
-6.613281693259825955e-01,-6.947433968119780534e-01
-7.295162545830495837e-01,-4.304106552914272465e-01
-9.255128167277855145e-01,-3.234477029941988935e-01
-7.758855025702252606e-01,2.101784795014922588e-02
-7.879471413352379106e-01,3.400425391345774928e-01
-5.531618938159955645e-01,6.175251641811311254e-01
-3.182097838304871473e-01,7.946482857942145372e-01
6.515630321127530156e-02,8.284447120457597569e-01
1.831200332012271059e-01,6.829872356287238766e-01
2.826293206615898002e-01,5.482279897316821859e-01
2.974701305574539156e-01,3.882560436076773480e-01
3.010507478684953386e-01,2.657600923447241970e-01
9.815046972772180356e-02,4.494120356804019445e-01
3.159224659863014706e-01,2.273908802967602172e-01
1.358253866693718281e-01,3.941930671597164149e-01
4.318643346063790953e-03,1.219712926948879755e-01
-5.912714702983065118e-01,2.387356363866050268e-01
-5.670901143676383427e-01,5.358965499577378333e-02
-4.741792579198451096e-01,8.157495792688393421e-02
-2.549066450802534023e-01,1.477044134266418951e-01
-3.523197207561667432e-01,1.707450263309515937e-01
1.905950542493769009e-02,2.499661964355101573e-01
1.213986940723064956e-02,1.701332531991489316e-01
6.037339739528392313e-01,-1.121130847354705057e-01
3.795773264030702365e-01,-3.338562667434064046e-01
2.899739156182414290e-01,-3.197034365970136682e-01
-4.790602822305397024e-01,-1.881376300015875080e-01
-6.930793006056347183e-01,-2.458760033461067085e-01
-5.964827445261379202e-01,-3.778484419446312970e-01
-5.320228882626600875e-01,-4.975824159626103804e-01
-3.631579153382649139e-01,-2.943708448260564658e-01
-5.233270548772404884e-02,-2.112751448883109229e-01
2.642173981382832659e-01,3.956897914488341494e-01
2.864903283917573096e-01,8.212999344917223388e-01
-3.487432493671336481e-02,9.925890425855591337e-01
-1.296178547777639412e-01,6.828877576787232284e-01
-5.197051652472439720e-02,1.986621556185315940e-01
1.450706108762303548e-01,-6.126733658610377699e-03
3.604562507557158013e-01,1.468360965237460181e-01
5.946789995205543633e-01,-1.771970531825557971e-01
8.085256804297104027e-01,2.173537321538814571e-01
5.504766122019812968e-01,6.393059091189828846e-01
1.431534246823285284e-01,1.004194706937905357e+00
-3.099812003546714156e-01,2.875055242192220417e-01
-2.668004000842213452e-01,-6.003783929758956806e-01
-3.212965596015166514e-01,-1.492913130373529240e+00
-4.067964543338938310e-01,-8.583003153688284481e-01
-6.457150830328550750e-01,-3.363500198973218835e-01
-5.898881048475239641e-01,5.023457397794243162e-01
-5.607210012614894934e-01,6.824955559582517317e-01
-1.944978904132950992e-01,5.355223528803653155e-01
2.121314783900930256e-01,-2.579742354381159286e-01
5.721576237179554214e-01,-1.131634091926727592e+00
6.939580257137254460e-01,-2.228893827357564028e+00
2.414216239332474256e-01,-2.233169103701575509e+00
-4.495415312284855441e-02,-1.953125221645956477e+00
-2.116404789538531561e-01,-1.222121113599778042e+00
-2.442179484279762558e-01,-5.309292166968380133e-01
-1.289006798289248634e-01,-1.706516417767583171e-01
-1.369531279203838221e-02,-4.308032570861036192e-01
2.787061262420045815e-02,-5.916872420057864845e-01
-2.231863906981771395e-01,-5.127028210601943803e-01
-3.686431903053328241e-01,-2.911230407110387830e-01
-5.676040635974798354e-01,-1.190748149878535778e-01
-4.836051241197500405e-01,-1.452926932187955655e-01
-5.437164390569101391e-01,1.591535774372518364e-01
-2.332720230055981836e-01,5.947204562738550582e-02
3.119926842975077053e-01,-5.942022382433858052e-01
7.213794139283365991e-01,-1.592561204611131487e+00
7.503617201771939360e-01,-2.204721941666490270e+00
2.332997474056258125e-01,-2.049591420622607796e+00
-1.683611113843096752e-01,-1.508570018990181616e+00
-4.494970197697939485e-01,-9.547002864156914903e-01
2.297456940231146771e-01,-1.242880523432868811e+00
1.716262360017951627e+00,-2.695364524809211293e+00
4.143436555055973081e+00,-4.782054987466956675e+00
5.350372206625141125e+00,-6.031305082196454670e+00
5.311572603063686948e+00,-5.941182743689039647e+00
3.446201219758810552e+00,-4.290488923340500804e+00
1.771902888296308376e+00,-2.508114501524911333e+00
6.758180361496425315e-01,-4.972802604082545153e-01
2.414746377362169960e-01,6.162942003061850915e-01
2.017518282769184268e-01,1.234248911181798247e+00
-3.295853073106903564e-01,1.134459489508413688e+00
-4.365590156204178229e-01,1.226158363694545894e+00
-4.792709224463776452e-01,1.048280046761981499e+00
-2.933647568870134670e-01,8.812025205076331469e-01
-3.293491797442156810e-01,4.046577644536245577e-01
-4.231687394988229989e-01,1.513718880301954672e-01
-4.468431419760052203e-01,3.888400375638009221e-01
-5.625256977680958004e-01,4.551799495574286869e-01
-5.192007509379745755e-01,-1.107657601446490891e-01
-8.244473689925022608e-01,-3.542075663670441465e-01
-9.220775920960185834e-01,-7.772638704268151066e-01
-9.156864857164278559e-01,-9.383364177302228049e-01
-6.615284992865124725e-01,-1.225538436447242807e+00
-4.795274288421101927e-01,-6.480721572941073871e-01
-5.393852588313107210e-01,1.948575758356596577e-02
-7.259176379944416446e-01,8.945084706052436330e-01
-6.543732151110411843e-01,6.736959151648711508e-01
-5.067670996661557403e-01,5.305483735028654335e-01
-2.025004085265252329e-01,-1.938483865940645451e-02
-4.554776218679979505e-01,1.809306176532599619e-01
-6.781327663605039024e-01,3.364044670388629532e-01
-7.774345213841760138e-01,4.522649773633229953e-01
-6.584747288193700809e-01,3.755587629770092417e-01
-3.077999007888058136e-01,5.586723043097354541e-02
-1.838449317390004542e-02,-5.178941849289098176e-01
1.908718884463984911e-01,-1.406422855799209781e+00
6.457201445217263247e-01,-2.381739957209899838e+00
7.954557061505271864e-01,-2.139595940917699224e+00
8.687525381346925535e-01,-9.183463809956821100e-01
4.341052091531110158e-01,7.906259540234168437e-01
2.661183982063553555e-01,9.358546324156521434e-01
9.905062220752366975e-02,1.350025319382455180e+00
-6.926566231606749724e-02,1.300582174916712352e+00
8.120218662101322260e-02,1.483605516440805294e+00
-7.374491056800661082e-02,1.428037310801942184e+00
-1.667716256346878367e-01,1.861851077187460124e+00
-5.524148999119832260e-01,2.426146191951843445e+00
-6.800956464732483830e-01,2.745226389744209960e+00
-8.008684765257850779e-01,2.568321574285137299e+00
-7.463630408031785013e-01,2.003107913541528617e+00
-5.513521797345816156e-01,1.152776066200534189e+00
-5.492848225127077155e-01,5.508341235382473444e-01
-5.170700042773463956e-01,9.339803850271989616e-02
-4.375546001509480476e-01,1.179799897085315880e-01
-5.201658567194892419e-02,3.026456077725843061e-02
1.450706108762303548e-01,-6.126733658610377699e-03
1.727524595358742865e-01,-1.934728649978591786e-01
2.755621731428343005e-02,-1.437078078084184918e-01
-5.565121278766212848e-02,-2.157312412104684940e-01
-5.495802594253228202e-02,-2.326458005271220819e-01
-2.470410740345758971e-01,4.268414010374631251e-02
-3.304789768192790689e-01,3.191585744251602130e-01
-4.784207109224178911e-01,6.836563638248008834e-01
-3.717633437836193044e-01,8.287111380425268292e-01
-3.238217459920854635e-01,9.285910835408336395e-01
-2.791538173774650300e-01,6.170204270270668312e-01
-2.708808170674404936e-01,2.400019626050729216e-01
-1.952097242973136193e-01,-3.517527950728789321e-01
-2.991206403739222683e-02,-2.569451339839803894e-01
5.193607148585616812e-02,2.703873526090128359e-03
1.861442606532554556e-01,5.995173716264212693e-01
2.603421807263233689e-01,6.259308058891122073e-01
2.227619176637651854e-01,5.499019265246830601e-01
1.899594282510294607e-01,1.350431576343263107e-01
2.459033234229841547e-01,2.213496924444724803e-02
8.883484205654439414e-01,-5.321356267725586842e-02
1.454708164395178693e+00,1.891442060153391419e-02
1.677905536755334159e+00,-7.993042544578196629e-02
1.338360300285754034e+00,-1.826722178002133379e-01
9.601711693157786165e-01,-1.034110676219207325e-01
7.147082417683940925e-01,-3.022757941124244035e-02
8.892243386457550081e-01,4.635324398658585143e-01
1.057456492654899050e+00,1.141896573666612902e+00
1.622588737028227257e+00,1.598517455349747429e+00
2.115138120146077050e+00,1.799166625191666702e+00
2.491817052126357179e+00,1.591095076288731924e+00
2.432647054479301296e+00,1.407256864000583363e+00
1.993286047345527612e+00,1.135571036773219689e+00
1.261589194334149955e+00,8.408747763167135902e-01
5.782300236683651784e-01,5.187429546002367831e-01
-2.554724281864231578e-03,1.335549078784937227e-01
-2.903124478114002538e-01,-2.824006830581324290e-01
-3.142635318246939646e-01,-4.350555250592649803e-01
-1.480118762845585301e-01,-3.452718790633810819e-01
-1.404840244065998500e-01,-1.130946310980001229e-01
-4.907056976611183230e-01,-4.805509666350844117e-02
-6.620045718462808093e-01,7.278520731232553109e-02
-4.099370217222848001e-01,-6.515674952941859222e-02
-3.877861636182765581e-01,8.411087337922409923e-02
-4.368011348182866960e-01,2.429034756651042570e-01
-4.850488275911523650e-01,3.497296107272370169e-01
-4.288727518178088727e-01,6.656645190973735637e-01
-3.630199725147724155e-01,6.435997905618938697e-01
-6.642469174502674267e-01,6.467842160999913714e-01
-5.562184361797614107e-01,7.016251110571841698e-02
-5.342900862655877159e-01,-1.108377965727606190e-01
-4.387149025104212230e-01,-5.851596057564891623e-02
-5.123036294910977562e-01,1.688412602829291453e-01
-4.485074930712865671e-01,1.935307043476457989e-01
-5.681252234757998565e-01,-4.067082532458045352e-02
-3.610248866753144603e-01,-3.774380621747712161e-01
-7.908350709945412282e-02,-8.472592126158581260e-01
5.091941524155968457e-01,-9.766305112757321938e-01
3.538226143578797056e-01,-1.334329394683849701e+00
9.642983895211629242e-02,-1.573322804804024644e+00
-4.001559076210658428e-01,-1.269520703042683385e+00
-3.378668357535836719e-01,-8.767620191424626563e-01
-2.398420853697637023e-01,-3.435217825432060890e-01
-2.163349478264867398e-01,-1.455199460912563747e-01
4.001632829920753198e-01,-8.147014838485794330e-01
9.390857567692321162e-01,-1.243501908603961814e+00
1.019089583533528964e+00,-1.457315120638861705e+00
6.141266681986382592e-01,-8.317273815953584171e-01
4.258742215161203659e-01,-6.670122065772936537e-01
1.327805577948401927e+00,-9.681682387705624615e-01
1.816657471607036500e+00,-1.945594859843377877e+00
2.013156197100542055e+00,-3.093242296833555116e+00
1.632194259749824239e+00,-4.233797480718857642e+00
1.160615611443032380e+00,-4.667003497224210484e+00
1.189589470750344269e+00,-4.401374081130542848e+00
1.229207488570109863e+00,-3.394259093667701954e+00
2.345851736723082226e+00,-2.591011096078655651e+00
3.150350950873744615e+00,-1.911075366967497358e+00
3.753909152061900567e+00,-1.825409384955284375e+00
3.017267798624193809e+00,-1.357911439668072262e+00
2.197517712607837570e+00,-1.271755329285032987e+00
1.688840054219955977e+00,-1.504212146729214217e+00
1.933932439732047204e+00,-2.043391539740345486e+00
1.730318461835185673e+00,-2.045214969849398656e+00
1.174996879929961491e+00,-1.959791641296930953e+00
3.356540122642882040e-01,-1.463066677851557529e+00
-6.206486736030800838e-02,-1.404870365164886392e+00
-3.865571205465287430e-01,-8.409908203939039373e-01
-2.392512968022547648e-01,-9.300418314743345016e-01
-3.264520304013482921e-01,-4.780682912256788986e-01
-3.322127011878814318e-02,-2.987104405169489496e-01
-1.872229800059612148e-01,-1.005078349003420968e-01
-1.867295906942755546e-01,-5.713222044961539098e-02
-5.850291464914116890e-01,3.590292853618207852e-02
-8.105189148217135653e-01,1.482794903368984119e-01
-7.535763287589324344e-01,8.581779906682727999e-02
-7.490261125010325705e-01,1.417189505512752301e-01
-6.912236274865674046e-01,5.963860013042709268e-02
-7.728664062239971599e-01,3.132860208785375744e-01
-6.798813917539430207e-01,-2.271628662632445839e-01
-1.303989815748326286e+00,1.565811712338832373e-01
-2.058615419609159947e+00,6.513036122039846942e-01
-2.776443514565597237e+00,1.766530529130052818e+00
-2.753006897305247502e+00,2.036218558212930407e+00
-1.991959019863306368e+00,1.623694268994095857e+00
-1.102956858006731933e+00,7.753734943431092042e-01
2.272130422620084744e-02,-7.419614716740802196e-02
1.787447174527255211e-01,-5.548480594545168731e-01
1.170029994568287379e-01,-7.467650385653277212e-01
-2.488560222673194544e-01,-9.176879703830747026e-01
-4.756324132385906789e-01,-7.100504740677319182e-01
-3.567616018056608551e-01,-4.513978174962540724e-01
-4.563944924125833413e-01,-1.357880620327901466e-01
-7.725409264889642191e-01,1.278908284662546579e-01
-9.715465765622857131e-01,2.541470819575052387e-01
-7.350898990338209371e-01,1.771759325485070258e-01
-1.247398131663078613e-01,-4.021750115489338695e-01
1.344799144499653765e-01,-9.933266670212789196e-01
9.538868070669832833e-02,-1.208526804584336034e+00
1.656689100275788307e-01,-1.545039612236702053e+00
2.303169160781734781e-01,-1.625468262960510391e+00
1.232369142014039937e-01,-1.684036023012211780e+00
1.010957988456826079e-01,-1.617759301589081211e+00
-2.697105357359381658e-02,-1.277962675190288833e+00
3.848788616284232189e-01,-1.620308893808977357e+00
5.738496555001124655e-01,-1.788225947397094062e+00
6.587644154165905874e-01,-2.077696160894419108e+00
4.414754013142401790e-01,-1.495914246692668703e+00
9.430464758726483931e-02,-6.901163162745689306e-01
-2.214571094234964732e-01,7.329716413557811616e-02
-4.793825241256521874e-01,1.549329242204718904e-01
-4.735840768483882135e-01,-5.723737481245974590e-02
-5.124604399197204563e-01,-3.868690439495526823e-01
-3.808134033145647024e-01,-7.521114603940077803e-01
-4.262236637443471698e-01,-8.780572932697940924e-01
-1.406372482836667492e-01,-6.243073197176597366e-01
-2.903515051576112671e-01,-4.030346923426580963e-01
-4.592942524701101870e-01,-2.153788371737873908e-01
-8.560317582976240125e-01,-4.437790881158211187e-01
-9.252943039569551109e-01,-2.615525131173823681e-01
-7.538929975323338528e-01,-4.096164085713105973e-01
-4.782244794486387729e-01,-4.718772059729079982e-01
-7.967735156565425303e-01,-5.356876485214674410e-01
-1.559255879499113595e+00,-1.038114816985710176e-01
-2.490487102637181760e+00,5.220799708977509335e-01
-3.009292498707587971e+00,9.956431224337324304e-01
-3.008369937215559453e+00,1.163799751368004287e+00
-2.392723190318218673e+00,6.837406739501559194e-01
-1.680856390482330154e+00,4.718327154286049430e-01
-1.130522826607706310e+00,6.607441079021925123e-01
-9.359247250140652064e-01,7.932871225226596490e-01
-6.071617549240774236e-01,9.329644418713129994e-01
-4.000284727273547003e-01,8.271738782470151596e-01
-2.514813800592066162e-01,9.574734919475761385e-01
-3.659077802127838064e-01,7.127182970497869530e-01
-4.553267457996402201e-01,1.519204767804593070e-01
-9.769476967688468516e-01,1.889913352110127176e-01
-7.961646485927411643e-01,1.599283848464891633e-01
-9.052400614495870190e-01,4.294764957398604643e-01
-7.423302403304423702e-01,4.850213563582411180e-01
-7.183036964507794053e-01,6.092558576599333975e-01
-5.118006537655664934e-01,5.970709483075007373e-01
-3.849664749434296707e-01,5.400588125607522771e-01
-1.964218904747576655e-01,3.044164417074937679e-01
-1.718718203219690016e-02,8.073515721571396242e-02
5.027356074842709299e-02,1.375000346863425038e-01
-1.950881952400138064e-01,2.679174302039676325e-01
-2.597424376247608468e-01,2.466995541076022480e-01
-2.111665083608139371e-01,-2.267329598061686990e-01
-4.146213189706712265e-01,-8.561828180111762387e-01
-3.860956425731614239e-01,-8.636112123959277520e-01
-1.068393468722664691e-01,-8.666732336816569404e-01
6.581703952685347137e-01,-9.050151306889749891e-01
6.738424810252972019e-01,-1.034508775868862474e+00
3.954807253944981893e-01,-7.501721935455866186e-01
-1.795019186675130551e-01,-3.830174851917991230e-01
-2.546841373556875052e-02,-3.534048460367988920e-01
-3.039079403340086416e-02,-2.674806686219149965e-01
-5.188929321051850840e-02,-2.427516221280040173e-02
-6.649569901274915429e-02,2.214642957434512227e-01
6.668284847628735967e-02,1.551401657224859010e-01
1.475971730414939453e-01,1.214125553868574403e-01
5.496999896226573840e-02,-1.304415367732014719e-01
-1.242442515353342769e-01,-3.389698602176511866e-01
-2.785158937598651852e-01,-4.320789599611141174e-01
-4.864188630209788089e-01,-2.001117600557862641e-01
-3.323927194563341958e-01,-1.065761454297110278e-01
-8.956469619932225235e-02,-3.572927278635828346e-02
6.534844615112191946e-01,-8.618353322237491954e-01
6.809320157201088630e-01,-7.958033167607075908e-01
5.101958161701116712e-01,-8.166337036512955061e-01
-1.052506035862523226e-01,-3.052584348055820684e-01
-3.165945039776466019e-01,-4.235083911193952555e-01
-5.722523221248121406e-01,-5.349407623376080112e-01
-8.519512505385040679e-01,-6.583824099457239454e-01
-7.892948718182319912e-01,-3.806241842069471026e-01
-4.181386301919211013e-01,-6.859165177292653182e-03
2.371957242935065213e-01,2.394571285204204203e-01
7.099433208349794633e-01,1.096460733821275207e-01
6.867225110583665693e-01,-9.223021002335431151e-02
7.635884311263876345e-01,7.324744557814986123e-01
4.022258981510885012e-01,9.561773708929242055e-01
1.623975146352988064e-01,1.135922427592153117e+00
-3.797363900664557090e-01,3.845826321995527430e-01
-3.644561848950028105e-01,6.269468466320586852e-01
-1.413004228371329274e-01,9.099532066778797113e-01
7.420739942652299082e-02,8.451645274293005938e-01
4.107651678684253183e-01,6.730145731637811046e-01
6.365261710870953049e-01,2.946771304954028392e-01
9.071400360178070166e-01,9.275351885724611445e-02
6.850450736919071471e-01,-5.809256138255948498e-02
6.252362403982284489e-01,-1.570255315276114783e-01
2.048877083194525495e-01,-2.162620055336272884e-01
7.198381540484422025e-02,-1.690998142070229415e-01
8.022149121357129153e-02,1.904499308435533139e-02
3.307833596541189664e-02,8.076384829234974083e-02
-6.541268692692761566e-02,1.650002234409491675e-01
-1.774919206139816963e-01,3.038981951378498803e-01
-1.710941570166678305e-01,3.788374741256129719e-01
-4.025086820359304873e-01,4.925395396649480118e-01
-4.696378721848561977e-01,4.726377165291195115e-01
-4.613906447622576623e-01,5.333748207448056888e-01
-2.685392942372324399e-01,3.045141958345476407e-01
-1.635583807245468702e-01,1.057529819719668362e-01
-6.987575699897206893e-02,-7.435766729993298352e-02
-1.724328915324038758e-01,-4.352302483172105357e-02
-2.068379260203652148e-01,-1.228471048157817741e-01
-4.517979850324240210e-01,-3.062145769665794992e-01
-6.713131178656618347e-01,-2.854140109807826176e-01
-7.256907080149568312e-01,-7.036378405519057300e-02
-4.341997399619130227e-01,1.236510247149203018e-01
-2.033481526398034922e-01,-5.998759450146178701e-02
1.281021430464499844e-01,-1.659925467995999326e-01
3.440654453429038417e-01,-3.684491140304873014e-01
4.482857024558411507e-01,-4.901415786132227725e-01
3.834807172614612680e-01,-5.508129464583640944e-01
2.772250550112159706e-01,-3.858072950577913773e-01
-3.523885930228498218e-04,-5.667670148315561152e-01
2.833491949169851809e-01,-7.945852853500682267e-01
1.293786677333272017e+00,-1.213196869313603932e+00
1.630047854165058929e+00,-8.673188575440367032e-01
1.335921765718840915e+00,-7.201135986998509209e-01
1.781913958550292998e-01,-2.578000441626996930e-01
-1.563162881083165479e-01,-1.678567160572961015e-01
-3.525454849337000818e-01,1.120088435976616531e-01
-5.235863121722901248e-01,3.549377427874743085e-01
-5.075872151960808543e-01,4.876021895887728275e-01
-5.625256977680958004e-01,4.551799495574286869e-01
-3.513851161048813787e-01,1.396637301965477085e-01
-2.275751145596420222e-01,-2.197415006358603359e-02
-2.022330747491549174e-01,-2.507507598476795829e-01
-4.000596582565594250e-01,-5.405249269345004937e-01
-6.470803015016359794e-01,-7.536614495739293318e-01
-7.544378034473686601e-01,-8.460392443265551954e-01
-8.216619851172933808e-01,-6.088251410186329426e-01
-7.893175892139063787e-01,-3.276325028416640639e-01
-9.849487532724833239e-01,-3.409432348097739263e-02
-1.108241183958999621e+00,-4.224808117064097340e-02
-1.207133713301324685e+00,2.210434227433479698e-02
-1.122464240733371588e+00,1.914169525426889507e-01
-8.635239416359747899e-01,4.662358345126358938e-01
-4.889392849710757494e-01,5.048222831403811339e-01
-1.273762232831774643e-01,3.898353216093456974e-01
9.936070960934045848e-02,1.854996828835486222e-01
1.662339591859222365e-01,-6.474483369268470290e-02
1.141364358129146918e-02,-1.574126753136201318e-01
-2.935001843132344357e-01,-6.353004247876363475e-02
-5.850291464914116890e-01,3.590292853618207852e-02
-6.264715433037009173e-01,-7.992909780389800822e-02
-5.455551166745343794e-01,-9.971227642825294946e-02
-5.388855525047846484e-01,-4.329889325362723529e-02
-5.221835755716544014e-01,-2.682844762592325599e-02
-5.422812855032724810e-01,-2.293164368583603674e-01
-4.790989953067349982e-01,-5.586467579770401093e-01
-6.903152126720750736e-01,-6.867463121264871795e-01
-8.439566653603814972e-01,-8.400842798966836611e-01
-6.869629243600573476e-01,-8.654427487168546707e-01
-5.087065734594575783e-01,-8.177059920280802530e-01
-2.694987646852637919e-01,-2.066949616329537276e-02
-3.529581589873370673e-01,6.860774765446810974e-01
-3.041094294527740827e-01,1.527553438786494855e+00
-6.932008223293847360e-01,2.348935942543121325e+00
-1.170035186138480787e+00,3.199984635024174295e+00
-1.732218695541783315e+00,3.645704601912794995e+00
-1.874121507829864974e+00,3.006558768605631649e+00
-1.849410286397533243e+00,2.011303214650031368e+00
-1.590118960218914745e+00,9.364220385204397035e-01
-1.314538736898665405e+00,3.576769389977388913e-01
-9.106894896455201005e-01,-6.334832684858880680e-02
-7.375097396413778927e-01,-8.835060358582666473e-02
-5.501441911453528455e-01,3.152245045358728626e-02
-5.051559692986131722e-01,8.840927307210814934e-02
1.261560805939896390e-01,-4.174166517144670130e-01
3.154141681410943532e-01,-1.507852643250405578e+00
4.202052575821121350e-01,-2.569605151844231106e+00
2.171613131684802245e-01,-3.629363186982489164e+00
-2.279552280148206683e-02,-3.274734447144770577e+00
-1.768403171906745286e-01,-2.302664815668558962e+00
-3.149022723035686533e-01,-7.304005941180498063e-01
-3.185421358996803343e-01,5.961139526635619509e-03
-3.774599086855141561e-01,5.003014549338873351e-01
-4.017082317764810173e-01,4.481385629573728657e-01
-2.686904305286132444e-01,-1.034514576536186697e-01
-2.199118359594699201e-01,5.672728827993448603e-02
-2.894056163346041544e-01,-1.792278476995877445e-01
-3.625965736020751451e-01,-1.294356085843955534e-02
-3.629732679044470611e-01,-3.338284610030377020e-01
-3.298376373911370840e-01,-2.937907345832008188e-01
-2.908549867813083889e-01,-4.230248649698479246e-01
-4.639556176301124490e-01,-3.817489359418295702e-01
-2.572401428388382261e-01,-1.179393059390286824e+00
-4.150435590047547169e-02,-2.667226146708939094e+00
-2.577832093309589956e-01,-5.003510148594651596e+00
-1.074438183102262245e+00,-6.990211247251960636e+00
-1.977390417047618421e+00,-8.255130282082255633e+00
-2.379713017245641993e+00,-8.306397989026008233e+00
-2.293636662066935727e+00,-7.011406208104321358e+00
-1.763187200596252779e+00,-4.726317878887300594e+00
-1.301438510739498566e+00,-2.664687405924360153e+00
-7.644887653338461320e-01,-8.674551450878877912e-01
-6.590112927837628032e-01,-5.750992303854847165e-01
-5.505864407157612384e-01,-6.131058307715353539e-01
-7.544378034473686601e-01,-8.460392443265551954e-01
-5.572721199533179348e-01,-3.627174689831777488e-01
-1.537110686136875792e-01,-2.093159411125988594e-04
-2.373665430900720225e-04,1.674235117271168083e-01
-1.927305304346625323e-02,1.007858457286301690e-01
-1.189254561629473905e-01,-2.251552727799055187e-01
-4.677671897113698518e-02,-4.578585810749459251e-01
3.208917149153610593e-01,-9.431912106220161629e-01
5.343233030469729528e-01,-1.251971551930647131e+00
8.394150034388795367e-01,-1.284762087721914803e+00
5.754814494751915310e-01,-1.186398258695361640e+00
2.992341471145318343e-01,-8.026351356606946652e-01
-1.411688971180991570e-01,-4.580244354497108872e-01
-1.429356494911457887e-01,-4.391973730321265673e-02
-4.939489217278418276e-01,1.931104934815740595e-02
-5.318695039751745179e-01,-6.876143303674009388e-02
-2.999280164880416266e-01,-4.465638161149761420e-01
3.756980846019825071e-01,-6.970458434952792048e-01
1.449310258654249894e+00,-1.584801955084101488e+00
2.373870286867232338e+00,-2.691795582991631797e+00
2.889619418848987209e+00,-3.668465010309677865e+00
2.572492113195944619e+00,-3.893663688109633814e+00
1.903562681241071530e+00,-4.450635528109185834e+00
9.694075400955013411e-01,-4.746051073717786117e+00
3.376930921664538787e-01,-5.042284764524545437e+00
-2.807757134364463614e-01,-4.164942287392581655e+00
-6.522292981616142349e-01,-2.875444544767900457e+00
-6.729321312873490779e-01,-1.076111162670481569e+00
-5.960914563109898090e-01,5.884718774097539296e-01
-5.199087465424800936e-01,9.423382336727330610e-01
-4.302694585407716987e-01,9.517469942475126343e-01
-4.117070351048222610e-01,7.063548169174890257e-01
-5.632632579792766492e-02,5.910229093250705112e-01
1.790107198754175566e-01,3.709407619473614193e-01
3.867471016092792757e-01,2.823791575701458528e-02
2.463536841740344152e-01,-1.111385621392412676e-01
1.317823235114400429e-02,-3.417158976984647212e-01
3.065915474344418912e-01,-2.769658022271448417e-01
4.963394513089005033e-01,2.018426399885581424e-01
4.737567880812601495e-01,6.236775384620235618e-01
3.861418571960991697e-01,1.025689790343183860e+00
6.796758738632667773e-01,9.611291187672391656e-01
7.492849742965441706e-01,1.147481746993389340e+00
6.409745841833603963e-01,9.587173009072363916e-01
1.124145925154954040e-01,1.126456584245437043e+00
-7.436250917520731418e-02,1.017004532382430604e+00
-4.709108949403351119e-01,1.213497028122944910e+00
-6.025393034166586226e-01,8.242357043014698625e-01
-7.788200075345632634e-01,6.149250675742554684e-01
-8.859012532972049270e-01,1.355537788144809686e-01
-8.439582572730143228e-01,3.700192499707159050e-02
-8.168233449309997285e-01,1.357076222729801940e-01
-5.883770942857866615e-01,5.090670960836057857e-01
-5.313790074800405216e-01,1.003246896681079692e+00
-4.847224423478518895e-01,1.084071937332166558e+00
-4.174467174877135034e-01,1.408956444959875043e+00
-3.913801658652360516e-01,1.481551987035878426e+00
-5.383867994954726344e-01,1.755540779965355291e+00
-1.068313356124972247e+00,1.933862819906791097e+00
-1.740285741226914595e+00,1.980175692389054110e+00
-2.247051517288657596e+00,1.805010161975661775e+00
-2.175868399288627408e+00,1.328088536676461207e+00
-1.810527454917526757e+00,8.065257883654531890e-01
-1.082081588681853557e+00,2.885784071953135244e-01
-5.743349947914165865e-01,-1.574310735002739658e-01
-4.092657269187058994e-02,-5.072375973090638146e-01
-1.364590253014656418e-01,-7.634373503327431809e-01
-2.794889333580798940e-01,-7.667439504793723826e-01
-6.761118623357248447e-01,-7.791461014773692906e-01
-6.572374405182133117e-01,-4.476301864115818097e-01
-6.682114587257418359e-01,-2.257264738794846903e-01
-4.599146614775379560e-01,-1.127281597440407818e-01
-3.545311578272054009e-01,-1.168123697774752778e-01
-2.211160343221939273e-01,1.385736060720313967e-01
-2.719253802876884785e-01,3.763698826536422959e-01
-3.642348888118722705e-01,2.496319151427771610e-01
-5.192069005408384008e-01,-1.818497066228666748e-01
-6.909941674043944548e-01,-5.729822906242734160e-01
-4.200197294100434520e-01,-6.513004483126917377e-01
-1.513158229060034277e-01,-3.664016147643285315e-01
5.090159539201476874e-02,3.619233933247220647e-02
-3.582297294203953264e-01,1.286365879746764196e-01
-6.002831429057046142e-01,2.047820962513191290e-01
-7.920420138033380519e-01,1.320830525055054216e-01
-8.603187591464680484e-01,1.177629711184604612e-02
-9.329987817235795289e-01,-5.281535161316440463e-02
-1.003976417832822765e+00,-4.824633892080930631e-01
-6.740664846489909934e-01,-6.739058933309948207e-01
-3.700864072174943620e-01,-7.897800168431439172e-01
2.628923683629092456e-01,-9.465702141244278778e-01
2.484093307004799633e-01,-1.864251114289101618e-01
3.696110652106344707e-01,1.406296123205639514e-01
-9.854340948562075736e-03,8.170194534146804077e-01
9.558579893285874540e-01,6.777531124297240250e-01
1.891669214247069242e+00,9.978592650414290777e-01
2.836394984051886059e+00,1.311936478579194931e+00
2.858687095355447294e+00,1.412935872941656346e+00
2.167217210028546948e+00,1.223854179149636012e+00
1.116394958486528255e+00,8.926239048407047516e-01
1.577161599888260157e-01,4.694801842401686298e-01
-3.266009837640064251e-01,1.945310222825810120e-01
-4.961030528586365396e-01,-9.657658661853529836e-02
-7.086191043079013152e-01,-1.429402572237192526e-01
-8.112574606896622020e-01,1.271456580032395700e-01
-7.764542358478394579e-01,4.013845397798415093e-01
-8.375900531242247427e-01,5.003043926067751723e-01
-7.491845145404617545e-01,2.007755562121390225e-01
-5.033751087101118182e-01,3.826245764916030301e-01
-4.472904888990226202e-01,2.259957031006638306e-01
-5.153871067437284514e-01,4.339729125409836352e-01
-6.123495853384437471e-01,7.378124916858661564e-01
-6.210938136794521558e-01,1.271612932648031213e+00
-7.268290823495161534e-01,1.532674849364749514e+00
-7.180817435431892104e-01,1.111814592633959986e+00
-5.011610781223865274e-01,5.409516111508856362e-01
-5.734737889198675970e-02,-1.308165431136780119e-02
3.180037106762303445e-01,-1.044359179975640900e-01
5.140269803365044021e-01,2.467770704446486940e-01
5.509461178967659523e-01,6.036586768320320040e-01
2.906916614675304489e-01,7.888950967618311161e-01
1.198067846517077845e-02,9.856908498184896450e-01
-2.848483572061435987e-01,1.153526012156144365e+00
-4.341036504429616749e-01,1.214419441961321455e+00
-5.313790074800405216e-01,1.003246896681079692e+00
-5.707832741081548811e-01,8.151960188771157911e-01
-3.867057498988777375e-01,6.067122005808541774e-01
-3.564266454860283151e-01,5.457401797465794013e-01
-1.887649614999891423e-01,2.380360232874842996e-01
2.330718075136561374e-01,7.107267850841517132e-02
7.412828602103658238e-01,-1.278383149693854137e-01
1.172978089337081364e+00,-2.402743304826746307e-01
6.483264956824272840e-01,-3.777421217185683022e-01
4.245576532917474250e-02,-3.249204903737680783e-01
-7.086022899793633645e-01,-3.165443515435584221e-01
-6.842443508267883612e-01,-2.496934282690676122e-03
-9.019589287573400727e-01,1.794232914633645815e-01
-7.719927971474738193e-01,4.053758395104972712e-01
-5.769778833619099156e-01,4.934669033440102770e-01
-2.447112222196740350e-01,3.670727828924517655e-01
-1.605217826350995719e-02,2.040931864866468992e-01
-4.027925260484680609e-02,1.410292695925951557e-02
-1.788841812327003622e-01,1.803416072289855954e-01
-2.101926450655737799e-01,2.495227121746927401e-01
-1.467714906554148657e-01,4.122571092985420904e-01
-2.080733592874091653e-01,4.729246827547203269e-01
-3.504653333598936604e-01,6.418218119473292349e-01
-6.230596610624311582e-01,1.016160364071080346e+00
-7.721012623568617173e-01,1.496287405318125652e+00
-8.468448661840441982e-01,1.718069454490431358e+00
-6.677305963434010394e-01,1.464873122432484465e+00
-5.554552084505375298e-01,1.090320415086217798e+00
-3.752414071104713256e-01,5.499814108250399292e-01
-2.885074733908848943e-01,1.936983377143537133e-01
-4.136240917230442071e-01,4.564542781938554228e-01
-7.479398755614282690e-01,1.313166375788425544e+00
-1.062067636086266864e+00,2.176805397361607053e+00
-1.164889546557811073e+00,2.320655911105024671e+00
-1.231010124198318234e+00,2.876843829456398716e+00
-1.185440866892931711e+00,3.230820655065112401e+00
-1.172370841614914783e+00,3.707666823295536762e+00
-9.385297927994499245e-01,3.092183101013810997e+00
-7.880309518038419725e-01,2.215621784328077659e+00
-4.782511907258056860e-01,1.109791066243459579e+00
-6.406343498763792388e-01,6.595130840709293452e-01
-6.914674975345892483e-01,1.022039290019735730e-01
-9.615120469344760057e-01,-7.257880415165429699e-02
-7.890232515779376232e-01,-1.937323407521400476e-02
-5.913541948495957268e-01,2.891401344201719598e-02
-3.771848830137471409e-01,2.538062798098419393e-01
-5.657792467488759192e-01,3.554290799097692966e-01
-4.669445094627159287e-01,3.724477585883869679e-01
-6.954185420969953846e-01,6.065055769747840220e-01
-4.160765972228339105e-01,6.013190551762970237e-01
-2.359566180270729341e-01,7.020980271547662133e-01
-9.711082715681457200e-02,5.659564881116047053e-01
-2.197129264853585062e-01,6.694509757932278760e-01
-3.877607744784285493e-01,6.325992171047629675e-01
-4.953045821427606854e-01,6.498512678356053174e-01
-5.772652456197076010e-01,3.389114024220205024e-01
-5.605657965941265308e-01,2.146438531259503221e-02
-2.704794682160334696e-01,-2.313420285747987415e-01
8.704549488527665857e-02,-2.399421855900389089e-01
2.472644353876954082e-01,-2.451394135883642189e-01
2.857745284901062610e-01,-6.823918481221079302e-02
6.522259840401666287e-01,2.961439992518402065e-01
9.788919015744429464e-01,7.397594543013806812e-01
1.025025342073562218e+00,1.189284262473570664e+00
6.593649897871671772e-01,1.392819237971134605e+00
-1.295424316240274543e-01,1.218816482645272092e+00
-5.269036545513974268e-01,8.703451198498017849e-01
-9.133928239403457106e-01,1.844971163845072204e-01
-7.488423498027915182e-01,-5.899605244661771941e-01
-1.039687347627380021e+00,-1.204267823630313261e+00
-1.103615162236163183e+00,-1.233504549656360805e+00
-1.094716797311271916e+00,-1.012955419498742016e+00
-1.010731338820682002e+00,-6.977877656619607682e-01
-9.797604803965184184e-01,-5.820647530542172321e-01
-7.013845289263195282e-01,-2.710318276218424693e-01
-3.721164804362072087e-01,3.767332783535955708e-03
1.328516658892151536e-01,4.579417907658034359e-01
2.469500803437792158e-01,6.171925999840499610e-01
1.521944052707717709e-01,4.132240736146752247e-01
-1.731642743140412305e-02,2.227073704197548021e-01
-1.651070539947111226e-01,5.652922407126467069e-02
-7.612072253801424604e-02,8.102287611581707183e-02
-2.654254642395187380e-01,1.609970772613597001e-01
-4.378277976537361948e-01,1.679181555012586036e-01
-5.041353276216172796e-01,2.311627706202211141e-01
-3.738699632624409852e-01,3.324303994939403206e-01
-2.104172621563263901e-01,2.958738761072262635e-01
-9.968305123973025816e-02,1.562740013122216609e-01
-5.425110515097637809e-02,5.611958237058522342e-02
-1.481001606225096079e-01,1.030817810172337395e-01
-1.628622854862280256e-01,4.184949565695475146e-03
-2.486327148998632164e-01,-2.724712551955017076e-02
-1.849927545553508579e-01,-7.282402690129310963e-02
-7.829952451819249815e-01,1.315771346230594843e-02
-9.756246997030174617e-01,-7.771036924094217035e-02
-1.066912021370177932e+00,-2.697910271316507347e-02
-8.206097385677386669e-01,2.187501145506897116e-01
-6.409683139855198997e-01,4.247100456012773972e-01
-5.313790074800405216e-01,1.003246896681079692e+00
-4.939938048225583911e-01,1.348231943105420605e+00
-5.992942843859858648e-01,1.698685907436051856e+00
-5.976990236586587901e-01,1.505002916985688666e+00
-4.005521206078760943e-01,7.606673209304978256e-01
-1.899981989263939686e-01,-3.760846452795511830e-02
-1.155830057578384890e-01,-4.904307786093868859e-01
-5.422619207675120900e-02,-5.241109003416726253e-01
-4.301232485096012290e-03,-6.357245552305638148e-01
8.448463197618245879e-02,-7.570361946373862505e-01
8.448463197618245879e-02,-7.570361946373862505e-01
8.448463197618245879e-02,-7.570361946373862505e-01
1.114201950687507270e-01,-6.544038971580188324e-01
-1.130520194867804529e-01,-1.415741654809728189e-01
-2.723623993958658729e-01,3.099468556838099742e-01
-2.519965894765291425e-01,8.667883829162843501e-01
-7.192576284845823842e-02,8.331906252641728683e-01
5.446725465861406157e-01,1.198267332408788910e+00
1.092214089975738656e+00,1.285404857371484466e+00
1.559281387544421582e+00,1.562057504402313057e+00
1.382393203626733680e+00,1.170881297357643014e+00
1.046274994317556217e+00,5.937752580909807509e-01
5.842472407391811062e-01,-1.469637163517407696e-01
3.858744240473619413e-01,-5.471710442854752499e-01
3.506512703185725166e-01,-1.065247125784477999e+00
5.300840676555592657e-01,-1.250261575062548536e+00
7.614117228611199106e-01,-1.433446316240590157e+00
6.627359654525678545e-01,-1.319122181375963487e+00
5.659043865511194094e-01,-1.493489683668145496e+00
3.471476959621823122e-01,-1.649965523332799444e+00
2.181604000587171466e-01,-1.849245753922056146e+00
-1.425790712254274006e-01,-1.331718641097282108e+00
-4.740566608749877675e-01,-9.504438434975073235e-01
-5.677752165411470431e-01,-6.421519364949833664e-01
-5.929862684784115157e-01,-6.967661352598463198e-01
-3.232419925815672168e-01,-2.737962576283378135e-01
-6.240734032480214077e-01,-1.390435836908907596e-01
-8.604626701418216506e-01,-9.280352166921450319e-02
-1.299786721106974907e+00,-2.368348637638942600e-01
-1.139177392306754077e+00,8.137235392533316569e-02
-8.175571514283885843e-01,4.597537066015670582e-01
-4.029152877839889957e-01,4.700529453177582084e-01
-1.027838912977124819e-01,-1.903073508872424324e-02
3.944258894729354287e-02,-5.507733985627782936e-01
1.114201950687507270e-01,-6.544038971580188324e-01
2.283676606621428962e-01,-2.904524170804534955e-01
6.683171138116814070e-02,1.437207124929168189e-01
2.240980315450228494e-02,5.846175878708007589e-01
-1.481758944063490124e-01,8.115676297172246256e-01
1.393241998242713067e-02,7.813213318453541278e-01
3.909146538559186146e-01,1.020620506582401027e-01
1.132334684215535070e+00,-7.656839607126442182e-01
2.243617450219045573e+00,-1.451319160879580572e+00
2.367735326697019360e+00,-1.759604337577377109e+00
2.033695055281306008e+00,-2.073425575925531117e+00
1.023843866286461290e+00,-2.125694833691039509e+00
4.381073307424219188e-01,-2.309307940920353630e+00
-2.231374253368240829e-02,-2.166003869294692130e+00
3.796477722481941819e-02,-2.646083720464700750e+00
1.161466035275571518e-01,-3.286128907915929265e+00
5.303634955264054929e-01,-3.094426522761495768e+00
1.067008545303454126e+00,-2.638913337868778797e+00
1.619022563729676456e+00,-1.618749114664005395e+00
2.293901219355971133e+00,-1.714396822572342050e+00
2.100782706125327692e+00,-1.387110875647566077e+00
1.326880508675271075e+00,-7.251110778586628003e-01
1.818708651453598002e-01,-6.388635403051244610e-02
-2.039243273845993965e-01,7.920679317445928902e-01
-1.327077323848537271e-01,1.162883393943007437e+00
-4.753942421966250720e-02,1.174985735381610441e+00
-2.034092624607073962e-01,1.187371467260779134e+00
-4.106111005654535795e-01,1.207673607260306037e+00
-5.020941885093126444e-01,1.589681661193148576e+00
-5.326339031878173369e-01,1.434449312971133761e+00
-5.032524823657286150e-01,1.493097766948572547e+00
-3.863588634756423557e-01,1.357043989755720936e+00
-3.610670083096732541e-01,1.518854004555777903e+00
-2.012311381178242264e-01,1.231960366411689600e+00
6.529042979552358156e-03,8.029248933130740395e-01
3.841781061938258079e-01,7.638368627715872439e-01
4.677208767162596148e-01,1.020517350376621168e+00
3.440278071542092753e-01,1.386651069381991563e+00
5.308450606900608215e-02,1.531553125924332015e+00
-3.088359983183586732e-01,1.527745128192270263e+00
-2.127849833316053652e-01,1.819051690207408534e+00
-2.922621876964435206e-01,1.586633195851907541e+00
-2.354509392093890874e-01,1.665268842770970759e+00
-5.923161599903485897e-01,1.361553698947100877e+00
-8.462541352447825460e-01,1.275483366874658353e+00
-1.238821967474933450e+00,9.439581093673788947e-01
-1.486231373522947985e+00,7.323957625349233336e-01
-1.274872591231418051e+00,8.855778526865014655e-01
-9.495340115409364179e-01,9.146928834531655728e-01
-3.536440777168883276e-01,1.107318106349868936e+00
-2.908916276139842938e-01,9.363373458494398394e-01
-2.782855235278242634e-01,9.728165173787549636e-01
-5.851518259762962249e-01,8.988315457265887432e-01
-6.277129559787009150e-01,6.198341391429338376e-01
-4.398466980279591709e-01,4.379632658342484941e-01
-4.480629049260125285e-01,4.162738607452338702e-01
-5.073782502714752063e-01,6.956441600616867227e-01
-1.344854533980974765e+00,1.467974244504230308e+00
-2.183903980776420894e+00,2.260790521236430095e+00
-2.776941615759373150e+00,2.772639952028332466e+00
-2.670388265011800932e+00,2.675680655011944520e+00
-2.072924007206530472e+00,1.828836003309530556e+00
-1.028233594448540567e+00,8.914550789190827107e-01
-1.945596254108034051e-01,1.854984244096168911e-01
-2.444492383767215074e-02,2.887269581909883143e-01
-1.673184876839884649e-01,4.372196246091842320e-01
-4.832890726953240068e-01,4.578086276934991705e-01
-4.136685654931183675e-01,1.929112745888747482e-01
-4.255078197029163456e-01,-4.163419997964898922e-01
-3.847315205785407644e-01,-6.434062446165741411e-01
-6.033518571837208633e-01,-7.656584866715513416e-01
-5.580733146791500010e-01,-5.695224740168557398e-01
-6.365375251480354102e-01,-1.807641775161495379e-01
-5.542033460590524152e-01,1.441786318140620138e-01
-4.547025874037709525e-01,3.608248118961214779e-01
-5.096053210791319232e-01,1.409525296436454078e-01
-6.074703617834117386e-01,3.637205805335871345e-01
-8.118378882278707298e-01,3.842522914407759949e-01
-7.928689577004033318e-01,4.529055764571707776e-01
-7.794329536185977680e-01,2.593167203378970442e-01
-7.870902235197959618e-01,1.575721254096820734e-01
-7.292444895461850374e-01,-1.321831022114667575e-01
-8.440045828110581683e-01,-5.014822236550734447e-01
-1.057066503084858278e+00,-1.024007548180571492e+00
-1.478975471739144121e+00,-1.380258578563915872e+00
-1.534102224274834780e+00,-1.303112208051009802e+00
-2.035326004087916640e+00,-9.047014388248162398e-01
-2.369798531768044558e+00,-3.212427068564089327e-01
-2.552568496351115712e+00,1.680369283017007775e-01
-1.810799418436249697e+00,4.341274528706500213e-01
-9.342306787433056758e-01,5.062858844849935647e-01
-4.053239803114969120e-01,2.338366819207076119e-01
-1.493057311063818449e-01,2.747729074152081008e-01
-1.609379755974874593e-01,9.138109027104310278e-02
1.529274943530826436e-01,1.045860728017937030e-01
7.859809731305743286e-02,3.841556044878492449e-01
1.444481992956601901e-01,2.954024490943883419e-01
2.226701403925693615e-02,3.084891771718961673e-01
-3.230864866400384727e-01,-3.597682264218634018e-01
-5.864416999220863902e-01,8.151688461480541270e-02
-7.349555957847844212e-01,-7.993906135999923404e-03
-5.814862523179173959e-01,4.367778950772993607e-01
-1.987849691344672487e-01,7.621830343507781658e-01
1.840923803849956741e-01,1.474455653054236093e+00
4.662599246464683711e-01,1.939793004353841832e+00
8.107010850472576857e-01,2.040324657807306874e+00
5.631356894172856453e-01,1.697936948971185744e+00
1.641112049678830953e+00,3.432956078755014850e+00
3.137663275478508318e+00,6.364611001431143222e+00
5.365058665127524051e+00,1.003706182660262414e+01
6.685416161334783780e+00,1.293749960448625203e+01
6.981815586413820718e+00,1.422788242011376703e+01
6.094501711684950251e+00,1.325891917001555953e+01
4.261910452499604318e+00,1.011013803585703918e+01
2.470986474376949182e+00,6.363521555483502290e+00
1.013278937777940314e+00,3.381765898367005363e+00
7.119402531445192528e-01,2.394514545323609855e+00
7.119402531445189197e-01,2.394514545323608967e+00
7.112321540843302703e-01,2.229398631180721679e+00
5.530283311788426470e-01,2.177747074751473999e+00
6.908113385935164830e-02,1.736918369107775417e+00
-2.485930495547513941e-01,1.697183996618376156e+00
-5.829059752877717715e-01,1.074017358959710622e+00
-5.829059752877717715e-01,1.074017358959710622e+00
-5.258856617354279450e-01,2.837090995810617189e-01
-6.446971626476336592e-01,-2.246186468617519458e-02
-5.466490579772378400e-01,-2.015897134754592868e-01
-6.688704145497924580e-01,2.320235763592360945e-01
-6.278951618498733733e-01,3.738547797195940214e-01
-8.200207267466363970e-01,4.910070599376807343e-01
-8.347710766420823880e-01,6.565154564857917929e-01
-1.078575552051063147e+00,6.574445134814875802e-01
-1.170562520879001811e+00,5.616069757193311585e-01
-1.371030935486417190e+00,3.509596150555702732e-01
-1.226424574481532748e+00,2.143939347313016386e-01
-1.110556218924719118e+00,2.019572146270360025e-01
-8.703402521409510095e-01,4.052190563757921971e-01
-8.353297714561570553e-01,4.055685390702510329e-01
-8.091255618856074694e-01,2.870216881149342258e-01
-8.091255618856074694e-01,2.870216881149342258e-01
-4.981690545544765203e-01,1.345529761029415072e-01
2.521641139843494028e-01,9.007541241738296900e-03
9.647761119592526136e-01,-4.144634924917821595e-01
1.971050297644602711e+00,-7.726309603472509835e-01
1.815171070179875112e+00,-5.383526772595605969e-01
1.334790163284437892e+00,-1.017675777974557383e-01
1.267648603604528412e-01,6.192535843711802768e-01
-1.474791307891179862e-02,6.131923983999825190e-01
-4.639117895907639011e-01,9.521975443163219754e-01
-9.659516992559338266e-01,9.950017352763561584e-01
-1.195745155273817195e+00,1.079601982553973327e+00
-8.814013186458378168e-01,7.362412268121519832e-01
-1.547738842187215864e-02,5.335913102285140264e-01
-2.443457444216004873e-02,4.274828162758576577e-01
-1.614510288734333568e-02,3.395842587885908870e-01
-3.289694584739678018e-01,4.463986277584157114e-01
-2.041049712477925049e-01,3.503602971685512713e-01
-2.116531779514084499e-01,4.408052492562815616e-01
2.381538626108098411e-01,1.131054194802165180e-01
1.392840204317781660e+00,-4.907050197320395601e-01
3.354372466059535984e+00,-2.313410552274495657e+00
5.511886675704737115e+00,-4.616666380142029347e+00
6.889632788648397899e+00,-6.482104581760130380e+00
7.492871999643170966e+00,-7.332330335094483509e+00
7.718395184653177310e+00,-7.119457226816480855e+00
7.350116980542363621e+00,-6.058777375246657826e+00
6.757762579326036523e+00,-4.724272661202587820e+00
5.329631555655171660e+00,-3.261733741509015072e+00
3.399238982290965883e+00,-2.120700970330296808e+00
1.702251362482603447e+00,-7.727713596990609668e-01
2.817826496285262272e-01,1.617025407136571946e-01
-3.090267888719887002e-01,7.157075976889234470e-01
-7.203600543036056125e-01,5.328476113462476960e-01
-7.421771476351676222e-01,4.203094259449554615e-01
-7.637608171946382862e-01,6.586701324479230513e-01
-6.189907014776404592e-01,5.483748380470547801e-01
-1.751219591126941255e-01,1.250921997330946889e+00
5.850752930013636277e-01,2.637589691710745754e+00
7.681731933815191260e-01,2.864560156093622023e+00
5.882603979660723237e-01,2.740432011018185676e+00
-2.401445889529948141e-01,1.286886443249682044e+00
-5.964790228365182134e-01,1.323713533116815944e+00
-7.107632232839372621e-01,8.913995030631134409e-01
-8.273971659840052562e-01,6.073955804554944660e-01
-6.570204033160681467e-01,2.268781069031373387e-01
-4.093741837257394156e-01,1.928794938326559016e-01
-2.385862449778566596e-01,1.264467605700979602e-01
1.605319471986229041e-01,-3.542554578804979482e-01
7.832907456928740464e-01,-7.701098978814755469e-01
1.379682128582292000e+00,-1.059278111641336562e+00
1.459358942218373478e+00,-6.571081036289729838e-01
1.402310808820144583e+00,5.249707483090630677e-02
9.749254193651220035e-01,4.111168432629889735e-01
7.868818602720354383e-01,5.249268984984420960e-01
4.261573075306438474e-01,1.744286532512873966e-01
3.614066479679456934e-01,-8.043238901547683506e-02
1.637389374487037141e-01,-8.196836769781192800e-01
-3.098028293255869481e-01,-1.050869097323529067e+00
-4.531721277007348392e-01,-8.013031627479999530e-01
-7.260166814560896631e-01,-2.861401245719156772e-01
-4.341609326872213903e-01,-1.248037407517477160e-02
-2.543659240845554392e-01,-1.110772833021928668e-01
7.451439037012954139e-03,1.504899758635808993e-01
2.715639804698053994e-01,1.477816666186179129e-01
