2.469701534568749413e+00,1.485380779936904094e+00
1.686210978699542506e+00,1.549258352443882325e+00
3.971197499909789319e-01,1.152245253455889573e+00
-2.274371489354169024e-02,8.610285961899933893e-01
1.807566857375970393e-01,5.057131939415016042e-01
7.607815928963579388e-01,2.407589252597753804e-01
1.590746148115828262e+00,4.739462348611176989e-01
2.524184133277742159e+00,1.048075337993348510e+00
4.081144006820674797e+00,2.306558405084527141e+00
5.915647514014305663e+00,3.664882451970519206e+00
8.003696643629634622e+00,5.155723431455312422e+00
9.677010913742710940e+00,6.399946548355156750e+00
1.090604382460723976e+01,7.228214604280982947e+00
1.155752094374313010e+01,7.504429262977350135e+00
1.155777720470263858e+01,7.206348867533696634e+00
1.080146213470274930e+01,6.386405543096712378e+00
9.036614551273753904e+00,5.053487660075454357e+00
6.617404951941690427e+00,3.562990015643391573e+00
4.228896853816253021e+00,2.223892215709088571e+00
1.901107454446405054e+00,1.384245824162143368e+00
4.648437851179642588e-01,1.269728749804790224e+00
4.758461587989782915e-01,1.550000088718358704e+00
3.168426895388795073e-01,1.570822469649414632e+00
-1.133249367222349292e-02,1.357351111904951502e+00
-9.249390224246053505e-01,1.017386620800096786e+00
-1.948826947625339923e+00,6.907877389908362309e-01
-3.406805060622664971e+00,9.069413361065591095e-02
-4.263371491784699430e+00,-6.048303142565578661e-01
-4.714944589183231116e+00,-1.293735098326008304e+00
-4.141774928826073676e+00,-1.531336380506227002e+00
-3.375442766007529460e+00,-1.392105636902534638e+00
-2.357586469002845853e+00,-8.502879300055512513e-01
-1.284264801865316441e+00,-2.099388123283351948e-01
-5.279202131576519186e-01,2.811039891202768426e-01
-1.730954775170386872e-01,3.209231334635103683e-01
-1.210602810154778886e-01,4.590398668855469322e-01
8.457047487601490610e-02,8.988725071169901826e-01
3.864476113589699890e-01,1.793015443926670338e+00
7.806789389311633576e-01,2.661122535239463183e+00
1.100988439494072102e+00,3.185960405518332372e+00
1.340090804483308640e+00,3.358762916848421209e+00
1.248901486131298810e+00,3.377886958147428675e+00
9.890062189956837502e-01,3.208964081989177597e+00
3.729549017597037497e-01,2.724773365093746680e+00
-4.829598718196091989e-01,2.443515130800372415e+00
-1.256019345133005283e+00,2.193460914964684871e+00
-2.062995681607862952e+00,2.494128097055887228e+00
-2.830960626321845197e+00,3.006899387188917583e+00
-2.936691416382273268e+00,3.272858157768032683e+00
-2.359613032835401913e+00,3.227360836170068747e+00
-1.245150076740694223e+00,2.684588360739554869e+00
-3.797558099703119971e-01,2.288493376195779749e+00
8.297475115741716201e-02,1.627308036294865756e+00
1.456350173939582326e-01,7.603751101571301074e-01
-2.203998205092548290e-01,1.318726367754928241e-01
-5.822186223747924938e-01,-2.018680118094718645e-01
-8.225980378937963744e-01,4.230181597812372805e-04
-8.123736435357891139e-01,2.524195075365991969e-01
-8.676523915124046971e-01,4.441954447796576666e-01
-8.572477495394505986e-01,5.683296754418972752e-01
-8.223719548956828218e-01,4.238575975489927150e-01
-5.483984477274536085e-01,3.757730288596653478e-01
-2.527945823114741142e-01,3.504028770143737814e-01
-1.266366223518358702e-01,4.239574471564547808e-01
-4.496261277080184846e-03,5.261490339925676274e-01
-4.629100608784866844e-01,7.878609812677884738e-01
-1.219238689274757759e+00,1.220322501521869274e+00
-2.076167842632042682e+00,1.670533753625682127e+00
-2.897863102733344576e+00,2.602023838260668409e+00
-3.682687563048396395e+00,4.031466552359622035e+00
-4.176425963895655791e+00,5.748292396950337668e+00
-4.126547649855877076e+00,7.213714880923868478e+00
-3.469201029984336770e+00,8.200539908184843796e+00
-2.413169304609411370e+00,8.415687967915399526e+00
-1.282321072824007535e+00,7.677076353417550791e+00
-3.705930255139450180e-01,6.146285274456874781e+00
1.338792418368071058e-01,3.875844064621959628e+00
4.119942635757705696e-01,2.001730803052163221e+00
5.468527735079284913e-01,9.628372846887035541e-01
3.535124653691061325e-01,1.162032972143901333e+00
3.648891484267412916e-02,1.281524965573331620e+00
-2.585944363873241003e-01,1.229573137562191443e+00
-1.824829423599471367e-01,1.059903839104179069e+00
8.997267168784879587e-02,9.466755848755661340e-01
3.507960093529696177e-01,8.066795303719603849e-01
2.464112002329041651e-01,5.288768498185523192e-01
2.091234124191724830e-01,3.876237575545524172e-01
4.474881593870101704e-02,3.412867999612976266e-01
3.858587429951240017e-02,6.694245116503662052e-01
-2.275853872566815372e-01,8.408074445595740132e-01
-2.779388481782504305e-01,8.953542969342084268e-01
-2.113359683369749609e-01,8.746262721556262720e-01
-1.613058624469226043e-01,6.805927546381428384e-01
-5.467851857782840552e-01,5.394411407378398859e-01
-8.237720973462318019e-01,4.744484932611820471e-01
-7.975278675213233193e-01,5.068641600633519984e-01
-3.922303115551307728e-01,6.371197101016335962e-01
-1.230384139103424535e-01,7.500691153563140423e-01
-3.279546265994866955e-02,7.629203375077396876e-01
-9.770969371100163281e-02,6.894415702219837128e-01
-3.089532312244525625e-01,4.104409541786721571e-01
-3.292841486761321490e-01,3.538464986721661654e-01
-1.672050818765585256e-01,3.429797861928494673e-01
2.263738739111699205e-01,6.613958718749244348e-01
5.569874035209810836e-01,6.253050836762440445e-01
7.798370698369558873e-01,9.639090575531115146e-01
9.080444999457905064e-01,1.248238441800886944e+00
8.686946339773158332e-01,1.638597551588076850e+00
7.163500438237713208e-01,1.404425093508909761e+00
4.333135312137014195e-01,1.264696860322219951e+00
1.138273525348642012e-01,1.084873505181424447e+00
-2.200897018167256303e-01,1.193504188813603539e+00
-4.087574041237646560e-01,9.935866927634882106e-01
-3.831662028203220438e-01,6.917246023606368199e-01
-5.308388569619185704e-01,4.874825058180710657e-01
-9.274070572426347248e-01,4.194907937050312285e-01
-1.739532376763997190e+00,5.362671132806856589e-01
-1.998168544357225240e+00,6.361455624389761310e-01
-1.948714960896346104e+00,7.830637198211291006e-01
-1.387640703952992105e+00,8.894371815068020659e-01
-9.876061971040207554e-01,8.792246566426383803e-01
-6.106251417075245769e-01,7.362496943366093616e-01
-3.240736238529706714e-01,4.932155742778925323e-01
-1.746872295134767050e-01,2.311492807635587288e-01
-9.654418169418368945e-02,-6.226913404727588142e-02
-1.435004247622543305e-01,-3.361372202588015501e-01
-2.839470558232653485e-01,-5.568111376330497908e-01
-2.839470558232653485e-01,-5.568111376330497908e-01
-2.839470558232653485e-01,-5.568111376330497908e-01
-2.839470558232653485e-01,-5.568111376330497908e-01
-9.145204173987275809e-01,-1.718364747560593986e-01
-1.693745891884766763e+00,4.121601736007040606e-01
-2.482514618772644788e+00,1.042947706800244179e+00
-2.909303848117516633e+00,1.407672655377466331e+00
-2.805466633058121495e+00,1.403251215067702340e+00
-2.250897484098107970e+00,1.040174956640611548e+00
-1.489575010441436920e+00,4.992433702152934138e-01
-8.360205258877364543e-01,2.594959428959738856e-01
-7.366927388527942933e-01,1.202272782274327045e-01
-8.779658010665991608e-01,1.076290513752501954e-01
-1.117100419902802733e+00,-4.394526796319337958e-01
-1.110509526913467049e+00,-9.471774738366960378e-01
-8.735993061869873344e-01,-1.697783471226957497e+00
-5.318451476181379478e-01,-2.173783351277793763e+00
-2.764857585598597955e-01,-2.485374767796682871e+00
-2.935905461131529393e-01,-1.961356924435328608e+00
-3.530625886702761784e-01,-1.457451313294619855e+00
-5.242841924029888467e-01,-7.079371114226264972e-01
-3.728689815948517672e-01,-9.377873148303031980e-01
-3.367320551857125310e-01,-1.000641205358402619e+00
-1.510474189293438407e-01,-1.547576374007439526e+00
-1.448801654371824621e-01,-1.207139618708153339e+00
-2.039564588131497214e-01,-9.574343029602817579e-01
-6.055214101033405960e-01,-3.195470348427716933e-01
-8.833431984820941940e-01,1.225637797416747887e-01
-9.850412061333377878e-01,3.982938031092804754e-01
-7.842730231434216215e-01,3.305649838516475092e-01
-6.763720185137487295e-01,1.506967636941696775e-01
-4.455015372695001474e-01,-8.560640568862183664e-02
-3.088530499850765110e-01,-3.397277185829795099e-01
-2.839470558232653485e-01,-5.568111376330497908e-01
-1.296847798663470219e-01,-5.209419444101893726e-01
-5.307967558181459627e-02,-5.883409209675133367e-01
-1.538262330944668160e-02,-5.829881687053297679e-01
-2.047105839206131428e-01,-9.280528002061368964e-01
-2.554888755342940576e-01,-1.004745384864215607e+00
-2.500360380540458949e-01,-1.135577949378452578e+00
-2.245828564711913611e-01,-1.028432346526213736e+00
-2.666397026209308407e-01,-1.180392083668423631e+00
-2.867771571664995411e-01,-1.458537820423532194e+00
-4.587869747032254919e-01,-1.615927290174015152e+00
-4.541947926203649955e-01,-1.618608677736951496e+00
-3.749093803961530691e-01,-1.366255697403906177e+00
-1.287585324470906858e-02,-1.394487899750859849e+00
2.344299551221380382e-02,-1.156236924381797371e+00
-5.715476866096003139e-02,-8.780261903604452689e-01
-3.794932000575207409e-01,-4.221422059591021236e-01
-4.020848177106853827e-01,-1.510095663402779287e-01
-3.507951296231271998e-01,-1.069321401242244625e-02
-5.220047672536600597e-02,2.661527939490819783e-01
1.529877509182974993e-01,3.115366575793153681e-01
1.529877509182972217e-01,3.115366575793150905e-01
1.932303399891446838e-01,-6.781860147678472894e-02
4.746875875283839696e-01,1.417225108329375934e-02
6.301700203491870100e-01,-5.145711959925597379e-02
1.002383332376207914e+00,-8.462520012569000813e-03
8.803391603813646160e-01,-1.677348904287095099e-01
1.279174506912550635e+00,-5.227017760342874686e-01
1.585251041558215057e+00,-1.122952712630116423e+00
2.101692241121193128e+00,-1.711466451500637920e+00
2.153253704877376773e+00,-2.176870849711834754e+00
1.802275130507662970e+00,-2.305036603198053147e+00
1.080280514767494537e+00,-2.093757817243982799e+00
3.843015823768525796e-01,-1.632851058955706591e+00
-9.383801592019599958e-02,-1.205729493974501354e+00
-8.268000070290339176e-02,-6.622696662218335861e-01
1.493374603016416058e-01,-3.106365769465297411e-01
9.646349192504002912e-02,-7.670606245701544479e-02
1.329289004864829815e-01,-2.442439792146573196e-01
-1.017090450391645445e-01,-3.028793540078825175e-01
7.045834733339235989e-02,-3.231454675154246114e-01
-1.298037467373070949e-02,-5.279781558861456059e-01
2.598992786303798430e-02,-2.160705452804576043e-01
1.689456792525781959e-01,-4.119597029502484742e-01
2.625072856299475732e-01,-9.909114972517156505e-02
3.258098770087271001e-01,-9.593547489642072212e-02
3.629864564679442518e-01,3.789345677056736306e-01
4.266962221114926623e-01,3.400445166881249648e-01
4.189555187905968925e-01,-5.387239085909100583e-02
3.408611865493190729e-01,-7.148457929930445154e-01
3.312700189706318521e-01,-1.351210347130559875e+00
-1.405362251745256585e-01,-2.147087513696428918e+00
-8.246420247472776577e-01,-2.670504399725259326e+00
-1.432504091917160771e+00,-3.166016581539125685e+00
-1.611400137282025469e+00,-3.363124810426799449e+00
-1.380020712148980477e+00,-3.157723192845322657e+00
-9.166077430855381625e-01,-2.641421201346374481e+00
-3.019407071814906862e-01,-2.137384405320733816e+00
2.277616545016083183e-01,-1.536352613045314230e+00
5.076213559489265448e-01,-1.263464863533608762e+00
4.192895772105048602e-01,-5.381968225847718612e-01
3.800118786448087871e-01,-3.220922052803661950e-01
3.957984155979645813e-01,-7.513952593593077600e-02
3.918649635054959890e-01,-3.042457330861372267e-01
3.199022119539299269e-01,-4.514263918256550823e-01
3.016751668232199313e-01,-6.986810308660703628e-01
1.742242182607612322e-01,-9.058050727411262049e-01
1.658060860185602281e-01,-9.421160299082886880e-01
1.043239986127496854e-01,-8.392282768842074248e-01
2.075626547426968338e-01,-8.378757923259488871e-01
1.014190385823741242e-01,-8.959297654302281755e-01
-2.109548144837946060e-01,-1.138636239747028878e+00
-6.989490153878634704e-01,-1.263242832245621949e+00
-1.088068880480913991e+00,-1.359720438333923864e+00
-1.236126603615268493e+00,-1.232365224745457066e+00
-8.615198014917344604e-01,-8.685567427809378627e-01
-5.514669550173234569e-01,-9.109933425610534652e-01
1.262339286970066803e-02,-7.314869193644284451e-01
2.756847800000998827e-01,-7.881313630438480100e-01
6.103996676797737164e-01,-2.471421640392353625e-01
6.740488464313598715e-01,7.469929588363689865e-02
4.492136716204332414e-01,2.947688286345501174e-01
2.350346559744798947e-01,3.781407091440288637e-01
5.099023667436842350e-02,5.456023471224465959e-01
-9.460751057736306591e-02,6.212478835355705886e-01
-1.651156876892379000e-01,6.074988382588347724e-01
-2.231204802133263942e-01,4.697129721417034887e-01
6.687589892313462736e-02,3.503451419194182903e-01
-3.641717779916128772e-02,6.250066022173769720e-02
-1.552959350261639247e-02,-5.163916253276877866e-01
-1.987222572391934838e-01,-1.123930460186481683e+00
4.308479228622757312e-02,-1.397695940740240284e+00
2.016037753217356510e-01,-1.267294326659825110e+00
4.406495181122677129e-01,-1.128870570620666092e+00
6.165486663791137634e-01,-1.174659068482948321e+00
6.271432392259169708e-01,-1.349716000053881038e+00
7.610091586409531983e-01,-1.604427053483127752e+00
6.113318939993740431e-01,-1.687710719459383224e+00
5.503015297473705658e-01,-1.744713837264722400e+00
1.494994275940153827e-01,-1.514976004419329003e+00
-1.618553324723031317e-01,-1.139227061632378302e+00
-4.275976250837646431e-01,-5.310028655841659839e-01
-4.645924768912221281e-01,-1.646858889479380916e-01
-3.629713639921142709e-01,1.853904146697168409e-01
-9.896095657321490879e-02,3.361975706457233648e-01
3.036338861771767927e-01,2.158551764553028607e-01
5.820871012630808305e-01,-1.060373149671419574e-02
7.561919827163255947e-01,-4.176802112475955786e-01
8.203343674073163561e-01,-4.883891724147710334e-01
8.932896488221101494e-01,-6.319917643551400399e-01
1.152085957851429754e+00,-5.631119572959575326e-01
1.277285777472895623e+00,-4.987272947319728589e-01
1.393830729109238442e+00,-4.369783307391719718e-01
1.230927231243221120e+00,-5.001946802827086369e-01
9.303222512256114074e-01,-7.579231091717704150e-01
6.247354351369129866e-01,-9.213486238260054639e-01
4.504848673268140868e-01,-1.030857140312327669e+00
5.635960760449599816e-01,-9.407585312141362177e-01
8.914962266227881571e-01,-7.981513953584344900e-01
1.228547404018533351e+00,-5.445007838415909518e-01
1.499102355302440515e+00,-1.356660034466226558e-02
1.467938448452118960e+00,1.582367329571311709e-01
1.430977840935728773e+00,1.640090427591233968e-01
1.443826153707294724e+00,-2.152812992734211006e-01
1.475299774585897783e+00,-2.950341870683619860e-01
1.690349733137158195e+00,-3.741672332466501327e-01
1.911544708972645834e+00,-3.445109537567698221e-01
2.018178484876607559e+00,-3.322787443054200929e-01
1.815351275749332194e+00,-5.472944230525826903e-01
1.235263861993223911e+00,-9.841074334941042334e-01
7.744152209220500627e-01,-1.298277222828137401e+00
3.644165012900169587e-01,-1.173139391509886664e+00
4.629614593171066939e-01,-8.002140106031092603e-01
1.929176608595357112e-01,-6.038563502703767627e-01
1.044766813604898342e-01,-6.869397348033534634e-01
-2.252482359097910114e-01,-6.657988935124469210e-01
-1.014734659177790876e-01,-9.168979427625235656e-01
-6.406134624118420273e-02,-1.203650774173557148e+00
7.368371098248083229e-02,-1.482804924533972279e+00
4.423679143209843789e-02,-1.553287274192838519e+00
-2.182111696097526268e-02,-1.585003339181330295e+00
2.070297614699778410e-01,-1.252815801606658619e+00
4.235023146412142947e-01,-9.613268086687236647e-01
5.761450803876325688e-01,-1.998899720756809884e-01
3.922970703127907077e-01,1.292375240768525169e-01
1.739028444531047490e-01,4.398593732102558662e-01
-1.342701055750071815e-01,2.039926701464906678e-01
-1.845809732731654162e-01,1.795020943103927125e-01
-3.173607896329372347e-01,2.714328867070938123e-01
-2.808690438513020138e-01,3.998834278610288728e-01
-2.336667746218408226e-01,4.400846476081234360e-01
6.711348142401599853e-03,4.076590801603778291e-01
2.304511018239389919e-01,3.046496521889814346e-01
5.914737940033479857e-01,1.811459114530040715e-01
6.719204062663858279e-01,3.594213183471869355e-01
6.398321693265004440e-01,2.862277391982234187e-01
2.387492114969556323e-01,2.363676674648810747e-02
-2.167392592792772438e-02,-5.481726124702245295e-01
-1.954610188771446488e-01,-9.752406140608812501e-01
-1.304461870779041466e-01,-1.130526700263488227e+00
-1.150010527051255060e-01,-1.444791343328018618e+00
-1.085434844089280398e-01,-1.305446121927443581e+00
-1.346702023475273291e-01,-9.852547683810952694e-01
-1.444210329817733618e-01,-7.064577877886879520e-01
-1.596117085316228201e-01,-4.013031537184671427e-01
-3.507338169946391804e-01,-5.743662954225028927e-02
-1.491166865047993950e-01,1.518504353515143512e-01
1.565694070542634764e-01,2.447700118215026810e-01
5.857592858451033946e-01,1.998422935824099855e-01
6.015032745914762335e-01,2.888751500289963858e-01
2.736399224063524871e-01,3.821359238919273538e-01
-1.421017916854681595e-01,5.789732713332794711e-01
-5.125831616660927459e-01,7.651360666783839637e-01
-6.120278415681170703e-01,9.317609852295519746e-01
-6.206993844479882227e-01,1.076305784045999081e+00
-5.471711947565229828e-01,1.028167103601317134e+00
-4.521850708697859877e-01,9.468212228142117715e-01
-3.990363949313578407e-01,8.516253066643049152e-01
-4.073762822231011271e-01,1.007788952761702550e+00
-4.135978823410290106e-01,1.424618252322178424e+00
-5.411696561172179010e-01,1.905449532614531094e+00
-7.501129712879374134e-01,2.301868469598267630e+00
-1.187254264303597928e+00,2.365932689941066425e+00
-1.410113236691108662e+00,2.162352651914860147e+00
-1.174180511228892110e+00,1.556594111110828571e+00
-8.823925285578987365e-01,1.162696399222385990e+00
-6.738857470846337794e-01,7.128894882605433247e-01
-5.942526109771616438e-01,6.921596552763019661e-01
-1.036842655514541578e-01,5.042102946096722604e-01
3.847547735606969277e-01,7.272828605740809804e-01
8.398692493345012444e-01,9.817377764003581975e-01
1.081454498864435010e+00,1.358145309644636978e+00
1.238026209547464118e+00,1.480032021767096584e+00
1.228599536932146297e+00,1.379355777800784333e+00
1.059633287402523605e+00,1.034471954922797421e+00
7.877583028535697363e-01,4.872907410259113559e-01
4.052663841090173857e-01,-1.522557261825686209e-02
1.515647415675007437e-01,-8.397710464548892029e-01
3.575291261584426835e-03,-1.592116229466747468e+00
6.659759047862712222e-02,-2.098070167356388183e+00
1.176152206607031236e-01,-2.161470282624767147e+00
1.044745305017318188e-01,-1.792983001387287612e+00
2.259032308400824307e-01,-1.394287922479109598e+00
2.206400848062214648e-01,-1.062813787276365218e+00
3.945274646775483451e-01,-7.037441581620474951e-01
4.412890433380911581e-01,-2.832554158669136624e-01
4.845467119630276764e-01,2.274900806904425199e-01
4.581353485102546697e-01,4.790039408007212840e-01
6.029778758029148422e-01,4.321647433148036455e-01
5.595501744128289490e-01,8.461421499495336285e-02
5.834484117409288739e-01,-1.103190098068213415e-01
2.924089281890985270e-01,2.799258415419302731e-02
4.103128025750362173e-01,1.405448864371176831e-01
3.742105079246816346e-01,7.779298794863651056e-02
2.891768146805183126e-01,-1.361593491908386633e-01
-6.933080004400364593e-02,-1.098417067837711841e-01
-5.412390578752770409e-01,-1.957308409168591612e-01
-9.263544126964867731e-01,-4.189770565160491622e-01
-1.155453250546233157e+00,-7.856765085596190135e-01
-1.137713979115624774e+00,-1.105468009961812603e+00
-8.538727174471251180e-01,-1.060651714669272883e+00
-5.501155769305503540e-01,-8.234674711488142451e-01
-8.548938145716347692e-02,-4.316069296141866740e-01
2.131790961347763413e-01,-3.711612111750655640e-01
1.517778820443046461e-01,-4.528680833540958406e-01
-4.658058877978451390e-02,-5.237197418407791849e-01
-2.839470558232653485e-01,-5.568111376330497908e-01
-3.018234003686927069e-01,-7.157552966028920549e-01
-2.505781859525590405e-01,-9.042262759593305832e-01
-1.417948557895163664e-01,-1.165591801615645684e+00
-1.150010527051255060e-01,-1.444791343328018618e+00
-1.176067829308807960e-01,-1.235227368401577985e+00
-1.955469806772018315e-01,-1.066304234333011802e+00
-1.521667081970575763e-01,-5.220813310074809976e-01
-2.812828491601769287e-01,-5.924733995225517358e-01
-2.692912170150081330e-01,-7.334978720250817652e-01
-2.654261484775845004e-01,-1.080094063005214045e+00
-5.521415171885266648e-01,-1.831300767886706815e+00
-1.100350629377880418e+00,-2.397783916283983352e+00
-1.769071581562511986e+00,-2.953905284137638976e+00
-2.273727428202620526e+00,-3.305569826805139222e+00
-2.369535992785293033e+00,-3.117552956494539451e+00
-1.980936745136293808e+00,-2.412061831367749765e+00
-1.085349159171787869e+00,-1.180756374971624334e+00
-5.101567670530575693e-01,-5.042637067320475674e-01
9.561412861704085553e-02,-8.245745366694956502e-02
9.762784889589985055e-03,-6.320826482639907429e-01
1.371330484916820636e-01,-7.966076130618923168e-01
-1.759599505134697844e-02,-1.082978002125923211e+00
-9.610940807711397527e-02,-1.332035689950278989e+00
2.441164160972294217e-01,-1.216202368645713738e+00
6.300099197029715992e-01,-8.226246640510840313e-01
7.564647494194729482e-01,-3.961696819518951140e-01
5.197843390236671635e-01,-2.643411378668988898e-01
1.561010867500970678e-01,-1.205234469770255501e-01
-5.104272648195478518e-02,1.214536303005164242e-01
-3.963549665288246815e-01,5.181362855176530058e-01
-6.116095940746629767e-01,7.941543658162339980e-01
-7.796070288575293050e-01,9.358776074806486323e-01
-5.005780088418008145e-01,8.385805110321038480e-01
-2.512197321764171876e-01,6.643866551073591697e-01
4.449552002538977313e-01,3.005233548429470103e-01
6.623739585979980804e-01,5.383901880964241105e-02
1.068487649262130468e+00,-3.614010437255073538e-01
9.573650288044655010e-01,-5.760015019929811686e-01
1.114349321573759877e+00,-7.743406513521865486e-01
1.261616542992466616e+00,-7.490183729738911778e-01
1.353503489956156658e+00,-5.528306640924361970e-01
1.449959150231676208e+00,-3.414647728344761268e-01
1.371782350962875929e+00,-3.698210127410572756e-02
1.324836266175743127e+00,2.094763216275496442e-01
1.160934071372335064e+00,2.074018929300197600e-01
1.106201036980232644e+00,9.372776082465929248e-02
1.055936217676768818e+00,-2.010111480615198731e-01
1.055936217676768818e+00,-2.010111480615198731e-01
6.451490344524194454e-01,-5.289458595437303012e-01
1.539733812725101458e-01,-6.504941182872985284e-01
-2.877430435403539044e-01,-8.028741024487944244e-01
-3.175693205292249299e-01,-7.826815686445947051e-01
-3.481984461749920712e-01,-9.602621374744234606e-01
-2.672246791771766827e-01,-1.248208189517449940e+00
-1.659082431168966976e-01,-1.193394281657167433e+00
-5.490202142508443517e-01,-5.705641885304111316e-01
-1.396199917907462007e+00,1.217920950848302014e-01
-3.001630277682907355e+00,5.269086498862616263e-01
-4.619307672839173762e+00,5.820307151511600052e-01
-6.154880069497845163e+00,5.224557762001255101e-01
-7.168512049890997773e+00,3.923663591907873283e-01
-7.502652358565232049e+00,1.773168757880396185e-01
-7.139805716367741972e+00,-8.680431614382602690e-02
-6.080855995450856533e+00,-3.523927662935517069e-01
-4.553182540793025979e+00,-5.476881942510005707e-01
-2.802011198818619597e+00,-7.248053874615862924e-01
-1.249613097627666480e+00,-6.754557314771107990e-01
-2.412657740259339934e-01,-5.593794016400202018e-01
-1.031739277732377502e-01,-4.739852352635052779e-01
1.723426949209090064e-01,-7.481344732128605290e-01
1.012845919256230298e-01,-1.091032967558754230e+00
6.102801525545513417e-02,-1.295604413032620084e+00
-6.562703394626721864e-02,-1.149740209697382554e+00
2.182703710225369076e-01,-7.874484780319758181e-01
2.179509884356258254e-01,-7.835114793068315153e-02
6.141353341284790934e-01,9.271100427324169280e-02
9.031225480637637970e-01,-2.109394993542346719e-01
1.782988985529680770e+00,-1.182438534732511481e+00
2.333877109866759447e+00,-1.717374896713294685e+00
2.177289559862716217e+00,-1.755105059536555601e+00
2.398436794767044855e+00,-1.819183377229689480e+00
1.910053118835715713e+00,-1.463742392500077871e+00
1.221911787647750547e+00,-8.497581568748571179e-01
5.747937090455217390e-01,-5.626025507121001912e-01
1.382161700704040708e-01,-5.169735383837881226e-01
1.931337119771379673e-01,-7.169246033887380909e-01
1.610766754337049911e-01,-9.366489846224721472e-01
2.190671581230436982e-01,-1.301241470076639484e+00
2.969961174688948713e-01,-1.261881972465626500e+00
6.874538140079318183e-01,-9.291163861716463801e-01
1.086484605890903898e+00,-3.016607921950091309e-01
1.392508212735336537e+00,-1.665752914524774517e-02
1.330388536292313129e+00,3.928194338248386375e-02
1.094284114430267518e+00,-6.498656412037073782e-02
6.681913813164612748e-01,-3.000509509792571583e-01
5.290607382556549165e-01,-4.254846794411346611e-01
4.809052086047958530e-01,-8.162507926957266458e-01
5.621795188548657229e-01,-1.189344255745012235e+00
7.610091586409531983e-01,-1.604427053483127752e+00
1.442549906358352674e+00,-2.119279279980536668e+00
2.584010540439571457e+00,-2.744722078627974682e+00
3.966523910934762753e+00,-3.653393313609512028e+00
5.194793909977373225e+00,-4.494172987889392346e+00
6.110233205646160570e+00,-5.144773548646229600e+00
6.443010715385683262e+00,-5.361487082224059009e+00
6.355148876016504467e+00,-5.270606679848718557e+00
6.010609837390573418e+00,-5.040513477208492077e+00
4.819322294581061428e+00,-4.075048896561067835e+00
3.810019705569486881e+00,-3.772070371693053925e+00
2.743334346674904722e+00,-3.695958743908902999e+00
2.370482238917693607e+00,-4.492031304497966282e+00
1.702994225904882253e+00,-4.812105730593228436e+00
1.091333795314140653e+00,-4.853371963130599376e+00
5.495630213786528717e-01,-4.458004717115993998e+00
1.557005004843946272e-01,-3.683545766765974339e+00
-9.833553641482516150e-02,-2.696924092795653927e+00
-2.282228483396263885e-01,-1.812037087048243400e+00
-2.199724453301793448e-01,-9.639274570076213910e-01
-1.471539579781709350e-01,-5.942474607911703011e-01
-7.163755556208702135e-02,-4.830527833322899034e-01
-8.457005393278958782e-02,-7.229000627914529131e-01
-1.481810269067437846e-01,-1.034166072107062684e+00
-1.803212931865442181e-01,-1.401864252380865317e+00
-4.531946450367581036e-01,-1.803440537208243377e+00
-8.147740859379819511e-01,-2.331559374135626861e+00
-1.226511788908279499e+00,-2.852070847157727851e+00
-1.454619847737433691e+00,-3.196375980769180725e+00
-1.387234952055604653e+00,-3.023233734893723046e+00
-1.045345871616914391e+00,-2.390094151288283175e+00
-6.636087634786721479e-01,-1.596588449012113387e+00
-1.648863674834785964e-01,-8.572311436231812021e-01
-1.811847742611494838e-01,4.587591000212978831e-02
-7.331808054434330035e-01,7.310581768929281798e-01
-1.083209323324729301e+00,1.044846826116794691e+00
-1.093233427351096854e+00,6.447029257580069173e-01
-6.401852070449191023e-01,1.290687050127922453e-01
-5.491563813387564386e-01,5.581720531339400687e-02
-6.740269053747375283e-01,4.559259324663648694e-01
-9.104267419208134093e-01,3.980934284841699533e-01
-1.048360236018511804e+00,2.389005290269834714e-01
-1.059181778329851831e+00,-4.915828367988291092e-02
-8.752331231810704937e-01,-3.789975300863463459e-01
-5.293330477883474439e-01,-6.875308389306697965e-01
-8.862969077198996903e-02,-9.514054617470644182e-01
2.743389540487817246e-01,-8.438643250376228755e-01
4.522042798776294559e-01,-4.765804161943164585e-01
4.967893387243311754e-01,-5.747982128476528119e-02
4.845467119630276764e-01,2.274900806904425199e-01
6.505967703842657768e-01,3.330105807122678008e-01
7.903975662161899507e-01,2.878017790774454743e-01
1.099308363736679839e+00,4.065063266832892597e-02
1.148137215692625723e+00,5.464998132351134817e-03
1.170563498146679482e+00,-6.353461937856588748e-02
9.343793489257514739e-01,-3.817931010213250487e-02
7.187144745032805204e-01,-1.382126542506956490e-01
3.719139969568711068e-01,-1.303929343897052007e-01
9.358891925252538213e-02,-1.304348073076327941e-01
-1.754302417630472233e-01,-4.583995321246348703e-02
-3.907976188971475917e-01,9.989258001684633848e-02
-4.656354998372706500e-01,3.364235556603111243e-01
-4.244391806334936734e-01,4.680174311625051597e-01
-3.028040762663908869e-01,4.919311058401855119e-01
-3.542537243942413538e-01,1.232954059662270535e-01
-1.678507043637126606e-01,-2.626440290788583654e-01
7.210204275980246214e-02,-6.394385118644523303e-01
2.268799651951629581e-01,-4.729062176402551443e-01
2.660384341785075324e-01,-5.649212288888015854e-01
1.081416863023491881e-01,-7.240056411912563217e-01
-9.572169691824369830e-02,-1.087552371717239286e+00
-4.742088098445357280e-01,-1.386985935419807747e+00
-7.947622029116999665e-01,-1.438463123499732710e+00
-1.116787329371280446e+00,-1.017127071301349828e+00
-1.271069238324852080e+00,1.105371118113503415e-01
-1.171811104343066123e+00,6.827989026135247164e-01
-8.840477275483463737e-01,7.514446850132781019e-01
-1.012257891179770830e+00,4.266836084586118072e-01
-1.645375029481694673e+00,1.008700678955774643e+00
-2.151291525438931984e+00,1.494253137861459191e+00
-2.203808166670268687e+00,1.501523158311658834e+00
-1.670885868741403435e+00,8.894240503230381734e-01
-1.232676277777124740e+00,3.882595209971752559e-01
-7.978454181179440718e-01,-1.799303337798433822e-01
-4.759636746084727199e-01,-4.689677403424742375e-01
-2.412657740259339934e-01,-5.593794016400202018e-01
1.154217327923341835e-01,-2.943166246745099746e-01
4.655045170239069385e-01,-2.732878883051095831e-01
6.308404508267823063e-01,-6.407211124320898454e-01
3.728883374980686005e-01,-7.434621527831760668e-01
3.816100756600563915e-01,-8.606195826554396966e-01
2.792260438881092877e-01,-6.631598933721108979e-01
3.924906425731776727e-01,-2.767898121511011555e-01
3.944852609730805093e-01,1.267924252658587658e-01
4.419592136479472688e-01,4.032352611260487940e-01
5.943594765376981615e-01,1.370678764007035033e-01
6.384730379373050324e-01,-2.414579622830455852e-01
7.594211901158935962e-01,-7.513235491855689840e-01
8.542122456174560119e-01,-1.200839716530303525e+00
8.852628235937118895e-01,-1.276687907824030743e+00
8.491004910551912532e-01,-1.317537243541520242e+00
7.334596799750882079e-01,-1.141943075316364853e+00
6.305350822114951237e-01,-1.136514462730303876e+00
5.012228455457291565e-01,-1.210169658372700852e+00
4.070448967731410961e-01,-1.463848861062501117e+00
3.199249983934240871e-01,-1.609628813677189241e+00
1.591455274211573401e-01,-1.619159772510372797e+00
1.048089599291000124e-02,-1.599777393215365162e+00
3.510545217418641895e-01,-1.204370580643390420e+00
8.424215017997687127e-01,-7.602437377899132764e-01
1.433301533874679734e+00,-2.989255623138401541e-01
1.671546841869536504e+00,-5.525238860713512640e-02
1.486420155753197747e+00,-5.446436129061645037e-02
1.023780140943515438e+00,-1.349293284872105092e-01
4.342494851522818999e-01,-2.958106165520147379e-01
4.342494851522818999e-01,-2.958106165520147379e-01
3.236555608111481297e-02,-1.694996144522939452e-01
-1.675747967159555984e-01,1.282491356201130861e-01
-4.058045815139349477e-01,4.521782997025548534e-01
-4.923515847731469997e-01,7.449420198526415238e-01
-2.939108310761950338e-01,7.585789738377217706e-01
-3.909283855796144569e-01,9.076936381823835776e-01
-1.487687697975260681e-01,7.684311677307491539e-01
-1.487687697975260681e-01,7.684311677307491539e-01
-1.325674535476673854e-01,5.853040706771421853e-01
-2.920989433887576925e-01,6.592816061131380190e-01
-2.740459337565264719e-01,-5.372167761135409475e-02
-2.502630763743061704e-01,7.312670105317704838e-02
-1.430926301827058766e-01,-2.542457691109674678e-01
-1.375691104620611338e-01,-2.271165452975061269e-02
7.751297563428542758e-02,-5.144977007771260880e-01
2.792260438881092877e-01,-6.631598933721108979e-01
2.857671361093745976e-01,-7.671181738398977767e-01
7.426432539691980861e-02,-5.264391678206717939e-01
-9.017806082487289654e-02,-2.652792245203591248e-01
-1.103979848204065112e-01,-1.448893264719666729e-01
-1.103979848204065112e-01,-1.448893264719666729e-01
-3.120920704527354039e-01,9.967224938941657286e-02
-4.597468542662909163e-01,6.133057027968252806e-01
-5.531072306773002767e-01,1.020074383114197847e+00
-2.956287177326584192e-01,9.236716940374773976e-01
-5.089784959925743035e-02,8.423327250426826396e-01
3.145261378141756547e-01,6.146984838288109820e-01
2.240456246680791463e-02,6.434322289459277755e-01
2.065524017946989976e-01,2.590566842137133619e-01
-1.777048935601992785e-01,3.274862339952869794e-01
5.489176569361755575e-01,1.275210951462784625e-01
5.489176569361755575e-01,1.275210951462784625e-01
9.912048386176016690e-01,-3.465027620465884750e-01
7.023284065945137877e-01,-5.023894913073099211e-01
7.410811514130879463e-01,-5.877792742512972790e-01
6.922358311276561871e-01,-5.176453294685673390e-01
9.560491744542602977e-01,-3.373046047894623367e-01
8.038934710118055271e-01,-4.079033236350652070e-01
6.050622235926467196e-01,-6.369831450470146983e-01
1.783463534879486390e-01,-8.980103220097818140e-01
5.582167972428558889e-02,-9.313672043374749965e-01
4.377933744799787641e-02,-8.497227468819396057e-01
8.250649055002032273e-02,-7.026922607039944868e-01
9.182819429524809174e-02,-6.386733668131578945e-01
3.570848528053159610e-02,-6.604063394878908477e-01
-6.951640299718073179e-02,-7.869317339017516399e-01
-1.816435555045902150e-01,-1.034852620317862293e+00
-2.313409201171262308e-01,-1.396396291443837034e+00
-3.558481884788862182e-01,-1.048259648681774348e+00
-6.814620324132719675e-01,-5.788789944574108670e-01
-9.317108094201320689e-01,1.255789706358749480e-01
-1.043092486325444490e+00,5.459513032090232976e-01
-8.562041606252639436e-01,6.918116466166571721e-01
-5.800502767172616148e-01,3.525838762620294720e-01
-3.671950244277089603e-01,-1.160957896179403426e-01
-2.839470558232653485e-01,-5.568111376330497908e-01
-5.824984882524035790e-01,-4.665821740979346210e-01
-8.501170572123377678e-01,-3.289612958553039812e-01
-9.414994712383727427e-01,-9.605166035584471185e-03
-9.544296111573281616e-01,1.238269504403686078e-01
-8.680771386670580458e-01,2.055940790770616478e-01
-8.680771386670580458e-01,2.055940790770616478e-01
-7.093630593045819888e-01,2.052763248652388628e-01
-5.285188953687004476e-01,6.772825205790990698e-03
-3.824526121037771786e-01,3.332343043974344554e-01
-4.535386419719878992e-01,6.821038073569851701e-01
-9.049596126896354287e-01,1.124713395837238838e+00
-1.459978554203428480e+00,9.306003828934601430e-01
-2.149975155584882280e+00,7.252560638683038796e-01
-1.960110067886335683e+00,5.415189149804792157e-01
-1.506057026433893498e+00,5.987631107338552416e-01
-6.207217512347390498e-01,8.756529690401974042e-01
-4.703948926698481858e-01,1.103320552696686718e+00
-4.333894644804971441e-01,1.141267279061041418e+00
-5.039025112606652090e-01,9.467927431638978319e-01
-6.449960894724987570e-01,5.734087203167743674e-01
-7.325980798336285682e-01,1.517831866076663205e-01
-7.148427967511016279e-01,-2.584853404692555312e-01
-5.437711082990785982e-01,-5.108013540923806994e-01
-1.003615688012938212e-01,-5.382047481056065896e-01
1.049512685958849390e-01,-3.371706480406416184e-01
2.692227706811574639e-01,3.681598774894758591e-02
9.847643838813913142e-02,2.183757180589770142e-01
9.847643838813913142e-02,2.183757180589770142e-01
-9.383156841602660614e-02,9.076596741367290444e-02
-4.446499228247973168e-01,-1.057812434994934332e-02
-4.397300964765434306e-01,3.335353035317920132e-03
-4.829172549588245378e-01,1.050360253067528921e-01
-3.863284652432734390e-02,3.185079120970744082e-01
2.722915309970992404e-01,4.677926729342373746e-01
5.241468433996555598e-01,4.902755134119418101e-01
6.123302382816179223e-01,4.479837136817422238e-01
6.069033274136166334e-01,4.245017436037635400e-02
7.395539777425627070e-01,-6.710525752998157678e-01
7.171499200277656749e-01,-1.214715434063626365e+00
6.260725268395974652e-01,-1.332944748487285391e+00
4.225826917195893428e-01,-8.893121771492156213e-01
3.959414358836439995e-01,-4.403756266054965063e-01
4.791909798144380894e-01,4.170003690206487701e-02
4.391696291529647578e-01,4.112321357278630463e-01
4.605682664833067319e-01,2.585915671589922860e-01
4.811196710728570247e-01,-9.773655900291132459e-02
7.150084884550853559e-01,-4.683451448938670270e-01
5.707872355530271280e-01,-4.840396720623644788e-01
3.887361072669431872e-01,-3.825704162671404451e-01
7.459211998436253432e-02,-2.174735493125678487e-01
1.911111675102086238e-01,1.174145666090684048e-01
3.871228904419041772e-01,3.564776968830305481e-01
5.384046876849123420e-01,4.738616229830567850e-01
1.080242258132970923e+00,2.527323418135900557e-01
1.453228123702702268e+00,2.601880482896919977e-01
1.674162792533600896e+00,2.751388635954929995e-01
1.298623046290817484e+00,4.979749689705717519e-01
9.053473607496009823e-01,5.921615579535159934e-01
5.528747849196951059e-01,6.051866869880816457e-01
2.316916534404194483e-01,6.578737758126899093e-01
-7.688747862031412861e-02,9.049166598106503923e-01
-4.086590999378711953e-01,1.314818745527119415e+00
-5.511765543823167190e-01,1.836879830352087017e+00
-8.640309014359341955e-01,2.033575011452998016e+00
-1.226061508487547913e+00,3.163155222631961028e+00
-1.629006046708179944e+00,4.710037830619924648e+00
-1.950993026040248601e+00,6.828435913828752035e+00
-2.194464735006254497e+00,8.212532440780343279e+00
-2.236256324067001700e+00,8.900950367307043365e+00
-2.027622136496115335e+00,8.638504450111737398e+00
-1.606397492045424702e+00,7.542985763510062114e+00
-1.053885961959611484e+00,5.679520751673208245e+00
-5.778518496743845212e-01,3.831232358572356667e+00
-2.806736404586049893e-01,2.196425560347067041e+00
-9.255850623149811107e-02,1.372956568930725263e+00
9.451017625233275321e-02,6.260180071290677439e-01
2.463751084492717125e-01,2.807152141278365098e-01
1.644050894689768061e-01,-1.295664436783645068e-01
2.006904106468847260e-01,-6.306449764561260496e-01
3.088163291054892845e-01,-1.183205662770502320e+00
6.683002610475156091e-01,-1.651214296765513900e+00
1.039203799531749128e+00,-2.069466697662229127e+00
1.399467596113429080e+00,-2.238063063009990028e+00
1.554754788921391961e+00,-2.016741083368253307e+00
1.399817150094369689e+00,-1.450867876560038905e+00
9.587880801537196351e-01,-5.882827207501080125e-01
4.246085761185690033e-01,3.829355048637894665e-01
-2.644698218287755420e-02,1.092526064558047683e+00
-2.112349480011015412e-01,1.904630784006249300e+00
-3.111424740030078739e-01,2.274651808061759262e+00
-2.806736404586049893e-01,2.196425560347067041e+00
-6.009360189936897162e-02,1.269763432766925604e+00
3.466845834306780394e-01,7.859776819759490829e-01
8.661232525790716341e-01,6.908216243388626276e-01
1.139961354854193809e+00,1.012336634441900252e+00
1.057742495244327952e+00,1.219937496735836069e+00
4.463207842195510144e-01,1.402033189847100125e+00
-5.173653111802128945e-01,1.188056123508681949e+00
-1.705800784045045981e+00,6.087307211556123310e-01
-2.936856330378831537e+00,-6.698942792856137085e-02
-3.887825909889863762e+00,-6.074894847441709711e-01
-4.648042494366629640e+00,-8.053684639369602660e-01
-5.017078483512778853e+00,-6.364380788643636544e-01
-4.917892606168183356e+00,-2.726780148293411754e-01
-4.379942615866511346e+00,9.153124004005333547e-02
-3.501662484381537155e+00,3.141098122500927681e-01
-2.460786735476645948e+00,4.023610663150862798e-01
-1.464675807212119985e+00,4.439106142701781943e-01
-6.989786561882039839e-01,5.409894898994347390e-01
-2.221203287702362694e-01,7.671075888452183467e-01
-1.211539352172913558e-01,1.052093628054541652e+00
-2.445029464549528520e-01,1.503469470217639437e+00
-4.022443010911276873e-01,1.400758717971038125e+00
-3.758907449251409072e-01,1.276268402590395645e+00
-1.932620749386660675e-01,7.830362518404286876e-01
-2.105750421809019987e-02,7.807932110824815641e-01
1.173973632731182826e-01,6.369718794684877672e-01
7.242955429695325902e-03,2.107245457509319408e-01
-3.226932058845970452e-01,-8.782814234914368412e-02
-7.348811026189904227e-01,-3.315636602804952759e-01
-8.866355664549669946e-01,-2.603908716873116203e-01
-9.560773509865313491e-01,-2.823911774502431693e-01
-1.003527733589301807e+00,-2.466027108903326992e-01
-8.262145974486081457e-01,-1.718211943860944169e-01
-8.250414497605761399e-01,-9.894671041499453201e-02
-7.814455363489952733e-01,-7.532738215606026022e-02
-1.067369955321164854e+00,-1.016099687901414889e-01
