2.623323807464433832e-01,-2.076542293411707540e-01
7.609202695589930565e-01,-7.728745766584182997e-01
5.622064446766329437e-01,-2.983988503918333923e-01
5.281101015058384252e-02,5.080904807932843381e-01
-5.729964880421101192e-01,1.712680824659630341e+00
-8.840479383576781425e-01,2.391072528968900102e+00
-8.631974467991984090e-01,2.572466272804865728e+00
-5.715007638535202217e-01,2.143687437407930663e+00
-3.001590849865815591e-01,1.697815640323761199e+00
1.746900352833753375e-02,1.115070998656076284e+00
4.499488608630073383e-01,3.816479551473772047e-01
8.276051157289608939e-01,-3.076980380538620885e-01
9.651268059006669064e-01,-9.822198423296250036e-01
7.369313750301337285e-01,-1.484444038326267812e+00
-4.047841402206300149e-02,-1.703092713926512181e+00
-5.252617491019732077e-01,-1.485867529739357540e+00
-8.149478872512864180e-01,-8.479641610409472952e-01
-4.178775179964883679e-01,-6.216589261426018476e-02
-5.625999104489507463e-01,1.203396695590128962e+00
-7.415511042332528779e-01,2.279055754713822157e+00
-1.268731723602552597e+00,3.113756705855997176e+00
-1.456185589877168507e+00,3.323003934718411045e+00
-1.456185589877169395e+00,3.323003934718412822e+00
-1.038126770538646992e+00,2.314785619941020389e+00
-5.353373269887159447e-01,1.480321818156799418e+00
-1.114578866454470629e-01,5.825515352643669820e-01
2.063713388459216258e-01,4.488712385494758039e-01
3.492929344302773687e-01,2.910202314863507556e-01
3.179768635567535862e-01,4.126952640773846603e-01
-1.290386505975825177e-03,7.012972186365546978e-01
-1.507760748982471533e-01,8.877838091127898679e-01
-4.759212976643171361e-02,1.206014171076246200e+00
2.720236603375189577e-01,1.277969876717832243e+00
-7.112921200866591936e-03,5.527886566161098747e-01
-2.787974808233338250e-03,2.300927630141264557e-01
1.922597470101052586e-01,-6.701174803603186791e-02
4.745459315790006016e-01,5.816083634957911475e-01
3.112563986492588586e-01,4.794123544499445666e-01
-2.608354206283589050e-01,3.089265627379640389e-01
-3.055595858638965878e-01,-3.204791826464845582e-03
-3.134631746903561167e-01,-1.340742763954601291e-01
-5.437649711539131042e-02,8.033028909072260915e-02
1.845539632544678649e-02,-1.606279683080220899e-01
-7.664242499210943693e-02,-3.243423152899135298e-01
-4.653944213500743055e-01,-4.234994844998457020e-01
-1.029691222750948487e+00,2.381111541058675563e-01
-1.365985685300750596e+00,2.616623103599751698e-01
-1.335475442193343687e+00,1.550824845072329983e-01
-8.267192964365629448e-01,-3.940824101326394491e-01
-2.298689249472406215e-01,-4.163198597428014458e-01
-1.386725672280603172e-02,-2.768979442651358092e-01
4.400826401897767887e-02,-2.903992566617998872e-01
-7.382670975604721519e-02,-2.101945304936111703e-01
-2.127911147409767556e-01,-2.382687304344262014e-01
-6.561204867588359413e-01,-3.685499109657121575e-01
-1.072300291073350564e+00,-3.636506498349826311e-01
-1.322711332386332206e+00,-3.012459408211485834e-01
-9.407909951514202840e-01,-8.742534193947848475e-02
-8.854301597668763346e-01,-3.564154805100348544e-01
-8.405190341953087119e-01,-4.362075430719755675e-01
-1.196318742208918096e+00,-6.730267305585029280e-01
-1.134022720565581954e+00,-2.581438299309071760e-01
-1.005406496625386836e+00,1.854065056854240987e-02
-5.412979347986736078e-01,3.421961179633289940e-01
-2.727943493916744622e-01,4.939932499377762132e-01
-5.488511850050337842e-02,7.152792599963546660e-01
-3.985307214159055089e-01,4.383426516858544564e-01
-7.194111724987699574e-01,3.673917998481558977e-01
-1.060103534726496433e+00,-3.599329189646382487e-01
-1.281526514077551360e+00,-7.123293743645452425e-01
-1.374411068147334491e+00,-1.387343435216403353e+00
-1.383574300936311952e+00,-1.550538779741878370e+00
-1.377491002767887274e+00,-1.570575474339030775e+00
-1.222665225403746003e+00,-1.528465859668341809e+00
-1.165702202629110396e+00,-1.126749959271704515e+00
-9.317369754781663627e-01,-8.508598726903847664e-01
-6.468373689235938917e-01,1.032640542303605961e-02
-4.646918811600502242e-01,4.041602003057269132e-01
-6.085686360327191569e-01,6.813285572820192426e-01
-9.271002431370627406e-01,4.817998363070815082e-01
-1.089977704554075499e+00,2.202461079807770672e-01
-9.837409867626905058e-01,-7.949875703156189521e-02
-1.031976682759536468e+00,-6.205734850148003634e-01
-7.917942883130567600e-01,-7.977200434039324328e-01
-7.196266448114631009e-01,-7.883437602474253625e-01
-1.245686009045897658e-01,-6.152895946519185699e-01
2.327955091498576379e-01,-8.423566113713490955e-01
2.376426472730976125e-01,-1.182292060996986471e+00
2.696723733299896120e-01,-1.533872314116511815e+00
1.593368436105247199e-01,-1.667219163305497132e+00
-4.844035715409589909e-02,-1.351789951082857710e+00
-2.707719185889438385e-01,-6.975374832906300337e-01
-3.169185240163997497e-01,-1.377989550953899744e-01
-2.871447316183193404e-03,1.325422519609930905e-01
6.692856002958017525e-01,5.253924577784553351e-01
7.683589440192442055e-01,3.134099900474619504e-01
4.933238851666401081e-01,-1.249929348086909614e-02
-3.868809339246713774e-01,-5.792458198039240891e-01
-8.304804776268954747e-01,-6.833254181396796190e-01
-8.270080630404554878e-01,-5.811606701901613770e-01
-9.950806986844993318e-01,-7.389093954583980661e-01
-6.451334838785480752e-01,-9.545509675097245683e-01
-5.390718306356466760e-01,-1.330779921979642566e+00
-2.824769534195621934e-01,-1.267895237963367228e+00
-6.087510632357694407e-01,-1.195336105619329903e+00
-6.096312788952460426e-01,-8.032864587738113293e-01
-4.769847224827195031e-01,-4.441966573753201586e-01
-1.782344369275659368e-01,-1.789890526630519563e-01
-2.359752688109867033e-02,-2.002323237100188114e-01
1.683032660652445112e-01,-8.420299775989660285e-01
1.297816193859965272e-01,-7.258661593890547437e-01
7.869961184963641943e-02,-1.015428560355044363e+00
-1.829791556150750509e-01,-6.112892722513392219e-01
-1.076976787799897028e-01,-9.975977925344623465e-01
-1.140434320354439257e-01,-8.930801894268275420e-01
-1.506687435207904047e-01,-1.032497701904745657e+00
-4.753024823981716884e-01,-5.493912977539813225e-01
-4.367415598172322833e-01,-4.824699993485034866e-01
-3.445768605733014467e-01,-5.588483978036055122e-01
-2.041305088602365925e-01,-9.478357970205874006e-01
-2.818159982391119089e-01,-1.354622084092518719e+00
-3.598982542777254823e-01,-1.322023125850992020e+00
-2.420102567887042200e-01,-8.512450599007627128e-01
-3.552705251431687583e-01,-2.545511813727108774e-01
-5.787327984746799547e-01,1.862814916249516117e-01
-8.892585986445725732e-01,1.036956409519778494e-02
-8.365636615448890367e-01,-4.762652706730043373e-01
-4.661522889019228955e-01,-1.312824941598470740e+00
7.853694836145458033e-03,-2.120821074048867771e+00
4.715589853799801445e-01,-2.678895294471542066e+00
6.513977921124288750e-01,-2.655994673937751571e+00
8.113735260908635505e-01,-2.424157181298497665e+00
7.902189204742359196e-01,-1.881563786393473103e+00
7.927846836922067819e-01,-1.657741743240986665e+00
6.135212464727095583e-01,-1.311933701476920566e+00
4.350183341355884359e-01,-1.041836758013634956e+00
3.985550547070501048e-01,-9.953012506965788209e-01
4.137083753568603361e-01,-1.184932053234080573e+00
1.757704633183334864e-01,-8.116654780370217148e-01
-9.827779663327021464e-02,-3.902257075518785201e-01
-2.221580938839117503e-01,2.193751136019976844e-01
-5.235399257837152209e-01,8.884529185428760578e-02
-7.719692215124329682e-01,-2.871055822789598255e-01
-1.020828569981897527e+00,-9.849561771070133309e-01
-9.534215506774127435e-01,-1.040674026224374993e+00
-8.613297956290209001e-01,-1.008268301759637220e+00
-5.030780310250697607e-01,-4.932842013466207653e-01
-2.378392284068148732e-01,-8.259769188703110221e-02
-4.511609945264918875e-02,1.151659753125341577e-03
1.312680067299254738e-01,-3.727576899024868939e-02
3.678413572655802599e-01,1.338902601433781814e-01
5.765626399073706665e-01,5.271560530849020987e-01
6.011455189824281842e-01,7.756497655105745181e-01
5.127021383954224465e-01,7.362010880831790782e-01
3.659508178731645245e-01,5.839906457763091030e-01
2.154603605995280557e-01,1.984796274714350772e-01
8.304078315157693846e-02,-2.572169157319693228e-02
-4.192085504762546599e-02,-1.644618261799494496e-01
-1.247434074997118975e-02,-2.093005397078895602e-01
-1.708892902046446338e-01,-3.137952757354569022e-01
-1.006586436228652931e-01,-3.248254355344661892e-01
6.748868676117707188e-02,4.383412092157636802e-02
5.122512458936123725e-01,2.473920878103926246e-01
9.250204968759847546e-01,1.970112795361749214e-01
1.142221568053349401e+00,-1.641424423199012439e-01
1.256913339078810976e+00,-2.905275978666225223e-01
1.111404471680143224e+00,-1.842379440346545716e-01
8.205487025341969831e-01,3.048183504712415615e-01
4.498698167685617477e-01,7.047812291431876375e-01
1.643810303103054593e-01,1.623347646844206293e+00
-7.185197518957094076e-02,2.311944664034028207e+00
-2.878839968289024220e-01,2.770792853683287760e+00
-6.160035071407566898e-01,2.272901092351439001e+00
-1.567812549797367172e+00,2.164323801803198499e+00
-2.759622364706238784e+00,2.088217803452641963e+00
-3.991118447670540803e+00,2.460978334034507053e+00
-4.558472180370802818e+00,2.277727595398836069e+00
-4.292694808119987826e+00,1.817314874508872524e+00
-3.349340206036346412e+00,1.189658482186828348e+00
-2.206022208741799773e+00,6.816442471362814670e-01
-1.031790624547316515e+00,2.408555841372650441e-01
-1.456927069344005621e-01,7.523065624974155374e-02
-2.447791225354318811e-01,3.041447956821599075e-01
-3.020650166151626070e-01,1.280761507356597551e-01
-4.924328263864973243e-01,7.075743427353697879e-02
-4.423456871798949197e-01,-1.824140742003068638e-01
-4.423456871798949197e-01,-1.824140742003068638e-01
6.904967551065098463e-02,1.382999933661292480e-01
1.311485642247162353e+00,1.094492017492485036e+00
1.944120813615945575e+00,1.517773724219444897e+00
2.013369220808551407e+00,1.425955691321047381e+00
1.051309470238737331e+00,6.639420793855137504e-01
2.281810960298381041e-01,7.009137444153072660e-02
-2.593697362593531119e-01,-1.970831060788830469e-01
-4.386570104403292869e-01,-6.892576721928337369e-01
-2.999110114679848227e-01,-4.719899917514079335e-01
-5.762891875470238512e-01,-7.746570847438954965e-01
-2.950634186776177059e-01,-1.667644412890831596e-01
-4.348502982178308884e-01,-3.784978291006072526e-01
-1.405755849527096979e+00,-8.712620183828644060e-02
-2.730201443417196838e+00,1.145094917410421215e-01
-3.955089755235096760e+00,4.533304209449357525e-01
-4.637413335177215323e+00,4.409765773276644873e-01
-4.497064647463332676e+00,1.253409905810509428e-01
-3.423432943787109828e+00,-5.741736095234621917e-01
-2.558249114670999802e+00,-1.063511955881865090e+00
-1.919530375681157031e+00,-1.352008682747627200e+00
-1.804865055815197517e+00,-1.175554613208536159e+00
-1.663148940340805515e+00,-1.234573690310240446e+00
-1.570749899001000705e+00,-1.444378368154285219e+00
-1.730853571972006621e+00,-1.763172413455447174e+00
-1.416461454372752726e+00,-1.667905184252666428e+00
-8.775966415111758900e-01,-1.559886837308154695e+00
-3.200046301379042002e-01,-1.503323214773985894e+00
4.411082862441867251e-03,-1.851408246374933286e+00
-2.561274177163479562e-02,-2.362308551285479119e+00
-3.485027799724915720e-01,-2.497405724281463346e+00
-1.038120970136025223e+00,-2.399467964056349878e+00
-1.385342541602354816e+00,-2.112528905817313341e+00
-1.803830493073592889e+00,-1.789952251133974714e+00
-1.938237484143696010e+00,-1.615019876679522071e+00
-2.059790499378369333e+00,-1.368179199400783252e+00
-1.972104199200076069e+00,-1.333639077720839783e+00
-1.728889505227794610e+00,-1.316778383497170912e+00
-1.377696820942819533e+00,-1.101284489996596561e+00
-9.867269421635148641e-01,-8.091278955973558729e-01
-6.386533093137682915e-01,-8.605334187252046407e-02
-2.507665216451234191e-01,4.371459644840623437e-01
-9.660267262513627662e-02,7.583035838499836423e-01
2.403246793311438478e-01,7.538840251783524016e-01
2.388760315681171809e-01,6.212826624887614058e-01
2.397905923197348743e-01,2.388774513457740389e-01
-1.015608564107616102e-01,1.613205513265456859e-01
-1.562005764421889493e-02,1.921273767975478219e-01
-5.242141943383548525e-02,5.243585016512467556e-01
-1.271442817395711244e-01,3.250723669823110673e-01
-1.743791023477438973e-01,3.506180787647594221e-01
-2.656638210844912140e-01,-1.016504943895222141e-01
-3.664113984376158872e-01,-1.556353861355149193e-01
-6.425159379751185229e-01,-5.297777480131264927e-01
-6.179097837043554531e-01,-4.967041825397351396e-01
-3.918355794822210303e-01,-3.618890128858693322e-01
-1.179731646879218498e-01,-4.603987313756224137e-02
1.844024408174830751e-02,-2.143356987973403516e-01
-2.547901697417317424e-01,-6.662214120430856035e-01
-1.261296494860555117e-01,-7.852691791830929136e-01
-5.993781152941104334e-02,-6.236549554290279351e-01
1.265234798733927413e-01,8.163464366791843563e-02
1.091559985842980272e-02,3.204780113869978853e-01
3.562881626744522356e-01,6.785446439343031377e-01
5.306468842385809737e-01,5.150038999684077856e-01
4.283332931873711780e-01,6.578174707227623097e-01
3.109777235816477137e-01,6.461839736783869803e-01
4.350252330322325056e-01,6.395585460605075490e-01
9.618436266741297036e-01,7.496011790302532507e-01
1.101980151888107606e+00,8.325351930000490785e-01
1.054196456134548043e+00,9.298118128367754975e-01
5.179283010894186745e-01,7.604608524431079042e-01
3.665094813593269274e-01,7.241370138473626206e-01
4.497665925463348313e-01,6.667677166933214661e-01
8.792746693452393458e-01,9.526418241995763259e-01
9.223824407159975092e-01,1.277156492853444014e+00
5.536768242350265101e-01,1.128400988778215597e+00
5.607946631626063994e-01,8.650929470959158873e-01
7.188693900908257328e-01,3.703335678221630345e-01
9.955366383653476703e-01,4.687393345469504924e-01
1.218281636437141824e+00,2.914222305611618991e-01
1.217532936685410627e+00,4.533595765980129033e-01
1.600629722212998818e+00,3.606772682429056354e-01
1.760130131233494266e+00,4.786153779403269914e-01
1.741837420105508683e+00,3.139183857131660482e-01
1.601559864132011901e+00,3.954374818543433534e-01
1.303037122739961751e+00,3.948045019712682069e-01
9.740159634180174386e-01,4.121414861487741055e-01
3.382403942404897945e-01,4.972437908401025619e-02
-2.713209364698898618e-01,-5.081139259113450768e-01
-7.035353346168491395e-01,-1.108922274865278723e+00
-7.715214723556320653e-01,-1.190439110049062554e+00
-5.242548055730613665e-01,-7.502200883700226308e-01
1.394268396807264221e+00,-2.058881956050384043e-01
2.277489756893498196e+00,3.497058542174733553e-01
2.574349230103277986e+00,5.789940708926168966e-01
1.968207572518548387e+00,1.022118141082723586e+00
1.924450464309501063e+00,9.977043777808517477e-01
1.972191371402431503e+00,7.572380193180775487e-01
2.608885480237062016e+00,2.866073860303830489e-01
4.913266988570772931e+00,-9.142413836747064204e-01
8.199211285884361544e+00,-2.352242772336079923e+00
1.153142331606667170e+01,-4.381472181431765200e+00
1.375452752976009840e+01,-6.152210568538833968e+00
1.468551362913741443e+01,-7.358424859569518972e+00
1.430427216021550585e+01,-7.714363391345752774e+00
1.269686855332461128e+01,-7.198402646307306085e+00
1.006020678597323759e+01,-5.973588550706680600e+00
6.600318769079899006e+00,-4.412665628437651755e+00
3.532197259238156306e+00,-2.871854173284208223e+00
1.187384019614987407e+00,-1.772502329697741574e+00
2.823841845396143913e-01,-1.662547241707315271e+00
-1.589974101030368903e-01,-2.026958369962510886e+00
-5.370210298268967009e-01,-2.323070883523981056e+00
-7.989159430565194731e-01,-2.000419506188154450e+00
-9.086129985558614175e-01,-1.716047668669664628e+00
-8.685739903118496752e-01,-1.409822466658538609e+00
-9.155618981644523258e-01,-1.567533874568665775e+00
-1.114362920457598660e+00,-1.587091465710301907e+00
-1.229293000525436996e+00,-1.503321318334660317e+00
-1.262234687045074466e+00,-1.551154423578308128e+00
-1.110203726048688777e+00,-1.609474060277681362e+00
-1.235959346368253220e+00,-1.780733760097714002e+00
-9.219713969159217815e-01,-1.708185477089134263e+00
-4.994766452416853353e-01,-1.383826135265031176e+00
3.541266984128662448e-02,-1.092276607510197728e+00
3.867392537050617363e-01,-1.158373328860492268e+00
5.297738153585204168e-01,-1.491529972650201596e+00
6.287052001051144368e-01,-1.503059966328434083e+00
4.103381885946680296e-01,-1.583924185399756102e+00
7.711062661112640104e-02,-1.652652706475942646e+00
-1.068507555845761431e-01,-1.844733968662305212e+00
-1.928662072806175409e-02,-1.426420974061438640e+00
4.416039443570352607e-01,-4.399593515942875621e-01
6.046260893645402090e-01,-3.110555214879080418e-02
5.485091306292152469e-01,-1.504872480488559728e-03
7.182910034931962173e-02,-7.315490497141371451e-01
-3.546015700811382954e-01,-1.115672330791066758e+00
-7.791829878020557487e-01,-1.382709059203403035e+00
-9.557451623548244291e-01,-1.246901815435187189e+00
-1.181141564897696838e+00,-1.322410940162918491e+00
-1.174535551300988745e+00,-1.037080008773494377e+00
-1.229278424747650700e+00,-9.085479768014388391e-01
-1.041453712215786753e+00,-4.013636085997804859e-01
-8.582790129168080817e-01,-4.557148498186920638e-02
-8.667865864858984581e-01,-1.171659762736340649e-01
-1.040630678304398815e+00,-6.009613995512227413e-01
-1.166329979910494918e+00,-1.225591145078608779e+00
-8.421523835735460484e-01,-1.165651732848679512e+00
-5.408218356913546687e-01,-1.034943379434990707e+00
-4.980685063863276030e-01,-8.998869223384075022e-01
-7.949939493484823316e-01,-7.649870490819139501e-01
-1.213565439041401905e+00,-2.343914424201596625e-01
-1.843646674126484086e+00,2.086798471242735931e-02
-2.338878136872001079e+00,-1.045876040128021350e-01
-2.498785069721359164e+00,-3.545810634805933725e-01
-1.896542403660566478e+00,-2.067902801226398010e-02
-1.232692222894511858e+00,5.185458866624763630e-01
-2.434938284156539789e-01,1.331407729582468669e+00
8.798280244488831947e-02,1.738457715397998316e+00
4.535770759178529010e-01,1.838143207798180523e+00
3.591246033998533593e-01,6.032000106948266493e-01
4.373024170178743120e-01,-6.626702471075694989e-01
4.679819237824303646e-01,-1.702491651771304237e+00
4.679819237824303646e-01,-1.702491651771304237e+00
-1.072442415015931183e-02,-1.327922688183751809e+00
-9.927444505363129945e-01,-8.139520888605492610e-01
-2.033808626016192278e+00,-6.328797370486078933e-01
-2.666310367913117929e+00,-1.016986346451572709e+00
-2.722040183012142567e+00,-1.226667035508044457e+00
-2.217216117211390447e+00,-1.216232151123165961e+00
-2.120594776564117101e+00,-8.428904712393812115e-01
-2.276677851427378663e+00,-3.715283172850634696e-01
-2.900427806963260746e+00,5.227792763781484442e-02
-3.007768767122644071e+00,3.247357048194985385e-01
-2.777050384337035105e+00,4.821733267910180420e-01
-2.134308166286398745e+00,6.259384292296599206e-01
-1.414713337696890116e+00,7.187426264336294057e-01
-1.370825664537365651e-01,1.125910764483076587e+00
1.272475430243582339e+00,1.583515945708293904e+00
2.630352937530508139e+00,2.008978339385291800e+00
3.273140252870474054e+00,1.934510487239481380e+00
3.150627938212086754e+00,1.498107426944514264e+00
2.238981341350561038e+00,6.146873545136146699e-01
1.211835107197203332e+00,2.472240564276159402e-01
3.589919580298491786e-01,3.413009070925616256e-02
5.429867132391074103e-01,9.790715566770612499e-01
9.639138608744786119e-01,1.776314962771861961e+00
1.470361666021759772e+00,2.703264959137423151e+00
1.662083864275730516e+00,3.232813129720993661e+00
1.539120675256193005e+00,3.259842673507026944e+00
1.099401108431029561e+00,2.722866105898284150e+00
5.826815871320294438e-01,2.008457546579857311e+00
-1.372008515761944381e-01,9.226593128316783465e-01
-6.411878288865918707e-01,1.499337164845077064e-01
-8.135326032125753670e-01,-1.774747108285941455e-01
-8.135326032125753670e-01,-1.774747108285941455e-01
-8.817450938716570041e-01,-4.706701200789137340e-01
-9.553119225481211396e-01,-9.981855179166211345e-01
-9.553119225481211396e-01,-9.981855179166211345e-01
-1.041025327462832051e+00,-1.083261950449188049e+00
-1.097923889815570764e+00,-8.997729030552901186e-01
-1.160577770503670170e+00,-1.077622372871547274e+00
-1.116036543556392369e+00,-1.013318498839560267e+00
-1.222080363354352661e+00,-8.145189450207209747e-01
-1.088664980269989258e+00,-6.917997352679609024e-01
-9.517362558657802563e-01,-6.596427525789757551e-01
-6.178876042363586896e-01,-5.432325276706639894e-01
-2.534260868733478889e-01,-4.404105458196592715e-01
-1.386725672280603172e-02,-2.768979442651358092e-01
4.400826401897767887e-02,-2.903992566617998872e-01
-7.382670975604721519e-02,-2.101945304936111703e-01
-3.494373749537767193e-02,-5.905176699150395392e-02
-2.155801309917493996e-02,-1.581632094477018469e-01
-1.798088874813155436e-01,-3.310430645526283855e-01
-5.074842561362491455e-01,-7.552276863364238979e-01
-8.882118722390897059e-01,-9.795216844516083654e-01
-9.796824043873400001e-01,-1.271510984554426793e+00
-7.579457017787849527e-01,-1.798050807401805784e+00
-3.421009881708083067e-01,-2.428298292897569599e+00
-1.094699479898273986e-01,-3.038609134670954059e+00
-1.196127835770399855e-01,-3.394065742402854635e+00
-2.888282109019109090e-01,-3.366760320037262222e+00
-3.966169377002221608e-01,-2.915186721896828814e+00
-4.588109079041006733e-01,-2.060343727113394419e+00
-3.190251467333654056e-01,-9.820908100941037056e-01
-8.162841131859221999e-02,1.356845800887759509e-02
1.727032204412473904e-01,6.873096072928707168e-01
2.771899789533428526e-01,9.799285399469921387e-01
2.799482423614595983e-01,1.095020801229773078e+00
1.912879300843321057e-02,1.444031508548077491e+00
-1.613628254859469924e-01,1.306847772172975652e+00
-9.594725284559688094e-02,1.559350582591107814e+00
2.720236603375189577e-01,1.277969876717832243e+00
5.629893667451399963e-01,1.250633034011614519e+00
5.629893667451399963e-01,1.250633034011614519e+00
4.972019203443591162e-01,1.059214758344767082e+00
2.673966411538705734e-01,6.302520682712153821e-01
2.673966411538705734e-01,6.302520682712153821e-01
2.237456216782973684e-01,7.226964343885859954e-01
9.332710986618927840e-02,6.012680819560106693e-01
-2.117552203323919691e-01,9.669532217365380822e-01
-6.977081454031677232e-01,2.496261719472542051e+00
-6.375325752124372247e-01,3.419000935761915549e+00
-5.520730613123874253e-01,3.990249893146915472e+00
-9.828325425068588916e-02,3.536505992626327366e+00
-1.490817329417122028e-01,2.916864601698170301e+00
-7.679406154617682279e-02,2.518119934273597149e+00
8.042686129520436322e-02,1.955815740183787677e+00
2.869906895426475035e-01,2.126942913307024341e+00
4.563811776525742436e-01,1.767328431821589607e+00
4.545166596473932397e-01,1.909987546585036222e+00
4.631586200893374472e-01,1.837666165829238585e+00
2.867128763895060994e-01,2.419766339888547169e+00
2.225412990565018567e-01,1.913218148979275890e+00
2.450951033926195288e-01,2.416293084816695469e+00
3.352115423102187131e-01,1.445130818757386804e+00
2.600774543633256886e-01,2.579463559654219917e+00
1.446036106772514152e-01,2.879573949595171989e+00
-4.707858463379305247e-02,2.652806110479348778e+00
-1.056338907653213144e-01,1.705783109997485614e+00
-9.739252485800829751e-02,9.474809358717036778e-01
-1.101796380316738266e-01,5.240940972458471014e-01
-7.709433427860967747e-02,9.935053318695501179e-02
-2.290487034624128226e-01,-4.901664072348810297e-02
-5.383454033578956022e-01,-1.695315787565898624e-01
-6.409422200459228280e-01,-1.076065226061358876e-01
-7.273330975509976204e-01,-2.740925938407370310e-01
-5.480814742799000605e-01,-3.507260343320298124e-01
-3.763336202615741310e-01,-4.817428587585375621e-01
-1.796510750250225885e-01,-5.104427381320412183e-01
-2.999233652439195486e-02,-4.946937660903893419e-01
-3.026486622639295437e-02,-3.841118771086084460e-01
1.351386293528804017e-01,-1.382873255351073916e-01
1.835972696704650242e-01,1.388330172218520675e-01
2.338857807913423126e-01,1.255985156851181506e-01
1.373688017166826980e-01,-2.927784059123428873e-01
3.127516252990181905e-02,-4.813894610511481598e-01
-2.056589936602857063e-02,-5.560572101669031264e-01
-5.351438797171195749e-02,-5.046871785446725989e-01
9.840864087479656019e-02,-3.308631448153623311e-01
2.188186595167294635e-01,-1.089233896127407425e-01
2.110641512755105087e-01,2.244955625346538586e-01
1.602615600503277948e-01,1.990085250846637122e-01
-2.361708914621902730e-02,1.749097132349600459e-01
-6.918473390501853060e-02,7.499908753640438519e-02
-1.220534710933680531e-02,1.628627154540046862e-01
1.233160047281932903e-01,2.928507328568276114e-01
3.890525134386815798e-01,1.984957706500498076e-01
4.020058040226937579e-01,2.335424922313578122e-01
6.413242358464957826e-01,-1.394573047788923437e-01
5.782126459078601455e-01,-3.900370265317955054e-01
7.334911210522017111e-01,-9.314193971494352242e-01
7.773307448165750477e-01,-1.364983575204209210e+00
6.255550113605659046e-01,-1.487580829615955169e+00
6.255550113605659046e-01,-1.487580829615955169e+00
4.345728342014700263e-01,-7.823103576498665612e-01
5.227126811517093241e-01,-2.099736631458694325e-01
2.043701309219080609e-01,5.808457706318487235e-01
2.571400951540354085e-01,7.732718932560492808e-01
2.883201951507618488e-01,1.185369111879127413e+00
8.723612413036968549e-01,1.097553295470147461e+00
1.277251623175709616e+00,8.306998621499765978e-01
1.452556796957551244e+00,3.421118604713445643e-01
1.074889486476728440e+00,-3.129858119454604487e-02
3.992002522096110839e-01,-3.579325792676839035e-01
-1.677214460554471154e-01,-6.320604837136940546e-01
-3.033655757603652692e-01,-6.576297683389257243e-01
-1.552891221539673683e-01,-6.881082955720412286e-01
-8.621548188874676721e-02,-5.784332938962944981e-01
-3.156985273292793603e-02,-4.212477861657712985e-01
1.049608818459347587e-01,-4.514155212568409653e-02
5.956274551176910653e-03,3.655476562395024720e-01
-6.264374082390951337e-02,6.631011098971194562e-01
-2.583547991329233628e-01,8.384917396445648041e-01
-2.583547991329233628e-01,8.384917396445648041e-01
-2.583547991329233628e-01,8.384917396445648041e-01
-2.608145810877638415e-01,8.392126883333272946e-01
-2.608145810877638415e-01,8.392126883333272946e-01
-2.608145810877638415e-01,8.392126883333272946e-01
-2.170623007081211031e-01,6.771470364739083925e-01
-4.329828726243947074e-02,4.745145317787100026e-01
-3.152122517627370391e-02,1.682669103274892219e-01
2.976361773144507450e-01,-5.044491024654523814e-01
6.850866510086012218e-02,-1.451590265239086408e+00
-1.404478056788243667e-01,-2.119055713445314293e+00
-6.929527579382470659e-01,-2.439004805344401117e+00
-1.033177524828863048e+00,-2.265432036553898687e+00
-1.008663039349124713e+00,-2.544831070400766837e+00
-7.620195392061334116e-01,-2.980682468160841925e+00
-3.205944746345391616e-01,-3.623307495858616001e+00
-2.937644116788807880e-01,-3.554653906335181190e+00
-3.817370196020196671e-01,-3.537358792372227168e+00
-5.712805780669429900e-01,-2.651360822074587453e+00
-9.662229393405724620e-01,-2.504249825800433094e+00
-1.374496320070473843e+00,-2.006091733213900774e+00
-1.591205300011585555e+00,-2.079328324304128728e+00
-1.455451766577577466e+00,-1.668398827231969195e+00
-1.018608175342573752e+00,-1.900003038751876261e+00
-6.695827983071584999e-01,-2.537359315028239415e+00
-3.694463435415363262e-01,-3.545675657162379313e+00
-2.803935151992547614e-01,-3.997219158316267507e+00
-2.364979325609957439e-01,-4.216109812061970885e+00
-3.777091875938078935e-01,-3.225456498209240852e+00
-4.486228129673478504e-01,-2.269557776719453024e+00
-3.451607935401727056e-01,-1.748364229863719643e+00
-2.991365546174157286e-01,-2.655382220887273270e+00
-2.195044472016214609e-01,-3.081733091312100381e+00
-2.574338751624155042e-01,-3.035136145346480241e+00
-2.596167203449821770e-01,-2.346470944005742520e+00
-4.048659326225800270e-01,-1.753891114786942707e+00
-5.466950666518159974e-01,-1.893962920885882584e+00
-6.021935264028778212e-01,-2.569721161428434986e+00
-5.334791821988322802e-01,-3.468915805156300269e+00
-3.007407853084410054e-01,-4.551961993411432594e+00
6.363769583194667061e-03,-5.253796768974551057e+00
3.455816509393799807e-01,-5.456473853135593188e+00
4.393044582621064009e-01,-4.283376698933017757e+00
8.466909804959913410e-01,-3.351059318221762062e+00
1.168044122417358777e+00,-2.450315361160095851e+00
1.462799186864100598e+00,-2.489224828387238020e+00
1.072418138983820324e+00,-1.807460073077849838e+00
7.150179852420505133e-01,-1.665891894454005984e+00
6.013619348357601702e-01,-1.314837495792971822e+00
1.008772054182457412e+00,-1.219047805153974595e+00
1.105847813146710434e+00,-5.774228184154364119e-01
9.119535176110772356e-01,-6.680194654021651135e-02
3.693311518083537970e-01,6.198491573475894967e-01
-3.536980465905233129e-02,6.827499991701679871e-01
-2.633930541883059973e-01,3.078053784431791784e-01
-3.793041233012166003e-01,-5.890178804741270646e-01
-6.672770740836939662e-01,-1.189034161338882178e+00
-6.984110023761694874e-01,-1.458875910033650580e+00
-6.719639613388737054e-01,-1.952105018831930661e+00
-3.997462533347267977e-01,-1.253990199560740315e+00
7.640041979921322057e-02,-6.386039213816970816e-01
6.044961922647060781e-01,3.043374922239992508e-01
1.119720096017632338e+00,8.960478343701684667e-02
1.162103075051386991e+00,6.840165465112046927e-02
1.192490582532824694e+00,-1.403091012943134541e-01
1.232858182760407040e+00,-3.786657813218141655e-01
9.761179680294325145e-01,-4.395285039379852599e-01
8.683992045362908252e-01,-6.541371334616159494e-01
1.144657032164412058e+00,-1.196090542316255778e+00
1.505984438887824739e+00,-1.819582248752925624e+00
1.732798794971384559e+00,-2.014666584936283034e+00
1.735290877778278062e+00,-1.407626959469338690e+00
1.135817955727139283e+00,-6.181832411483956236e-01
3.672142285562619013e-01,5.272468500053258122e-02
-3.873108944014487243e-01,1.050724390781888756e-01
-6.488679761026863169e-01,-2.371751016614065677e-01
-8.064401877427802567e-01,-2.692064360960776948e-01
-7.391844102474200984e-01,-2.896337446068714128e-01
-6.929142154226182182e-01,3.784314799731820084e-02
-2.224511501551697523e-01,-2.191664073200211837e-01
-1.080081378763186606e-01,-5.041526819635202550e-01
-2.641036861829946236e-01,-6.966158755842500883e-01
-4.977850995049754035e-01,-3.304158497166959640e-01
-4.643358708580088146e-01,-1.099723110434002310e-01
-1.278485825247722418e-01,1.917878793112025582e-01
-4.281423302690305910e-01,-2.277779702306859111e-01
-5.072242552593191345e-01,-6.261236873464594010e-01
-5.587379035454315135e-01,-9.913735299530697098e-01
-1.731298593468469371e-01,-7.820649401444101922e-01
-1.671281854321748916e-01,-6.167269631629332949e-01
-2.905280406918281932e-01,-4.752921532591174447e-01
-7.393615799673256550e-01,-3.048529229649914463e-01
-7.418449565012139590e-01,4.147656282121709587e-02
-8.088391017272161809e-01,6.198119098645256120e-01
-5.712455176332578155e-01,9.130749064967034201e-01
-2.507133444335495343e-01,1.116884344610225899e+00
-3.997572064714963874e-02,7.317117621665221172e-01
2.761738418956733998e-01,-3.651138498381459874e-01
1.403050963096521553e-01,-1.244578669727361753e+00
1.759102610225708394e-02,-1.914536363828109211e+00
-3.256967554861867620e-01,-1.554759307274441893e+00
-4.667215016423920115e-01,-1.151134332931087245e+00
-3.673478709486296401e-01,-3.955677187056060307e-01
-2.816142664235268267e-01,-8.983822026393577242e-02
-3.440178513360592771e-01,3.178944563044879823e-01
-4.210151000513522312e-01,4.597499089028598274e-01
-8.955980903936928694e-01,8.303766297561021581e-01
-1.776964025024636573e+00,2.217748660829306662e+00
-2.902599713350598076e+00,4.252776286163230779e+00
-3.800222030474430746e+00,6.310021062928659497e+00
-4.224734910251280340e+00,7.401158547017037570e+00
-4.224734910251280340e+00,7.401158547017037570e+00
-3.244258921134408613e+00,6.439798346953046426e+00
-1.967807097839055386e+00,4.862115043416159743e+00
-8.366526593267374912e-01,3.092414301326405823e+00
-5.669797832427905249e-01,1.672180007423292647e+00
-3.829886223154052027e-01,8.336988562684832793e-01
-1.683994815907890186e-01,2.832429305796320684e-01
4.265983721045773502e-01,4.870292344776637750e-01
8.780457094771999538e-01,5.953247067523071978e-01
1.144363068271896600e+00,7.395288603687681928e-01
8.601566864456765549e-01,7.009926566892069610e-01
5.309115501513752555e-01,7.512434667223252260e-01
1.991252719456827192e-01,5.137130894408882265e-01
1.926064271545283313e-01,5.043528542534091441e-01
1.486021461390455711e-01,5.053438548517451556e-01
2.881939941995297072e-02,4.076096859848753473e-01
-1.103730331937537029e-01,7.605796131752318168e-02
-1.505490638709406637e-01,-4.014878282063286674e-01
-4.141460834368644317e-01,-6.546381627359951771e-01
-6.585962356623711322e-01,-7.857117898629527586e-01
-8.905469922565601992e-01,-7.802746850137054491e-01
-5.849958044612302288e-01,-7.290007003219056703e-01
-1.292677188232830843e-01,-6.136629499632529905e-01
2.475252784900254521e-01,-4.894605375834146788e-01
5.497026722593196801e-01,-1.693984049220675636e-01
6.545408596230010145e-01,2.879919834996475525e-01
4.897364787821257837e-01,3.703497725870167900e-01
3.021921795585668091e-01,2.204373202343799798e-01
-5.455046281445476847e-02,-2.621041253262829107e-01
-4.283210304110060540e-01,-3.381940055191136052e-01
-3.157448438537355240e-01,-2.184239272830125478e-01
1.094172441733521350e-01,2.622320292292851934e-02
4.032391762343144337e-01,3.063179568541345987e-01
4.990461198715982483e-01,6.143747488787709710e-01
3.436739097972682511e-01,1.104149067284403429e+00
1.949458843061809554e-01,1.158377323827403105e+00
-8.044184642470930680e-02,1.301980145798143695e+00
-2.105995437087556932e-01,1.183177076655039350e+00
-4.317976294033999407e-01,7.563122181841622771e-01
-6.064399581247448268e-01,3.812176233237119516e-01
-9.624531738050269292e-01,5.839916476394788614e-01
-1.095642618540682456e+00,1.224309347528777403e+00
-1.155829144688723886e+00,1.651133494948085367e+00
-8.117741730252280297e-01,1.197961650753028851e+00
-5.055553429628477646e-01,8.314719873380530535e-01
-2.308038912703687384e-01,4.059877187387134767e-01
-2.053830882030360794e-01,3.381773189813529479e-01
-5.325961576941080911e-02,1.223383925867359001e-01
4.771150848434623781e-01,-1.673715568520512450e-03
1.002969749224853491e+00,1.683359401548340795e-01
1.352535675627239309e+00,2.174522184826172821e-01
1.095379628941144823e+00,2.167700785803034769e-01
7.653217406285458546e-01,3.069795964922519826e-01
4.051458502835635911e-01,3.556011121666848851e-01
3.782037483654401289e-01,4.440350497799388507e-01
1.257989340790081068e-01,3.457684055416505586e-01
-5.166179621133678256e-03,1.417003263222749165e-01
-3.371032662378949940e-01,-5.218066007044930288e-02
-3.385983803455758778e-01,-2.348698508814605068e-01
-1.642357478099816248e-01,-2.923629333972921698e-02
1.345557539575936989e-01,-1.994098502248811133e-01
1.613660955959577703e-01,-3.122512307923159813e-01
4.649282021377479368e-02,-6.714938852394022328e-01
-3.229910657529742792e-03,-5.290224750547605215e-01
1.683524837539419061e-01,-6.552389088213994572e-01
1.298247990737308455e-01,-6.374581590293734168e-01
9.318993679232311089e-02,-7.331625181274710190e-01
-3.909471699499287300e-01,-6.786703868327502720e-01
-3.385033155301349628e-01,-4.932506644134857510e-01
-3.591439583652616396e-01,-6.802458444973247254e-01
1.721719789428149128e-01,-8.224012632585043781e-01
2.411259936668937731e-01,-6.498965110376251353e-01
2.647247479420870575e-01,-4.981260608447091731e-01
-3.988089464739315304e-02,-7.982474164228371694e-02
-4.050916963586483066e-02,-7.844824496209475140e-02
-5.818552215137259148e-02,1.453912605313887052e-01
-5.748287447851556375e-02,4.342556564791569818e-01
2.431035135006290593e-01,5.929074850483430081e-01
6.534009114404915053e-01,5.888322020419148872e-01
1.056038373744829562e+00,2.493620693775818187e-01
1.125035973901884034e+00,-4.526335263280250286e-03
7.934532585620960310e-01,-2.027860395812847716e-01
4.263947370836831952e-01,-3.639301415315943089e-01
1.038414321052570366e-01,-5.117300489589214907e-01
5.779763551924280846e-02,-4.211781392542120472e-01
-3.679117793850394946e-02,-2.675711275140166268e-01
-5.796139092122800512e-02,-1.268055217326700956e-01
-5.435166870797338012e-02,2.994686326721552883e-01
-2.164291818822935143e-01,6.020316307418523971e-01
-4.484870696633690978e-01,1.043758000243764972e+00
-1.246006609511779439e+00,1.000961338133250722e+00
-2.083584957707829588e+00,9.739349226208638965e-01
-2.788050994079591671e+00,8.035183578926271553e-01
-2.786094598778663389e+00,5.373717693739783474e-01
-1.948045731911016043e+00,3.883585138695929695e-01
-1.096122223074944779e+00,9.656641910986681065e-02
-3.360963199539063195e-01,-7.141112126273378713e-02
-1.654054810034212841e-01,-3.734083047030926084e-01
6.862843904737368772e-02,-4.184095673185539432e-01
5.703483469653142929e-02,-4.367896446121461995e-01
-1.819269631826070724e-02,-1.875922840648638623e-01
-2.275121526001776806e-01,-3.046997156916836369e-01
-5.691910011014529314e-01,-5.047929281657481670e-01
-8.643340167092387061e-01,-9.131666834019296353e-01
-8.038489781348829855e-01,-1.230060954783456895e+00
-4.502395414836011800e-01,-9.133974517390962555e-01
-3.101981380274903000e-01,-2.057029691852080289e-01
1.480250382935607845e-01,1.370674353104439636e-01
7.117273123411960167e-01,-2.034197948383204557e-01
1.453755313970892526e+00,-1.199311937729455879e+00
1.651008611505723200e+00,-1.739801830818562545e+00
1.471117604271663382e+00,-1.861403281482959970e+00
9.712044675431020790e-01,-1.451216717900964959e+00
4.695212721898798236e-01,-9.099220759425580285e-01
1.550514146437587393e-01,-5.115809426934162518e-01
1.739975008580032512e-01,-3.626722535210722964e-01
1.219632832717363752e-01,-1.781853673080085187e-01
4.416343370930551210e-02,9.121072330947089801e-01
-7.592857339849758136e-02,2.108913637233573724e+00
-1.037681151305240718e-01,3.298851045800677895e+00
-1.526079347821681087e-01,3.574633359350924078e+00
-1.168669058033605379e-01,3.476706022803292662e+00
-1.242282192865186013e-01,3.180035905165984556e+00
-1.789420381266881577e-01,2.769951378081633830e+00
-2.467815132289450375e-01,2.333365768707873045e+00
-5.381929283822436405e-01,1.946385113455688209e+00
-8.967405475204958121e-01,1.534119618878702296e+00
-1.391858492768440092e+00,1.166001384321716072e+00
-1.397488901455484100e+00,6.766852701829332295e-01
-1.042173164144287512e+00,2.662714221087046917e-01
-6.264209617635259075e-01,1.970051552621487900e-01
-1.547854005975097813e-01,3.612333618786045530e-01
-4.972604850869570270e-01,6.115494152747666945e-01
-7.779871125906285823e-01,1.027092290007759923e+00
-1.339008328811537529e+00,8.921917243188840496e-01
-1.604525400711684480e+00,1.122106619182143383e+00
-1.492391119466184302e+00,7.450780904256004700e-01
-1.082275311809210327e+00,7.905768226235181384e-01
-9.251674609216316014e-01,7.259246086506249140e-01
-1.168325589331166592e+00,1.179414769224734760e+00
-1.819900315157952475e+00,1.922949470716130538e+00
-2.168877456919578783e+00,2.544186971983860790e+00
-2.184203686522714349e+00,2.928969754123443181e+00
-1.584812951263673275e+00,2.377173801068369396e+00
-1.039401747758984973e+00,1.790211859980303633e+00
-4.897062331230351839e-01,1.173619313720132062e+00
-3.462694734409549335e-01,1.043054346681537625e+00
-9.542060665162716004e-02,7.558621393585792658e-01
7.874977817663638205e-03,4.385997184385495573e-01
7.640512159735911302e-02,2.288051504774060718e-01
6.402406762766471582e-02,-1.740501091635715258e-01
-2.951119191752196724e-01,-3.693368728645240462e-01
-4.857928335906793182e-01,-5.601049787855520989e-01
-5.781954319990716407e-01,-1.804554145486028383e-01
-5.808344098231013053e-01,-3.671900348813198489e-01
-5.561598058912113896e-01,-2.101483977774886228e-02
-5.695722336571555910e-01,-7.222533893007458683e-02
-2.896219496746727518e-01,3.495617825335136652e-01
-2.451696167652243075e-01,1.507312484742904524e-01
-3.669010330867098491e-01,4.857337382105775814e-01
-6.051104847564725553e-01,3.092191641222194476e-01
-5.981351597249107144e-01,5.209550477662432399e-01
-4.385073486624848083e-01,1.612790162744927314e-01
-6.774663502539315929e-02,1.392214592725018463e-01
-1.289413572519572670e-01,6.135335547140954859e-02
-1.289413572519572670e-01,6.135335547140954859e-02
-1.968030482469346476e-01,1.577910111632777057e-01
-1.167103857860211646e-01,4.924709242399638587e-01
3.499877426876383396e-02,7.452821550663459860e-01
2.015259944673308545e-01,8.202781896728389421e-01
3.035751907129194405e-01,6.349575713480740680e-01
1.268158420160101219e-01,4.608969060493154912e-01
3.072470525121474560e-01,8.273001294922081028e-01
2.855231483029155859e-01,9.694462426197297811e-01
4.165490006128361733e-01,1.136186033432819764e+00
2.093443737714242581e-01,6.533592909874992305e-01
3.760084247892093723e-01,5.690404422586138322e-01
5.959820375708092532e-01,4.340708601408417855e-01
7.911213805538976906e-01,4.315799911959627977e-01
4.785442709201900291e-01,1.564340065686867232e-01
6.815513937104145104e-02,-1.160358480893782102e-01
-2.303762177505261355e-01,-2.176881499578261214e-01
-4.221660240599627856e-01,-4.399454337690869576e-01
-5.215079044182345802e-01,-7.882462242935152075e-01
-6.459073921993726541e-01,-9.375680033391816659e-01
-7.976952949135659443e-01,-1.095204030967134035e+00
-9.820372901972137525e-01,-8.200780792693603827e-01
-9.745091797184725069e-01,-9.759747048645184275e-01
-8.557979334885267297e-01,-1.075083930189948855e+00
-6.534042423946917477e-01,-1.568697705498607320e+00
-5.607482682959381570e-01,-2.109884311997858308e+00
-4.882828901528423193e-01,-2.542285515527848982e+00
-3.739905280051625258e-01,-2.472301010090383055e+00
-1.649292379035874889e-01,-2.215236275240288766e+00
3.281170491881135742e-02,-1.577344798884605437e+00
1.082821793158631751e-01,-1.304674665356000185e+00
1.373638954487992614e-01,-1.013399670166893252e+00
-5.509215638406789878e-02,-9.912643318745933962e-01
-7.825915500813797332e-02,-1.125927922668263914e+00
-2.078970244913894982e-01,-1.087349391819696587e+00
-1.117457684744836699e-01,-8.820726672652554612e-01
-2.669485146415859211e-01,-5.778214938966684810e-01
-2.802777541630237512e-01,-4.338726359256207532e-01
-1.665696726954684626e-01,-5.265841047776621542e-01
8.463526672189305988e-02,-4.350206577278433184e-01
2.425117011065807127e-01,-2.936827003557644367e-01
4.219647815838755145e-01,-9.236622334320197802e-02
4.944035318488556596e-01,-3.693731560784955376e-02
3.735034860720175542e-01,-3.532912876173029126e-02
2.220646251368702528e-01,-2.342788202490334315e-01
-6.397209232043112037e-02,-1.932352021428642153e-01
1.771882257877438194e-01,-1.750023511950837551e-01
3.412382597624422087e-01,4.051353932310255979e-02
8.337558940514961936e-01,2.042777663830348811e-02
5.795969780018990214e-01,3.194068029699217992e-01
2.344070402946829834e-01,-5.724616558497291029e-03
-4.794578753027165519e-01,-5.007779636857654371e-01
-5.226272264583705640e-01,-1.289127011225947195e+00
-5.741758144522854934e-01,-1.623921690063061307e+00
-3.733822876719064543e-01,-1.365460149323345584e+00
-1.703156411281420424e-01,-1.429721911497979336e+00
2.354404585804465710e-01,-9.308865543879352167e-01
3.206372981329850824e-01,-6.756247098182239785e-01
7.938329080097967783e-01,-1.423944668197855701e-01
1.332082048319633172e+00,3.202684877612157338e-02
1.415242931094731427e+00,2.234892730680359818e-01
1.015514448639597500e+00,2.048526745940755511e-01
5.259920542738573124e-01,1.287542085889060439e-01
1.530699495915466835e-01,-4.233493897492217328e-02
1.113431697819751570e-01,-1.603791942793242054e-01
-7.121003259185673673e-02,1.625156845276156670e-01
-2.598949086347149828e-01,6.532094643142402068e-01
-3.486480059144587695e-01,1.284002734381328281e+00
-3.027250739379651612e-01,1.511028266649896201e+00
-3.384825688674888977e-01,1.479193352741765333e+00
-3.596433644679686847e-01,1.218674024047604165e+00
-4.641964587798713682e-01,5.350808225718141076e-01
-5.824536579171158968e-01,7.122328596635911502e-02
-4.380962491491676158e-01,1.647266469277690326e-01
-4.704520336269921166e-01,6.970776305463063371e-01
-4.190080930222197519e-01,1.670688151397163423e+00
5.414220977198905826e-01,2.443727166984101640e+00
6.791279117167063895e-01,2.580362469949283089e+00
9.287763345235413581e-01,1.589976126231954945e+00
-1.396214706351170398e-01,3.109052268987245182e-01
-1.396214706351170398e-01,3.109052268987245182e-01
-3.145723833069181130e-01,7.082138662904284843e-01
-2.642421948047407598e-01,7.074434781406455652e-01
-9.161420090000844951e-02,-9.791022800862567155e-02
1.574911949874930883e-01,-6.112824753184531446e-01
8.442170575414324751e-02,-2.032435811718933394e-01
-3.006505585149082949e-01,9.853925738808271273e-01
-4.241335758023389024e-01,1.903175486541958117e+00
-1.319719372367990362e-01,2.216153656484574963e+00
3.943748584581923677e-01,1.529009562232247932e+00
5.642763658594419640e-01,1.175401351459224752e+00
5.642763658594419640e-01,1.175401351459224752e+00
1.532048686254797731e+00,1.839498441130150264e+00
3.921212710157377934e+00,3.576467758366491001e+00
7.133469598314220228e+00,5.895790839459952082e+00
1.003456430594026116e+01,8.297647476591588855e+00
1.192231331202150990e+01,9.857969483455926607e+00
1.224949364816871444e+01,1.012688664895812529e+01
1.194053132119410598e+01,9.871885169252450964e+00
1.018478387513507322e+01,8.458159372137910026e+00
7.116642034960830365e+00,6.242171885231520001e+00
4.368246898009641832e+00,4.050306549709980608e+00
2.218095123464985274e+00,2.305467207835242949e+00
1.225495407217994437e+00,1.467081210482012121e+00
1.497740117289505790e-01,8.565106866523863882e-01
-2.312921284323001259e-01,5.473322090756713720e-01
-9.741405177958817330e-02,4.441571646943351936e-01
2.186522217488621189e-01,-3.547325291633410260e-02
6.932355327584962534e-01,-4.623853276456292849e-01
1.203464658658610853e+00,-8.487282508410333159e-01
1.647971823029963145e+00,-8.374562633709912163e-01
1.666929780083471258e+00,-7.842354352204953249e-01
1.221956808570371589e+00,-6.012839952920341346e-01
6.518675798609302463e-01,-3.362298443569911033e-01
2.039338631870394880e-01,-9.808591066059735297e-02
4.036749079233648563e-01,5.764745541204876478e-01
3.331524565539636940e-01,9.380218769476588170e-01
2.580651667810899830e-01,1.190018642763533974e+00
-1.162012658429697753e-01,7.006548533320589023e-01
-4.886429463004580698e-01,1.463126122389156181e-01
-4.255763874453706297e-01,-1.286292856616964853e-01
-1.447407239933755363e-01,-7.285353811548396230e-01
3.548275270679308036e-01,-5.363995977641806689e-01
4.187923199050775924e-01,-5.109329433726551573e-01
5.180502391520278582e-01,1.106942987256532007e-01
6.182373083621788279e-01,8.870032765108741835e-01
6.151316986734854941e-01,2.191505489111203797e+00
5.529159605362573560e-01,3.891058627983528417e+00
3.685945977463971901e-01,5.084262041576183222e+00
2.323284713495955556e-01,5.125907016862292664e+00
-1.187341129463681949e-01,3.957808963815416359e+00
-1.758328825890783098e-01,2.207754529891129192e+00
-1.946741272347926599e-01,8.545701438341610778e-01
1.795082464547885781e-01,1.290938956856566844e-01
3.744762763625120172e-01,2.256570883074902056e-01
3.434661762360192161e-01,3.101054151901594946e-01
4.225651030810376185e-02,6.719985412812695680e-01
-3.702554770787038763e-01,9.048347968288511511e-01
-5.491073451889761925e-01,1.476631819613042129e+00
-6.446501086241123168e-01,1.066351282580459747e+00
-7.907878581944022267e-01,8.098417715363277480e-01
-9.914103952116433138e-01,3.125238268740974656e-01
-8.680694552271148723e-01,4.938586710815197067e-01
-5.864431631606281670e-01,7.873471230401623000e-01
-2.916472386567585673e-01,1.391431339927426514e+00
-1.122404707484590536e-01,1.820857176935503974e+00
2.397277019003460630e-01,2.015311214691084540e+00
4.986830233641613153e-01,2.495280496336277576e+00
2.918196992726025951e-01,2.735844305148147804e+00
-3.950395370096522751e-01,2.786724659978080609e+00
-1.024493129755834619e+00,2.055400012795876030e+00
-1.294408804729568319e+00,1.629380732734635906e+00
-1.028442218614268766e+00,1.161325561767550418e+00
-6.486815040562740053e-01,6.934315922112032071e-01
2.051919482482627011e-01,4.318432205157452519e-01
1.111401420208869562e+00,1.338338035301255280e-01
1.731511916779567395e+00,-1.315502465352937633e-01
1.936383660483267821e+00,-4.616923683509950860e-01
1.704783508875587827e+00,-6.336961630432889070e-01
1.100027892866872969e+00,-4.385546307131048538e-01
4.902191977266845413e-01,-3.924585228553066352e-01
2.313179487855529237e-01,4.952549618305633616e-02
3.954176182607366252e-01,9.780965263254791375e-02
5.854565822983711643e-01,8.831355541357333028e-01
6.315100507663867768e-01,2.565020426683831123e-01
4.472662853015069717e-01,4.430075571919091515e-01
2.910995796809505709e-01,1.802722259609848832e-01
1.513331922483829028e-01,1.150466724913967065e+00
1.478552729339836780e-01,8.483706994584949701e-01
1.130849622983554487e-01,5.710026570414826752e-01
2.744227117973097735e-02,9.243107086033464093e-02
9.908574784993590123e-02,2.024850005081630933e-01
-2.027162216389300220e-01,2.771909675655306882e-01
-3.206983580166087866e-01,2.876323672961386690e-01
-5.491427088502975895e-01,3.825263080163246454e-01
-4.344340599492436117e-01,5.019243467856553398e-01
-7.115672169958200399e-01,4.839989688225154185e-01
-9.669577548795262878e-01,5.149030047366380813e-01
-1.255921194063810864e+00,1.482538241823818381e-01
-1.160566266365280930e+00,-3.567866763123507812e-01
-7.621458360097189688e-01,-6.683044403483606732e-01
-3.112666445692273132e-01,-4.324494430658382127e-01
1.497857058897247851e-01,8.025745558922766643e-01
4.062663057024033519e-01,1.260655893921535098e+00
8.044696773173899418e-01,1.717456935863288736e+00
8.533954555304149592e-01,1.780577685294210566e+00
9.585142892977075446e-01,1.574720320864545275e+00
9.758019559136864585e-01,1.499856699168880203e+00
1.182559857957606209e+00,1.464655868179772780e+00
1.138831661232613701e+00,1.406605841981775962e+00
8.737826953900321714e-01,1.040902602439726099e+00
6.338937288504921108e-01,5.257748398884444230e-01
4.932416465036976727e-01,3.650022007589773243e-01
5.668227564135636110e-01,4.500970200423771717e-01
6.730727197339633205e-01,6.581114555331368798e-01
4.228093492565509481e-01,6.885096032749355999e-01
7.782353819001872064e-02,7.037828761121026622e-01
-3.417529211167272818e-01,5.625596051171201095e-01
-5.620630208738147671e-01,4.795657026799427514e-01
-7.882903401662031406e-01,1.295089497842961124e-01
-1.016117927300044244e+00,2.388723986336411809e-01
-1.139182476803015653e+00,2.151524034025729393e-01
-8.835335259936826224e-01,1.138819047448962785e+00
-4.893923747753931575e-01,1.606262332532106818e+00
2.391996090435495603e-02,2.000580915225554701e+00
1.439255086832510744e-01,1.705735213476879064e+00
2.730652365541309523e-01,1.247564949124084333e+00
-3.555597922427326529e-01,1.126240841235958356e+00
-1.051518716530201791e+00,1.162421520953690335e+00
-1.711829940326833777e+00,1.569974558156581157e+00
-1.680534595021242694e+00,1.843393852994718474e+00
-1.235559398045508406e+00,1.822130351766072076e+00
-7.477828831498433138e-01,1.542175125421453519e+00
-8.114007127779607753e-01,1.557882913113658896e+00
-1.358555635153240404e+00,2.024003805138163248e+00
-1.812512558571130583e+00,2.669772745185919671e+00
-1.854508349139919687e+00,2.841586773043805358e+00
-1.376783488178041859e+00,2.532687117498025664e+00
-8.287347976374307423e-01,2.022463291221066939e+00
-1.148372695077418647e-02,1.691048250777541506e+00
1.788408479756856129e-01,1.374905970955106138e+00
2.632643557286165614e-01,1.198343746358066397e+00
-1.343374576383964958e-01,7.033911935714509678e-01
-4.185789372664407426e-01,2.519482741637150691e-01
-6.176195306082993275e-01,-4.209189730771180638e-01
-1.023674703761831228e+00,-1.266239370603252201e+00
-1.149095891282138737e+00,-1.888750498032114811e+00
-1.149095891282138737e+00,-1.888750498032114811e+00
-3.178193482118277791e-01,-2.180784294459642503e+00
8.591402035851340990e-01,-2.613302566229961155e+00
2.154937412402367691e+00,-3.013383604313348396e+00
3.314395048882805117e+00,-2.694419876003085079e+00
3.973545249445809890e+00,-1.985458684826912457e+00
3.901996232135080511e+00,-1.150857233205097918e+00
3.146884115507781576e+00,-5.812382828698378079e-01
2.099765479556601644e+00,-3.117364023647966054e-01
7.896822877656102246e-01,-6.129821622269151504e-01
-3.502942700136126852e-01,-1.238569372650817568e+00
-9.290077744095576184e-01,-2.005709321179901305e+00
-8.320652754792298156e-01,-2.797960949350897675e+00
-5.572937137360014503e-01,-3.140662648479957131e+00
-1.780014879444417053e-01,-3.161986647813744167e+00
7.168131328446881723e-01,-2.691692160964672453e+00
9.635379411772126979e-01,-2.172778749579318269e+00
8.916537482099764489e-01,-1.659283270129386922e+00
1.240089770178720435e-01,-7.485180396697854732e-01
1.228748480520810982e-01,6.204816982254696828e-02
5.306446624021929903e-01,2.394787473632430941e-01
8.057893049091591209e-01,3.705213381487226232e-01
6.508985374681315328e-01,-3.064039293165120026e-01
5.355096078728953379e-02,-7.248489018571649956e-01
-4.514115496061968935e-01,-7.883963917421091816e-01
-5.290634562516918216e-01,-2.404482270357041068e-02
-1.944221310239583334e-01,4.455574624570995956e-01
-1.755781221101901934e-01,7.441319369728635058e-01
-4.492635173774015001e-01,3.350767498157294216e-02
-6.924313455659169003e-01,-5.913554875806388278e-01
-6.170718675925903618e-01,-8.933552683806038619e-01
-5.311061455363126349e-01,-4.157199959171254955e-01
-2.798653535230319900e-01,-3.419901336120392821e-02
-3.030048077087731384e-01,-3.933283110094568658e-01
-2.513043649041423189e-01,-9.528527295358372173e-01
-3.357225479803083723e-01,-1.740098464127536992e+00
-4.580664418180688258e-01,-2.298130530632091162e+00
-3.434229166929064769e-01,-2.888557542784782495e+00
-2.626206587491204947e-01,-3.239426424741570276e+00
-1.287124039348705729e-01,-3.108179157535643888e+00
-2.493348693879977873e-01,-2.436969586952965727e+00
-3.977742870065417158e-01,-1.350142456919003253e+00
-7.572146432461615007e-01,-5.649155016908871119e-01
-8.497235976803013680e-01,-1.527349210248962474e-01
-8.699166623389589237e-01,-3.347477081162625323e-01
-5.214826109638162066e-01,-1.563676609569887022e-01
-2.132004514581321286e-01,-6.419100916758721520e-02
-5.210225765317787888e-02,-4.593696007017893101e-02
-4.438987291395914414e-01,3.155931020630868278e-01
-4.723946106763978192e-01,2.287190309493203344e-01
-5.656429403138760748e-01,2.673885528068425388e-01
-9.972781002946434770e-02,-1.147362646992722696e-01
-2.397344434199093210e-01,-5.563106654658577233e-01
-7.023606838059520685e-02,-3.307636963332789559e-01
-2.829256247590566375e-01,-4.695123098067762735e-01
