2.589290405247036131e-01,-6.805279535731049156e-01
1.545542660502577208e-02,-1.112712780128009005e+00
-1.564195150621098540e-01,-1.128371603815012447e+00
-3.880034953724261770e-01,-9.779304912957319518e-01
-1.516677918871402464e-01,-8.819779120179963572e-01
9.856490078320214732e-01,-1.243344729408897731e+00
2.909660303424874250e+00,-1.843929075640253545e+00
4.984181674323071576e+00,-2.989549988704635286e+00
7.018494723620346321e+00,-3.932339687735504352e+00
8.606644135827306030e+00,-4.641743430144685156e+00
9.507614579448635084e+00,-4.966464412941801854e+00
9.689017206202491295e+00,-4.918759062678701888e+00
9.393066407155679087e+00,-4.597757995496626116e+00
8.289484403384591360e+00,-3.859683431961041578e+00
6.689957140362805532e+00,-2.834853762605185512e+00
4.776106592790585914e+00,-1.625672009564774312e+00
2.815151060446032805e+00,-4.133755357507194472e-01
1.398806627171040651e+00,7.983140982613669001e-01
4.996480216336319224e-01,1.801913261726020510e+00
4.662130050173832196e-01,2.389462777529263171e+00
2.437063682611027848e-01,2.704149750263706409e+00
6.612659378665325383e-02,3.178363858285850441e+00
-9.968619312254158038e-02,3.532486307601591768e+00
-2.317966310942310149e-01,3.850161230744071794e+00
-3.156477201474987004e-01,3.569194965722739976e+00
-3.612742247878261703e-01,2.803506217396694034e+00
-4.554967437465697877e-01,2.026742887229100454e+00
-5.707446462610341609e-01,1.329996426153688738e+00
-6.895577723879021681e-01,1.101694951458890293e+00
-7.647886885762599229e-01,7.342104491622000184e-01
-7.765309929832335811e-01,8.004341704898794152e-01
-6.850898194435535160e-01,6.181116985620260795e-01
-5.381632417574860883e-01,4.825619540414208819e-01
-3.640472429799137544e-01,-1.918196802537991130e-01
-9.639976683291513748e-02,-6.886176876661282975e-01
1.558838417451381131e-01,-5.960811861024025715e-01
1.186188691436633469e-01,-1.484168804912970430e+00
2.453353868408520155e-01,-1.716114158150168434e+00
2.673235875138103013e-01,-1.886541145241387385e+00
5.166957764349340287e-01,-8.212342007376970399e-01
3.699366580229096479e-01,2.495153752530824276e-01
3.057524269919847937e-01,1.181427157487031643e+00
2.291492633247364519e-01,1.711894191376203800e+00
2.621629140697726568e-01,1.865641943271252323e+00
1.369073767539217001e-01,2.019581081064188322e+00
2.307163427868879485e-02,1.924731041715019408e+00
7.418071722765148812e-02,1.702525485739008415e+00
1.472123478232551241e-01,1.373210702148397244e+00
-6.867925224964867292e-02,7.829032779988985835e-01
-5.968656833423423569e-01,8.259770523337853776e-01
-9.149208477609475088e-01,9.563860515498463499e-01
-8.712568952425369107e-01,1.215840601119485109e+00
-8.825307766503853735e-01,1.465125251217405777e+00
-9.948123609768600994e-01,1.714177400607001855e+00
-1.202915969647016858e+00,1.757950060708580509e+00
-1.107659191977346413e+00,1.605356601029536368e+00
-8.986726335216502770e-01,1.251155896949619484e+00
-6.392304109106634602e-01,1.030008746416783749e+00
-6.471526637696843887e-01,5.856396395119813914e-01
-7.413159481677988882e-01,2.122330513821494291e-01
-1.069529066746240487e+00,2.388879661915884189e-01
-9.665213018256737509e-01,5.015096332696129117e-02
-8.480192867691935810e-01,-5.844116068245382156e-02
-4.575792227942337975e-01,-1.461484005254888585e-01
-4.497421659137607608e-01,-1.598544657090166243e-01
-4.283509624290797735e-01,-1.969950760613894125e-01
-6.474615782601922387e-01,-3.597881226112867314e-01
-6.952006355706401575e-01,-4.539292387299513898e-01
-1.059957644393157983e+00,-6.047871394406688639e-01
-1.417572318572101864e+00,-5.797780257286940797e-01
-1.823820387999145254e+00,-4.659684784339324093e-01
-1.801618611819551408e+00,-5.963894697094373337e-02
-1.649929714225034205e+00,1.879256859384831890e-01
-1.559459196636930445e+00,3.033339372913416709e-01
-1.618568963868405985e+00,1.421554180088132613e-01
-1.491131472157002369e+00,7.949385320747741346e-02
-1.241438492999247023e+00,1.105286779145602388e-01
-5.790095051697783379e-01,4.655723047415139156e-03
-4.126700848747268391e-01,8.685173833580310532e-02
-2.669378901208802057e-01,1.219171052189847448e-01
-6.316672880440437066e-01,2.708124602734359176e-01
-6.316672880440437066e-01,2.708124602734359176e-01
-1.003856216290823111e+00,2.458741235618491783e-01
-1.325440715935124469e+00,3.463572287422371776e-01
-1.611627386003795070e+00,1.247846551458824671e-01
-1.582105372357273332e+00,-2.787167921963558670e-01
-1.243075214351272439e+00,-8.147756278877138492e-01
-8.676832253482857915e-01,-9.725570322964843806e-01
-5.078687941159364394e-01,-7.723848183040727955e-01
-3.285843999814510030e-01,-4.629956896687690282e-01
-3.370584500126339034e-01,-2.324612910945233757e-01
-5.660966582916348022e-01,2.366277847798678724e-01
-7.834838985302476910e-01,4.438867546275981901e-01
-1.071564403298977730e+00,5.954721976115295856e-01
-8.735196620373774090e-01,3.463393722968540200e-01
-6.390893795734419180e-01,-1.137477691644701722e-01
-2.247702136944228213e-01,-6.500794646253985620e-01
-2.116118330419648197e-01,-1.311781573857512706e+00
-1.170300684078181414e-01,-1.734396356205438083e+00
-1.233856341272319412e-01,-1.868608950789523604e+00
-1.233856341272319412e-01,-1.868608950789523604e+00
-2.654376528929505152e-01,-1.346799560223970182e+00
-3.465295101103978981e-01,-7.464993149480430024e-01
-3.307886254695877049e-01,-2.318998518507195752e-02
-9.867025636712768721e-02,3.219319320486287994e-01
9.313873995095341141e-02,7.697986649555580430e-01
2.305232962861122614e-01,1.259468245508960749e+00
-2.106227666332144144e-01,1.485573652448113124e+00
-7.270344447015235634e-01,1.776669706871097487e+00
-1.335021740719446237e+00,1.869076641898231861e+00
-1.703396952054286206e+00,1.466119004435503914e+00
-1.674257058257714315e+00,8.583309066090001327e-01
-1.263845881084479927e+00,-1.578493376344917987e-02
-7.796984372190755019e-01,-2.676213605985376942e-01
-4.679929126682262353e-01,-5.096723395755022867e-01
-3.370584500126339034e-01,-2.324612910945233757e-01
-1.212101741891460360e-01,-2.933127455628652958e-01
-6.765949968755227695e-02,-7.327693251514321160e-01
-3.112961415836851264e-01,-1.117927140213957671e+00
-5.016625234481086881e-01,-2.120525485148818223e+00
-5.663901943848392850e-01,-3.022248287785203491e+00
-2.150865784960040994e-01,-3.067781948507944723e+00
-1.178747797519023345e-02,-2.849521563724583206e+00
2.531968338152307818e-01,-2.623802085951277618e+00
2.972702941855726588e-01,-3.211597452444885370e+00
2.259479021865998527e-01,-3.340946354953982400e+00
-7.958105508249738169e-02,-3.162921795341867792e+00
-2.645881901266591285e-01,-3.070876810444796767e+00
-3.968815477036358175e-01,-2.973485334701539529e+00
-3.305473946142621910e-01,-2.987367583435482477e+00
-4.360484993047363256e-01,-2.810456754140892688e+00
-5.564798758813986890e-01,-2.281292598840847230e+00
-8.238352462048549318e-01,-1.466981113339720366e+00
-1.078644533270335826e+00,-5.956552918914707062e-01
-1.279787781381072298e+00,-2.175008650045871794e-01
-1.345385686505004008e+00,-1.121100598848888269e-01
-1.161873986226754418e+00,-4.652014333395917411e-01
-1.191722781488216754e+00,-7.792883490374794553e-01
-1.072133945382218734e+00,-1.198028717962022816e+00
-1.114014992668199033e+00,-1.195098221479908629e+00
-8.025141708953473785e-01,-1.809119395144802356e+00
-5.900857827185942428e-01,-2.570087295119915627e+00
-4.725608055028018839e-01,-3.401852638001426232e+00
-4.022437126003173269e-01,-3.903277012035994531e+00
-4.022437126003173269e-01,-3.903277012035994531e+00
-4.022437126003173269e-01,-3.903277012035994531e+00
-4.312921951585040881e-01,-3.470183376340731485e+00
-4.983274412900243755e-01,-2.839928690881154072e+00
-5.259330125440980774e-01,-1.747043362384742116e+00
-5.537137613664865343e-01,-7.573362282858405736e-01
-9.622226776913047619e-01,-6.277884495365433637e-02
-1.454531095962473763e+00,-3.746464216726960294e-03
-1.978112721026991760e+00,-7.824309255650521711e-02
-1.959373326208236454e+00,-3.603911026468769041e-01
-1.924448814821387410e+00,-5.129459788873785842e-01
-1.741056185098043052e+00,-7.245249590283034946e-01
-1.667063639393874253e+00,-8.344368639781909458e-01
-1.243727431636186598e+00,-1.486544294864765803e+00
-8.503903027893708888e-01,-1.665553608308989686e+00
-4.547798100162718793e-01,-1.585594565288936941e+00
-3.314498011308004144e-01,-1.054826500664729716e+00
-3.185514795672655941e-01,-9.482269947710494362e-01
-2.980463788189215979e-01,-8.103666091936939653e-01
-2.616934352733613078e-01,-5.682322238860916253e-01
-1.922171231317166022e-03,-4.643064366085825762e-02
1.983157523734403738e-01,5.489982894443250494e-01
2.293934810400517499e-01,7.863662589048813212e-01
1.764459835382480579e-01,9.307402667714734790e-01
-1.287604675955315858e-01,4.577266017457918834e-01
-2.665392915371821436e-01,-1.585441212846863124e-01
-3.560406404815207870e-01,-7.553194978186048569e-01
-2.769463663105263818e-01,-1.115540638939593654e+00
-3.472066163489583857e-01,-1.201685262096782614e+00
-2.614163247810352142e-01,-1.360938888529965807e+00
-1.548924723501536038e-01,-1.423617568349617057e+00
2.967668221266817410e-02,-1.395393039030807136e+00
3.920047418377471671e-02,-1.313480486488500354e+00
-3.444181795715678396e-02,-1.151747641788263499e+00
-2.227350629782978708e-01,-1.132875854436294683e+00
-4.076718737631094824e-01,-7.611868153672848303e-01
-6.015472303130171561e-01,-3.636201233026607471e-01
-5.408526011002061651e-01,1.520422872158520011e-01
-6.482355116822566821e-01,4.748691129529922228e-01
-7.622437169368390109e-01,7.678564203569128166e-01
-9.561360379055181546e-01,8.460589577660115879e-02
-1.040834528332084785e+00,-2.312404479260340151e-01
-9.034422842618931027e-01,-6.255281266674111995e-01
-7.210128897496446143e-01,-4.189072982207611706e-02
-3.173322426215124392e-01,3.715584265175950751e-01
1.883844690244876677e-02,7.956834599357894833e-01
-6.042259893480132066e-02,1.037943976920283840e+00
-5.542101479078889170e-01,1.067807205982509000e+00
-9.409888024514367899e-01,8.980561740790597991e-01
-1.199346538718354394e+00,5.841030630686201430e-01
-1.123595766377969651e+00,2.597157097683944760e-01
-7.972742331925569692e-01,-1.354854933023064978e-01
-3.457158588254082288e-01,-3.815179711178066091e-01
-7.200504155171619236e-02,-8.477198562314134378e-01
7.406148236806231466e-02,-1.146447161531981340e+00
-8.044150296331133154e-03,-1.233328884626569311e+00
-7.067525961298712356e-02,-8.582477102125362078e-01
-2.231189032503010095e-01,-1.484461314534416543e-01
-1.323468296563510838e-01,6.963432573094656686e-01
2.849793770032059761e-02,8.857136111257108979e-01
3.284848644563814757e-01,4.656578191806589051e-01
4.930384195394562075e-01,-1.328172642124008374e-01
6.038381252937443655e-01,-4.031856765392230479e-01
6.450240119324991417e-01,-3.979303892839586854e-01
4.847174878300270495e-01,-8.324484416214811278e-02
5.599584191109944209e-01,1.824312101260173458e-01
6.514964127864081300e-01,3.186955086439585694e-01
8.541575069205509241e-01,2.100608464756791305e-01
6.648182412006989894e-01,5.665853791133438483e-03
5.018642841659683995e-01,2.155848050143313599e-01
3.961354960752953014e-01,2.394058968564881651e-01
1.544198133354846014e-01,8.061286949135526569e-01
6.873277420371035062e-02,5.730315412842525991e-01
-1.166952487077391604e-01,7.186163081112961759e-01
-7.959563022756184492e-02,6.006022530921975022e-01
-2.455522444963196271e-01,7.668388228681319863e-01
-6.416344824774727895e-01,5.288592592467832310e-01
-1.186627964508147670e+00,-2.068880589155737137e-01
-1.695927615643927577e+00,-1.228675780662147998e+00
-1.897736090306360923e+00,-1.944675322594882738e+00
-1.868549878641837525e+00,-2.198979489115887365e+00
-1.476614202138544441e+00,-1.967139901278749381e+00
-1.318295555440438305e+00,-1.455384258235402628e+00
-8.265139861654349218e-01,-7.967901460359241295e-01
-5.235968484258850530e-01,-3.180192924642614716e-01
3.767815071319712689e-02,2.442350797828311271e-01
3.143861339852785930e-01,4.134368746293892727e-01
4.801367480569210255e-01,6.206251446413348916e-01
4.801367480569210255e-01,6.206251446413348916e-01
3.722930681672697584e-01,8.924415558981197982e-01
-1.368289619945709801e-01,2.282886574934902824e-01
-8.858994420158292638e-01,-1.158261409385224372e+00
-1.779833162612538766e+00,-2.787582764817228220e+00
-2.600871183793652452e+00,-4.060695759064383736e+00
-3.442658653211589481e+00,-5.264535723369450082e+00
-4.057403794105163719e+00,-5.886170762457121342e+00
-4.409088655371586007e+00,-5.888111819339804320e+00
-4.487614504468941945e+00,-5.342925451031913298e+00
-4.217234066749200316e+00,-4.374824854068943836e+00
-3.627512378650037839e+00,-3.196090108572856359e+00
-2.584667068231001341e+00,-2.001697423248174346e+00
-1.724707546233543498e+00,-9.610211694369570345e-01
-9.867578981155139539e-01,-1.960334684441093211e-01
-6.420068046555353902e-01,1.637882500326519053e-01
-3.109327341342986162e-01,3.475658696815650539e-01
-2.558723461853306125e-01,2.726882906120167149e-01
-3.420240290276560513e-01,1.457667641984701778e-01
-3.326462812378536693e-01,4.828881359041378371e-03
9.689258871185804992e-03,4.461332849739393369e-01
-1.262825383998714690e-01,4.905218324772543381e-01
-2.379668460196679991e-01,4.621607647907541860e-01
-4.753486193624753553e-01,3.133932634657259908e-01
-3.403797272578474309e-01,-4.002732017957931765e-01
8.602831528170377939e-02,-2.910914309819250811e-01
8.148233368996619097e-01,2.059802671575712563e-01
1.301416627138322957e+00,1.331208039757673767e+00
2.361113719001008970e+00,2.735914027063649279e+00
3.553170986353269001e+00,4.383689319574930465e+00
4.888868453128959679e+00,6.275525199681882604e+00
5.576024736784266800e+00,7.691045878582569273e+00
5.634422144885514960e+00,8.578295388566059998e+00
5.026232822922626298e+00,8.718350544375562450e+00
3.937285633091688997e+00,8.001429557237578649e+00
2.648321636649711763e+00,6.546104942185199782e+00
1.416515119837580272e+00,4.345033845873257583e+00
4.719094071850090666e-01,2.385728685375935409e+00
-1.466148000431521659e-01,7.710850073571227092e-01
-9.854208480375131751e-02,3.741440513310722582e-01
-1.741010972072953300e-01,-1.059591058349744208e-01
4.831105209443175424e-02,4.208934784746024005e-01
1.167160293499639075e-02,6.339551327959349614e-01
2.230416245965390065e-01,8.456750713450975621e-01
4.118688684590772198e-01,5.418107236305611529e-01
2.637777919954866213e-01,1.771322637653186816e-01
5.554892355321842945e-02,-1.547130586524336215e-01
-3.190608707938943911e-01,-3.954423253245321623e-01
-5.431903498743552161e-01,-5.002570498109248920e-01
-5.856081347998777220e-01,-5.119697931279411085e-01
-6.204085578987074134e-01,-4.662824172122459476e-01
-6.847631379080183489e-01,-7.776584648103223030e-01
-6.927257747391925014e-01,-9.590327676556614778e-01
-3.877260999057288715e-01,-1.009264860094874594e+00
-2.219311859333098214e-01,-8.526956787302950591e-01
-1.593768153539062427e-01,-8.344193700349757936e-01
-2.668507700381425041e-01,-6.378313381962393835e-01
-1.807926115658179400e-01,8.543738099982192691e-02
2.232186842355613626e-02,5.892498633269944719e-01
4.228349709644645960e-01,7.318985052360299504e-01
1.108269202050171875e+00,2.658501782408418390e-01
2.149255106661019266e+00,-1.876911131538902267e-01
3.511543816171561527e+00,-8.200601892661134595e-01
4.997218492356481079e+00,-1.687610967918681038e+00
6.739260195019444843e+00,-2.771796445753551552e+00
7.859455125950072230e+00,-3.573706602238004404e+00
8.403609291512902146e+00,-4.018932272332642164e+00
7.821163953460397167e+00,-3.785214710933819671e+00
6.735088616265606731e+00,-3.191588895932175873e+00
4.958834902331502370e+00,-2.216615795036456671e+00
2.970026228989645301e+00,-9.602419710984746448e-01
1.106612014487679652e+00,-2.031817691518597313e-01
-2.525891444680871123e-01,1.362556475065429262e-01
-5.789504532710934015e-01,-6.094651365207773841e-01
-5.887824555730346576e-01,-4.177519839414165492e-01
-4.719964078404343955e-01,-6.069412497311381036e-03
-1.828178243319017182e-01,7.616090588750861201e-01
-2.324982459133213396e-03,1.151886026272476604e+00
3.433105636874118627e-01,1.420388018518338846e+00
6.150821669478429010e-01,1.463263119424879966e+00
7.966029157817051676e-01,1.398494390378475227e+00
7.095525787404703966e-01,1.277900292278878469e+00
4.896960602653415151e-01,1.159006111648883230e+00
3.771279868335239982e-01,1.050353379138214915e+00
1.970610515873248425e-01,5.936396601462543554e-01
3.514027155756786758e-02,2.282845859959096169e-01
-3.370584500126339034e-01,-2.324612910945234590e-01
-5.789504532710934015e-01,-6.094651365207773841e-01
-6.384391962523027209e-01,-9.872127135385515562e-01
-5.855310316060048370e-01,-1.105738170940225640e+00
-5.016305780656240554e-01,-8.076680927192708692e-01
-3.736885391304013426e-01,-4.469455432075157275e-01
-3.670920569709878456e-01,1.410765387130824833e-01
-4.283690255790033041e-01,6.476212404637812226e-01
-5.250402451376657842e-01,9.224589333957751158e-01
-5.752544141483456608e-01,6.025579895473457404e-01
-2.635640819500624232e-01,5.395698410849902871e-01
-1.025147291412727840e-01,5.131586637038089149e-01
5.033704805646713187e-02,8.428318147483692124e-01
-1.486728829303151644e-01,7.726554508428056245e-01
-4.683799474328000784e-02,9.106600363566074163e-01
1.476165562342250104e-01,7.195743340814925171e-01
2.680575785901654351e-01,3.491917035764700583e-01
2.635650729255398228e-01,-7.388697006177435966e-02
1.907028986475606258e-01,-9.127328913556760626e-02
6.164571723925347246e-01,5.581535266407047780e-02
1.073147294113496297e+00,3.297528249907917264e-01
1.661013064626721158e+00,6.223199604900218063e-01
1.940985540208222559e+00,8.955401816979101648e-01
2.289625249945802299e+00,1.202487284594190076e+00
2.387827691474019076e+00,1.393032665876285270e+00
2.312980469369199987e+00,1.508753530632723105e+00
1.616422329170636774e+00,1.320965418840969186e+00
6.971850831243635582e-01,1.246367973584970645e+00
-2.925052878307471960e-01,1.167666792243767571e+00
-9.877573300891463459e-01,1.423177563769906673e+00
-1.507558178068172161e+00,1.561471582539901037e+00
-1.572746536196311773e+00,1.693332804750929510e+00
-1.334216707143168978e+00,1.544974535567640528e+00
-7.308988890576106900e-01,1.473168083642354187e+00
-2.391518950012995470e-01,1.541855959417740340e+00
3.013548350151271787e-02,2.017755043548928207e+00
1.174742750791191448e-01,1.982751004371249515e+00
2.139160950535176631e-01,1.798785337475325319e+00
2.753654074522924877e-01,9.574079915155121467e-01
2.087427008105610937e-01,8.897653092676833797e-01
4.074780852431808542e-01,9.068440061374283268e-01
5.005781896207210924e-01,6.532578407897599027e-01
6.961707729658423993e-01,5.139745140035698601e-01
5.490385858234250183e-01,2.245848700912884410e-01
1.085665238022835849e-01,-2.880068418134948960e-01
-3.714197555238399895e-01,-4.593575987313920916e-01
-6.013873230247196444e-01,-2.378542543786086594e-01
-5.107866325449625933e-01,3.390642278691301525e-01
-3.991443495648666073e-01,4.034931130676582267e-01
-4.778574881113283324e-01,6.297394468368480158e-01
-6.524108498649290322e-01,6.858503294351292467e-01
-9.953774477546855071e-01,7.644181372002752939e-01
-1.334714968683253788e+00,7.165525022659520182e-01
-1.346950732623159341e+00,5.926679835596535550e-01
-1.140021754142875654e+00,4.696896453118158954e-01
-7.603347082394634748e-01,3.678739650148582507e-01
-3.942976190610443799e-01,4.296501150316646145e-01
-1.016297723903880901e-01,4.555222287237214451e-01
-1.943002472213518905e-01,5.055318937697214077e-01
-6.325666067725106423e-01,5.034998516835962334e-01
-9.469128219986383543e-01,4.805731764700080233e-01
-7.378498313226931060e-01,4.416295580819739608e-01
-1.834680511841328410e-01,-7.849397960717967304e-02
1.656724924634388474e-01,-1.217416233878689663e-01
3.234011399296012890e-01,-7.892420229532308429e-02
8.312292461147333666e-01,8.396445195089744518e-01
7.478930403623214040e-01,9.584354069061448156e-01
4.497251358619460682e-01,8.476203144090629360e-01
-3.220596920151677645e-01,-4.324518147442044796e-02
-6.025124034439890419e-01,-4.443947489368412773e-01
-6.499951084070862972e-01,-7.245467829774594470e-01
-4.401397184799027973e-01,-6.556776126103827096e-01
-1.960201493428416208e-01,-7.183102716378869657e-01
4.924983542985284651e-02,-4.544043511000504521e-01
4.735984953502855310e-01,6.140646356458747540e-02
7.699448239390221937e-01,6.223673133640590382e-01
1.156302566893750328e+00,1.059072657194697342e+00
9.230732921910275168e-01,8.829479536112309068e-01
1.080654694383868408e+00,9.784387879803653210e-01
5.981643159374533392e-01,3.566567125139985528e-01
4.785503013714413612e-02,-1.307251515685423360e-01
-3.218392724777900393e-01,-4.245832935165644306e-01
-2.239397405040933486e-01,-2.338436602400590369e-01
-2.480517740389417969e-01,5.265723937487048860e-03
-2.036515591949523973e-01,9.922165017834164852e-03
-3.608148663195240302e-01,-1.749355591474230087e-01
-2.649070575077024925e-01,-3.902266094266914065e-01
-4.524089958726679184e-01,-4.425254834190607833e-01
-7.721701597899099934e-01,-3.382377137405150336e-01
-1.037174037766452006e+00,-1.112178542248082602e-01
-1.241731028936312375e+00,1.524440658243802482e-01
-1.292620890459542426e+00,3.343594484347925944e-01
-1.412362871857779645e+00,5.103448287987835119e-01
-1.530281277106871229e+00,4.875836366780862963e-01
-1.627580154254909095e+00,3.653987780957824727e-01
-1.500295122904016898e+00,1.558621029045869633e-01
-1.177107680514015042e+00,1.218620100558166774e-01
-8.114750355134887627e-01,6.254883377032597128e-03
-5.445144121823716210e-01,-1.716691472948244646e-01
-4.394404210822092649e-01,-3.179711089299481208e-01
-4.596390468818537522e-01,-1.618019891680650690e-01
-3.264929178781750818e-01,-1.789198651426453512e-01
-4.151125844244387686e-01,-7.040555644063980489e-01
-5.006787499607613379e-01,-1.567165649545470441e+00
-8.074253989092196049e-01,-2.230375523503875357e+00
-9.626496764455119148e-01,-2.437287569619859262e+00
-9.781249624574215318e-01,-2.128612002715053908e+00
-9.285355190222814858e-01,-1.689569239787254151e+00
-8.483390329679380004e-01,-1.172350727927101932e+00
-7.634084338773901024e-01,-1.029260883969613349e+00
-6.247506956324200278e-01,-7.194169375768183494e-01
-4.659781742185876707e-01,-6.062629580229575987e-01
-4.398335795271706150e-01,-4.154534618545740465e-01
-3.325617402199764205e-01,-3.840203760990692494e-01
-2.475689898678004319e-01,-3.269110317873183957e-01
-9.803833797041745790e-02,-3.247073769282065592e-01
-6.665590385663094919e-02,-2.507303948735588595e-01
-7.060247668257355058e-02,-1.150269953898273578e-01
-1.665058905385333743e-01,7.702601606372945497e-02
-1.646136090879277147e-01,3.372968346306982612e-01
3.450375664823109728e-02,5.637444825560328221e-01
2.779832523400168620e-01,8.211643402777401013e-01
6.291762965435490074e-01,7.489235892942988082e-01
1.182885352960382219e+00,8.944724949635759481e-01
1.352834802050379981e+00,7.367466830767621655e-01
1.118313847522062643e+00,7.097423934802332690e-01
6.921747968510217897e-01,4.814913875627885864e-01
4.731359592794395774e-01,4.550866878902700696e-01
5.982203725738907130e-01,5.545252113871352861e-01
3.681626072878984579e-01,6.809801814587136404e-01
3.681626072878984579e-01,6.809801814587136404e-01
3.681626072878984579e-01,6.809801814587136404e-01
5.035248264422232944e-01,7.853374418852431260e-01
3.874084800361158321e-01,9.759979940253116215e-01
-1.134212310406756546e-01,1.190843496028745063e+00
-6.734351237444207161e-01,1.635091628716855539e+00
-1.136358604139884099e+00,2.183738550429187963e+00
-1.228691131447897877e+00,2.562907876051897738e+00
-9.784542858614855287e-01,2.337388887894579437e+00
-4.598426777074513527e-01,1.861076927048351592e+00
5.477622216310688678e-03,1.357353760793224007e+00
7.670814290590255435e-02,8.150980101697071767e-01
2.267598046788338317e-02,6.991981658820949352e-01
5.996768767094352165e-02,7.237751950545671109e-01
2.598463175307489381e-01,9.866854499020496494e-01
4.276212255771731918e-01,8.205247245982846271e-01
5.619740768684200471e-01,4.336391081679533688e-01
5.469042761276312614e-01,4.113694535243855865e-02
6.584301016602768231e-01,1.559618579820214457e-01
6.929602407206976178e-01,3.908994459101435837e-01
7.196620157501029125e-01,7.235320766187836039e-01
3.366055624759972664e-01,1.061976727168639778e+00
1.867924905718552075e-01,7.915685126416853734e-01
7.953998493672582992e-02,3.289807730439098243e-01
8.779659481507161300e-02,-1.855976583837452842e-01
-2.699966398056602990e-01,-1.356126059557707375e-01
-7.379580774228259310e-01,7.443649448434574989e-02
-1.117459206813748551e+00,3.965707083632430963e-01
-1.325212040528678692e+00,7.116475058479566629e-01
-1.424332538000997461e+00,7.972256472653822534e-01
-1.091137862871225606e+00,1.057986648861600321e+00
-8.961533113928205063e-01,1.145296212508878142e+00
-3.131340529662441363e-01,1.280288860488704383e+00
-1.901406952289464991e-01,1.057454846286123518e+00
1.160872339942608245e-01,1.016204447114767540e+00
-6.774287352223028191e-02,8.058213049217074486e-01
-2.012164252877744752e-01,5.367930315460309743e-01
-4.299503396284354850e-01,2.678905075500620514e-01
-5.946250998330244730e-01,1.496581050299425897e-01
-6.653737912768187268e-01,2.287461199451929494e-01
-7.174824701982586150e-01,5.605567019134244378e-01
-4.108109447336136255e-01,8.702588258374909236e-01
-2.659421335072520987e-01,9.551706103299895112e-01
8.818426342827755116e-02,7.886489829020429942e-01
1.034631819199133690e-01,7.992339177906030434e-01
3.742344430093254015e-01,6.715714004893784672e-01
4.639661172735691785e-01,3.396963384389954377e-01
5.488766533122876323e-01,-3.963615042904948815e-01
6.141280317621259366e-01,-7.785077521594122585e-01
7.116876761234809390e-01,-8.694471514077036778e-01
7.388249682769978399e-01,-5.009583621215870641e-01
6.099743869757906500e-01,2.168259694660389092e-01
4.163670734949234120e-01,1.119681871023796127e+00
1.758030975596955037e-01,1.672026993680808316e+00
-1.120741906018064664e-02,1.961624820826932902e+00
-7.969979575165848928e-02,1.852250542473258266e+00
-7.110865153557796581e-02,1.447129302356128688e+00
-1.531918083061427627e-01,1.378614544209736170e+00
-2.719766234286690176e-01,1.168354209181337477e+00
-2.943450602979091335e-01,1.119363090332258670e+00
-1.623330775401298498e-01,7.586585457115574416e-01
-4.114759788880498204e-02,4.967252560624639823e-01
-2.541952630525767657e-04,6.127632809099486932e-01
-2.541952630525767657e-04,6.127632809099486932e-01
9.279386444653713040e-02,4.114361698611335716e-01
-1.218610575934861093e-02,4.153257309667689468e-01
1.017560822546698801e-01,1.690121742362469537e-01
-1.179250009972429986e-01,1.053934069584709921e-01
-2.841335381269127769e-01,-8.766941440465875202e-02
-8.054793363607791745e-01,1.579716311878061885e-01
-1.009075080394344237e+00,3.228463880367498096e-01
-1.139300766287731470e+00,4.951377358653353267e-01
