-8.939328594018243201e-01,-2.591390260770812248e-01
-7.841896444283622536e-01,-7.771561992239544026e-01
-5.420039349463879885e-01,-1.123331202790097683e+00
-2.324097507106329119e-01,-1.011807666978350451e+00
-3.247958667316803716e-01,-6.613502932387995692e-01
-7.164193707325218208e-01,-3.709732540139439039e-02
-1.152502399221464024e+00,2.073840325105940352e-01
-8.369608543859734517e-01,3.516661942010148589e-01
-4.032294808346482962e-02,6.964649122865134157e-01
-2.517511289667639374e-01,6.123299203149349390e-01
-9.056153389474961291e-01,5.357137096889270644e-01
-8.758359152898190780e-01,1.388656059438301282e-01
-3.938731640327082228e-01,-3.965432456047978116e-01
-1.328843367623925263e-02,-5.367330071583039652e-01
1.531997031890205696e-01,-3.509119776437155669e-02
1.977027484405101121e-01,7.453327546797359204e-01
-4.002707430384533360e-01,1.433540453740076215e+00
-6.441044626222475200e-01,1.987327849998736351e+00
-1.549206632970728803e-01,2.632509435454839508e+00
-1.173668850622146959e-01,3.064741687856014973e+00
-2.927262198226799894e-01,2.747826362871897299e+00
-3.881509900487690179e-01,1.689290826592306560e+00
-4.114502650522040006e-01,3.622893853854853297e-01
-5.494232677327356429e-01,-6.985614907716899413e-01
-1.043238612711725327e-01,-9.902154952238132468e-01
7.507542451055270183e-01,-5.585850720622682619e-01
8.155093154383841192e-01,-1.332557866295943916e-01
1.429403832974548705e-01,2.896006875929230118e-01
3.398262794978397228e-01,9.874058773083463914e-01
8.268187213263162860e-01,2.252710445252636973e+00
8.439729720822944925e-01,3.377803318686209533e+00
6.900183917586335536e-01,3.299208120539535383e+00
4.172607148898593299e-01,2.080901225198080962e+00
4.416634947240253850e-01,1.197506112913496290e+00
6.312489659642842588e-01,1.146975734463416385e+00
6.319969887829756106e-01,9.017988551360349714e-01
4.873622739943329618e-01,5.749527322082848002e-01
2.602742105482026558e-01,2.583946642224307366e-01
6.988092113861296695e-02,-2.361574644582165872e-01
1.215347788084265995e-01,-8.062871218964686726e-01
6.895795892370530922e-01,-7.582167760506156595e-01
1.115273847426497156e+00,-3.365971285398449697e-01
9.519353313670996242e-01,-7.674723518219361135e-03
3.008567795391267063e-01,3.832057543279488443e-01
-1.632755317879735768e-01,6.116264532090842643e-01
-5.141037853377840028e-01,4.537279314330025515e-01
-3.363351434863001699e-01,6.200859282557510399e-01
3.467428294921018339e-01,1.079913923344837823e+00
5.393742068234962383e-01,1.104802230301216159e+00
5.581381850385787047e-01,6.140829889021802712e-01
6.747753312276221216e-01,-1.208122084889925660e-02
4.838803340273304388e-01,-3.641000136803119736e-01
-1.560498376505623508e-01,-4.231169186167572094e-01
-8.085724174678011744e-01,4.360073759138977795e-02
-6.482045522804618098e-01,7.125533914422726989e-01
2.234875715503289451e-01,1.069871556440666227e+00
4.036469585648482239e-01,9.339132719448498543e-01
2.389187496492430896e-01,6.001419319150029796e-01
3.973007568891425700e-01,2.999736138081863235e-01
6.137385075496836206e-01,1.839634151395274642e-01
5.508593906150904829e-01,1.130287371036808874e-01
-2.218781024595851692e-01,2.195263154840051134e-01
-1.229873081818177338e+00,6.557389365036272455e-01
-2.176095091211930121e+00,7.765659624647547332e-01
-2.652459310196749964e+00,5.611526806096459596e-01
-2.456208306401601593e+00,2.439983739042632660e-01
-1.602082027838670708e+00,-8.815446268825931353e-03
-5.613571523586424750e-01,-2.078349425093908021e-01
-1.229882661852174652e-01,-1.005234758833211339e+00
6.573627045277689873e-02,-1.831735092827811329e+00
5.075030038728460813e-01,-2.089847115940457023e+00
5.412404242706566615e-01,-1.824550208954496489e+00
2.302226693907843957e-01,-1.324346784522785869e+00
-1.657826912951058385e-01,-9.854391089268984549e-01
-4.122564729638104192e-02,-1.381386586045094456e+00
4.484541897720275561e-01,-1.593296283419590731e+00
6.621868347044832515e-01,-1.165649624701738052e+00
4.645789647276479806e-01,-1.089321324521888679e+00
-2.015950046840988413e-02,-1.323639782021048594e+00
-6.931924493148886035e-02,-1.558124899998997170e+00
4.363743458738834069e-01,-1.595216388301500476e+00
9.897078082916759278e-01,-1.331758326520327662e+00
1.196635006001340207e+00,-1.107225621660639758e+00
8.916093988920085200e-01,-1.060879873886676927e+00
3.010276895620174753e-01,-1.030113117116026489e+00
1.015859630119022305e-01,-3.820663547051957876e-01
3.699077909868348502e-01,5.558142917255805004e-01
5.545371269800030145e-01,1.076050075826451513e+00
6.539170980939157385e-01,9.747205973631406506e-01
8.519572257136922566e-01,6.967219837845723962e-01
9.736818735130406965e-01,6.541536902156035449e-01
8.832742782256952641e-01,5.251205496179622845e-01
7.884591896617997309e-01,2.204575476495519715e-01
6.034213044170088081e-01,6.059588931375331500e-02
3.025350757319211215e-01,-3.183992584910065766e-03
-9.474710260607643875e-02,1.150723544727157155e-02
-2.423075561365881647e-01,-1.048599535893646878e-01
-2.076925237212473227e-02,-1.293943500622055931e-01
4.152972478008081780e-01,4.974893575727843548e-02
6.781219754728761151e-01,2.306086994286920544e-01
6.991805494159417655e-01,3.043013486224131481e-01
7.119394326462068490e-01,3.312999684919891719e-01
7.367527082347500311e-01,1.749412327737532025e-01
3.580723970102974718e-01,-4.113390818158113027e-01
-2.680605336996417232e-01,-9.486213174671781490e-01
-9.234140762762035326e-01,-9.193512733024031824e-01
-1.148794601149487171e+00,-5.005030858181328535e-01
-9.977194879542755634e-01,-1.604096104649797849e-02
-3.618387492185468068e-01,2.849708418821603750e-01
5.657502465857475737e-01,2.416522313977043923e-01
8.977860591644609700e-01,1.711781770606888853e-01
3.600808684383584035e-01,1.366985878993111081e-01
-9.554318105992523624e-02,-6.880663845681259105e-02
-3.904393318307822214e-01,-4.059599605088355934e-01
-3.184725939164293473e-01,-4.113506169019583436e-01
-2.354846273563640513e-01,1.559685525788016836e-01
-5.944116907606064037e-01,1.495717606424917356e+00
-1.257846201816678056e+00,2.779673993569010904e+00
-1.727768740579943785e+00,3.552280550427353578e+00
-1.615326150784086368e+00,3.197486430031782678e+00
-9.878118365267820611e-01,2.155113600226223891e+00
-4.553235190280247591e-01,1.176076577980025295e+00
-3.870221204619127553e-01,8.794073460543090359e-01
-5.036214513945460602e-01,9.833769028402287171e-01
-5.739596842634564489e-01,1.264160837207624510e+00
-4.553235190280247591e-01,1.176076577980025295e+00
-9.433523147754470373e-02,2.334736170649162335e-01
1.572538018691172490e-01,-5.697871961656125750e-01
2.580308003343553813e-01,-7.110210674843868706e-01
2.164136871667204087e-01,-1.900979606214567297e-01
2.598572627931340917e-01,-1.460514214074789922e-02
6.223586765213970917e-01,-8.479568905843962168e-02
6.745635014099704563e-01,-4.101743476102660546e-01
1.869595300421094397e-01,-7.697352652445804688e-01
-1.767976961726475116e-01,-8.276101905222188471e-01
-3.303249823785249784e-01,-7.588261748974329812e-01
-1.628814456746323636e-01,-9.515711015117803706e-01
2.472465578917092122e-01,-6.315436270330505586e-01
8.361587888871319096e-01,-1.241845742102086481e-01
1.283003478891685756e+00,-1.197784058648835442e-01
1.312518253868940388e+00,6.048951384093523807e-03
1.173245100010537278e+00,2.534962415798322488e-01
9.809294491421320927e-01,2.868661006155326931e-01
4.762965451552563234e-01,-1.363252490832300538e-02
-1.921020432832826067e-03,-3.496315167871463236e-01
-2.021182398752640053e-01,-3.018892619740594085e-01
-4.392969597296339512e-01,-4.952861633576370881e-01
-1.301290743604991383e-02,-4.855158284039849947e-01
6.950686922420084013e-01,-1.106315875159234186e-01
6.669326933439260197e-01,1.129296674792445998e-01
3.706959828661894607e-02,3.630803855043896466e-01
1.252071224399681493e-01,2.821976364966081730e-01
6.269293062167126118e-01,-5.933373379534733622e-02
7.984236917998347449e-01,1.291024885425413535e-02
6.934471822319188128e-01,3.818217779986574079e-01
5.297153463786000716e-01,7.116906252094153951e-01
3.895230963959980253e-01,5.985436649366617790e-01
4.348604580720553114e-01,3.308321238257421748e-01
1.933034917678211062e-01,4.466151759733533178e-01
-2.729351380705275498e-01,1.028777433292125787e+00
-1.753743287127934869e-01,1.691076259663800263e+00
2.071402811190280191e-01,1.323885942385866876e+00
3.310820322206846078e-01,4.081898762793328972e-01
5.677123572795131912e-01,-6.030614033966470444e-01
8.597369644074546180e-01,-1.272930893229179183e+00
1.115064953348012811e+00,-1.300480765375985559e+00
1.184792816703755802e+00,-5.337983641137101776e-01
7.910453442825094994e-01,6.512187601282529714e-01
4.266195608279741425e-01,1.352704798211165071e+00
5.334523857841765304e-01,1.651633016162427081e+00
6.919352869542959583e-01,1.891990500603096814e+00
3.631208238963531398e-01,1.353154298938250122e+00
-1.089291450260372329e-01,5.988563755559994650e-02
-2.656288677564702105e-01,-5.157546838124210664e-01
-2.390742761486073786e-01,-4.692512435671977178e-01
-2.105861266667566345e-01,-7.043966250168657295e-01
-3.110000748039393192e-01,-1.007644677414083922e+00
-5.518236365882100980e-01,-1.241801492580465016e+00
-2.784336208673782176e-01,-1.204687962314225036e+00
1.870780262394617643e-01,-5.751055558687395708e-01
2.250917805983305708e-01,-6.768108914364510953e-02
1.401597310631644028e-04,1.595487171692716935e-03
1.157261197455531077e-01,6.112398298258793321e-03
-1.254598044829527415e-01,-5.278904630235440321e-01
-5.909421478245143744e-01,-1.108322836451101745e+00
-7.064184670899583685e-01,-1.281162405898765622e+00
-8.159401068593280515e-01,-1.073275672139109682e+00
-1.101320770248504832e+00,-6.033072905527341323e-01
-9.244512814745434737e-01,-5.421016664400257756e-01
-4.478163897026398721e-01,-6.374694759576787773e-01
-4.163157081830761164e-01,-5.474177281838390474e-01
-3.977775933019667143e-01,-5.396485759712654762e-01
-4.256806676103919163e-01,-6.281925998905700803e-01
-8.681469061512598895e-01,-1.297154067153142437e-02
-1.289285299487606284e+00,8.650020360535000119e-01
-1.269825796621704139e+00,1.192718802011957901e+00
-1.064563704747714334e+00,1.401588516980497579e+00
-7.900631626789399453e-01,8.380169730285836893e-01
-4.555296534735711056e-01,-2.943825448784200827e-01
-3.792624717095772202e-01,-6.691377448438611264e-01
-2.278331149612315421e-01,-3.500733087871265581e-01
1.981865324016728880e-01,1.918890395337473631e-01
7.234434703592419469e-01,5.551670042296956709e-01
1.094539243794145023e+00,4.212380564516045034e-01
1.438776334325680306e+00,4.705305646269898334e-01
1.161127339243906542e+00,4.065272852326880515e-01
1.605061110479192310e-01,-3.199695021883439128e-02
-8.584866374593853600e-01,-6.076644093197072077e-02
-1.090341987255086798e+00,-5.678155452452371410e-01
-6.210574903773689037e-01,-1.019389472974200350e+00
-2.452647959714222003e-01,-6.435055752182287092e-01
-1.921020432832826067e-03,-3.496315167871463236e-01
-5.363835507318831519e-01,-1.606762333181653013e-01
-1.178930434522120985e+00,-1.230772039199832558e-02
-1.284922142925080779e+00,-8.815296891959935321e-02
-3.968645184776667389e-01,-3.170492130197779981e-04
5.525458142524232175e-01,2.103394979805125464e-01
3.538067531573076407e-01,7.250068272535595826e-01
1.671845232733191466e-01,1.454423143821966802e+00
5.639069540400117875e-01,1.723997750263161821e+00
5.639069540400117875e-01,1.723997750263161821e+00
-2.658969368446651438e-01,1.501163916945535748e+00
-2.658969368446651438e-01,1.501163916945535748e+00
2.000419280969836233e-01,1.708286456200880599e+00
3.924819848940651057e-01,1.296607585133289442e+00
6.321763529253893177e-01,4.249899267653570178e-01
8.059717731209783409e-01,-4.677395428990323567e-01
8.066068099662829782e-01,-8.724531774225182668e-01
5.504078619308045983e-01,-6.886504998786354692e-01
3.852413384461180756e-01,-2.746733252417383198e-01
5.711930228628979700e-01,5.533806834722094781e-01
6.914281266702642093e-01,1.523971677355381749e+00
5.424761608177388617e-01,2.027443995448923619e+00
1.769831967037676368e-01,1.748652945273104997e+00
-1.905239960238674091e-01,9.125302524449809827e-01
-3.759984016503499227e-01,5.439325966660303602e-02
-3.952186522180919370e-01,-5.809261909023887283e-01
-3.413711090110612134e-01,-1.160587764760857343e+00
-3.703974289371086415e-01,-1.146564365715454947e+00
-4.235565532796305432e-01,-3.762935733051896436e-01
-4.311538343979887111e-01,2.002693805202315214e-01
-4.155681728942198783e-01,8.894556102521373742e-01
-2.386940512485159760e-01,1.361488096826342087e+00
9.657950460395817172e-03,1.728396642102218550e+00
5.968312945730772645e-01,2.251737572235538831e+00
1.244455092108296412e+00,2.621336406659238616e+00
1.429784345940957380e+00,2.100618076908226772e+00
1.084811334356417190e+00,7.269521141344954529e-01
6.081673468295158980e-01,-8.363322860268092018e-01
1.602278283150495863e-01,-1.154082807827619517e+00
-2.741118877770967188e-01,-4.760008603056709031e-01
-5.236558616670523580e-01,1.056363676638801125e-01
-5.405583763743269099e-01,4.549542256306183807e-01
-2.718889898677694927e-01,1.214047896897491929e+00
1.172129843093402089e-02,3.385186545276295256e+00
9.633888256030155584e-02,5.786807807533983272e+00
1.025236229480503969e-01,6.641644636196892826e+00
2.173458852464427160e-01,5.946272565152032286e+00
6.851765264168090397e-01,4.280756479255888536e+00
1.567263250995238444e+00,2.361433349751072441e+00
1.299840572485963408e+00,1.215851818010837748e+00
-9.074799649818005021e-02,1.100192724767507402e+00
-9.894813512925477728e-01,9.753057769205804028e-01
-1.194217865537000378e+00,6.561716205934061685e-01
-1.130627933894903014e+00,1.380228269667412855e-01
-1.249099106983531549e+00,-8.017491726186373735e-02
-1.152795670739814593e+00,1.193959751331223340e-01
-6.915595178343658667e-01,1.137381972086227433e-01
-4.233825504061184408e-01,-1.197947731449317821e-01
-5.439300588578787066e-01,-9.419298352780748618e-02
-8.707995751439134846e-01,2.749638689149156226e-02
-1.208821763672099925e+00,8.255576908070694220e-02
-1.319688133923831108e+00,2.330519451992318636e-01
-1.156581713290309565e+00,4.972437669301587038e-01
-8.495516122180939433e-01,5.921114730415245608e-01
-6.179924904435579736e-01,2.215586145279224428e-01
5.214669137808227578e-02,6.677811278110598603e-02
6.739455120493127449e-01,-3.314547715195260702e-01
7.445350972206007389e-01,-1.142202866534376859e+00
6.556156374194578307e-01,-1.393806378515813016e+00
3.623856805231766565e-01,-1.119628617866377240e+00
-9.026781082387298760e-02,-2.346318822561093143e-01
-7.650155090092127796e-01,6.512081238495931457e-01
-1.548361161281355924e+00,1.243625896585066837e+00
-2.307741007924546839e+00,1.889590143003321954e+00
-2.807044731528280934e+00,2.339269998614160517e+00
-2.775167985138275561e+00,2.269026741205829367e+00
-2.030939477948265903e+00,1.525660574567369698e+00
-9.865475037121365087e-01,4.511606425301550316e-01
-4.392969597296339512e-01,-4.952861633576370881e-01
-4.181696202153537545e-01,-5.086323142239091988e-01
-4.094826302597913692e-01,-1.941739552736858054e-01
-4.156242105567131695e-01,-1.274650826222530342e-01
-3.540432698480730500e-01,-4.485771898397046820e-01
-9.798493557600225501e-02,-1.006469972217972186e+00
2.773051955911093325e-01,-1.392968707887816127e+00
4.893248749340013415e-01,-7.389927179549384828e-01
3.828196159116591946e-01,2.767035968494021558e-01
2.093144511258300255e-01,1.135957484546579632e+00
1.760059437651700365e-01,2.281353433998129621e+00
2.176911377426178351e-01,2.626941520846534317e+00
2.090480185486199016e-01,2.270943049816263493e+00
1.112447245872732332e-01,1.698648186612835564e+00
2.430523249580833142e-02,1.263968134532032828e+00
3.525367815626624657e-02,9.854395448458571627e-01
4.468973635377421899e-02,7.012360247408711000e-01
-1.996409887339324341e-01,3.465618148696303913e-01
-8.172962029981835075e-01,2.343433146296263273e-02
-1.543702753865340505e+00,-1.550912464115032363e-01
-1.871930579175386411e+00,-1.981892568168665547e-01
-1.500439665343088258e+00,-2.038309878037876666e-01
-5.875816848262833680e-01,-2.218081776284319129e-01
3.884660123195179948e-01,-1.829351125733827965e-01
8.791645630838432757e-01,9.352251087319758405e-01
7.023122051226881046e-01,2.597989597085131663e+00
3.548576717115945467e-01,3.399549144971439230e+00
1.300345879601659538e-01,2.710053715205896108e+00
2.007616675533378525e-01,9.664268869888062996e-01
3.169459219331701716e-01,-4.919236896954514160e-01
8.941899467606906349e-02,-7.837814798107949343e-01
-2.731782140262106751e-01,-7.373576836732523843e-01
-2.229166518109189921e-01,-9.692438636285540809e-01
1.338961652263768454e-01,-1.212328815888822353e+00
5.548845738408048067e-01,-1.563278473267022850e+00
1.147566821682847626e+00,-1.268312603027236030e+00
1.343782315170469754e+00,-3.215104103644275679e-01
1.099474253284977276e+00,4.425824862435119300e-01
3.087404247924449563e-01,1.366798010291412568e+00
-9.972746122066080687e-01,2.381829048045586372e+00
-1.602151009331899578e+00,2.772062705024765705e+00
-1.284782455191043837e+00,2.144649001921571596e+00
-3.472614564123850944e-01,9.202704472745634190e-01
6.883485808234818260e-01,-1.946374178319244252e-01
1.095012423230935950e+00,-7.074371179034082413e-01
9.401592617015995801e-01,-9.110535072567016446e-01
5.446457794015268083e-01,-6.948979025463294379e-01
3.713048600747723138e-01,-1.718385560338983320e-01
5.226349136073392687e-01,3.989820592499212504e-01
8.270700565169629703e-01,7.486954053503467321e-01
1.107186143554569790e+00,7.830466928593673437e-01
6.372966894324779696e-01,1.225969500364238740e-01
1.291630058229004119e-01,-5.081069505166181388e-01
2.852909620536576152e-01,-3.177469204805543623e-01
3.169459219331701716e-01,-4.919236896954514160e-01
4.076018786552469408e-01,-1.238061305606239282e+00
7.142727068101696331e-01,-8.945654136266617540e-01
9.539663719197238878e-01,3.925796079847576614e-01
1.474999125483524187e+00,8.528976151675550232e-01
2.176557953517264110e+00,7.680357913658536484e-01
2.325199135784417059e+00,9.964570156008939472e-01
1.872005367693093891e+00,1.289945446079679980e+00
1.358317144378043295e+00,1.106354292089053226e+00
8.537070117037606209e-01,6.183105135192853430e-01
5.525458142524232175e-01,2.103394979805125464e-01
9.677282304695420390e-01,2.114018576362246549e-01
1.928243680259893233e+00,4.214517402709058169e-01
2.826096583617317748e+00,6.518033365248387945e-01
3.110525608795032149e+00,6.433856465812530789e-01
2.771618860804996753e+00,6.416773560425254042e-01
1.714164049686452307e+00,3.492558906575795041e-01
3.974646619188002550e-01,-9.009393823886006902e-02
-8.625751503831358136e-01,2.272725288291508328e-01
-1.662831583390277812e+00,9.458578941223823033e-01
-1.984588118436070969e+00,1.117054517696424165e+00
-2.019132755792510281e+00,4.390620542634114387e-01
-1.828211112159301210e+00,-7.335598825763667286e-01
-1.227591832670639871e+00,-1.522077647418511370e+00
-3.444962485185107393e-01,-1.352625149699044238e+00
2.256793586389589379e-01,-7.416173464555242401e-01
1.974873935032397110e-01,-1.127001584922057154e-01
5.552214028250988809e-02,9.198190621595547789e-01
-1.704765017849535491e-01,1.878070061659856016e+00
-7.089607360247567325e-01,2.460137051854117907e+00
-1.645630822275583993e+00,2.356321750656077629e+00
-2.566392532416749361e+00,1.704833622576279462e+00
-2.773102854787843796e+00,8.933897506926977705e-01
-2.034242927517591504e+00,2.910123144901335945e-01
-1.267056320884173193e+00,3.698599587870998184e-01
-9.111856133452824746e-01,7.484235930003961812e-01
-3.916391160565702578e-01,6.801151919316033023e-01
-3.144941607426876562e-01,6.906970426842754529e-01
-7.496361855000450714e-01,1.002195770850544676e+00
-7.502174109500290289e-01,1.178387220344529807e+00
-1.796051231429689199e-01,1.199046024050743009e+00
4.575657717194098195e-01,1.101521558126312028e+00
9.922838964271828432e-01,8.720092178601689392e-01
1.819114592814024434e+00,9.070006825681312668e-01
2.662192748955576782e+00,1.151067062370379368e+00
2.919973868595770128e+00,1.197871623835930599e+00
2.574969398805224241e+00,1.141032832817147513e+00
1.784742571933257471e+00,1.084845326622294603e+00
7.593904330742685671e-01,9.569779118794522477e-01
2.896483191129313114e-02,2.313184755330936759e-01
-1.533381535387313421e-01,-6.089365477502409751e-01
-2.342288444556987759e-01,-8.445673360442429445e-01
-4.185473639767902099e-01,-6.930003487714631039e-01
-6.646534998415236650e-01,-2.513281113992705262e-01
-7.272536747471427532e-01,2.379803954687915724e-01
-5.367031912587431064e-01,6.254547212324573779e-01
-1.500063432613952807e-01,5.559460123734211168e-01
3.847231761520177040e-02,4.689541649177182692e-02
-4.810906621084865553e-01,-1.282025217376409933e-02
-1.106979272755628241e+00,4.082603983602029474e-01
-1.469844588685901732e+00,6.049146914856824431e-01
-1.983407968272410171e+00,7.770118931292634423e-01
-2.598264811988506562e+00,1.037759830019644003e+00
-2.987546593692594676e+00,1.272243324157673161e+00
-2.744703416439488564e+00,1.140179549870294906e+00
-1.920297525351751800e+00,4.858617176243749114e-01
-1.014484306866680008e+00,-3.205040663244139720e-01
-3.860523770754747952e-01,-1.339180354966099107e-01
-9.429968931686930622e-01,7.238838130647317071e-01
-1.904738109080558184e+00,1.357498229356028041e+00
-2.211955509096227068e+00,1.707245216587537584e+00
-1.669940464282652970e+00,1.415894581740383185e+00
-7.348306613628143857e-01,5.518958617687282908e-01
-3.878383390149066634e-01,-3.807236078680636959e-02
-8.070337828139805270e-01,-4.218377259041738991e-02
-1.243417203624465062e+00,-1.509534272743083827e-01
-1.644885631147400940e+00,-2.835151740331910974e-01
-2.078870766409302906e+00,-2.885494364188065375e-01
-2.416582031597195979e+00,-5.341172299695835096e-02
-2.278240319464225117e+00,4.435643810444467872e-01
-1.577266332568812324e+00,1.183502412618630428e+00
-1.320422789118635754e+00,2.639727336323220985e+00
-1.575790913685439332e+00,4.204904022914535133e+00
-1.288198576024384812e+00,4.974921245674789105e+00
-5.485258192503250640e-01,4.475158676570367255e+00
1.536344275073916743e-01,3.163811288883003225e+00
5.582682800612616125e-01,2.252363399074919226e+00
5.898660855718387275e-01,2.098082038823848361e+00
4.771019292457734373e-01,1.837543452820002976e+00
4.354177933340453999e-01,1.190194845285686309e+00
4.390840154498207859e-01,3.486629479397913567e-01
6.154313087731767828e-02,5.749166893630126562e-01
-3.197933881769535192e-01,1.477138844132791062e+00
-1.887943413985442576e-01,1.584319187010283958e+00
3.256951289724188681e-01,1.045074918548344778e+00
4.790038750961873593e-01,2.169983746283112858e-01
-3.390840472040344833e-02,-5.418456359348040596e-01
-5.639911209409556037e-01,-1.006657489565907060e+00
-6.107961132103937318e-01,-1.254301529350056121e+00
-7.194625259739406697e-02,-1.270042220144665279e+00
6.127652646848555928e-01,-9.178146969932747812e-01
9.384774060167628829e-01,-2.675228619935531293e-01
7.843748378238422081e-01,1.585865019881681215e-01
5.525458142524232175e-01,2.103394979805125464e-01
-9.162714914825981216e-02,7.204356214014231430e-01
-9.873062876991387515e-01,9.664011267246652714e-01
-1.078491201001992250e+00,3.210759105229444299e-01
-7.212617414533504245e-01,-3.659036425753590116e-01
-1.672682004976293046e-01,6.233181158393915483e-02
2.650296048056298703e-01,1.076426432409191225e+00
5.346057452527962495e-01,1.755748801911582335e+00
7.625110113441578852e-01,2.180963203741968837e+00
8.328851066865392561e-01,2.259335069267684570e+00
6.428227543022583257e-01,2.323364483603858499e+00
1.625119764046913107e-01,1.609537582243128817e+00
-3.974655909227853279e-01,6.961304246481154756e-01
-5.996448672472231012e-01,9.134825107324746618e-01
-9.873062876991386405e-01,9.664011267246654935e-01
-1.434869623484682277e+00,7.600279534596616760e-01
-1.339934421359254557e+00,6.382033989545126129e-01
-7.340886244715830733e-01,1.732046080995594262e-01
-5.427457095848245983e-01,-2.542927262428600899e-01
-6.211336615664706517e-01,-3.142037752640567394e-01
-2.735183172120994599e-01,-3.311013571297904967e-01
-2.138333906118309868e-01,-5.533368057177443511e-01
-1.880422584836927147e-01,-4.138599679797214659e-01
2.160878365444959259e-01,1.612762385059050285e-01
5.076651276398158608e-01,8.320013038263003313e-01
4.171463983923843766e-01,1.094004610798110511e+00
1.200566894746433189e-01,8.165307670681108965e-01
5.840696320424926258e-02,3.410489887981371648e-01
2.164136871667204087e-01,-1.900979606214567297e-01
-2.565528110358370958e-02,-3.166992018308898982e-01
2.823981360803308124e-02,-1.553364693654532003e-01
6.752407461883545847e-02,-2.839845807835541525e-01
-1.734858593766395729e-01,-4.600214157384262537e-01
-6.050057208378328832e-02,-5.020284745734032716e-01
-1.862800976437844203e-01,-3.672291928292565899e-01
-3.049336705396075153e-01,-3.241899868293198761e-01
-3.813761594969559132e-01,-7.901637662723932642e-01
-5.518236365882100980e-01,-1.241801492580465016e+00
-2.784336208673782176e-01,-1.204687962314225036e+00
2.774620636288113729e-01,-1.348696236465010356e+00
2.248482318309537042e-01,-1.011487896510306461e+00
1.316572870003816786e-01,-3.988058658430944092e-01
7.758966423333956142e-01,-2.520075525088881219e-01
1.310059561545230178e+00,4.197192477185288095e-02
1.259215296899334424e+00,2.291718839067462821e-01
6.270100112974651418e-01,1.477643934513730162e-01
2.568607623352869851e-01,-2.506771535968075476e-02
3.319881982882959548e-01,-2.242757781667884809e-01
1.871369687991538688e-01,-7.548887505527337449e-01
1.675485235493709979e-01,-4.464944397594568515e-01
2.982992513649748156e-01,3.513918084300862027e-02
8.410446445255703729e-01,6.365453134562390480e-02
1.250989523678946558e+00,-1.096028471360945278e-01
1.107088540064749882e+00,-8.334209801203252832e-01
9.561956804847737690e-01,-1.571471847610302897e+00
8.010906037463325635e-01,-1.883277873055202001e+00
6.137543207549752688e-01,-1.793663303941932741e+00
6.137543207549752688e-01,-1.793663303941932741e+00
5.226867208722369984e-01,-1.495167997487142797e+00
5.059625105843887916e-01,-6.880027583806133107e-01
8.106735555091579837e-01,-1.354348692371643570e-01
9.537536867608555902e-01,5.473839935040691884e-01
7.046085558359382883e-01,9.641174917710447767e-01
1.151232741418969641e-01,6.902805928727034912e-01
-6.358835462420171780e-02,1.778000418556824058e-01
-2.048683879874546847e-03,-3.034517757538813740e-02
3.078662701827114545e-01,-5.077817938197676240e-01
9.802851533873597756e-01,-1.215004040712318600e+00
1.076061552004415667e+00,-1.311408798616348292e+00
5.564276960816830764e-01,-7.937722192046335890e-01
-1.095129217581011644e-01,-3.507227706440799730e-01
-5.412846558540026498e-01,-3.291781057028142499e-01
-5.412846558540023167e-01,-3.291781057028141944e-01
-2.831301665062048167e-01,-1.426584044410539875e-01
-2.132829905702222084e-01,-2.572239912716278165e-01
-3.476606706184250939e-01,-5.514962534913804282e-01
-7.276690365573399433e-01,-7.286816146637203895e-01
-4.725755305592529987e-01,-6.378448120121389397e-01
1.196598311765408595e-01,-3.475075857314121608e-01
2.250244752527200964e-01,-7.037789086029244690e-02
2.171548424569128000e-01,4.030741806034414398e-02
5.040683364252237508e-01,2.224224559221530395e-01
1.945291158801833453e-01,-1.823532966087839935e-01
-5.877416498415293233e-01,-6.512347498283005409e-01
-1.267027116726936908e+00,-5.371046383249270528e-01
-1.611593745076137507e+00,-1.520980642831998852e-01
-1.400397870912462261e+00,2.964868484108690305e-01
-1.162726034179803358e+00,6.946866895656219620e-01
-1.058545724738963800e+00,8.121947445792203624e-01
-8.028205009311020213e-01,6.711818147636019471e-01
-2.284869984311262425e-01,-1.336125682908775592e-01
2.761480689896089191e-01,-1.125165890463233342e+00
4.596697871893458132e-01,-1.290349716876660002e+00
2.627146603232653477e-01,-7.013273142866389698e-01
2.930069344745160342e-01,-8.138674433389880836e-02
4.248514736123327751e-01,3.895143411300657776e-01
1.789344976574539225e-01,6.634424198813324569e-01
-3.019120598419580137e-01,6.594622162782698416e-01
-8.959124202626778111e-01,1.248319368573019422e-01
-1.062152792163838733e+00,-9.846002200738277477e-01
-8.173672660441906324e-01,-2.114322543902358742e+00
-6.910844047716599992e-01,-2.680009606365353125e+00
-6.509272384439130921e-01,-2.345819207285011476e+00
-4.913954885398824635e-01,-1.327697155538649865e+00
-4.219654208076862312e-01,-3.788036675019663263e-02
-5.630429008359777443e-01,5.655689419636499293e-01
-9.566596145668725404e-01,5.819992161128676456e-01
-1.489535568165742063e+00,6.821621986375945301e-01
-1.724538794555105170e+00,7.004804500662745737e-01
-1.522628547521103659e+00,5.778403946668709823e-01
-9.728216097737965029e-01,4.740185694399721150e-01
-1.966094050287156836e-01,3.230838238987330246e-01
4.203906281590445992e-01,8.752776535508720313e-02
4.742398354680087968e-01,-2.456961128085838678e-02
-4.338849602050933937e-03,-1.121417025073794121e-01
-1.818158439931893688e-01,-5.008589404522854893e-02
2.006784158885839553e-01,3.614985019533843019e-02
1.497223640273893652e-01,2.793049021834460022e-01
-7.208934347186282676e-02,1.805114092441963969e-01
1.436618073902645905e-02,-1.434292957209287178e-01
1.830850522217642440e-01,9.762067390121852151e-02
5.218885659522598530e-01,2.579093849699767294e-01
8.988454995366995659e-01,1.263474068632865766e-01
7.600494608536599861e-01,6.004677236872674184e-01
-2.916586048314018589e-02,1.049117978691026076e+00
-6.838132618658518957e-01,1.120492714210125529e+00
-1.337910282574308551e+00,9.504357360337508664e-01
-1.618316603931698294e+00,6.298274082003852969e-01
-1.287705753959764943e+00,3.871296788406725087e-01
-3.372046362369394701e-01,3.507271554217459286e-01
6.915119780443329534e-01,9.717969338638579035e-01
1.167495786075916531e+00,2.162688202520980152e+00
1.148623551442913060e+00,3.699537204010175273e+00
4.103286880355415112e-01,5.057981747515075455e+00
-6.782135814092049575e-01,5.877257874764243439e+00
-1.500089598841652716e+00,5.875189592555988938e+00
-1.659915813823904296e+00,4.868450692951494574e+00
-1.225815174881097036e+00,2.845732046978150187e+00
-7.361539191700757767e-01,6.487341281270527782e-01
-2.954322034624125570e-01,-7.550395212359531927e-01
1.038593543693785114e-02,-9.497665190308424155e-01
3.104707940476985617e-01,-1.290339846889595243e+00
4.909093808804238512e-01,-1.904949732387216432e+00
4.678961388182601433e-01,-1.495541187857705845e+00
3.415899777162789697e-01,1.795936190312830694e-01
7.257882428526564178e-01,7.731178331265162740e-01
1.878999634945530239e+00,1.016766660088828378e-01
3.427782716552667974e+00,-4.607410709048032627e-01
4.699621889940526209e+00,-9.594083073848234111e-01
5.056182902075957664e+00,-1.510284893669212591e+00
4.371117379728143071e+00,-2.190817800738347643e+00
3.093530039423050493e+00,-3.004627803839684308e+00
1.779733720382542961e+00,-3.840909183020350781e+00
7.121818724828177238e-01,-4.457237887880832083e+00
-2.798443868327233838e-02,-4.561754958205716193e+00
-3.518107296670052730e-01,-3.942737715630551865e+00
-2.156249185392066503e-01,-2.576746807846854725e+00
1.772298213658221600e-01,-9.161759781956850812e-01
2.555622639520124251e-01,-1.430165253765648403e-01
1.947053517938807099e-01,-3.963648792952854660e-01
4.614175417659210215e-02,-4.245183220505892030e-01
-1.252946880199579394e-01,-3.831446239903845696e-01
-9.379375270214129756e-02,-1.657638846320406700e-01
3.577485728160260253e-02,-2.545081449456927380e-01
1.874778808604532221e-01,-7.020831793706456825e-01
7.778374145677187379e-02,-5.594956222688229897e-01
-2.352418394709697713e-01,1.414822970405843761e-01
-7.228134165632100760e-01,5.533496611556060207e-01
-1.102165868481151501e+00,5.014402511355465775e-01
-1.159497495592912486e+00,2.409942324110042611e-01
-8.690708901463518599e-01,-1.951825381341675825e-01
8.033230386733210271e-02,-1.161664031534480390e+00
1.198113941397874527e+00,-2.416297750794576871e+00
1.654247137557180558e+00,-3.043021412291154970e+00
1.390291557578790638e+00,-2.691673817296162063e+00
5.404591561944896982e-01,-1.760626672928494507e+00
-2.613283556140105768e-01,-8.711357729999102961e-01
-4.728732643311573947e-01,-3.296855004642657572e-01
-4.856786207258195209e-01,-1.631542648617727020e-01
-5.013792075181754404e-01,-1.341143548495165594e-01
-2.880227866939960024e-01,-3.941002240368612908e-02
-3.131224475899664905e-01,2.969383290543051168e-01
-4.559548405427229500e-01,6.882913792823420751e-01
-3.956901900779662418e-01,7.907260368451347610e-01
-4.638443453978384756e-01,7.237659971879976117e-01
-5.828195450706846747e-01,5.573859633002723468e-01
-6.215027844585961914e-01,4.947866812161599293e-01
-4.366214966638933825e-01,3.749618499856412490e-01
-6.902322725651122148e-01,8.160162963135709768e-01
-8.426654879037602797e-01,1.135719224881000633e+00
-9.022959951799164324e-01,9.077200060849618390e-01
-7.936777294881616207e-01,1.216290590328602678e-01
-8.828569570982861547e-01,-4.829931638589913812e-01
-1.086597189570813082e+00,-3.474116948294014295e-01
-7.818342419816560751e-01,-1.986117502359712184e-01
-4.639864540975097151e-01,-3.562751382496242430e-02
-8.529432080435549457e-01,3.329114231878124164e-01
-1.287161631963110953e+00,7.661801596395733105e-01
-1.302105861832925982e+00,9.354513600739225998e-01
-8.828503483752918601e-01,5.879960068190640543e-01
-2.381538425285536220e-01,-1.178121867714057858e-01
1.276350934472469112e-01,-7.099095733019041843e-01
-7.413239313030188515e-02,-6.180878537082937774e-01
-3.605717732636071760e-01,-2.975995913748391009e-01
-4.250887439900211673e-01,-4.335782992194915364e-01
-4.207051426161997898e-01,-5.701219148692135974e-01
-4.049309251280587274e-01,-2.623791621508319016e-01
-4.177262560946033987e-01,4.076490361538734897e-01
-4.087584644152911229e-02,4.936518466616261480e-01
5.293335290385696723e-01,2.547868313318027433e-01
8.761016326414041711e-01,1.420602716863801629e-01
9.305821697569814921e-01,-9.716927892245723689e-03
8.755024957424065724e-01,1.419895052391241808e-01
2.849609413559407445e-01,1.270275094007235761e-01
-5.676287067696386135e-01,-3.725368161283304502e-01
-1.013186928550556809e+00,-7.886098410203570275e-01
-9.548845176623415032e-01,-1.036615276913266603e+00
-4.908690953751657093e-01,-1.266225758387891087e+00
2.257332385897624638e-01,-1.464278810383302876e+00
9.315072032813633829e-01,-1.563619950756725219e+00
1.352226202444431147e+00,-1.492547102775359624e+00
1.465207663153098139e+00,-1.083320198407988100e+00
1.835708781945414758e+00,2.693350886830645496e-01
3.168816502597889162e+00,1.231771070246105992e+00
5.036341871994021169e+00,1.062859508022864441e+00
6.817610261454015053e+00,8.139188056637236546e-01
8.263863444346096543e+00,4.162542081871869470e-01
9.493664277154350017e+00,-2.298401783772915652e-01
1.038647426800772955e+01,-1.235987415102608455e+00
1.053263988969851539e+01,-2.504440057942775244e+00
9.594757917905980094e+00,-3.660976066344840962e+00
7.710986193089561347e+00,-4.268306496218360557e+00
5.438581167324746168e+00,-4.122865461710399693e+00
3.306829630787563978e+00,-3.343623404315546832e+00
1.502894867691106917e+00,-2.189777086691701680e+00
2.066006954107831028e-01,-1.229676989263868592e+00
-3.808206000665067537e-01,-6.718438640137597284e-01
-2.929238610093818848e-02,-9.023853357226072625e-01
5.574422084215578943e-01,-1.397177259510195224e+00
9.773152378468207280e-01,-1.672468890233814287e+00
8.059145952607464913e-01,-1.704221202411836389e+00
-5.947173517711082935e-01,-1.794133575070528952e+00
-2.123572913846071053e+00,-2.124754571238024248e+00
-2.630314393063366563e+00,-2.674217297433300278e+00
-1.900644626014994287e+00,-3.344896493711642549e+00
-6.555290794061295889e-01,-3.905312387102575666e+00
3.667233289291010889e-01,-4.072778978432735286e+00
8.113167977031051636e-01,-3.706448115065124504e+00
7.072752896495031472e-01,-2.888036269558862390e+00
1.237037294138081805e-01,-2.224071986986623006e+00
-6.160497631158979859e-01,-1.968949112666139811e+00
-1.302919906905369407e+00,-1.864633822005908881e+00
-2.284250790760506522e+00,-2.547495093782383702e+00
-3.366358615609809313e+00,-3.677868028471463990e+00
-3.911113122458672819e+00,-4.261989218327470574e+00
-3.527868495325593656e+00,-3.863661834829994923e+00
-2.543433973051326458e+00,-2.787552089300532110e+00
-1.379091491293992000e+00,-1.708226588786717626e+00
-7.740288913874528998e-01,-1.000578918937371276e+00
-6.939981744526226848e-01,-7.864655684102391797e-01
-4.160332009369644424e-01,-3.377369646295389494e-01
-4.053754272540854298e-01,4.226616031421457365e-01
-7.303717108062115493e-01,8.025164346375552871e-01
-1.043044036213290893e+00,6.036074522063965553e-01
-6.341397811424757114e-01,5.305054371858587414e-01
2.736545476567389668e-01,2.282125725640597458e-01
9.118966201279474770e-01,-1.731149522461343238e-01
1.553016475417257736e+00,-8.489710192373231545e-02
1.978636955456144708e+00,3.947357509253515140e-01
1.419764914742439599e+00,1.065546305093122426e+00
5.001654925137742902e-01,1.090997108291127837e+00
1.859282942419128171e-01,5.911492262600080982e-01
2.543249907565497403e-01,2.598515139395761175e-01
5.168927641639221582e-01,1.084981424447437892e-01
7.155803745472927302e-01,6.876428078760170315e-02
4.466705821008191690e-01,-1.118457304533819474e-01
6.978356072344972516e-02,-2.284357844281407479e-01
-1.110221979680879878e-01,-1.869004307605328929e-01
-4.639864540975097151e-01,-3.562751382496242430e-02
-8.108676657477725813e-01,9.189583095279528491e-02
-1.150602498879194080e+00,-1.528879245431682965e-01
-2.069937860525111084e+00,-6.874327595222192722e-01
-3.127569141894255278e+00,-1.159119278678412579e+00
-3.080912621914625227e+00,-1.134734798837279790e+00
-2.102309794664936060e+00,-4.297767244948296206e-01
-1.408399051898458376e+00,5.163597708534676395e-02
-1.342259798147289240e+00,-3.824978119808066790e-01
-1.474839896657550886e+00,-1.294563719751619990e+00
-1.280305097857130425e+00,-1.687096681995624792e+00
-6.675648221903476287e-01,-1.285066209037946328e+00
-2.264236658365651189e-01,-8.293385111138283916e-01
1.276897034101585199e-02,-5.596482138306105858e-01
1.276897034101585199e-02,-5.596482138306105858e-01
-6.406590688411391010e-01,-4.508165243438553293e-01
-9.234934190511245866e-01,3.589415138460236299e-02
-4.175773459209607408e-01,3.838865442619618928e-01
-1.196501646711134979e-02,1.260020064585144206e-01
2.605561826064295983e-01,-3.062659228632116926e-01
3.988331821628658957e-01,-4.472158141131201692e-01
3.332087336408883771e-01,-2.657465868585321411e-01
1.673682450850771664e-01,-8.502860862570621459e-02
1.542972337553469020e-01,-1.552296076502689137e-01
3.504213883058282519e-01,-1.113943182922088604e-01
4.639006780966306587e-01,-2.187926122017512520e-01
3.225779968400449005e-01,-1.721375383696967520e-01
6.620674176434597491e-02,9.284196984933473784e-01
-1.224171074615028193e-01,1.031883228065155755e+00
-3.013720714960140823e-01,-1.119908056146982217e-01
-6.142317234393572800e-01,-6.834069442625708701e-01
-1.100873061634908057e+00,-8.828117008225672135e-01
-1.430957422440660931e+00,-9.126642106559373913e-01
-1.292841248936733800e+00,-6.204011298191380863e-01
-6.247976474262795232e-01,2.090680781353774522e-04
2.406242621240927415e-01,7.568505443572238756e-01
1.487758972570275562e+00,1.375886183434344323e+00
2.620231896010539963e+00,1.622591879440659302e+00
3.012698522865493889e+00,1.544753245981639100e+00
2.764984235026526349e+00,1.100801345918808849e+00
2.148809275209946357e+00,2.162577980945913914e-01
1.193561360226091717e+00,-1.171881819257597046e+00
-1.416042791579982252e-01,-2.909738809551760674e+00
-1.547925253144194935e+00,-4.585499021267162689e+00
-2.385454117810500207e+00,-5.717762413455368176e+00
-2.263258647858532147e+00,-5.957031165029508024e+00
-1.452130071783387155e+00,-5.144968036087755436e+00
-5.677293401678096263e-01,-3.334280800877759798e+00
3.162861137170722842e-02,-9.816437592840119297e-01
3.952025101097083604e-01,7.109743814778041182e-01
6.100428382806208916e-01,1.340981407313326601e+00
6.920954186259866692e-01,1.087447704240179336e+00
2.378603941526085397e-01,-6.185521102578642877e-02
-1.038847225605811220e+00,-1.377141883998621585e+00
-2.937222530502636708e+00,-2.379688116820251942e+00
-4.746199360512115994e+00,-2.864520618619767589e+00
-6.056416417515626094e+00,-3.158461154161886775e+00
-6.383995839527970340e+00,-3.066473043353159511e+00
-5.917177787760966368e+00,-2.628112747040187269e+00
-5.101857708403377600e+00,-1.989093997211813125e+00
-4.149360780901522716e+00,-1.374202714806700865e+00
-2.896355868565795522e+00,-1.016080546539277929e+00
-1.512919300023745528e+00,-1.054385810523746914e+00
-8.937837607250224137e-01,-8.745263607675861639e-01
-1.088087752819641985e+00,-5.596361035536626671e-01
-9.878185678476878451e-01,-6.435381918714971894e-01
-5.598796493804693020e-01,-2.226143007486047209e-01
1.294507374318736026e-01,6.673844963744831604e-01
7.625129621795344592e-01,1.029704079028669339e+00
9.259334349694789967e-01,9.468504454535389137e-01
6.303930303861937645e-01,6.430518813667049915e-01
-7.989682881224798028e-02,5.990204072001946434e-02
-6.536563148069025608e-01,-4.347320551971531333e-01
-8.802616889187215854e-01,-6.844106014927286985e-01
-7.023397618248752305e-01,-7.333775609568862208e-01
-1.004333314891375922e-01,-3.551623133493053697e-01
4.358552537625526302e-01,9.773915603424970788e-02
8.837000276058222248e-01,7.125255197536034535e-01
9.616176249297805345e-01,1.284073246046902206e+00
1.515424545336854445e+00,1.164267699237895970e+00
2.202314565765168819e+00,1.794203698366413913e-01
1.811566481626035729e+00,-6.125131368911603813e-01
3.991708224703118812e-01,-1.046012107974432892e+00
-1.788309591009198396e-01,-1.145980650476818186e+00
3.611968695904559934e-01,-5.595992928655453280e-01
4.001807695054038772e-01,-4.527423326502738078e-03
3.880863585043270447e-01,8.115598750818767138e-02
4.382152763823465857e-01,1.413234262226877314e-01
5.525458142524232175e-01,2.103394979805125464e-01
6.340439474616734739e-01,1.869182753097925476e-02
7.951185099429926018e-01,-1.284554008336348530e-01
1.052120211903011526e+00,2.000174539532527558e-03
1.286033736313187070e+00,-3.119039407760736404e-01
1.452719147496493779e+00,-8.475709034466654135e-01
1.461341052938878393e+00,-9.997305842271985155e-01
1.239640304694995532e+00,-1.017479954084855365e+00
1.017860071455721105e+00,-1.199109820378844837e+00
9.357209691401642271e-01,-1.633999588689042382e+00
9.398096717830908275e-01,-2.164781438461155894e+00
9.806690861579003826e-01,-2.277084687052947309e+00
8.946883013038313681e-01,-1.707111397563551680e+00
6.328635240837077180e-01,-7.348016994210280206e-01
3.437835620840973272e-01,-2.208404619525013990e-01
2.224259719187562656e-01,-3.957831133273921331e-01
1.813125890894527747e-02,-4.353967023850576212e-01
-2.478704705281901954e-01,-5.501568309256094080e-01
-3.826186762952826226e-01,-6.738908434515907819e-01
-4.688477423958538615e-01,-3.997139605974804888e-01
-4.026874378400731591e-01,-2.948799998563415015e-01
-3.728242080678456638e-01,-5.881513341095688796e-01
3.221384894068030080e-02,-2.794551832730240437e-01
5.525458142524232175e-01,2.103394979805125464e-01
8.460522562239460864e-01,6.091996095505322062e-01
1.345452293945054612e+00,1.208518436530477524e+00
1.690219959677487394e+00,1.402287236783182456e+00
1.721123134188882853e+00,1.055183784237383460e+00
1.671633826325594763e+00,9.171272851114053992e-01
1.507545404994694138e+00,9.898009996983352377e-01
1.094651563420708351e+00,6.674016736604806432e-01
6.909612844839423396e-01,-1.602790832472946736e-01
4.702905817157182478e-01,-9.106336269226558144e-01
1.716555528868141112e-02,-7.746140653335360504e-01
-2.895229244201158458e-01,3.628450055705451094e-02
-2.247187450569207434e-01,5.077452823327055498e-01
-9.510937520644732746e-02,7.785118358975207098e-01
5.602429591826139227e-02,6.700248729877615883e-01
3.060035533785658290e-01,3.826885244522152951e-01
4.293942707890631150e-01,9.924349431207872829e-01
3.626784127591777263e-01,1.940132414299828634e+00
4.013578130360327956e-01,1.921527021516763023e+00
4.631553648825440517e-01,7.945535058248250904e-01
5.132055228369239996e-01,8.926293154723333179e-02
5.525458142524232175e-01,2.103394979805125464e-01
4.338944548454073957e-01,2.139096556085383072e-01
3.400271877071361359e-01,3.130036250378910312e-01
-6.906334752318010750e-02,6.566485839484046405e-01
-7.115626273954086534e-01,9.790662489790041834e-01
-7.408853861351012426e-01,4.562681652856068193e-01
-2.410106570887100563e-01,-5.967887675838208228e-01
1.860212604944819215e-01,-1.263544528461582717e+00
3.798544915133742483e-01,-1.449902144294114681e+00
3.300016592687612382e-01,-1.229706009876304629e+00
-2.900678551684508777e-02,-8.301183245151925183e-01
-9.176565037257661261e-02,-6.401888076433821517e-01
5.972051893083945018e-01,-8.574731177289361961e-01
1.312543067933688468e+00,-1.485106241462305077e+00
1.688648734640557869e+00,-2.423829028795609908e+00
1.808412377166667362e+00,-3.284665988656024993e+00
1.457363584025331171e+00,-3.369633356335982821e+00
7.395295728257980095e-01,-2.509374961937385962e+00
1.040198494447122923e-01,-1.262841114429182010e+00
-1.222716591410741016e-01,-1.274440122629163785e-01
2.810507352105525714e-01,7.241863535055426127e-01
7.657222983036290342e-01,7.497296356374275605e-01
6.182329968527460196e-01,8.706288335695866465e-01
-2.351721349339363012e-02,1.451366356902342503e+00
-4.361327147594150633e-01,1.407983374147584898e+00
-5.290937690562379225e-02,9.711454435960744647e-01
5.731056498503058760e-01,7.104261370082518567e-01
5.859982278198554440e-01,2.552904511740546889e-01
5.593009961473701663e-01,5.213152853308657964e-01
2.043880435889259550e-01,6.815329972000768732e-01
-6.708360916248963524e-02,7.043847496428276012e-01
-2.396874680898350984e-01,7.723184210949924910e-01
-4.192415594615261365e-01,8.592290023576688585e-01
-1.000296719076789964e+00,4.947665013872230566e-01
-1.185854394551784985e+00,2.300141766208079197e-01
-7.386465937187896014e-01,4.045089828454885850e-01
-4.242222666799348452e-01,5.458321640839561839e-01
-2.396874680898350984e-01,7.723184210949924910e-01
-4.192415594615261365e-01,8.592290023576688585e-01
-5.871204500480664557e-01,9.668259679582793531e-01
-7.526960580154609115e-01,7.249034251413410956e-01
-8.059474481474198093e-01,-4.047783121392992123e-02
-6.187043229432348523e-01,-7.547427064653082773e-01
-4.149618430597023511e-01,-1.268585656515188731e+00
-4.993192454533321722e-01,-1.603154405963885809e+00
-7.503517795212089059e-01,-1.434809364892281724e+00
-1.664091509713837846e-01,-5.322312838586127359e-01
8.337012870107058937e-01,-7.430764737302693324e-02
1.031098489020959574e+00,-5.276721137212615487e-01
5.607817788696998207e-01,-9.132435114961852118e-01
-6.055202772439514103e-01,-1.774620874732501630e+00
-1.882377802998883576e+00,-2.786208426503117952e+00
-2.864114737089497265e+00,-3.046850971250237183e+00
-3.115460405599359106e+00,-2.470133793875527228e+00
-2.489725161596445524e+00,-1.440879465216842847e+00
-1.291242892308317680e+00,-5.351480146031570850e-01
-3.063476864009146983e-01,-3.080563719057135552e-01
9.656201956283627652e-02,-4.510993233537510250e-01
4.572869596244431012e-01,-2.339731965174558781e-01
6.789700394608169098e-01,1.576524646338437752e-01
7.670596290973513698e-01,3.402772785739405781e-01
