-8.195173892712924457e-02,-1.404115120295963637e+00
1.005852758840730388e-01,-1.105132268226389103e+00
1.809077556471057335e-01,-1.737585804117630361e-01
8.669171632872866295e-01,1.326554012479949307e+00
2.830038189595020182e+00,2.858538820827583926e+00
4.648052746749018027e+00,3.442193601748479104e+00
5.408050290669440763e+00,2.705776178255403508e+00
4.604931660857085163e+00,1.400014301726526300e+00
2.644034425411874611e+00,5.402552472399245742e-01
1.679332470402003841e+00,6.623397234085206531e-01
2.172124402149191447e+00,1.231413850857601799e+00
2.388423101107440605e+00,1.538366096240734837e+00
3.560864042551631137e+00,1.665673814602453895e+00
5.210366831517651676e+00,1.629200326161624357e+00
5.802625943620360438e+00,1.318524869059722660e+00
4.136677656307361950e+00,1.339527001703083586e+00
1.766795489489126236e+00,1.970982946761264509e+00
7.798005932612203095e-01,2.172780930816727629e+00
2.462063167535774866e-01,1.454188349991599516e+00
-4.900395174666716258e-02,5.407592561360475836e-01
-1.765334269000608802e-01,2.482545866478657048e-01
-1.204227942907556137e-01,3.257084012113268812e-01
-1.353196137116212394e-02,5.854038568225901074e-01
3.082533022645409515e-01,6.577090520590335165e-01
8.317232042080342780e-02,5.119135980576156042e-01
-2.999414475264057245e-01,2.633458351457754754e-01
-3.705999122425907011e-01,1.329403827216610878e-01
-4.741227204375453308e-01,-6.892238345424772650e-02
-1.210093537732664037e+00,-4.382381960094535733e-01
-2.282093356732656009e+00,-3.923048827184867915e-01
-2.374433757591021266e+00,-2.223435846586068187e-01
-1.147570698517870635e+00,1.049918140796842342e-01
-2.731262257609480895e-02,-3.625058366370786933e-02
3.073678464168784139e-02,-4.342745366346371094e-01
-1.271496080491471281e-01,-2.422672122050375798e-01
-1.271496080491471281e-01,-2.422672122050375798e-01
2.504264942331684354e-02,-4.204640407988344819e-01
-8.685767889690415577e-02,-1.853676263224484089e-01
-2.795560693100637151e-01,-6.140146052827106377e-02
-2.877606471281958789e-01,1.631754818759572831e-02
-4.050142217176254666e-01,-4.486999301079511726e-01
-7.146968692042008353e-01,-1.061573515975690940e+00
-9.329112610755472268e-01,-1.199941978413067822e+00
-9.530547701965964569e-01,-1.256385570819779973e+00
-3.777931219099975868e-01,-4.914387087049083558e-01
2.190022686811354258e-01,1.242078658519114365e+00
6.130384267582420499e-01,2.948087539658907463e+00
1.044544511564231559e+00,3.549612085103590609e+00
1.207530750799809649e+00,2.756119162673422718e+00
8.707073459167828933e-01,1.317971759390709652e+00
3.705792630079859373e-01,-1.355625260276818733e-02
3.216024317824496270e-01,-4.535635184340125470e-01
4.103266540481803615e-01,-3.665004590352635150e-01
3.272528619234887914e-01,-3.427630780332485139e-01
-1.098539096252235808e-01,-1.756104349306653323e-01
-3.070742139929145686e-01,4.265762304659601600e-01
-1.775589740151276019e-01,8.351687911208262038e-01
-2.525114859748295304e-01,6.932152861533287247e-01
-1.842874611063925472e-01,3.734898796648727370e-01
1.535758057252054054e-01,1.018173543488921362e-01
2.477120996693932542e-01,-2.331319100536677347e-01
-2.350563419076978078e-01,-1.026444304121585605e+00
-5.173898204232670883e-01,-1.360108593993749393e+00
-4.567509681289653733e-01,-9.473941913333485676e-01
-3.819888196720566675e-01,-9.727474950993113545e-01
-2.999690331399639809e-01,-8.900270264832701450e-01
-1.997718981310339093e-01,-2.747780579225899689e-01
-3.326584746081628907e-01,3.983268917177700263e-01
-5.702687429637948169e-01,3.696038989115724149e-01
-6.202071782509658293e-01,1.733300165932274151e-01
-3.672910541298091691e-01,3.315560027244811581e-01
-1.997436300279525623e-01,4.112529301060230402e-01
-1.921553584820472893e-01,-1.471817516366422107e-01
-2.411989571010497158e-01,-7.503305101325684623e-01
-2.584606796879477808e-01,-1.101137069492098552e+00
-6.580392120912388343e-01,-9.566623070027365783e-01
-1.842398879038608550e+00,-1.646821789766654831e+00
-2.187880540689064457e+00,-2.532459102165143694e+00
-1.180535939665637857e+00,-2.143427504684387586e+00
-1.505003510683666224e-01,-1.027204215642126828e+00
2.504264942331684354e-02,-4.204640407988344819e-01
5.364553576016938691e-02,-1.175762323483377225e-01
2.918986656616346168e-02,-2.664017943983079673e-02
5.062812499566386043e-02,-2.790126844369074655e-01
-2.350563419076978078e-01,-1.026444304121585605e+00
-4.368122501985935990e-01,-1.387434020787855715e+00
-2.999690331399639809e-01,-8.900270264832701450e-01
-3.747311815968734083e-01,-8.646737227173079132e-01
-4.567509681289653733e-01,-9.473941913333485676e-01
-1.724277226977862787e-01,-6.310952199816278751e-01
5.231283917201091649e-01,-5.368252087749068036e-01
5.354238716800159281e-01,-2.310209274186476591e-01
-1.386129356010515623e-01,5.008404597226704391e-01
-7.991594860714266169e-01,3.388632877315433944e-01
-6.988895561836820924e-01,1.342464913713439512e-01
9.333770575098350453e-02,-8.243603595254478389e-02
1.882730553142211161e-01,-6.175299384602257052e-02
4.193522269067859187e-01,-2.592756152675245937e-02
5.481595824164188224e-01,-5.703047920545406546e-01
4.470038726183931388e-01,-5.346805381979956584e-01
9.455556366324049389e-01,-7.027640364910013870e-01
1.341962583752073224e+00,-5.714138243282029794e-01
1.117030770202102730e+00,1.030725055313953809e-02
7.236227981532710185e-01,2.830261780211551503e-01
5.236210544891801710e-01,5.187225530933778916e-01
3.131245483211322345e-01,1.766127431014438143e-01
-5.229266343835090591e-01,-6.031032270465554179e-02
-7.871311685468130870e-01,5.088219146497485745e-02
-4.586302246017622819e-01,2.755859007718207687e-01
-1.050821879600137843e-01,4.471257418808824990e-01
-2.503002891075506442e-01,-2.748252060520982032e-01
1.028611844417818590e-02,-5.008822253126872237e-01
2.154421907135610215e-01,7.902437882718020556e-02
2.400986382139032038e-01,1.905435007890007026e-01
3.374193634276849152e-01,1.106294724518421396e-01
3.645231677860418795e-01,1.968928902559849425e-01
1.503841094247072019e-01,3.245242650475932966e-01
-2.753073872273060774e-01,-3.143650054305569541e-01
-4.722698317223103515e-01,-1.182319624755285181e+00
-5.670763058833424575e-01,-9.258113317784349983e-01
-3.602964552731720005e-01,1.561581957817330391e-01
-1.367072477444984391e-01,2.889558615233392969e-01
-5.055525111395593740e-02,3.702309146950421015e-01
3.893565605542862601e-02,3.355993228037650877e-01
1.132662036256162907e-01,-6.382621130400304051e-03
1.227081142060765795e-01,-5.528481015185896519e-01
8.339920970590083971e-02,-1.164016316201357482e+00
4.139390723563836361e-02,-1.012081138816949721e+00
-1.994894608083720433e-01,1.232203137174998631e-01
-1.264470001528723353e+00,3.872437985335582811e-01
-1.840202910245465784e+00,3.837596541736102429e-01
-1.246622583083560221e+00,2.576981553697879623e-01
-6.615046052914019814e-01,-4.667019737623842590e-01
-5.462513854833648264e-01,-1.537340144607343806e+00
-2.104180384160405162e-02,-2.417663759384888422e+00
2.389827177094751010e-01,-3.231949636930985026e+00
-1.255902560096435472e-01,-2.377545961764792271e+00
-3.651511345792031737e-01,-6.335256727121992837e-01
1.341947933536367932e-02,-2.861362017678136249e-01
3.352131397976086946e-01,-3.083691176281042612e-01
1.960037773497127767e-01,-5.597179104430810570e-01
6.369457154683307032e-02,-5.953089756746198224e-01
-7.089051230330742359e-02,-2.718478487164179280e-01
-1.363384061647364420e-01,-1.645108769368429091e-01
-3.534947198426750814e-02,-8.350763201648452039e-02
1.044647472687092182e-01,-9.435709170903611165e-02
2.264098617399687152e-01,-2.606831013866673374e-01
1.797836221651500921e-01,-8.945239050497866273e-02
1.081776223299351844e-02,3.307474704400091836e-01
2.709552968376370274e-01,4.975233348407027134e-01
9.221268331817396025e-01,2.159511140691844910e-01
1.117030770202102730e+00,1.030725055313953809e-02
1.706712445560139846e-01,-4.904495244274387766e-01
-4.616875239307426382e-01,-7.270256655181434047e-01
2.127737058817653903e-01,-3.129100650383364046e-01
8.539464239849278160e-01,-6.374017113187316896e-01
9.227790181661735813e-01,-1.094821008451278166e+00
4.666856515071464706e-01,-8.114983502884149935e-01
6.692628978875383439e-01,-1.368179278510099073e-01
1.122296493693032193e+00,1.943994285486406737e-01
5.377522874896758509e-01,6.723500847667757130e-01
-3.964329163356190011e-01,7.467807092870821783e-01
-5.163820798756212360e-01,1.455314469555944179e-01
-5.144062548221910447e-01,-7.139515398735151175e-01
-4.616875239307426382e-01,-7.270256655181434047e-01
-1.200946632777340206e-01,-3.254533027204518647e-01
-2.526012271095690598e-01,-3.627792763320518699e-01
2.883549290524461961e-02,-3.372423404146963066e-01
6.622450658307958982e-01,-1.269773192975130194e-01
7.948822267053943236e-01,9.906021832848649344e-02
6.041282235690083047e-01,-1.772928918316528379e-01
2.361690279237938228e-01,-7.480542334256833348e-01
-3.362270735275542655e-01,-1.017076114557077027e+00
-4.616875239307426382e-01,-7.270256655181434047e-01
-3.604682173389839317e-01,-5.313775893531169636e-01
-8.567949467878829273e-01,-7.385845514466086170e-01
-1.157469181187200213e+00,-5.999307646825814411e-01
-5.346316803768127457e-01,-3.698747830995131602e-01
5.334445098710779432e-01,-5.263605495072672946e-01
5.354238716800159281e-01,-2.310209274186476591e-01
-1.922377134222438277e-01,2.630614602206473585e-01
-2.662517860733259328e-02,7.957985885469294474e-02
1.000813768437211621e-01,1.981472321609161358e-03
1.000813768437211621e-01,1.981472321609161358e-03
3.679487361785573341e-01,-1.126016267957528905e-01
3.654738826732381596e-01,-2.590613557372362652e-01
1.903294248598631222e-01,-3.500625856029392358e-01
3.059570984386897341e-01,-1.721435904205065870e-01
1.607539758368872751e-01,3.400789328998808925e-01
-6.503525431746451368e-02,2.695369115256627257e-01
1.315807918829805245e-01,-1.984796435930050867e-02
4.078356215519500227e-01,4.992921860335798878e-01
5.710798647056936073e-01,1.087629034401656147e+00
5.914987959567432618e-01,9.800694571890244955e-01
5.039410449226154887e-01,6.155861008878761309e-01
3.115560559773586369e-01,3.491055708668190372e-01
2.829820824236683463e-01,2.723112410805079708e-01
1.227142473332614725e-01,8.025554491619303621e-02
6.371121732551793260e-01,3.171729325775485830e-01
1.068582055299510225e+00,6.861719460677589977e-01
9.060312326470681965e-01,9.326276257801145997e-01
5.710798647056936073e-01,1.087629034401656147e+00
5.914987959567432618e-01,9.800694571890244955e-01
5.039410449226154887e-01,6.155861008878761309e-01
5.632503247846919470e-01,6.071135730875187875e-01
5.347074072794317789e-01,8.456628041546419006e-01
2.253054680962477685e-01,8.305730206858441544e-01
2.033418862820268735e-01,5.552396995279909042e-01
4.243225995853004973e-01,3.812557739490170516e-01
6.218710489360954607e-01,-5.078114955014148002e-01
8.831298462373258218e-01,-2.222043457866642591e+00
1.112263842047191087e+00,-3.100800835652179899e+00
1.323467365858155942e+00,-2.170552881700233971e+00
1.308776324148762882e+00,-7.877424966356012526e-01
8.933965869226763168e-01,-1.110687001757404840e-01
4.683806386886418816e-01,3.601505533925454805e-01
4.243225995853004973e-01,3.812557739490170516e-01
-4.578958500753569916e-01,2.572902679144464799e-01
-1.497753392893962809e+00,2.753043831410210140e-01
-1.840202910245465784e+00,3.837596541736102429e-01
-1.150584532880968514e+00,7.021919352980146023e-01
-5.904253161846164527e-02,5.420448984478791754e-01
6.624272591159936496e-01,-3.700329996714785130e-01
9.227790181661735813e-01,-1.094821008451278166e+00
2.216132138532687368e-01,-8.042443790833236905e-01
1.341947933536367932e-02,-2.861362017678136249e-01
4.033687246896883183e-01,-1.516426776699946410e+00
2.389827177094751010e-01,-3.231949636930985026e+00
1.826127965558571598e-02,-4.292146458766200823e+00
-1.326924960464581638e-01,-4.357861713943326443e+00
-2.767146167054290729e-01,-2.828503935102625988e+00
-4.369787061570779008e-01,-1.007777147354245395e+00
-7.665754882401635273e-01,-6.616227513282922912e-01
-5.518834670856697100e-01,-7.849241435158543778e-01
-3.928197209374386517e-02,-3.087832497926080166e-01
2.121437004708049134e-01,-2.018302404780765447e-01
3.643638180151004824e-01,6.245494841408499864e-02
4.855093629517560627e-01,1.614602145652673515e-01
4.276666225211695482e-01,-8.458818740312956663e-02
1.482331789398843302e-01,-3.151133464259089356e-01
-3.501841789042808850e-01,-2.273903076907834442e-01
-5.423122949029779427e-01,-8.561451020612315110e-02
-3.658270633530193994e-01,-5.514645260834517559e-01
-8.771729431818913181e-01,-1.194957505514360196e+00
-1.135875328369092330e+00,-8.865184934815089068e-01
-7.754721737405047000e-01,-3.679885583410062444e-01
-4.865335156141684103e-01,-1.334719802348717788e-01
-1.004860077771661198e+00,-4.464304976649510759e-01
-1.653441398347603508e+00,-6.084327424876861956e-01
-2.264143961278764827e+00,-3.023691819029780126e-01
-2.341795175523216255e+00,2.150558530431184723e-01
-1.550208837388476812e+00,3.697766079948492934e-01
-6.234395531893498488e-01,2.672102473317352622e-01
-1.434434807267906509e+00,8.647117869149534286e-02
-2.553611192088202309e+00,-5.944055192359868657e-03
-2.264449593875628608e+00,-1.430217123596254636e-01
-1.568840759686338737e+00,-3.126202949200641013e-01
-1.605840639489499289e+00,-4.758313922211157010e-01
-2.264143961278764827e+00,-3.023691819029780126e-01
-2.341795175523216255e+00,2.150558530431184723e-01
-1.435573035321447533e+00,5.575315014773642996e-01
-6.792916599560789859e-01,3.270213129834416699e-01
-1.004860077771661198e+00,-4.464304976649510759e-01
-1.653441398347603508e+00,-6.084327424876861956e-01
-2.264143961278764827e+00,-3.023691819029780126e-01
-2.341795175523216255e+00,2.150558530431184723e-01
-2.259278766236403779e+00,-1.084022536970539047e-01
-2.002716370914885413e+00,-1.122668817116846407e+00
-1.506288449687659181e+00,-1.754479113355550624e+00
-8.238132602361234458e-01,-1.387283597663084844e+00
-6.286847403627202624e-01,-9.844287332322665396e-01
-7.890995879972400040e-01,-4.844364345655654547e-01
-4.456440650035240481e-01,3.115670323884317527e-01
1.069768251601747738e-01,4.933775026148730647e-01
-2.445739714015437161e-01,-4.947920042629208037e-01
-7.745348392845142760e-01,-1.114663368199635185e+00
-7.745348392845142760e-01,-1.114663368199635185e+00
-6.845164711894132781e-01,-1.046708112905485155e+00
-4.110583792888269916e-01,-1.032780747761194551e+00
-5.594757456758616687e-01,-1.136803786263995031e+00
-7.340986845720930409e-01,-5.015815025990129072e-01
-8.542987660292929997e-01,1.157142962677985311e-02
-1.087605296216454853e+00,-3.514987530967018103e-01
-9.088773521491880780e-01,-8.028170004921937331e-01
-7.745348392845142760e-01,-1.114663368199635185e+00
-6.845164711894132781e-01,-1.046708112905485155e+00
-2.484856767366226959e-01,-6.748536126724302697e-01
2.338069592218736809e-02,-4.942011744376395566e-01
1.221361762418050612e-01,-8.491625527921338179e-01
1.345705183251112713e-01,-1.193920530273155256e+00
-1.515425117684075784e-01,-1.485028835246093415e+00
-3.650726872369028375e-01,-1.380098643382361212e+00
-2.750537727451297654e-01,-7.182178335084745679e-01
-6.699394571613472849e-01,-1.093934307008201379e-01
-5.555941563654942517e-01,9.086550615224302518e-01
-9.286797598409175791e-02,1.547238091266767368e+00
-3.416146284295449309e-01,6.906969245918940237e-01
-5.522863909624449175e-01,-2.081252915252866931e-01
-6.346590487929695268e-01,-4.100459801462647547e-01
-9.222683260174044939e-01,-8.169184872229183769e-01
-9.085524769173349835e-01,-7.199499997561175091e-01
-8.013535543665375460e-01,-5.300215044365873540e-01
-9.222683260174044939e-01,-8.169184872229183769e-01
-9.085524769173349835e-01,-7.199499997561175091e-01
-5.695249229535257474e-01,8.275007809119838686e-02
-1.346561762431560672e-01,5.297357196634928655e-01
-9.222779844900680368e-02,3.008784645375259248e-01
-4.083135601329772046e-01,8.901412417326802773e-01
-8.903765186899127437e-01,1.735014391185139448e+00
-1.213293526507263964e+00,2.166947685615700170e+00
-1.031816518355796575e+00,1.577043333609420062e+00
-7.057301307892881459e-01,5.309661385680721768e-01
-1.270562771766361176e-01,-1.125143197485105467e-01
-1.950850395456810160e-02,-6.763085190696394022e-02
-6.436016224606738723e-01,2.417410406926303323e-01
-8.081661407026786703e-01,1.159457679190471907e-01
6.596361062163146050e-02,-2.138512117667942525e-01
1.143050021687699758e+00,-3.053283151134245643e-01
1.397558848460639824e+00,-2.968946934963802575e-01
5.964027763377960367e-01,-5.816503743871905691e-02
-1.434434807267906509e+00,8.647117869149534286e-02
-2.553611192088202309e+00,-5.944055192359868657e-03
-1.779599949898440281e+00,-8.674506187542413427e-02
-6.261908364070765121e-01,-8.498681592307397725e-01
-6.487930277263518342e-01,-1.487204500403613405e+00
-7.186891862408276710e-01,-1.207544741494973595e+00
-1.119884783454597965e+00,-5.076754049624889742e-01
-1.897143588405468373e+00,-1.731806113097655864e-01
-2.553611192088202309e+00,-5.944055192359868657e-03
-2.814434383662564265e+00,7.968002970263816931e-02
-2.392864587783370744e+00,2.805059470855547632e-01
-1.384157184675138375e+00,6.466829503828305237e-01
-6.956068301017925837e-01,7.813216283149261310e-01
-3.239784064772707750e-01,4.805048727304984668e-01
-6.097344925800594895e-02,-2.018668992161113396e-01
-3.409502310270012826e-01,-2.412955985034903883e-01
-7.134243225655885479e-02,-1.606112342583904562e+00
1.443523442401544177e+00,-2.250410038020227432e+00
3.275773733036214885e+00,-1.104280430706476190e+00
5.292116040229363882e+00,4.012603534966779906e-01
6.410928983848267926e+00,8.516835703487115605e-01
4.979986647017124568e+00,4.218626206393337741e-01
2.760236146691244397e+00,2.028571776606523103e-01
1.140906222881639343e+00,5.773692415827520741e-02
2.471740881309098803e-01,-7.391921786894570245e-02
1.447776696496138327e-01,4.295901213886132303e-03
2.014642401226870161e-01,-1.245315100620399129e-01
-1.065225403006374721e-01,-1.267854503276928391e-01
-7.112239442781583820e-01,4.739576406831984279e-02
-2.206062277483670453e+00,-1.157496040195926668e+00
-3.682271162064654213e+00,-2.690946241013730589e+00
-3.729978246970665268e+00,-2.990473112406756062e+00
-2.389978475363820909e+00,-2.022796258877463504e+00
-1.135875328369092330e+00,-8.865184934815089068e-01
-7.754721737405047000e-01,-3.679885583410062444e-01
-4.633997245263272724e-01,-1.070687649718465445e-01
-2.861080784093165685e-01,-1.907669859188013683e-01
1.896270775185631211e-02,-3.634593698436047737e-01
8.697998651305306750e-02,-2.765826745003720499e-01
-3.928197209374386517e-02,-3.087832497926080166e-01
2.121437004708049134e-01,-2.018302404780765447e-01
3.643638180151004824e-01,6.245494841408499864e-02
4.855093629517560627e-01,1.614602145652673515e-01
3.513128144933193031e-01,-1.245010626591548306e-02
-1.310289866239639223e-01,-6.596285856509409573e-01
-1.310289866239639223e-01,-6.596285856509409573e-01
-5.629181626724839155e-02,4.460248144909817469e-02
-6.106175976323189453e-02,-1.590973249338078488e-01
2.639944512919159200e-02,-9.778218075125856279e-01
9.316427360902913846e-02,-1.705553648903636699e+00
8.587023303137752972e-02,-1.742371706656735242e+00
1.350364057184535484e-02,-1.534198914413499093e+00
-1.671686565056862139e-01,-1.320808865035768997e+00
-1.327769168507620667e-01,-8.551362143852285769e-01
2.614315707449335960e-02,-5.157028533427792105e-01
-5.352388176772857747e-02,-2.246126441245793748e-01
-3.928197209374386517e-02,-3.087832497926080166e-01
2.121437004708049134e-01,-2.018302404780765447e-01
3.643638180151004824e-01,6.245494841408499864e-02
4.855093629517560627e-01,1.614602145652673515e-01
6.938751573237155190e-01,-2.322275579706152560e-02
2.522733630183951359e+00,-2.400509231532313992e-01
5.311619622616326808e+00,1.408762781826382593e-01
6.410928983848267926e+00,8.516835703487115605e-01
4.340506848995168809e+00,4.035201175958586517e-01
1.256660813812372934e+00,-6.281438607472304980e-01
1.109979530825429411e-01,-9.687379253987640215e-01
9.511088601933505304e-02,-1.222419467674956239e+00
-1.012454696663571685e+00,-1.681572151637761525e+00
-1.376321174831505845e+00,-1.392935956544582021e+00
-6.622228288353122494e-01,-1.070063019822221850e+00
-4.178170153887582061e-01,-1.040517582996612234e+00
-6.607602575553922497e-01,-8.118168210672073171e-01
-5.359872811827377515e-01,-5.652333781429838555e-02
-1.453253387022319931e-01,1.860217380306370127e-01
-3.443181340200195811e-02,4.991330097869880328e-02
-9.222779844900680368e-02,3.008784645375259248e-01
-4.817470534933525617e-01,1.603229640413272594e-01
-5.621498830209719078e-01,-4.282759578489213070e-01
-2.856639477689648099e-01,-5.371457255092761951e-01
-1.535141456390985149e-01,-5.536881559049395413e-02
-8.146892806597290371e-02,-5.787180721259511662e-01
-1.113556435667500538e-01,-1.427290490549594004e+00
-2.047868737242204140e-01,-1.494525180701936851e+00
-3.216624439984882566e-01,-9.709323603229806920e-01
-2.589988196626790695e-01,-3.100192356950316475e-01
4.671163447267958069e-01,-2.346421371396788802e-01
1.059972600456899450e+00,-6.407402092068076316e-01
1.059972600456899450e+00,-6.407402092068076316e-01
1.059972600456899450e+00,-6.407402092068076316e-01
1.059972600456899450e+00,-6.407402092068076316e-01
7.572294705592147457e-01,-1.502546242859966186e-01
5.366199463520162638e-01,5.199822750706666330e-01
3.953313060923763222e-01,9.495101650215671540e-01
2.210760845502091759e-02,1.054996906645718102e+00
-3.059022944595255478e-01,1.288189434821048196e-01
-6.007727650991741275e-02,-2.162025328189481899e-01
8.739102386580424042e-01,1.302641496096132723e-01
1.255841551988288396e+00,-1.572390483497365377e-01
1.039987688033777946e+00,-5.253067233000037195e-01
3.202928911359486652e-01,-8.170307162576242455e-01
2.592797133283282207e-01,-7.009810457338701006e-01
1.186561808010609509e+00,-4.473232024412565067e-01
1.871545952561553650e+00,-6.184769287934460680e-01
1.850107992167707716e+00,-1.095154280506442035e+00
1.337474739396109280e+00,-1.184278772392947765e+00
9.227790181661735813e-01,-1.094821008451278166e+00
1.230107853057319067e+00,-1.304005203280808711e+00
1.439979133305242520e+00,-1.446625168117691596e+00
1.027993253256673567e+00,-1.268591325569649930e+00
6.149882182496921867e-01,-7.201997300755805798e-01
2.997578209053303744e-01,-2.464973437617776764e-01
-1.448080253692195229e-01,-8.692484786590153056e-02
-1.853237773320435267e-01,1.013832503146938069e-01
8.154091977170789540e-02,1.531590776260527142e-01
3.179843388683024630e-01,-3.577841713379025651e-02
5.924758014234099424e-02,-1.225088936340309187e-01
-3.672910541298091691e-01,3.315560027244811581e-01
1.277648923050236140e+00,1.163681844874184135e+00
1.367421332722091432e+00,1.325576110141143849e+00
-1.115235629010482600e-02,-8.816763517395827601e-03
1.957157127605411162e-01,-9.506351445108520704e-01
9.275505961844884850e-02,-5.029375400680052843e-01
-8.254644321761728243e-02,6.432920683950440477e-01
-1.142007393239372337e-01,7.800881855690001698e-01
-3.253404904311881785e-01,6.985426838550757855e-01
-3.601463487210362913e-01,1.158278044844473831e+00
-4.693051056079642902e-01,1.824010157525560505e+00
-4.147363543944567188e-01,1.920853505514166892e+00
-1.166003712334246351e-01,1.259328989416114153e+00
2.112456995563016526e-01,4.964001163584681464e-01
4.243225995853004973e-01,3.812557739490170516e-01
4.289055954763241196e-01,4.014906773493801539e-01
4.352014068560390858e-01,4.743835125070959835e-01
4.243225995853004973e-01,3.812557739490170516e-01
2.094571481057101725e-01,6.554500072404656486e-01
1.119690430653516172e-01,1.081300461064538254e+00
2.210760845502091759e-02,1.054996906645718102e+00
-7.981667491849616658e-01,8.967784562986022001e-01
-1.786606865064238159e+00,6.959182596137887256e-01
-1.794647980544185950e+00,2.955528237825018056e-01
-1.794647980544185950e+00,2.955528237825018056e-01
-2.240449202368735016e+00,9.939282556598104390e-02
-1.685291974243685820e+00,-7.026748858198885728e-01
-8.105979604909665515e-01,-1.475860353433530614e+00
-6.788384240557644445e-01,-1.730226211935544267e+00
-8.557433795266509158e-01,-1.525385173741175882e+00
-8.172650694180096931e-01,-7.796021301304819628e-01
-5.423122949029779427e-01,-8.561451020612315110e-02
-7.805663064718829647e-01,6.203358930016102113e-02
-9.460599441072371496e-01,-8.635771763778813184e-03
-7.146512299056612116e-01,-4.922126976890758288e-01
-6.266323165874967405e-01,-4.466711145433956975e-01
-1.304367951703632178e-01,-2.798463300937407694e-01
1.500018476271464951e-01,-5.333166952914289993e-01
8.721800259571463321e-03,-5.623176645991813105e-01
-7.419869887285947263e-02,-3.580004433801602381e-01
-3.824731378448688324e-02,-9.805033295618977018e-02
-3.350601173112900955e-01,-6.963187748935413535e-02
-3.847163805266386460e-01,-3.204200293949199252e-01
-1.317076216067095684e-01,-3.187478387041345895e-01
-5.352388176772857747e-02,-2.246126441245793748e-01
-5.629181626724839155e-02,4.460248144909817469e-02
-4.368659663547151961e-01,3.106862962433742381e-01
-9.101922134112696572e-01,2.187549871450213124e-01
-9.195597149512964030e-01,2.910603968966384361e-02
-3.810570872812915066e-01,-3.025580203430751625e-01
-5.406509688004469683e-02,-5.084703733486085619e-01
-1.851582864823064223e-01,-4.028159447923106984e-01
-1.200946632777340206e-01,-3.254533027204518647e-01
-5.629181626724839155e-02,4.460248144909817469e-02
-4.368659663547151961e-01,3.106862962433742381e-01
-9.101922134112696572e-01,2.187549871450213124e-01
-9.513974292528554200e-01,8.070678125137385750e-02
-6.226806516735456931e-01,-5.621077790213333675e-02
-6.702172458508687258e-01,-6.291527378960539707e-01
-8.288370395432596016e-01,-5.698009927049902945e-01
-9.902062398135415000e-01,-3.980972399096038838e-01
-8.461061899354085369e-01,-4.421266854250278655e-01
1.929193925018373723e-01,-1.711924037145043376e-01
-1.306989917800255308e-01,-4.548960524261960181e-01
-1.193632820399010530e+00,-3.116467417011687946e-01
-9.513974292528554200e-01,8.070678125137385750e-02
-4.759259340561949325e-01,-6.483064401132242194e-02
-1.582547792429309791e-02,-9.240719183189802233e-02
3.477189640288336214e-02,-2.184145296815981907e-01
2.338069592218736809e-02,-4.942011744376395566e-01
1.221361762418050612e-01,-8.491625527921338179e-01
1.345705183251112713e-01,-1.193920530273155256e+00
-1.415402375522327449e-02,-8.219565153646540834e-01
-4.439657127310624868e-02,2.191899339929813395e-01
-4.657631242883129852e-02,4.520428922392144000e-01
3.441112773772207478e-01,2.415008915263804901e-01
5.606345370604496336e-01,2.965112251476789140e-01
5.178486586803571212e-01,5.883052808727956551e-01
5.366199463520162638e-01,5.199822750706666330e-01
1.507602172033354615e-01,5.633691910012720259e-03
-2.346726260792572627e-01,1.973150937695932194e-01
-1.824884772698051605e-01,6.433662554538858158e-01
-4.553325327890785923e-01,3.360842634819708463e-01
-8.846278689563800146e-01,2.538659692710354410e-01
-8.195528957761991640e-01,-1.452764972259175402e-04
-8.195528957761991640e-01,-1.452764972259175402e-04
-9.513974292528554200e-01,8.070678125137385750e-02
-4.817470534933525617e-01,1.603229640413272594e-01
-1.832216987982366874e-01,-4.462468738995674367e-02
-2.783826026298343859e-01,-2.336438703870802047e-01
-5.501703845481251687e-01,-2.658116519573952008e-01
-8.088200429322243146e-01,-7.415226943752303290e-01
-7.775279973097872777e-01,-7.796364226610951187e-01
-4.427033584761091434e-01,-1.857073750074041962e-01
3.177781598056312329e-01,2.359447205344886722e-01
3.931103296079742349e-02,2.728483821797113018e-01
-9.101922134112696572e-01,2.187549871450213124e-01
-9.388575134367361796e-01,4.291374663868361417e-01
-4.603605942878247759e-01,7.769674181897483489e-01
-1.622749221749408277e-01,9.057240443089622506e-01
-1.824884772698051605e-01,6.433662554538858158e-01
4.764840658042233112e-01,3.628004768549026315e-01
1.222376698818713026e+00,3.077897480222037130e-01
1.447422046673900287e+00,-5.316251010560855972e-02
4.495219880862316164e-01,-4.931478831529405027e-01
-8.333422887260061307e-01,-7.131447899802864088e-01
-1.534505306599927454e+00,-7.134411707437975370e-01
-1.672350655934609964e+00,-7.213362472409707848e-01
-1.002649926666462799e+00,-8.078282563353003098e-01
1.284140312813067952e-01,1.335236811674100216e-02
7.066021112582535624e-01,2.781765312438482241e+00
8.290107768943200117e-01,6.220397022208015159e+00
7.533015406376034617e-01,9.059780194699028399e+00
3.821310516522369860e-01,1.025632627983219969e+01
-2.036862273588765371e-01,9.489802014792788398e+00
-7.027710720662418975e-01,7.143856648221620809e+00
-7.645324182757325948e-01,4.048312219657469235e+00
-4.792489270825547876e-01,1.484668525146920048e+00
8.793348458016842645e-03,-2.066048057643228852e-01
-2.408130755501188686e-02,-8.826103111592084050e-01
-2.244687250698360337e-01,-7.394424324327435460e-01
-1.535141456390985149e-01,-5.536881559049395413e-02
-1.540568749672486804e-01,5.001874134655983628e-01
-6.605657415927980169e-01,1.261016069089662406e-01
-8.747142632860203104e-01,-5.051599946287600451e-01
-4.143334365017111720e-01,-2.562617494555674558e-01
-2.606393692797194239e-01,-5.732337936269329415e-01
2.531997557089358253e-01,-8.797043375892873440e-01
1.215258643588638998e+00,-7.888403427463624995e-01
1.622509460049267105e+00,-5.974235314580101930e-01
1.368818242817499975e+00,-5.907101978473999759e-01
6.939052811251508190e-01,-5.593509786627156588e-01
2.549425966525651344e-01,-3.704123585378689132e-01
2.918986656616346168e-02,-2.664017943983079673e-02
-1.649983504922165611e-01,3.156447749126463087e-01
-3.602212351625511677e-01,4.101395693878279736e-01
-1.512569454838900707e-01,6.570828842332721020e-01
-2.639707226255889883e-02,6.590838807847710923e-01
-1.144875595948371821e-01,3.288760692160908050e-01
-1.718754214440433858e-01,2.732291323320106269e-01
-3.582245294347824460e-01,1.465542865870410050e-01
-3.602964552731720005e-01,1.561581957817330391e-01
-5.815330572365666750e-01,5.954033300750657398e-01
-6.751128532251635672e-01,9.140721370536479817e-01
-2.189030536103809543e-01,6.905938450540605178e-01
-2.881013763345306455e-01,5.099698108480352765e-01
-4.437688673220306912e-01,1.407675687853425783e-01
4.141642731321412696e-01,3.609056584615069063e-01
1.309246425705895112e+00,7.295546489968141035e-01
1.000847848170416832e+00,2.457723165640338936e-01
-2.663019106967222660e-01,-7.448632266117240219e-02
-1.510802030695049591e+00,3.633331474944461736e-01
-1.683573353770715375e+00,7.821373262574912166e-01
-6.751128532251635672e-01,9.140721370536479817e-01
-6.310328592074095910e-01,3.982661208277739617e-01
-1.601070819966829761e+00,3.506430929368083982e-01
-3.423976431698849243e+00,5.496640277665519880e-01
-4.535692310986512155e+00,4.618206748440162324e-01
-3.709403800156068076e+00,5.057049835952831529e-01
-1.733108328563074840e+00,6.743764299230645687e-01
-2.189030536103809543e-01,6.905938450540605178e-01
-2.881013763345306455e-01,5.099698108480352765e-01
-5.401962822412885723e-01,1.489034153164340291e-01
-3.313457328688853010e-01,7.441051927000834343e-02
-1.926916722470064028e-02,2.245424564072575901e-01
-3.305872481145356173e-02,8.748696916841684421e-03
-2.608806204928459382e-01,1.577177322716231123e-01
-4.626813863604434252e-02,1.918947526489967192e-01
5.646704074201238654e-01,-2.996929089962342418e-01
2.206028266396269366e+00,-2.440979956477727641e-01
3.334456636053624745e+00,2.922872801279959298e-01
2.755356015239663225e+00,4.086053698643384302e-01
9.826676289415274823e-01,3.192660267382672057e-01
-1.645264327425347561e-01,5.936488599485766349e-01
-1.824884772698051605e-01,6.433662554538858158e-01
-3.326584746081628907e-01,3.983268917177700263e-01
-5.702687429637948169e-01,3.696038989115724149e-01
-6.202071782509658293e-01,1.733300165932274151e-01
-3.602964552731720005e-01,1.561581957817330391e-01
-4.565809587528911473e-02,-5.261903220612967197e-03
1.201674361866632151e-01,-9.337953397050128279e-01
1.510212907429520773e-02,-1.750418465469757434e+00
-3.759449125508529388e-01,-1.608857724477375628e+00
-4.828251987985425209e-01,-7.552188796818475325e-01
-7.876732266492720846e-01,-8.909357900242489414e-01
-6.649023551357990947e-01,-3.752096379961707973e-01
-3.325454025756244825e-01,4.629189284795482973e-01
-8.985244040894854733e-02,6.999224342515901753e-01
-1.912550329455204590e-01,3.289880897486915923e-01
-1.279715208837230341e-03,2.790486176153058051e-01
5.291457460894286591e-01,1.428711747334458215e-01
1.225784525322944463e+00,1.146198517650130477e-01
1.587712846014674328e+00,3.126102442755011590e-01
6.799971513732074868e-01,5.513874698661979101e-01
-3.850395192154227875e-01,6.379433961807264852e-01
-5.702687429637948169e-01,3.696038989115724149e-01
-6.202071782509658293e-01,1.733300165932274151e-01
-3.602964552731720005e-01,1.561581957817330391e-01
-4.565809587528911473e-02,-5.261903220612967197e-03
3.584284013465006136e-01,-2.721231409478838681e-01
3.497660951289864317e-01,-5.471422274801510666e-01
-4.375650193583127678e-02,-6.030243272230676466e-01
9.598048132544922950e-02,3.588751212889208786e-02
1.374476579059912273e-01,6.707978062123866048e-01
-1.824884772698051605e-01,6.433662554538858158e-01
-1.232541199187516395e-01,8.217866703953916052e-02
-4.439657127310624868e-02,2.191899339929813395e-01
-8.985244040894854733e-02,6.999224342515901753e-01
-1.824884772698051605e-01,6.433662554538858158e-01
3.119254327683066430e-01,-3.098042866472573431e-01
8.080299697651250890e-01,-1.223033753343216512e+00
8.728062876957688454e-01,-1.686314378542480341e+00
4.524574178870571783e-01,-1.264500121379916964e+00
-1.913111629121822237e-03,-2.392359221586132512e-01
-6.786694468557108451e-01,-2.427147230252700918e-02
-8.058587154210903325e-01,-2.782534702949102101e-01
3.293058149050047401e-02,-1.907909549206401600e-01
3.774453928926188029e-01,-3.908790647780581162e-01
-3.081691868037466642e-01,-8.911826682109219577e-01
-1.317816826886470949e+00,-1.229662436972236428e+00
-1.831621144052367756e+00,-1.187687061794252763e+00
-1.664764887796388537e+00,-7.614830438530648671e-01
-1.019055673791781746e+00,-2.521138770341762037e-01
-5.122119632559303248e-01,-2.290371051511863876e-01
-2.909610284506656819e-01,-9.315405420240883971e-02
-3.120308725522741855e-01,3.792363035899954382e-01
-5.702687429637948169e-01,3.696038989115724149e-01
-6.202071782509658293e-01,1.733300165932274151e-01
-3.602964552731720005e-01,1.561581957817330391e-01
7.760213128938893146e-01,2.456486955142338502e-01
2.049392298337456175e+00,2.256024423427181180e-01
1.546357188196261889e+00,-2.966811164725504102e-01
-1.173085830334530261e-01,-9.723785378038756200e-01
-9.927956984911496807e-01,-1.260801434937260934e+00
-1.148791367337004932e+00,-5.342448091706818447e-01
-1.042738108437321953e+00,-1.588254855003010113e-01
-4.486025395932858317e-01,-3.460579198215633090e-01
-1.994894608083720433e-01,1.232203137174998631e-01
-2.850457838808956312e-01,1.156273773275031391e-01
-1.535141456390985149e-01,-5.536881559049395413e-02
1.205742965477123868e-01,1.141871655126653895e-01
5.386887328706616573e-01,2.136598054696685622e-01
1.578414572182587738e+00,2.445587830320629930e-01
1.796720832937716450e+00,1.181487034781743273e-01
6.557283120473276217e-01,1.449757918819686298e-01
-4.730776703591317925e-03,-2.584139139598688462e-01
6.369457154683307032e-02,-5.953089756746198224e-01
-3.146892209107639560e-01,-1.494399251149214070e-01
-7.997024672049786176e-01,4.972639844945047072e-01
-6.651333876646123855e-01,7.170732741039038682e-01
-2.259440132972804216e-01,3.833019162494736287e-01
-5.985950077128288777e-02,5.412239939796047172e-02
-1.048383072393783144e-01,-2.181536979311139435e-01
-1.535141456390985149e-01,-5.536881559049395413e-02
-9.270411096473941959e-02,4.421855047240774023e-02
-8.192258764946705463e-02,-1.336316612845833141e-01
-1.397571598448953956e-01,-2.361295242173221676e-01
-1.535141456390985149e-01,-5.536881559049395413e-02
-1.688685322054438720e-01,3.847939894890962109e-01
-2.841884505742690581e-01,5.899791184714715531e-01
-5.483173935163254686e-01,-1.718938786104759475e-01
-8.112696521020882345e-01,-1.041932948179708607e+00
-6.563796960567588323e-01,-5.686215287967708587e-01
-3.325454025756244825e-01,4.629189284795482973e-01
-1.500348479585399686e-01,9.302929688725287694e-01
-3.942367303612714924e-02,9.567354081708022706e-01
1.119690430653516172e-01,1.081300461064538254e+00
2.210760845502091759e-02,1.054996906645718102e+00
-5.826090119966049335e-02,5.610522552723014034e-01
2.655063009239115590e-02,3.599302667920359355e-01
2.766670959385618134e-01,5.412659684071003952e-01
2.551938681283027477e-01,8.637544877804205212e-01
-2.213847493261089650e-01,8.527287260569551552e-01
-7.579046131222906268e-01,1.256096279558346629e-01
-7.070707412953588511e-01,-7.364919520156248955e-02
1.744626105964679763e-01,4.062284182204632943e-01
4.774619427287544737e-01,5.031575000437885636e-01
8.995441688120366097e-02,8.950943190912342973e-02
-7.107295266738506978e-01,-8.142331612696267484e-01
-8.105979604909665515e-01,-1.475860353433530614e+00
-6.788384240557644445e-01,-1.730226211935544267e+00
-8.557433795266509158e-01,-1.525385173741175882e+00
-4.743307199132372198e-01,-1.371701918012496968e+00
5.158543111752732745e-03,-1.208240407877257061e+00
5.777099346959727044e-02,-6.195361326761763543e-01
1.447776696496138327e-01,4.295901213886132303e-03
-6.921280810874884740e-04,1.198149929666997987e-02
-2.498446240466976609e-01,-1.208444477155469626e-01
8.136404232180532992e-02,6.512165209720893744e-02
-7.374780797066236848e-03,2.084800150314221889e-01
-3.716078119987685224e-01,2.322175956818042439e-02
-2.228327899739517282e-01,-1.804618450087930315e-02
3.057593014736376125e-01,3.702750221734206204e-01
9.750726305713958153e-01,5.081852757786036179e-01
7.393197591680058522e-01,-3.414936698716481422e-01
-8.263294402249045101e-01,-8.678964987347569382e-01
-2.167956680194284225e+00,-6.543365938889416089e-01
-1.930770895015846200e+00,-7.808350817230595986e-01
-3.339018552840786747e-01,-1.200280551831172327e+00
4.329722834670642340e-01,-1.096817515628525808e+00
1.705849017107606003e-01,-9.891410689669479783e-01
2.091825413919502774e-01,-1.066878119367084210e+00
4.093370167586867225e-01,-5.933556163118697269e-01
6.768684941712337366e-01,-8.108707443000130466e-01
6.331433377169044530e-01,-1.778700047764411485e+00
4.252052068696253739e-01,-2.161053519390469191e+00
3.630956885867143713e-01,-1.826236729945157400e+00
7.061341881814563459e-01,-1.137290027384578517e+00
1.804490959040119691e+00,-2.789744822719400830e+00
2.958143620715873112e+00,-6.155306246823894156e+00
3.696154135781071659e+00,-8.646326653110538274e+00
3.483122156256622137e+00,-8.757944585879842592e+00
2.450236861522852472e+00,-6.812830526160078115e+00
6.739686902898257559e-01,-3.689367949194111151e+00
-6.788384240557644445e-01,-1.730226211935544267e+00
-8.557433795266509158e-01,-1.525385173741175882e+00
-2.345043810528467665e-01,-7.287147053237040817e-01
4.324662594132672733e-01,-5.185204217145379380e-01
9.126746362912326049e-02,-2.640049451429813954e-01
-2.608806204928459382e-01,1.577177322716231123e-01
-5.352388176772857747e-02,-2.246126441245793748e-01
-1.024386073020475268e-01,-1.789646362156547543e-01
-2.833195882406848165e-01,-1.460733649723830289e-02
-2.500804101449434214e-01,1.628625947858929612e-01
-1.411804792169888689e-01,1.403353852981213123e-01
-1.494382174765637727e-01,-1.688545804233973144e-02
-5.352388176772857747e-02,-2.246126441245793748e-01
3.736934023797939264e-01,-2.461957211435987503e-01
2.777408015846286604e-01,8.225716846062642862e-01
-4.841072828649078952e-02,2.497499701826347618e+00
3.026985823281668278e-02,2.662726305308460439e+00
2.381893758740873390e-01,1.162019433713493699e+00
8.752698806788571373e-01,7.881848781692462058e-01
1.127526109482954952e+00,1.670528599638786194e+00
4.204508198851514278e-01,1.195017289163206486e+00
-3.811544520584000950e-01,3.825175882288131546e-01
-4.986588162148589687e-01,2.751991832794338233e-01
-5.556951401294482062e-01,1.898946427495263600e-01
-3.470179041356958871e-01,-6.231179287733767252e-02
-2.055870649088450131e-01,1.958240851126342164e-01
-5.548477838515306626e-01,7.053905828709410297e-01
-7.388478035809198374e-01,8.249945356909303973e-01
-1.993350684944402984e-01,5.233810470456116137e-01
5.191715489322233923e-01,6.108859861934384794e-01
5.560203036036075463e-01,7.480382179641975604e-01
4.695307224932229739e-01,2.875964356143601575e-01
4.324662594132672733e-01,-5.185204217145379380e-01
8.418504569630091972e-01,-2.236100177958823654e+00
1.451453550557384897e+00,-4.377712645594032281e+00
1.702594210288989496e+00,-5.264201274042391354e+00
1.430753167816809057e+00,-4.042509374401971556e+00
7.530353575677297684e-01,-1.717564296740563767e+00
-1.366849514313588088e-01,-1.805547785930921578e-01
-7.244921666515466985e-01,7.112321062638105040e-01
-7.840915713555496325e-01,1.299836202082622627e+00
-4.827550341410933865e-01,1.061897739994946077e+00
-7.040384555243534015e-01,5.551259663845542480e-01
-7.120963489203738783e-01,5.049617782972457558e-01
-1.739397719826730471e-01,1.104848335796999592e-01
2.630714841998567713e-02,-8.913858997736260337e-01
-7.390174034150628901e-02,-1.518426879887402992e+00
-5.612368895953326886e-01,-1.411248197534202831e+00
-7.071499142308561581e-01,-8.190649066224988673e-01
-6.212431003305679544e-01,-4.139637590773783127e-01
-3.905483884172379905e-01,3.638754967408036611e-01
-1.063053718356697791e-01,9.423361303023397584e-01
-2.451962053465203684e-01,1.074831628645914972e+00
-3.473151139483679484e-01,1.610871497233486549e+00
4.430164129939656581e-03,2.300800213686242213e+00
1.597621289197225236e-01,1.724742103437323815e+00
5.906984260364264161e-01,3.954657369024050517e+00
1.084139821397293924e+00,6.124401270804754382e+00
1.152031377086282005e+00,6.565553009536724716e+00
1.029719826509327030e+00,5.446453231768330738e+00
2.295232004550970206e+00,5.477424128994432095e+00
4.525014556122809672e+00,6.442074668739717680e+00
5.842813015176339775e+00,5.433172954375132591e+00
6.249691534164871776e+00,2.825458064503089783e+00
7.280054011683668058e+00,1.156880835557139608e+00
8.238055081887369013e+00,1.287441316607323083e+00
8.238055081887369013e+00,1.287441316607323083e+00
6.805962902440120033e+00,6.341621092492342182e-01
6.325677816420253841e+00,1.419028776166938177e-01
7.143430163417409773e+00,2.820417829472802729e-01
6.811987678874588781e+00,4.636947325194722969e-01
6.074326060193160792e+00,8.429449812535482200e-01
5.154328688004480519e+00,7.420459210295057284e-01
3.631168516706899219e+00,3.302968305557724693e-01
2.169485007905100904e+00,1.183791744937079393e+00
1.524711850264887314e+00,2.816695046460607976e+00
9.066963141594083231e-01,3.709872445777635974e+00
4.188370187579901205e-01,3.086695619252014300e+00
6.650373495882119790e-02,1.388912445146415875e+00
-1.574237980458194908e-01,5.090978995498603998e-01
-2.189030536103809543e-01,6.905938450540605178e-01
-2.881013763345306455e-01,5.099698108480352765e-01
-2.961134290533461999e-01,1.286298452949138804e+00
3.743745469397391501e-01,3.220821238239626627e+00
3.934959366554452997e-01,2.709856876389606040e+00
-6.831329447373710173e-02,3.395567053339526575e-01
1.624118614580166431e-01,-4.544896544520030807e-02
5.324263038135916559e-02,4.513228718657799066e-01
1.922662156294172309e-01,5.636574689718563125e-01
4.485759562173698978e-01,3.181465955064556317e-01
1.246939505275704851e+00,-3.962203737701340267e-01
2.454043788905713175e+00,-1.357575143421351438e+00
2.956741060789756848e+00,-1.724590979107889055e+00
2.150644962683089467e+00,-1.087923709185654619e+00
7.915606425311639827e-01,1.020057028773371267e-02
4.610492381851461485e-01,8.650277416950661324e-01
7.860091191957234713e-01,3.460324288061876752e-01
6.854468860817981568e-01,-8.556430121153670854e-01
1.105296692220813615e+00,-1.486370051832538230e+00
1.278298241093751786e+00,-1.451067521806775895e+00
7.599171310852501082e-02,-6.699772184638377315e-01
-2.041151654233159252e-01,9.576164945520925231e-01
8.503125302409858532e-01,2.011670321465251821e+00
1.089464917881793893e+00,1.545148223180739633e+00
7.860091191957234713e-01,3.460324288061876752e-01
6.011438927214339811e-01,-1.596876022940793838e-01
3.542217526983580944e-01,-1.769922810679982472e-01
-3.438855367708550936e-01,-1.514658336024050367e-01
-9.266837132888285922e-01,-2.334125481143680403e-01
-1.013473889989972454e+00,-7.570163497052010415e-01
-3.628325985194403303e-01,-1.270752066870264985e+00
5.778298972432981406e-01,-1.381274419479248561e+00
1.527133951962564851e+00,-9.179044755566646563e-01
1.791993039813730926e+00,-1.776492297079734772e-01
1.171516339350383573e+00,5.233376832660483480e-01
2.467663783250328979e-01,2.440536880827255395e-01
-5.992756891145415432e-01,-8.095106256807944600e-01
-1.157048112199751122e+00,-1.268106532015921939e+00
-1.227486138060150056e+00,-1.245103829222259817e+00
-9.525035515238946537e-01,-7.928454332863028586e-01
-6.822536292388740042e-01,-3.176714998887519292e-01
-6.073746441287114495e-01,-1.490605261662906744e-01
-4.975772317946124956e-01,9.141958562885486861e-03
-2.546046338498509920e-01,2.177557200161267803e-01
-2.294319046682499752e-01,4.413405024225361961e-01
-4.191669970751873975e-01,5.411064299790360188e-01
-4.869672015457074954e-01,3.594807166866770820e-01
-6.110884592303135188e-01,-2.634327594251413274e-01
-8.183915725076468251e-01,-9.257098070164502257e-01
-1.038664335058343324e+00,-7.306051411352632030e-01
-1.442107919753206957e+00,6.341957227296549093e-02
-7.737882905671552569e-01,4.447596237147498077e-01
4.094092930979718048e-01,4.790792777135461922e-01
4.094092930979718048e-01,4.790792777135461922e-01
3.736040594638282974e-01,2.385014315357703307e-01
3.681906954216919159e-01,1.113248117054617820e-01
4.747172505428724487e-01,4.207785783701225579e-01
1.941631732565150537e-01,4.784723091203659240e-01
1.370767310699459729e-01,2.391952382220208784e-01
4.175525023000996039e-01,3.691420084939066593e-01
3.832687804277058463e-01,2.451018951251184852e-01
4.261626460294712371e-01,4.777545550417814924e-01
2.105906329749356598e-01,9.392107032513392628e-01
9.065113517453687875e-02,1.918036038447826774e-01
5.420140949029260413e-02,-4.033226098582840535e-01
-2.568113375672826937e-01,-7.685160783076989688e-01
-3.835106143629596898e-01,-1.187672385076736115e+00
-3.060235527718135895e-01,-1.213958997976524623e+00
3.773056418984990779e-01,-9.468129147968339376e-01
8.454010794488249214e-01,-5.956286019965717493e-01
4.857024195411894785e-01,-3.994436678729049728e-01
9.065113517453687875e-02,1.918036038447826774e-01
2.077360604427997415e-01,5.368576217368814518e-01
1.427900020128909653e-01,-3.494717671671800086e-02
-3.101586080380002719e-01,-4.766725644430134801e-01
-4.994405711302164486e-01,-1.323679631817023195e+00
-4.691227127692132459e-01,-1.833268396740288519e+00
-4.307069594770164822e-01,-1.166986916648498518e+00
-3.664297843019534984e-01,-2.527843339758145125e-01
-2.138529405567849706e-01,7.083609428271603337e-02
-1.645264327425347561e-01,5.936488599485766349e-01
-3.253404904311881785e-01,6.985426838550757855e-01
-3.602212351625511677e-01,4.101395693878279736e-01
-2.478666199562823413e-01,3.539021244528770538e-01
-1.922377134222438277e-01,2.630614602206473585e-01
-8.370086412719178470e-02,7.725045435799954285e-02
6.990129911930195727e-02,-7.764912481667055055e-02
2.075872352734649540e-01,-2.290245998832425023e-01
1.385650297316433743e+00,-8.726889224243398191e-01
3.326248916433562020e+00,-1.319799082210967756e+00
4.874033788477913021e+00,-6.156869036914360827e-01
3.013369467831442883e+00,3.143618199708436145e-01
-7.040384555243534015e-01,5.551259663845542480e-01
-1.898627313780849812e+00,2.825019801293875664e-03
-2.362258450179153257e+00,-6.122482254609942220e-01
-1.300682191402422250e+00,-8.711968870575782509e-01
-3.835106143629596898e-01,-1.187672385076736115e+00
-7.847265842976219874e-01,-1.044330739321066570e+00
-1.149960618554808356e+00,-2.600404053729090670e-01
-7.057758230803519162e-01,7.537489984489793848e-02
-1.791217175470761758e-01,2.852746405766765081e-01
-8.254644321761728243e-02,6.432920683950440477e-01
-8.254644321761728243e-02,6.432920683950440477e-01
-1.142007393239372337e-01,7.800881855690001698e-01
-1.384940101687285763e+00,1.257070738622628081e+00
-3.558592048058911939e+00,2.130554150515845624e+00
-4.016848589564623317e+00,2.105749064260033609e+00
-2.068634678136079597e+00,8.286070041162986177e-01
-7.057758230803519162e-01,7.537489984489793848e-02
-1.278803983740141870e-01,-3.454908230333923469e-01
6.369457154683307032e-02,-5.953089756746198224e-01
2.578119292228498588e-02,-3.437037691603405665e-01
1.947563224776672000e-02,-2.744186439118301846e-01
-1.994894608083720433e-01,1.232203137174998631e-01
-5.466457024026329936e-01,3.693984074811387797e-01
-5.426034929915507510e-01,2.039447513095888620e-01
-3.325454025756244825e-01,4.629189284795482973e-01
-1.824884772698051605e-01,6.433662554538858158e-01
-1.386129356010515623e-01,5.008404597226704391e-01
-1.875258691845969938e+00,2.823380972279674772e+00
-4.490186536435531117e+00,6.100901524249617403e+00
-6.322086947066504869e+00,7.982330002905882793e+00
-6.512473887127740113e+00,7.074946516940669561e+00
-5.744165335317418908e+00,4.494023214147242484e+00
-5.140908985208328730e+00,2.535556879015428144e+00
-5.140908985208328730e+00,2.535556879015428144e+00
-4.355724531512170650e+00,2.153299532413447182e+00
-3.035771564564767822e+00,1.130939871663123375e+00
-2.182243553045877249e+00,4.704347112636881323e-01
-1.486698885614769594e+00,1.408600759707151207e-01
-7.698126692085753842e-01,-8.893555336633879316e-01
-3.364219200779129393e-01,-1.671953635679695349e+00
1.476872560921157762e-01,-1.095635349072933584e+00
2.997578209053303744e-01,-2.464973437617776764e-01
1.340527726072799908e-01,-2.890196147955589878e-01
-5.152334374631325348e-02,-4.464876511561523542e-01
-3.436236907520005546e-01,-1.113158423786161783e-01
-3.933298307676297290e-01,5.255599349355710714e-01
1.077290893596566934e-01,6.919802724928227899e-01
3.997049019708124873e-01,4.412288034734974662e-01
4.626472609666746894e-01,2.937695689604637450e-01
1.303241292237187765e-01,5.883216691967214640e-01
-8.024545535794185003e-02,6.386842486331232305e-01
-4.154323262229692171e-02,2.265926432405331870e-01
1.690522707226913834e-01,-2.618433764776896266e-01
4.688315751433465572e-01,7.482125621413045213e-02
5.185501273632708852e-01,6.417367095448357484e-01
6.676177931667996376e-03,5.402617221893584176e-01
-3.874082514893916196e-01,-1.201619150933247587e-01
-1.416440094569083041e-01,-5.438462092138864890e-01
6.369457154683307032e-02,-5.953089756746198224e-01
-7.089051230330742359e-02,-2.718478487164179280e-01
-1.300103651600062749e-01,4.614874672595173366e-02
-4.916025440045601602e-02,4.444225562796020462e-02
7.612826440761905067e-01,5.669947967696407215e-02
6.598942300411445583e-01,3.002475890353869525e-01
-1.765334269000608802e-01,2.482545866478657048e-01
-1.828829502624424244e-02,-1.776914285351726963e-01
2.132914111627019771e-01,-5.851078511802978444e-01
2.509580511800593161e-01,-6.332617744966770879e-01
7.300300127265405004e-02,-3.714813134487223723e-01
-5.032047486090891475e-01,4.735097189378051352e-01
-7.981431469169204540e-01,4.162784632424340048e-01
-4.659634547706649754e-01,4.438275696544496940e-02
-6.957082701872457919e-02,1.708559621103737935e-01
9.333770575098350453e-02,-8.243603595254478389e-02
-8.151248280523863687e-02,-9.643747380859125640e-01
-5.843177483759254276e-01,-1.484094076810955176e+00
-5.810358872089441684e-01,-1.637516219028882558e+00
-4.211015462008634025e-02,-1.650447238180003717e+00
6.754398100786734860e-01,-1.345776739341844719e+00
1.000952776421495827e+00,-7.897850279237615956e-01
7.101472863683973014e-01,1.556819816594313781e-02
5.039410449226154887e-01,6.155861008878761309e-01
5.486916059198886364e-01,3.038438284907291065e-01
4.097487633461854295e-01,-1.534550258222842911e-01
7.402661899559795367e-02,-4.321683836175685411e-02
-1.305535470423629107e-01,4.277445016239684872e-01
-1.142007393239369284e-01,7.800881855690003919e-01
-3.253404904311881785e-01,6.985426838550757855e-01
-3.601463487210362913e-01,1.158278044844473831e+00
-1.724318281611031400e-01,2.076668294408824167e+00
3.051998956289025955e-02,2.166150362911567040e+00
-4.347063793106078350e-02,1.500263098202411438e+00
-1.501100218016582666e+00,7.649589453208871515e-01
-2.182243553045877249e+00,4.704347112636881323e-01
-1.486698885614769594e+00,1.408600759707151207e-01
-7.904071725158730022e-01,1.940840773573410116e-01
-3.824754675046772578e-01,4.986963112192938641e-01
-1.142007393239372337e-01,7.800881855690001698e-01
-3.253404904311881785e-01,6.985426838550757855e-01
-1.354717205086846399e-01,-1.775630774280420598e-01
6.369457154683307032e-02,-5.953089756746198224e-01
2.578119292228498588e-02,-3.437037691603405665e-01
3.027797270450861139e-02,-8.241248316820223851e-02
-2.554615197531712179e-01,6.062799483314990079e-01
-6.187230429922305763e-01,3.092546000593835442e-01
-7.978228677409242575e-01,-7.045211993049628196e-01
-7.254839749002931493e-01,-6.847443693395492970e-01
-4.496217844035562683e-01,1.821138526484491482e-01
-2.955195130749865839e-01,5.845392884801636768e-01
-3.038796734211096084e-01,-5.815457378450990950e-02
-1.142911846463591924e-01,-5.670064321687182662e-01
2.548344573527551726e-01,-5.457184774041204944e-01
4.758900193483660002e-01,-2.067044892857051730e-01
2.796214455435337420e-01,2.463921608383455308e-01
-1.142007393239372337e-01,7.800881855690001698e-01
-2.954399575391878363e-01,1.379323445163306738e+00
-1.724318281611031400e-01,2.076668294408824167e+00
3.051998956289036016e-02,2.166150362911567040e+00
-4.347063793106093615e-02,1.500263098202411438e+00
-4.834402160025355610e-01,3.420727502609108295e-01
-4.429185584117663610e-01,-1.224176301048664484e-01
-9.997468192353135830e-02,-1.239358781148889727e-01
3.187370159172381867e-01,-1.345279749095994737e-01
5.068982781619659761e-01,-3.880487517625448302e-01
5.674698163112148475e-01,-5.806803525726044191e-01
3.783223912125043276e-01,-1.993733603017003586e-01
2.388778687031019865e-01,3.311899317465820669e-01
3.832687804277059018e-01,2.451018951251184297e-01
2.125602083623345517e-01,-7.986591324356083765e-01
-1.661587225985200131e-02,-1.818196084071346474e+00
