2.682904776229912525e+00,-2.007006251936418462e+00
1.737724567235898077e+00,-1.455942737127448039e+00
4.237833599716585575e-01,-1.132192291491909808e+00
-2.782567742694811996e-01,-5.081391485433949251e-01
-5.209913253078209960e-01,-1.366576277100559900e-01
-3.299867095502015402e-01,6.858308492161042658e-01
-4.178025058779770151e-01,1.313432031289791579e+00
-5.487433006896461629e-01,1.549309901704386760e+00
-6.607319500470263396e-01,1.604563971611731032e+00
-8.077913641299235836e-01,1.226940163123984906e+00
-6.585262753690639403e-01,1.075233956238154986e+00
-6.761340580325380101e-01,7.371216848239249275e-01
-5.848049366081907730e-01,6.465862407353317742e-01
-7.050286357762926004e-01,5.841770980198177643e-01
-8.381592812099183387e-01,3.891268475069048494e-02
-6.916139130358371911e-01,-1.701967677621470387e-01
-4.155670245879438118e-01,-4.617067177585315041e-01
-4.842697551578969278e-02,-2.150873986453483155e-01
3.169882014835315176e-01,-9.245532761471733640e-03
3.593410827240162142e-01,2.897430384732558317e-01
4.039860246385256204e-01,4.541785232188726984e-01
2.652324768387259724e-01,6.788480394195460788e-01
3.048802001564142328e-02,6.211804579268995763e-01
-5.250096145745917209e-01,3.508527659526090581e-01
-5.748910818454953109e-01,8.361582815430308735e-02
-4.491988703056651322e-01,4.682953441018606472e-02
-4.855753457858043125e-03,2.080141944132670173e-01
4.849929644945766977e-02,-1.644968078476199413e-01
1.532680364228370673e-01,-8.318747900904214232e-01
-3.708364240714392968e-01,-1.192788697786321794e+00
-7.026081200409436400e-01,-1.227970642019416081e+00
-1.399449321658451595e+00,-1.293952848667345723e+00
-1.255241740157968078e+00,-1.771070307252067710e+00
-9.043376975285624120e-01,-2.228831823967931225e+00
1.046028699950406551e-02,-2.250041216503646968e+00
7.414077377266432567e-01,-2.032776179754341328e+00
9.466113228285856218e-01,-1.845398803991475711e+00
1.107269670078578239e+00,-1.776752648636428900e+00
1.786925839417121464e+00,-2.585233636684055814e+00
3.005644737457824789e+00,-3.685553295309532462e+00
3.767810977547161322e+00,-4.839067120023683444e+00
4.283749657261398447e+00,-5.562707915266201120e+00
3.630469246376659687e+00,-4.870914572821850363e+00
2.378603860601815612e+00,-3.578987685454805501e+00
8.326022469659312142e-01,-1.329510416372092330e+00
1.910968657543904436e-01,-5.995811074058302603e-01
4.654080500392961950e-01,-1.188944607644111917e+00
6.232622672863173952e-01,-2.378721251105045287e+00
6.210984470497579180e-01,-2.779929921305770435e+00
1.232685614492260218e+00,-3.856338388317752663e+00
2.239476726142858976e+00,-4.838095296805232870e+00
3.521984510541045221e+00,-5.947222189471975895e+00
4.910674326610676488e+00,-6.331294774869075326e+00
6.006213813575111971e+00,-6.207644905107940758e+00
6.477725425236822154e+00,-5.684425565418347759e+00
5.863012658084832296e+00,-4.565717288484593794e+00
4.207909093682199675e+00,-2.989683271694011157e+00
2.507302238121018156e+00,-2.076997752033939992e+00
1.277444947570717915e+00,-1.517957618499027994e+00
9.499259170717582190e-01,-1.338807215229979031e+00
8.405101551115613523e-01,-6.412491064930969653e-01
7.262571225411830200e-01,5.601690519202682378e-02
6.984769150117471348e-01,2.411982202351222737e-01
5.386721975996633383e-01,5.306074528429004511e-01
4.257484518224489145e-01,5.427269464620141370e-01
3.222477858983011645e-01,7.575440500286291234e-01
-8.286827217063200135e-02,5.265075510299436212e-01
-7.004941941251549009e-01,3.099478550901544338e-01
-1.143825624162487120e+00,-1.182824767586281300e-01
-1.583768689857280476e+00,-3.134908896462925143e-01
-1.404666588558391771e+00,-5.167543782622635584e-01
-1.346967044532180191e+00,-3.666368503256981493e-01
-9.243871193941045616e-01,-3.885773260980576738e-01
-8.324180327824164394e-01,-1.504752128745960593e-01
-4.047694544894281377e-01,-2.504832388089994200e-01
-8.828356889124258644e-02,-1.175865678428784089e-01
1.800857524823007982e-01,-1.934158586187058881e-01
3.779234641806075157e-01,-1.039850759243040601e-01
3.997809669832442792e-01,-1.396604458442324004e-01
1.393320111734223654e-01,-1.249103323644675245e-01
-4.200885002801980628e-01,-4.459448440582911011e-02
-6.648922096722463815e-01,5.051452129678659503e-02
-1.084639282725641474e+00,3.495375074600780198e-03
-7.103168862202472456e-01,2.544798848828661586e-01
-4.134827100552433965e-01,-2.945114648224874121e-01
5.055629371333145716e-01,-1.331216691286577269e+00
9.831155840517179501e-01,-3.223533738468594478e+00
1.347837520111370591e+00,-4.692568143734378694e+00
1.641978761996398806e+00,-5.954428449842306570e+00
1.761509476199375035e+00,-6.553738845724004669e+00
1.829185488889550459e+00,-6.362602868402836620e+00
1.456194083422234664e+00,-6.132570569090002088e+00
1.342399161659370899e+00,-5.527498046044646784e+00
1.058389199513551926e+00,-4.650983494653145200e+00
1.350737944487108155e+00,-3.863874602177856943e+00
9.711407144139539982e-01,-2.476108884508037900e+00
1.467183964711939570e+00,-3.373470403710151277e+00
1.583275782932457298e+00,-3.375891729802546593e+00
1.876827031687383185e+00,-3.834897508130195476e+00
1.927189616091452118e+00,-4.509688198020411320e+00
1.927189616091452118e+00,-4.509688198020411320e+00
1.631929170761140524e+00,-3.605685219463529823e+00
1.294232487507246621e+00,-1.723546584214482813e+00
5.933375127566965501e-01,-3.258108065013547994e-01
1.683069673648042441e-01,5.751309079341522246e-01
-3.049399107655018787e-02,6.727673105552830490e-01
1.129618123974100441e-01,6.406177667239759677e-01
1.171309150687765838e-01,5.903330586045741901e-01
-6.521605990464608704e-02,5.744075987288717045e-01
-6.199846045176943266e-02,4.025133913903496952e-01
2.201998456876623142e-02,1.529768558135177481e-01
5.862088590881011640e-01,-2.027559700553871747e-01
8.351325846824106947e-01,-1.755776302604454275e-01
9.963639137947589708e-01,-2.538097726690959899e-01
6.232383210735044088e-01,-3.090713544383867362e-01
3.786734218036645894e-01,-1.938083333291366894e-01
6.428350894450212127e-01,-6.993666948372744274e-01
7.575035097513262983e-01,-3.765620764662964692e-01
5.952082120275230537e-01,-3.013832131057344044e-01
4.459118581646825258e-02,3.460250772601888847e-01
9.638318651980473661e-02,1.064259730779061955e-02
2.248801276561522289e-01,-1.054422076284568660e-01
2.721814236999054448e-01,7.862321249739687504e-03
2.676956796264473581e-01,1.714903604113071633e-01
2.166703844220310982e-01,1.246882639303507623e-01
6.624880493005141924e-02,2.329686134661741737e-02
9.743894723550671974e-03,-1.743645166549843695e-01
1.225992936879866241e-01,-6.324072061442521653e-01
2.115637877622588703e-01,-5.919302455851244149e-01
1.847828729122638347e-01,-3.910809523316589598e-01
-5.071309406387743829e-02,1.968304469597077222e-01
-2.549099224938731201e-01,3.546132386811508275e-02
-1.221824735452927829e-01,-2.030074623281584445e-01
-1.702035678119758755e-01,-5.360957655854752257e-01
-2.770321382487994089e-01,-4.438620616136414454e-01
-7.165915372495621494e-01,-5.154260640979992786e-02
-1.127172791771809734e+00,1.081370872169571257e-01
-1.387692873442539776e+00,2.455320028026168055e-01
-1.530672291465486889e+00,-2.929805957226331858e-01
-1.254167484444239422e+00,-3.114911712744158900e-01
-8.257460417024833355e-01,-6.685713149735453831e-01
-3.524461368157869590e-01,-1.865063452247133768e-01
-2.478088211002817676e-01,2.239825543856019674e-01
-1.868762695351401659e-01,8.388415849446942962e-01
-2.277390983931467106e-01,1.439451361071485413e+00
-2.627992049941829111e-01,1.854954787346437817e+00
-4.527769640764429671e-01,2.021007484028316981e+00
-5.487545573706655855e-01,1.882200011420911867e+00
-4.123464948704721467e-01,1.753528360025788047e+00
-2.730891165210998506e-01,1.148836462731761765e+00
-2.143325597388359705e-02,6.995689228336262611e-01
2.029020226297871543e-02,1.614821601860343681e-01
1.300685178842897194e-01,-4.255761829162663795e-02
4.057355797420556659e-02,-2.934567694375591063e-01
-1.250884793169762255e-01,-5.073794141278803460e-01
-2.830206858856912366e-01,-5.055979872994050828e-01
4.972675925311155765e-01,-9.985357039405035051e-02
3.563368844543044922e+00,4.771985488727727431e-01
7.561164174560334850e+00,1.033285060704178138e+00
1.227647376132660995e+01,1.207365218878771573e+00
1.600623393410603512e+01,1.238508312286736635e+00
1.815796536367826519e+01,1.115784642860428111e+00
1.855326921418527419e+01,9.913909997816079400e-01
1.733647355770348852e+01,9.158350187588504276e-01
1.475434920175895215e+01,8.610496283721059685e-01
1.137629413519912980e+01,7.660718453921631088e-01
7.435547715923490841e+00,5.281838047697585692e-01
4.402215276441262759e+00,2.808751522791937960e-01
2.127729816314287259e+00,-6.529894738976874113e-02
2.127729816314287259e+00,-6.529894738976874113e-02
1.382644954229213852e+00,-9.974159877867835866e-02
9.839114544791948136e-01,-4.856586365019600893e-03
-1.836150278397390145e-01,-7.708434264628855059e-02
-8.788709094042151948e-01,5.619795278812009243e-02
-1.048077965676542433e+00,7.379676111586784548e-02
-1.418193876211935267e+00,-9.419132405787546125e-03
-1.129258727402679519e+00,-1.924996365648016516e-01
-9.027398334681856484e-01,-2.349659462511838881e-01
-8.216630998339846670e-01,-2.442199327531195951e-01
-7.397731867492933766e-01,-1.879079517750931461e-01
-5.804686924460868980e-01,-3.060547503392485602e-02
-9.535774012867767602e-02,9.055637103020026946e-02
-3.503240140281371762e-01,-2.051939023499963974e-02
-4.461472021816370592e-01,-1.865771781462210732e-01
-7.492994306189139087e-01,-4.272373426205090530e-01
-8.547697261407751768e-01,-5.662757985805983996e-01
-9.568331676635796201e-01,-5.156043833515611130e-01
-8.388551238477344185e-01,7.822485537882722939e-02
-5.967830016435864415e-01,4.928416591647158951e-01
-4.656372168868482264e-01,8.732364292036721709e-01
-3.264061832749407532e-01,7.267321647860530698e-01
-2.484742606712971591e-01,9.022958510710903379e-01
-1.219572427526040559e-01,9.690596331689471654e-01
-2.445176172079952248e-01,1.110331759555253761e+00
-1.066009222644151766e+00,1.080361199442994913e+00
-2.077770701611448612e+00,9.241527636273322299e-01
-2.848896685889999336e+00,5.635071828864767207e-01
-2.971320597609807379e+00,1.632637652452448851e-01
-2.606738064735275806e+00,-1.561273086330023929e-01
-1.811124664852272081e+00,-8.383180575259159550e-02
-1.121457534017370472e+00,1.826874468543899510e-01
-4.909707444460527093e-01,6.224978582245157543e-01
2.617479338587517801e-01,8.657958336240094699e-01
1.107074301646354231e+00,1.149624312665779691e+00
1.170768003319325512e+00,9.188045318893145463e-01
8.496048500227300071e-01,5.501875100179821620e-01
1.257506118762488356e-01,1.520515456051461101e-01
1.155247236571426556e-02,9.238652877553109322e-02
-6.057742967950759116e-02,-4.500910874309462240e-01
-1.164914461805046514e-01,-1.175452730620196951e+00
-3.824665846851808132e-02,-1.840598907143011553e+00
1.556295320206906307e-01,-1.907749236020229278e+00
5.443481789443016527e-01,-2.173489915243802084e+00
7.670408517424525119e-01,-1.849967798485262938e+00
7.725952423347732800e-01,-1.524615585039533983e+00
4.217867249099101490e-01,-5.827363715032471969e-01
3.024588268707434913e-01,-9.905550976098695393e-02
2.788560361715453073e-01,-1.463261884080329983e-03
6.594746084486440285e-01,-2.598918971837837349e-02
7.362342525307984387e-01,2.040861054575294087e-03
7.362342525307984387e-01,2.040861054575294087e-03
1.456411051305867010e-01,-3.455393990218841860e-01
7.930233013472370862e-02,-7.524491877532769601e-01
-1.649594242308353165e-01,-9.195039898657336730e-01
-4.996007299917280542e-01,-9.519385237063535676e-01
-9.143182169196162334e-01,-6.603228551754404263e-01
-1.368815110968301552e+00,-6.143888401997465998e-01
-8.659772704305068736e-01,-4.866432926373948642e-01
-9.754958890479259459e-01,-2.830788266870973846e-01
-9.354639466636882617e-01,-1.001996306265286740e-01
-1.122881223305657539e+00,4.340957480892276843e-01
-8.783309435133332954e-01,6.839304269080153098e-01
-3.982254901062937114e-01,1.064923625229465376e+00
4.159905031651930929e-02,9.361320294376070938e-01
4.498431721036622588e-01,1.023454562798769008e+00
4.498431721036622588e-01,1.023454562798769008e+00
4.438635722297396002e-01,9.846990542394054025e-01
1.466876826646092424e-01,9.402697179548008544e-01
4.924275405976049624e-01,1.015646920035786716e+00
8.576362468769869185e-01,1.573327200629817568e+00
9.063962874980169282e-01,1.263352384315994392e+00
1.328714881086080046e+00,1.709104787761205779e+00
9.013766139372266784e-01,1.022248623614326446e+00
1.058717059829357154e+00,1.496810207142605931e+00
5.584931088346227757e-01,1.723038738317559382e+00
-2.409860546301107256e-02,2.097782405401939165e+00
-7.900479505839983485e-01,2.231655596737939895e+00
-1.412029255408378203e+00,2.057350071624650223e+00
-1.807060585067233216e+00,1.488854658392113173e+00
-1.742465136724147712e+00,8.560856294330105865e-01
-1.571682175360029410e+00,4.674636851955322192e-01
-1.113845650570443269e+00,7.200304457264978808e-01
-7.648902333071986304e-01,9.085655601030229178e-01
-3.471218884506781510e-01,1.028606232114967600e+00
-1.877047367986446058e-01,5.636058955867564446e-01
-1.763383132953162333e-02,4.882114572736831470e-01
3.739697440031539144e-02,2.397079810298537172e-01
4.396293548315855643e-02,3.081850458177324836e-01
4.396293548315855643e-02,3.081850458177324836e-01
-7.491154345696665606e-02,4.635454928595008628e-01
-2.576628944206829641e-01,8.748656168674111555e-01
-3.847338335192918013e-01,5.031574149736245394e-01
-3.731624965062966259e-01,4.031460823582310171e-01
-1.306849238137297864e-01,-2.895086597709148335e-01
-1.033663119818613862e-01,-6.495766399809144165e-02
-2.255978402758182233e-01,2.719386590603478093e-01
-3.675791421809154746e-01,7.710806792551297972e-01
-3.471218884506781510e-01,1.028606232114967600e+00
-1.877047367986446058e-01,5.636058955867564446e-01
-6.091273613752625632e-02,2.457952290989598165e-01
5.571193399735244363e-03,2.974119063574522798e-02
1.213450457230476169e-02,9.892330961675084577e-02
-8.918889420233362675e-02,-5.416812417917719891e-02
-2.361586198669023418e-01,-3.148844288904688593e-01
-3.611637821963391004e-01,-4.859791749271368255e-01
-5.003393802211717478e-01,-4.315946361282838595e-01
-5.878281988939895175e-01,-3.619478020738486346e-01
-5.724033886264309201e-01,-3.965673166388228865e-01
-5.026972512485754496e-01,-4.091203781468199518e-01
-1.830908682801437037e-01,-3.208225693749920393e-01
3.336711739504041180e-02,-1.204787907007503073e-01
1.208193910454829767e-01,1.793471996132384727e-01
-5.140153280838379024e-02,4.422046713336844626e-01
-2.899931712672598749e-01,9.207984670363612567e-01
-4.871776388208814978e-01,1.336569672857365498e+00
-5.343159135100826740e-01,1.727369376522206457e+00
-5.396476100969976875e-01,1.817417951405508880e+00
-4.709840034030020606e-01,1.588645959877885483e+00
-3.727822260323568893e-01,1.314162284527052638e+00
-4.192512495258171601e-01,8.330323920438350571e-01
-3.104053603673546102e-01,4.578525546876283658e-01
-8.135235918300848246e-01,-8.131719496383471579e-02
-1.246053213999234410e+00,-4.005720645767291699e-01
-1.504754141107522480e+00,-4.506431962501066257e-01
-1.182140388042829393e+00,4.880052998767830941e-02
-8.884353168000092005e-01,5.326294246664249332e-01
-5.790437379346746738e-01,8.946598616707274187e-01
-2.629964964831311147e-01,7.391017523175399395e-01
-3.401194261354045234e-01,1.728538209796474101e-01
-7.720658260294970265e-01,-3.413617895222117310e-02
-1.227663157588503084e+00,-1.111517818406805580e-01
-1.202293154784518814e+00,1.972031116804092987e-01
-1.052541534607296603e+00,2.863664996699817888e-01
-8.562463150294409298e-01,5.726301791835038957e-01
-8.804664192238240705e-01,3.791058856537633526e-01
-9.223125972531788230e-01,2.008675490675446706e-01
-8.563130527387448065e-01,9.567472752834807470e-02
-9.087937299525793433e-01,7.210354202359856024e-02
-8.365811252322797875e-01,2.639630058814669278e-01
-7.781001861905132433e-01,5.641361418737094180e-01
-5.826345575368293561e-01,8.714362559127739605e-01
-6.152579693634686875e-02,5.976377548448221777e-01
5.168850529660252296e-02,-1.393347272948845632e-02
3.342065376898478712e-02,-2.816325719997407329e-01
-2.824956530904358942e-01,-3.959018732106415750e-01
-4.418623995799989546e-01,-1.316426333427749562e-01
-6.534751612614856375e-01,-3.106782615397179481e-01
-5.884509222292376718e-01,-4.177425409542698254e-02
-6.400921799844422333e-01,-1.945335452317104863e-01
-6.326078566503989808e-01,5.938664859402301155e-02
-7.870796362937902968e-01,7.454788844915822589e-03
-8.365811252322797875e-01,2.639630058814669278e-01
-1.104463902584017054e+00,1.920562112267203969e-01
-1.449568463060892265e+00,1.061816021296502349e-01
-1.404076669593898430e+00,-2.506828862120945300e-02
-1.933111174673833421e+00,-2.898447464353732794e-01
-1.575021676933634929e+00,-1.862828391378205939e-01
-2.562064970815755682e+00,-1.517075165892370014e+00
-3.168957328605912505e+00,-3.362432482505934850e+00
-3.723747657526318644e+00,-5.648572209542452427e+00
-3.407234034528038080e+00,-7.197417628233717224e+00
-2.502561999757759725e+00,-7.745416973676873873e+00
-1.081961701774815543e+00,-7.244546341895992114e+00
-1.163228787661934605e-01,-5.298379494550677471e+00
2.208750428449038350e-01,-3.091486616441693425e+00
-3.790994336229230877e-01,-1.096665902555136851e+00
-7.407534869390206556e-01,-5.168732501839851112e-01
-8.818279462424380988e-01,-3.573295665101550167e-01
-6.810790471210413921e-01,-5.293202958838083561e-01
-5.705722904141786733e-01,-4.823598038448414504e-01
-5.003393802211717478e-01,-4.315946361282838595e-01
-5.878281988939895175e-01,-3.619478020738486346e-01
-5.724033886264309201e-01,-3.965673166388228865e-01
-5.595015285043118958e-01,-6.445320270569310228e-01
-7.379765684764885147e-01,-9.758938886523371714e-01
-9.844462578144138609e-01,-1.382598764877493780e+00
-1.075941622128301800e+00,-1.714353342827496851e+00
-6.909582136499137217e-01,-1.649342933685456813e+00
-3.395152579406095494e-01,-1.373713981255587413e+00
-1.400889773921899784e-01,-6.214393094602370660e-01
-1.242515252421381028e-01,-2.842169987204095638e-01
2.826627680031970971e-02,4.152651554722890798e-02
1.221441721080235854e-01,-4.523488743485221120e-02
8.654221579987596280e-02,3.287287029266650618e-01
-7.300880250468817778e-02,2.131713799446203761e-01
-1.663350753761395351e-01,5.536365655346215942e-01
-2.441517980010347588e-01,7.422377972670720636e-01
-3.494808524421036400e-01,1.273729800263684542e+00
-3.063926263712439813e-01,1.249435090629958944e+00
-2.979169051742681096e-01,8.967016239239832265e-01
-1.360216737724159464e-01,5.389581057609617032e-01
-8.117299742408125296e-02,2.097178920381682909e-02
3.330450164285356229e-02,-3.074878028949584730e-01
1.705061156356585950e-01,-6.787565961582125995e-01
1.739256107156297582e-01,-6.074347901286045737e-01
9.889162883859696756e-04,-2.174044895568717495e-01
-1.311189567769167619e-01,4.032563907847171447e-01
-2.124288795139636643e-01,7.019246276219240910e-01
-1.872923500882754388e-01,4.179585316167150899e-01
-3.550184952438022457e-01,1.226956316558094479e-01
-4.789165126822823582e-01,2.951403540390666880e-01
-3.610369985863337017e-01,3.894405792711941872e-01
-1.775234240501789018e-01,5.437112204845772068e-01
4.666950569858559217e-02,1.872246328384360448e-01
1.712308987481743483e-01,2.607019551742308372e-01
2.791822353572739890e-01,3.349576843168374785e-01
2.353034052986910374e-01,8.361177174240566057e-01
-1.863620262285238874e-02,1.405941960371638100e+00
-2.627992049941829111e-01,1.854954787346437817e+00
-3.259604702462597370e-01,1.479339810338913708e+00
-1.487041836097766079e-01,8.984321785649941328e-01
7.581830466974676108e-02,3.205982359353760636e-01
2.250916706561069125e-01,3.718734750731578220e-01
1.160623847104784029e-01,4.841264401761041780e-01
1.362823013237358383e-01,4.072499791476608677e-01
5.071642036869355996e-01,7.333110767356777471e-01
1.052599975639597396e+00,1.058295194069433398e+00
1.272286758219093539e+00,1.452625153197127039e+00
8.651458480969516085e-01,1.173311029462534405e+00
3.502824050689243851e-01,8.578898086697311909e-01
-1.669051212939242079e-01,4.700465676433667750e-01
-2.367207581282505524e-01,3.782942031423088824e-01
-4.007261474535009915e-01,1.981577573467088738e-01
-3.908418161763753118e-01,1.658747742584964768e-01
-4.530899979064350047e-01,6.437775527672122411e-02
-7.308644532470166544e-01,-2.424638668343729875e-01
-1.119961952595522225e+00,-6.603098120483427147e-01
-1.119961952595522225e+00,-6.603098120483427147e-01
-9.740125765309538552e-01,-2.656752026495949881e-01
-4.375331730508352224e-01,4.767854711687390390e-01
-3.887766854490693480e-01,1.432788756099493632e+00
-3.911152682670263059e-01,2.022377486285646953e+00
-4.951310095648788212e-01,2.454985933238693629e+00
-5.120227354942159526e-01,2.167309311712310116e+00
2.978940236634466387e-01,2.235902709634304486e+00
1.370402979968482482e+00,2.515486233253495296e+00
2.362413433497344784e+00,3.132348469538313473e+00
2.642986282577662216e+00,3.317263169435706427e+00
2.105359498668547769e+00,2.791889856099274869e+00
1.298630487412477441e+00,2.151364129955645854e+00
4.710347322321077890e-01,1.155483123563316283e+00
1.333316045210148071e-01,4.367092424646172866e-01
-3.731437219632776081e-01,-3.734377854064250823e-01
-8.193344661536736684e-01,-3.972025601344715273e-01
-1.150971052873084099e+00,-3.966196439156221554e-01
-1.321706620430613377e+00,-4.195435223938732139e-01
-1.050979988412320099e+00,-5.481712951564913228e-01
-9.802663356739256262e-01,-4.088873079261036159e-01
-1.122926786598709814e+00,-3.841009698058243105e-01
-1.501073817372697405e+00,-4.317195484021241758e-01
-1.363420622826575501e+00,-6.698438214896764720e-01
-1.059108341707821088e+00,-5.662962324320679475e-01
-5.766767019541940709e-01,-1.891905373148536906e-01
-5.035862456001621856e-01,1.871496431858621634e-01
-2.456441924427262002e-01,5.158496386303199621e-01
1.392716437083935978e-02,1.057776938229022967e+00
2.835443792167758326e-01,1.507106533312742247e+00
5.476850840435188994e-01,1.854412224684839128e+00
7.243869099654783872e-01,1.775019073793124402e+00
5.872712969265047045e-01,1.312337418614279105e+00
5.313484943070183597e-01,6.478211345068451976e-01
4.429951080299686650e-01,-1.816901618509889904e-01
4.124332222602651865e-01,-8.132480154255686822e-01
6.474980036253273792e-03,-1.210119021035343412e+00
-6.452110452582852096e-01,-1.110671684420961203e+00
-1.156105004287653948e+00,-7.461748523921021281e-01
-1.144239853534296802e+00,-1.856671683020416283e-02
-1.169678951366353914e+00,1.377481415893801187e-01
-1.205952023928861250e+00,7.434383977693646839e-02
-1.504711331625709247e+00,-2.394925915500972502e-01
-1.550293044979268231e+00,-2.230921574841057131e-01
-9.730308818961751482e-01,1.571524314274903023e-01
-4.485547732391808595e-01,3.937540694120060247e-01
5.208204470822078158e-02,5.503585394949781495e-01
-6.970707946442399050e-02,5.602257999291289092e-01
-1.582457514816863753e-01,6.489142194645056705e-01
-6.791008898578253516e-01,5.017836770020949189e-01
-7.917141825469882210e-01,3.569116315475494017e-01
-7.568875483725058251e-01,2.055717278275596416e-01
-4.092050676561601041e-01,2.204044922843883397e-02
-1.602566120353974277e-01,8.730405319619300997e-01
-2.641706158924867279e-02,2.385028117317006924e+00
-5.318519252410706943e-02,4.372814400353075115e+00
-4.641918146600871875e-01,5.930538601495266349e+00
-1.137279663007304764e+00,6.889091085627918609e+00
-1.759804388283177312e+00,6.646782678034319325e+00
-2.457269352714855692e+00,6.286961348093651480e+00
-2.770546806552578456e+00,5.442043397891426437e+00
-2.703744783208958058e+00,4.641982490931707339e+00
-1.830953787750493778e+00,2.928110861605619508e+00
-1.010430739444144965e+00,1.234450020842167817e+00
-1.918413121527720033e-01,-2.916883586245849411e-02
-2.447105128549429132e-01,-1.232859076279287092e-01
-4.338882132752281406e-01,-3.316929109332232284e-01
-9.355303227849225411e-01,-4.844557740472475449e-01
-1.164820329928994314e+00,-7.822364119991204179e-01
-6.675227809017095781e-01,-6.198352425691058265e-01
-4.179722982664136333e-01,-3.458805443617419817e-01
-3.683441385096878351e-01,-6.064363951421812560e-02
-1.091378046378990163e+00,-6.607452369347541210e-02
-1.378090053182014385e+00,-9.104255070169105235e-02
-2.181066146587867571e+00,-4.144796370501099836e-01
-2.736674376837522793e+00,-7.798883021380142999e-01
-3.167669116218188918e+00,-1.026136419155190271e+00
-2.489279413298941979e+00,-8.242595416723561552e-01
-1.907573272127183639e+00,-6.911836856355533243e-01
-1.305820643923349733e+00,-4.933603889467989556e-01
-1.330851298127659010e+00,-4.896058465416098238e-01
-9.682259420559340413e-01,-1.514347586616112129e-01
-6.062653191739291181e-01,1.466221983762547587e-01
-3.971029340362380311e-01,6.961099496007278065e-02
-4.475457624240338772e-01,-2.359151576163750486e-01
-4.201976400052745420e-01,-4.538438003566820367e-01
-1.497199465195450385e-01,-3.443571509149172538e-01
2.233412643296984745e-01,-2.696569953207219594e-01
5.995345955025749296e-01,-1.976864270975016782e-02
7.526487120395062291e-01,2.908664684806590572e-01
1.136156916795154181e+00,8.127374056061456020e-01
8.048783301342309349e-01,7.492748926383391295e-01
6.172523233531267417e-01,1.067854183694601611e+00
1.008241972206944670e-01,1.192464050102631123e+00
8.484275997458576302e-02,1.486520324656066538e+00
-2.038852683995488468e-01,1.441969079120179797e+00
1.301525084817418410e-01,9.730037167509537621e-01
4.514476470343111725e-01,5.885972768211319428e-01
4.306412585610428501e-01,3.346945629692801294e-01
-2.869138647058522840e-01,4.161861466603060666e-01
-1.014432356396187007e+00,4.231282385654605571e-01
-1.544796394130759420e+00,3.537259124316176617e-01
-1.568241669199365917e+00,-1.722318942881271298e-01
-2.245574553692997188e+00,-6.927392437395482050e-01
-2.950241989932203879e+00,-1.482482292883133379e+00
-3.847832248996206239e+00,-1.810289154108696952e+00
-3.670358789491328544e+00,-1.900946677976200316e+00
-2.885073508602774339e+00,-1.392770584853664895e+00
-2.230315753766689557e+00,-7.307859000974556984e-01
-2.350734737327567103e+00,9.337665742869083463e-02
-3.512390311268778653e+00,6.218590040607655522e-01
-4.790581446527147236e+00,1.094226860629451847e+00
-5.763789701696665269e+00,1.233780534296396336e+00
-6.198448401916772710e+00,1.005514577993184444e+00
-5.909420019145196434e+00,4.843508976747571970e-01
-5.033562260199416549e+00,-2.894755453150583691e-01
-3.526178072391562335e+00,-7.547256317184528607e-01
-2.166227187078078043e+00,-1.148540066720819652e+00
-1.150758612922032187e+00,-1.285242129888049645e+00
-8.522503981367627324e-01,-1.468448980038340679e+00
-7.641691691753210725e-01,-1.292557463143624741e+00
-8.491340531158790839e-01,-7.564432230521876965e-01
-8.106720622172591817e-01,-1.043523125559090853e-01
-6.859597295347782397e-01,4.443173114157716319e-01
3.251540076385771028e-01,7.190190991730635028e-01
4.707678348056306139e-01,7.496327835095457637e-01
2.123539390129263738e-01,5.530923913283931626e-01
-1.387982177083345148e+00,7.888208480063049755e-02
-2.285757184688272048e+00,-4.880747589979572698e-01
-2.939242763861826369e+00,-1.045903977379998517e+00
-2.713247580135467185e+00,-1.131896511206113454e+00
-2.332104515518738541e+00,-1.019416052067077638e+00
-1.669452546393314307e+00,-6.866733766962428431e-01
-1.425022963287301714e+00,-3.376511237949318955e-01
-9.562390687746571416e-01,3.196504880820947858e-01
-5.639896265544949161e-01,6.068266149062018222e-01
-1.631134809622485082e-01,5.177513246515540457e-01
2.836336433456157144e-02,3.704340013252749864e-01
-7.693984648608093169e-02,7.316338578531309533e-01
-5.602643423982546500e-02,6.679288997001727735e-01
-3.041380463822755953e-01,3.044893751430912121e-01
-2.343044150568462658e-01,-4.983002313594386834e-01
-2.620021500938224945e-01,-7.164619582055323788e-01
-3.025002241337015896e-01,-6.488703282492785940e-01
9.509598941875292699e-02,-4.105830732707776987e-02
2.706691310840528275e-01,5.325353601291692440e-01
4.729930014609959876e-01,9.690031289191750608e-01
1.717019473192170076e-01,1.203727367655125224e+00
1.055893059102451653e-01,1.152486304995056887e+00
2.481466699316405358e-02,1.126949663821420478e+00
3.003159441273561270e-01,1.225771304785201909e+00
2.076681349349913663e-01,1.148608320072660449e+00
2.147642628496286843e-01,8.450155593613891680e-01
-8.732258523215533086e-02,1.951383860997250863e-01
3.824354173235969268e-01,-2.557698467241480977e-01
-5.432768104458558789e-02,-4.564769050429117181e-01
-1.815120472592937073e-01,-6.647423609056257732e-01
-8.005411400325103122e-01,-6.534459688051288406e-01
-1.281564215269825890e-01,-1.082706241090902299e+00
3.053345574496068582e-01,-1.507439375517218849e+00
6.934561421343976573e-01,-1.753023154856513166e+00
8.480714826855161315e-01,-1.537431975067585110e+00
9.667483006804356016e-01,-1.052109101135931146e+00
5.801655206056713920e-01,-6.852415388081904979e-01
6.422180204079104560e-02,-5.306966181017204187e-01
-9.343548387231271901e-01,-4.082970800162787350e-01
-8.289850069837173541e-01,-3.596447442832098051e-01
-6.227806727495693861e-01,-3.409493444189295452e-01
3.441403588237478689e-02,-3.453404342671227978e-01
7.614424038517517146e-02,-1.055197366070636383e-01
5.164733658829618879e-01,1.925037586099455356e-01
6.808454730393046495e-01,4.009324584372425671e-01
9.262463874792733476e-01,3.233230518525762598e-01
1.048420689409193418e+00,7.316276437174572544e-01
1.294576634856751784e+00,1.207080079429646791e+00
1.572306127804644404e+00,1.706865912313225708e+00
1.453187447099606677e+00,1.405484409568206861e+00
1.276839968990790108e+00,9.380700596880728881e-01
8.623281956973226636e-01,2.768332006721311300e-01
6.737210447439517802e-01,2.203483872087304285e-03
1.640154415744538019e-01,-3.089245694102353279e-01
-1.075145046950834321e-01,-3.396288944097840545e-01
-1.420902053541037990e-01,-2.993478226684947452e-01
2.202999725599073810e-01,-2.316028617559884872e-01
7.492230927811434071e-01,6.788652472690509532e-02
1.005967173911984425e+00,3.359063115748842643e-01
1.059334060298557034e+00,4.954382304542552240e-01
6.104268471591364209e-01,4.867931559956822918e-01
2.407141875949561985e-02,1.647624061247518201e-01
-3.877655508143255658e-01,1.863154327022156775e-02
6.062595002191602418e-03,-1.286526262884344074e-01
2.493452351410501699e-01,-2.285603553241030428e-01
6.811720366184691455e-01,-2.810323665446591290e-01
8.548809170945499414e-01,-2.597115313024194738e-01
1.178660156416213134e+00,-6.876142348637355114e-03
1.098426379325920577e+00,8.352497878436961065e-02
8.469608177498969548e-01,7.706020765437353315e-02
4.781603935750262102e-01,8.968575141855555932e-02
1.553281602317272969e-01,7.973739846477692628e-02
-5.753497520180156366e-02,-3.779058024760423989e-02
-2.098961514399907968e-01,-3.099633854189137727e-01
-9.279786228128543424e-02,-4.688443822788382898e-01
-9.498145008095408570e-02,-3.424228996718102769e-01
-9.498145008095408570e-02,-3.424228996718102769e-01
-9.498145008095408570e-02,-3.424228996718102769e-01
1.220705065110406218e-01,-2.438783508536748745e-01
3.301492443869679660e-01,1.609526878275895356e-01
4.239343876449217507e-01,3.588379829233992457e-01
4.301080678729358731e-01,4.311822351662490393e-01
4.256813032353131132e-01,2.876425332343879870e-01
-2.193012044939690944e-02,7.433345039666112708e-01
-5.141427644299340072e-01,1.300762845630184517e+00
-1.280893173450256883e+00,2.984347721423685318e+00
-1.559166527064109076e+00,3.571390433317441993e+00
-1.465962754194680029e+00,3.611263898072401890e+00
-9.487387436093580595e-01,2.361456604467206510e+00
-4.517219629691508476e-01,1.327683244063930124e+00
-1.755703956643061558e-01,5.633401647821866254e-01
1.745388508743014599e-01,2.484709009301225013e-01
1.745388508743014599e-01,2.484709009301225013e-01
1.745388508743014599e-01,2.484709009301225013e-01
3.302184400136510822e-01,1.045474358309736784e+00
8.303983280645795828e-01,2.449045382136371796e+00
1.500269810147282668e+00,4.172217173851956673e+00
2.189387076475568517e+00,5.876436045252376950e+00
3.172279767174665643e+00,8.036239221135334176e+00
3.957595120779044517e+00,9.993797397748318545e+00
4.380628484492441466e+00,1.165705237606273315e+01
3.945997001220256095e+00,1.221753977479437125e+01
2.917957573655293402e+00,1.173667881589525663e+01
1.673316880961493336e+00,1.026924075658322266e+01
6.262369980049452556e-01,8.131983368046107330e+00
1.696062451064930254e-01,5.603634749448759500e+00
-9.282292949844052343e-02,3.283370738105689135e+00
-6.129525337944694008e-02,1.416514138340080109e+00
-3.024142727400627728e-01,3.361230905561612969e-01
-1.139519704886314544e-01,-2.379339156764770646e-01
-6.815394436346938756e-02,-1.415804474687566983e-01
5.541879340337592108e-01,6.946648045616634626e-01
7.233005779610305330e-01,1.424774797211237676e+00
5.716122657506291782e-01,1.567218398714039118e+00
8.981422362828349326e-02,1.359406683901839052e+00
-1.418865045885866760e-01,1.007493096090047224e+00
-5.083993854464160522e-01,7.497494441116404618e-01
-6.794998025740227598e-01,6.168221563102778138e-01
-9.296411355040676838e-01,4.279178062110606806e-01
-6.381209686523509061e-01,2.857305309681827943e-01
-4.721708770120381371e-01,-1.313482497108278968e-01
-3.094631723724948213e-01,-3.151175329275171522e-01
1.412932583174723693e-02,-2.908429079647349424e-01
1.031854463459688648e-01,7.260605526403812737e-02
6.486508737611603737e-01,1.468703634893067544e+00
1.279703959595081209e+00,3.507061093748089053e+00
2.138918059537903371e+00,5.590068744904266751e+00
1.790621417094845125e+00,5.428709470722920649e+00
8.531904499302284117e-01,3.330715616005428981e+00
2.251834780947857204e-02,1.722853092216164450e+00
-1.415961652712057484e-01,1.326548486390411341e+00
-2.866322430489326445e-01,1.812488514973601972e-01
-2.134069287147598026e-01,-5.056134135723594492e-01
-1.255122755848909477e-01,-1.034600479933866835e+00
1.793894746282437194e-03,-1.286879444643337367e+00
1.792910664834247714e-01,-1.308074754821992425e+00
3.977410568588121142e-01,-8.415812073603949894e-01
7.460168674753255846e-01,-1.220098509004739901e-01
1.307476842772046677e+00,4.770537866992251574e-01
1.647750137548072979e+00,4.373449092395880200e-01
1.771180856820802063e+00,6.596289235201285850e-01
1.489987223359934498e+00,9.748327525826090412e-01
1.185044799060097631e+00,1.666951327612057998e+00
9.377061288126322669e-01,1.786821331512969957e+00
6.133277194753500305e-01,1.616185054178302938e+00
3.674103320647904014e-01,1.086245324600549234e+00
6.959002666642333246e-02,5.440082604930090993e-01
4.226245391088888359e-02,2.835018438824629117e-01
6.922166999768632895e-03,2.073481910526452088e-01
4.226245391088868930e-02,2.835018438824621900e-01
4.903953833661588504e-03,1.073729962161709822e-01
1.553281602317272969e-01,7.973739846477692628e-02
6.154864218921785729e-02,4.702675148121310961e-02
2.834025763957386326e-02,6.354860551882633990e-01
-1.780654851053799781e-01,1.406390710366728580e+00
-2.522109412131063877e-01,1.979569252605900997e+00
-4.144219285235818395e-01,1.906217194529810310e+00
-5.202228615977698700e-01,1.187315176773094505e+00
-6.196708509547564914e-01,3.472293666905230669e-01
-5.133424805190329732e-01,-3.857841743724496064e-01
-4.128070182393275278e-01,-6.300596084700459398e-01
-2.341905838302897058e-01,-3.301188209920056238e-01
-2.260091298618832345e-01,6.345357668494758241e-02
-3.823795235518314684e-01,1.174381556983071784e+00
-7.273488042201520232e-01,1.526296200999692543e+00
-1.121816988717170949e+00,1.422995379432786311e+00
-1.100828056473142968e+00,1.051572385059856840e+00
-6.724361907691984719e-01,9.099140958071397778e-01
-1.414618376392429155e-01,1.139566067940769978e+00
1.510285663953425950e-01,9.907989442540506841e-01
2.495808998545216983e-01,1.044230354612698530e+00
3.536449525617565981e-01,1.106978951822397805e+00
3.924021098994807666e-01,1.195181238004158875e+00
4.096634357319244857e-01,1.047357223120810144e+00
2.974064805079792428e-01,8.130011222000977922e-01
2.636889660234537081e-01,5.959485425488728616e-01
1.172442240123766494e-01,4.039694809071269765e-01
1.233756417766060515e-01,3.036495488783937380e-01
1.872694678135389257e-01,3.326381241284031010e-01
2.559259045465899218e-01,2.715095899582583572e-01
1.003908370054542448e-02,3.945817126667885977e-01
-1.211202459431555273e-01,6.762030025477385742e-01
-4.377935223045578139e-01,1.015815432569106891e+00
-4.377935223045578139e-01,1.015815432569106891e+00
-5.883495156462236197e-01,1.011063359402069262e+00
-4.325464827756697606e-01,5.925311202879162131e-01
-4.438893699023855888e-01,9.514894282989573293e-01
-3.035335502642879102e-01,8.440394882425571454e-01
-3.151030716244277441e-01,7.618563567398412006e-01
-3.853905024044408933e-01,4.434432828303033203e-01
-3.853905024044408933e-01,4.434432828303033203e-01
-5.361087885312445511e-01,4.794431661705476078e-01
-8.290845149202528130e-01,6.803718424262082953e-01
-1.163332575488117637e+00,8.780443291833359698e-01
-1.169536959222634120e+00,1.142480289857801035e+00
-9.959926469041938679e-01,1.326565534218522524e+00
-4.979417160161488387e-01,1.259611826485995900e+00
1.443693518624030239e-02,8.286266304273726124e-01
3.105469100133335103e-01,4.229054468710434778e-01
-5.734844439214561301e-02,2.255487485207399168e-01
-5.573363954534049647e-01,3.710415095007895681e-01
-1.031189227360323368e+00,3.771831801385891469e-01
-1.209833975307067711e+00,2.578892682883088261e-01
-1.052085692175768417e+00,-5.678390452690541129e-02
-7.289842595065171293e-01,-1.649317673757031144e-01
-1.251312041663475705e-01,-3.583708707979739172e-01
1.881705294697693376e-01,-4.565858555800074159e-01
4.594914585781555427e-01,-6.344199201761357987e-01
5.535751016815751990e-01,-5.660488483115423408e-01
6.720936894223685787e-01,-1.203623229972407283e-01
4.484117066664807805e-01,7.000921013294379713e-02
3.859316604059824241e-01,-6.618682133156694736e-01
2.551507847379878013e-01,-1.247983399343278066e+00
3.223807383717225417e-01,-1.267181829454046893e+00
2.845588313827910887e-01,-6.340129553900848425e-01
-5.838965428498434085e-02,-5.306189718099543207e-01
-2.223038182029726528e-01,-5.822733790903722451e-01
-2.640291233128401194e-01,-7.250981232155706557e-01
-7.970704087522939574e-01,-4.554305614589529982e-01
-1.212666203320344804e+00,-2.355568548333559220e-01
-1.761051749225637453e+00,5.417225576993637409e-02
-1.675774564727232407e+00,7.324785975194327003e-02
-1.681906971582825872e+00,-6.445041351760193334e-03
-1.394761339168661074e+00,1.066420043212257251e-02
-1.021914518688077367e+00,2.303389901703075948e-01
-7.699128314606061840e-01,5.344844591504813724e-01
-6.372092773666823140e-01,8.638610035213251104e-01
-4.842613574620423522e-01,1.482989489256294480e+00
-3.605767801142921725e-01,2.036919022987684791e+00
-3.005655675068970023e-01,2.161888547613547651e+00
-4.435051522086470022e-01,1.619371616731737351e+00
-3.825686837704179721e-01,9.590381797339351255e-01
-2.021302532218033354e-01,1.338353491438713794e-01
8.271250880178893095e-02,-7.499813204290502189e-02
1.867890731613114086e-01,-1.413289806630207424e-01
2.022151955428726777e-01,6.257214263075984439e-02
1.813227848360070005e-01,2.002721296287764408e-01
2.430567868629932848e-01,2.295272539240463539e-01
2.456828835418582713e-01,5.084796035785066337e-01
3.532101152825427026e-01,4.238287192938130499e-01
4.667830689269977240e-01,1.614380815652657897e-01
2.754600264881415517e-01,-3.311081577736414983e-01
-1.638658640918113085e-01,-5.141164716798568568e-01
-8.865635737734349764e-01,-5.263980744687707380e-01
-1.649760596637674714e+00,-3.874556285270577827e-01
-1.949154498234042299e+00,-2.475065108506383782e-01
-2.181828290159534056e+00,1.037201333454794261e+00
-2.016537526540461922e+00,2.699238464212607269e+00
-1.975918376369975249e+00,4.245802103690864193e+00
-1.541254721792409077e+00,4.912601250927548513e+00
-9.255806473656831290e-01,4.650020827320187067e+00
-2.165956570203666220e-01,3.463446959133656300e+00
2.638888452392740280e-01,2.116425639249873925e+00
4.625825057077829761e-01,8.380275181105081295e-01
3.308829064952555910e-01,1.392941327539704843e-01
1.253452145588125066e-01,-7.889362294987042196e-03
-1.322012170661936437e-01,8.984094772984420330e-02
-3.873781280528204030e-01,3.146411252664357838e-01
-7.012854795186344026e-01,1.717275965726856313e-01
-5.414980615498548033e-01,4.007550693120331964e-01
-9.744918442215435572e-01,-4.331928580549922192e-02
-9.470533533066087806e-01,-3.732363492152382944e-01
-1.211401511383277452e+00,-8.141903466478049856e-01
-1.491143378943783571e+00,-9.469406669735126458e-01
-2.152326853495220238e+00,-1.098575758275150749e+00
-2.807878728098660570e+00,-1.098501876138580968e+00
-2.861439948179768322e+00,-7.677537998418458853e-01
-2.491503910720757720e+00,-3.770314988152028701e-01
-2.025150858840710111e+00,-1.134656257257270762e-01
-1.557765745910807631e+00,-1.857586565371991683e-01
-1.027589086294517617e+00,-6.266006241459907145e-01
-1.382027663015094332e-01,-1.441974443344008039e+00
4.550490564496477153e-01,-1.501667831231078720e+00
7.255248356669117271e-01,-1.164291468743974045e+00
3.735238383278541296e-01,-1.578215080064089559e-01
3.707046972613478597e-02,1.493115734231460767e-01
-2.146791306743059125e-01,3.669228732526123027e-01
-5.251727486604588213e-01,7.257180120209609786e-01
-7.972658425379929303e-01,1.289085175146579498e+00
-8.395660146758259224e-01,1.276153280106288479e+00
-5.291945206282643310e-01,8.719656786182857777e-01
-2.346706007858620768e-01,2.753419483345736496e-01
5.345910474847409555e-01,-6.203292779873526008e-01
1.310368932474912818e+00,-6.879231873393261143e-01
1.256157448760305995e+00,-7.193260296074028837e-01
1.385401251534270184e+00,-1.610684179546868933e+00
1.304537417865043514e+00,-3.915871721378216819e+00
1.435209631254185769e+00,-5.013676509178679019e+00
9.496156975978204962e-01,-4.698454286768333432e+00
3.582901242728936952e-01,-3.079975341565270419e+00
-3.320310168580631327e-01,-1.597973541575816281e+00
-6.472766381253234336e-01,-4.414828066596587219e-01
-9.826968891784622073e-01,-5.736997672213234312e-01
-1.104708362068833161e+00,-7.642931415420215480e-01
-1.233740572376465172e+00,-2.505759132629120867e+00
-9.132536537124523734e-01,-4.461691733569331575e+00
-2.827523400562766964e-01,-6.805295765489547399e+00
4.142059186081891164e-01,-8.059889694037659424e+00
1.042247880716135944e+00,-7.894665315711451470e+00
1.510788653232732370e+00,-6.928308383210828758e+00
1.722717757171822850e+00,-5.437851065238275439e+00
1.666103993328443611e+00,-3.867907555784956486e+00
1.534982022330856566e+00,-2.497610504469328863e+00
1.268963229627090739e+00,-1.571628134773429997e+00
1.142604090956691243e+00,-1.566751739640342977e+00
9.259644908936408569e-01,-1.474765745102352810e+00
8.272402863262916517e-01,-1.618054972585817763e+00
6.387755511030386302e-01,-1.553298133370256684e+00
4.890059259574630057e-01,-1.358814861550062592e+00
3.928495476588674817e-01,-9.979392524527038733e-01
2.911810765685093338e-01,-5.497028873429427032e-01
4.742361333333924844e-01,-5.839764276259328257e-01
6.171222012953737623e-01,-8.072991436420494660e-01
6.370298215451724033e-01,-8.770389546818400106e-01
5.004605451866416255e-01,-7.337389180138124134e-01
4.461675586135942506e-01,-5.857280049095572316e-01
4.443881203027971183e-01,-5.351179411605645475e-01
2.191610673432557721e-01,-5.300838906037275144e-01
1.253772427959564881e-02,-6.649209743025110697e-01
-5.224724249823730071e-01,-8.290876983499654296e-01
-4.668420582422779797e-01,-1.197928284610990435e+00
-3.621056347991408880e-02,-1.454380682092463850e+00
6.200650965076852650e-01,-1.841854369272077685e+00
9.603300440120078330e-01,-1.936389702788893441e+00
9.603300440120078330e-01,-1.936389702788893441e+00
7.654007025296155620e-01,-1.289559171129270654e+00
4.482258396556141333e-01,-3.025473380126066369e-01
2.760418038123972351e-01,2.991334964119038986e-01
4.020768262287846007e-01,1.394600614632664215e-01
8.090038400131167595e-01,-3.563354823483206313e-01
8.327850825625530140e-01,-4.578934093492262325e-01
7.286714519039024784e-01,-1.562128469950454512e-01
7.195383371725579125e-02,4.459804582728836286e-01
-3.005535504156240378e-01,5.172968112307942956e-01
-5.558036307038666246e-01,2.045436623857270209e-01
-6.571636410422174723e-01,3.854581665827004622e-02
-3.977676197557793447e-01,-1.713250708746492657e-01
2.381496758276155368e-02,-3.531218612013397040e-01
5.742988484609155009e-01,-1.006664472117372533e+00
1.013134167933807506e+00,-1.128302232038932651e+00
1.293179234620884799e+00,-1.097233248295089725e+00
1.778490693624606989e+00,-3.459321983195953742e-01
2.026793457336705906e+00,4.136843593867709501e-01
2.271159989489936137e+00,1.000218734947488697e+00
1.711875466518701039e+00,1.036813032518846711e+00
1.828556979981714514e+00,1.008707926059891680e+00
1.993344454104696295e+00,1.120169894928773280e+00
2.488590188752713317e+00,1.363907105264793529e+00
2.170353412845637653e+00,1.505579011993657623e+00
1.425155474325207949e+00,1.469139867438880032e+00
5.326652962105206113e-01,1.442246349638805381e+00
-3.432663238035486564e-01,1.151122867199583233e+00
-7.326070657554281107e-01,8.474450292323285616e-01
-6.912136591233224436e-01,1.711262636675931759e-01
-3.607627347316476607e-01,-2.656242126571984885e-01
-1.945011572128949595e-01,-1.035875044808414636e+00
-1.641908650839541406e-01,-2.163226353984461170e+00
-1.292524551019014478e-01,-3.035699847531397211e+00
-2.783406644722500878e-01,-3.107326686614030109e+00
-5.331620314830924912e-01,-2.687967464090316394e+00
-7.950124013102318754e-01,-1.890201008420342443e+00
-1.007988443518674337e+00,-9.741187883944752990e-01
-1.037781092882949840e+00,-2.104098112337544069e-01
-9.473672329323494790e-01,2.960101182190049141e-01
-6.809218982477580617e-01,8.892878124319064659e-02
-4.543300514968677817e-01,-1.304591718968085290e-01
-2.736883774362922593e-03,-1.210010807760498297e+00
2.553869371068453464e-01,-1.032965972170654334e+00
-3.733065068942265641e-01,-6.486214227526764242e-01
-1.469012840220793148e+00,3.102925460997785212e-01
-2.492538263826399536e+00,2.261419519507491538e-01
-2.421875634842074021e+00,-5.091640894037904874e-02
-2.421875634842074021e+00,-5.091640894037904874e-02
-1.930676861990208604e+00,-1.066630878783767777e-01
-2.028841521901768807e+00,1.888066784696306732e-01
-1.588186428105594850e+00,2.189081162509456113e-01
-1.608641674647666608e+00,5.333079878118578421e-01
-1.393566860287059894e+00,6.196515174919956515e-01
-1.393566860287059894e+00,6.196515174919956515e-01
-1.342161774154540410e+00,5.605677397811905660e-01
-1.341807909122356035e+00,3.372709172324760973e-01
-1.468601181483572216e+00,1.678801245160891908e-01
-1.468601181483572216e+00,1.678801245160891908e-01
-1.090229654537419268e+00,2.573361140112933598e-01
-2.758062821772947482e-01,4.435721099225797270e-01
3.907757454173033662e-01,3.766138006674895067e-01
8.871748325774216903e-01,4.247249218563042272e-01
6.743067773492541495e-01,3.618883704821032055e-01
1.855258723662018827e-01,2.446777954823517731e-01
-4.307150658844081104e-01,-3.515566250084365962e-01
-9.426155982993154048e-01,-9.252512776733528010e-01
-1.025895731399036448e+00,-1.591600267535925095e+00
-1.053769172532280418e+00,-2.337300076920668879e+00
-8.654504073235566031e-01,-2.809612495096867946e+00
-6.421349239425229172e-01,-2.883187982750691436e+00
-4.362804186555273023e-01,-2.097421544211861111e+00
-1.948356627387801965e-01,-1.297383640243423786e+00
-8.637618217987932945e-02,-6.984547464984552922e-01
-1.190484183068823559e-01,-7.182504212844497138e-01
-5.951544937568719468e-02,-6.291814431895890181e-01
-4.306494840973056348e-01,-3.121661372216991692e-01
-1.962258785111851145e-01,-6.435034029615567530e-02
-3.345063594257857709e-01,5.568648107069565367e-02
1.073092791162091775e+00,-1.959052181346983001e-01
1.223760280141467982e+00,-4.290470392098065799e-01
8.839590569036370749e-01,-5.360043896203168234e-01
-4.367557731795428944e-01,-4.655929240006900782e-01
-6.213670407273379492e-01,-2.663580885077622695e-01
-5.932876464538404671e-01,-9.315559219429211946e-02
2.313734615331016764e-01,-5.415358807871984981e-01
4.383973444419206889e-01,-1.120221852811124075e+00
5.149655799701299275e-01,-1.091688812468574188e+00
3.563649805834153694e-01,-8.933360985621460193e-01
1.006442118217455023e-01,-6.862750757963745896e-01
-3.539031227631579957e-01,-9.309447931873000570e-01
-7.374606719804619459e-01,-1.394876741588920721e+00
-8.197437987717555163e-01,-1.026793910161174717e+00
-7.237366052566940322e-01,-6.478869623651165588e-01
-3.082571178894171759e-01,1.722741369809559497e-01
-7.687888506602609529e-02,1.276871054471722389e-01
6.150831071360998541e-03,2.904498070590504910e-01
-2.674312843528787176e-01,2.924669942521676558e-01
-1.924030336697977739e-01,3.178774528733431803e-01
3.738910370140167277e-02,4.274924848563340096e-01
4.634642954146886984e-01,4.332606075158036973e-01
6.907625872852641846e-01,5.577731330889380557e-01
5.965399955090495698e-01,8.056996756645907753e-01
1.861872187931435108e-01,9.037883140654231484e-01
-3.079019005812546617e-01,7.878404270059432557e-01
-4.727493891541549309e-01,5.594606993620868662e-01
-2.403371653152192311e-01,4.883153543321840373e-01
3.409840788343076468e-01,5.825700959389108480e-01
5.312163024358499408e-01,4.858158591532957260e-01
4.590050874118385971e-01,5.448050017282808355e-01
1.682041109415299742e-03,3.743864318089745735e-01
-5.334056220127761927e-01,4.453358992138826133e-01
-1.139473396480826572e+00,3.029334546794300032e-01
-1.731990642120253110e+00,2.302013425354854648e-01
-1.779413009103190557e+00,2.737534185454655600e-02
-1.305113977126164615e+00,-1.236341672336041531e-01
-7.314778824090752973e-01,-8.555227909976756417e-02
-5.296230991000084876e-01,-1.219070364655168159e-01
-3.424937963137570374e-01,1.188548861579323684e-01
-3.869635519305126281e-01,4.596640533911063725e-02
-9.671899902643031621e-02,1.938493886822360568e-01
-4.413427965961772004e-02,1.596486565654001710e-01
4.309744840032114777e-01,2.363905163823385724e-01
4.783574599892431722e-01,-3.554243848478793460e-02
4.090747055721279946e-01,-3.921545236261787526e-01
2.169709558958416717e-01,-5.448618799196878193e-01
1.172472348624419014e-02,-4.643190054167474212e-01
-2.029338048156023588e-01,-9.410547190498494419e-02
-5.120502049994336558e-01,2.828943598877007304e-01
-7.841109986010699195e-01,6.429668719568572000e-01
-9.854589316691684253e-01,7.031863616234891312e-01
-1.189682739776563469e+00,5.874198167097954837e-01
-1.323624271632926508e+00,3.287869527948955040e-01
-1.673218744301029126e+00,2.845858791551242328e-02
-1.880598187435900126e+00,-1.271438890934198374e-01
-1.781241495764117611e+00,-1.415233631621822807e-01
-1.066067345543454614e+00,2.870373967067808146e-02
-1.591961214754594178e-01,1.655074605598215176e-01
2.486200555337598761e-01,-7.069130281904877078e-02
1.890105266637131243e-01,-3.670695993991842099e-01
6.432229319989432592e-02,-4.282216829433361793e-01
1.280982327589514080e-01,-3.248106515472366507e-01
2.750666293221225300e-02,-2.671700246689553415e-01
-2.187353738873146214e-01,-3.657909584071483144e-01
-6.582845466760722797e-01,-3.890457283122953913e-01
-7.488416606883309123e-01,-2.678011539363110982e-01
-6.877881541530665999e-01,-9.432137071241993020e-02
-5.608112909211427910e-01,-1.127701104501721285e-01
-5.241920001340694135e-01,-6.818753524297188617e-02
-3.267593024767522780e-01,1.022047196825749682e-02
-9.938679728268927371e-02,2.729688979652821201e-01
8.574959796753453545e-02,7.266578437600310081e-02
2.071284396880667678e-01,-2.396349601174145028e-01
5.955379590774495524e-01,-4.174729515163203009e-01
8.741281255152439922e-01,-2.328063607651380817e-01
1.077085873042820330e+00,-1.893024304612408656e-02
1.121386543669769198e+00,2.510947397581033136e-01
1.101974370866192654e+00,3.886505169110447966e-01
1.068127481849890481e+00,1.966666989968456070e-01
7.584334495668134668e-01,-1.731839939989952282e-01
6.446943320374743935e-01,-6.175047605158556774e-01
5.585521812718725609e-01,-7.811133979555782147e-01
4.460996530099501367e-01,-7.281930426488607555e-01
1.347603052748444219e-01,-6.827127270012224303e-01
-4.438577272839286936e-01,-5.250205427912710832e-01
-4.690940974566404353e-01,-6.044374282281222976e-01
-2.251286483431656493e-01,-4.895790547103200940e-01
6.119506173041089347e-01,-4.316984404739444559e-01
1.308542663504994374e+00,-2.993775320083963964e-01
1.733809874569331555e+00,-1.556042153507526393e-01
1.587280734153782902e+00,1.073793168715388435e-01
1.291449072621374095e+00,3.265910706329556157e-01
1.036541196191004044e+00,4.876613958165198492e-01
7.472437391839004128e-01,7.566662218279673890e-01
2.211413130924263226e-01,1.031823331325614435e+00
-3.444994431089506426e-01,1.226014793894387944e+00
-1.041025222247516258e+00,9.415728196690883456e-01
-1.431451902078832772e+00,4.384887006620514782e-01
-1.225582233988144365e+00,-1.882328188291302121e-02
-5.332547796405403551e-01,-1.442442735117804020e-01
6.347802645101321972e-02,-8.948847309144063178e-02
2.520445834270281238e-01,-1.478633263916541776e-02
4.437056306095728542e-01,-1.745105106483829660e-02
6.107020484345421218e-01,-4.899868697664933742e-02
8.385319147347756186e-01,-3.816286819337547653e-01
9.737448929860930136e-01,-4.819038354811572833e-01
9.923524221166160064e-01,-3.460918619569870458e-01
2.080069493922659163e+00,-3.824942493138048377e-02
3.302347372498472655e+00,3.004471557156804598e-02
4.466677274597320668e+00,-1.750237523964573161e-01
4.100306593797530930e+00,-3.178570126879118329e-01
3.555621318171558798e+00,-5.050324472396073849e-01
2.599429222697620556e+00,-6.007769335020189949e-01
1.872250125734332471e+00,-6.268868205264941373e-01
1.043666051486479063e+00,-4.390930462032943682e-01
4.310668302656442963e-01,-2.346443713376466789e-01
5.720063906502362849e-01,-9.344477676610037087e-02
8.904365700588596777e-01,-1.870504909109278052e-02
9.527126210908057891e-01,5.627784854683479804e-02
1.132016629142200470e+00,2.548962058052147706e-01
1.114854844293674541e+00,3.317393707748806375e-01
1.046858518688161821e+00,2.683790512045006738e-01
9.118632304400998700e-01,6.735761933365363996e-02
8.575452265493407333e-01,-2.000239729869736360e-01
1.165102970095942325e+00,-4.571173303937822729e-02
1.323798230456573854e+00,2.044868331568317488e-01
1.285552459387211188e+00,4.875380679825863095e-01
1.350658338742160680e+00,5.791830773373023433e-01
1.317372882877531737e+00,5.123359454075194774e-01
1.252617235385041328e+00,3.295818459530716615e-01
8.236586797486998845e-01,5.521369474259443105e-02
2.650173442608655394e-01,-2.850100848503299700e-01
-9.122013365462183776e-01,-3.832370814327777930e-01
-1.838387957032621145e+00,-4.593492226744230189e-01
-2.214199946829431109e+00,-3.390579406881271129e-01
-1.853732909352947322e+00,-2.566988107682324216e-01
-1.114885763420203180e+00,-3.235625204856879683e-02
-4.331899247493760097e-01,2.253445564210065921e-01
1.252616297788014810e-01,4.037382570524508663e-01
7.025406159033158182e-02,8.287965542615177705e-01
4.662614613562695021e-01,1.172037858221925966e+00
7.503340700299373500e-01,1.392082127445338768e+00
1.086173582090616430e+00,1.213815459404192998e+00
9.236028954109265499e-01,9.150560467621949856e-01
6.640313582824929339e-01,7.025284445334019079e-01
2.511997722478432338e-01,5.016164382359645790e-01
2.692948024910816751e-01,8.220780232055577841e-01
2.398752871038241363e-01,8.645033843295917286e-01
4.133591067274975384e-01,8.508261352995395432e-01
1.989483982515128646e-01,2.785549855718875700e-01
4.211436077639433284e-01,2.380521511112742086e-02
5.993609584219369291e-01,3.391609102532397446e-02
9.725041806151296653e-01,4.788940227634659319e-01
8.951197811541962146e-01,7.528599334982611913e-01
7.036856126712046633e-01,7.108342782717086417e-01
6.245285888610291325e-01,6.359457955839684651e-01
5.707997946710035020e-01,4.063893651563783016e-01
6.845192911352713239e-01,2.193682155706134229e-01
6.360019968914901733e-01,-1.493262411545029644e-01
4.392339265268671578e-01,-2.453527344965910073e-01
7.665724651391025990e-02,-3.498366591423461569e-02
-4.703825696319527960e-01,-2.380810750394955419e-02
-5.882056886682432983e-01,-1.803982879229903136e-01
-7.313992253407080035e-01,-5.601131876702035717e-01
-4.201976400052745420e-01,-4.538438003566820367e-01
-1.497199465195450385e-01,-3.443571509149172538e-01
4.314194706374112620e-01,-7.777908697105699876e-01
7.492621921233425519e-01,-1.348524860779972467e+00
7.928682012802927837e-01,-1.688519646114214234e+00
4.903756260789521315e-01,-1.386041862963857119e+00
-1.101252444446665923e-01,-1.032313693699893342e+00
-3.339327374475579702e-01,-6.091731080800476539e-01
-1.008842893362352500e-01,-1.107346293045784247e+00
4.773966849877527285e-01,-1.639281370658940196e+00
7.894073890587437470e-01,-2.248441158770151826e+00
9.918772586971980054e-01,-2.385963865277884732e+00
9.035020573076982808e-01,-2.061644855028882173e+00
7.148615431184111024e-01,-1.684987626724473220e+00
5.842497142707565594e-01,-9.248666513045289417e-01
7.150726363249230166e-01,-2.876111524080444126e-01
7.741178185325153782e-01,2.306278568842466126e-01
6.078248598790498836e-01,3.251644968227789811e-01
6.764391037093246961e-01,1.720317330447151127e-01
9.919278360813321704e-01,1.163271376359914649e-01
1.037044059215128211e+00,-1.344337146185918324e-03
6.196270081282235775e-01,-3.084992209551723139e-02
2.259822864472767479e-01,-4.918472767997530276e-02
2.231823432592832876e-02,-2.060266147044059470e-01
-4.356841274896104954e-01,-4.128373201248268232e-01
-4.581502396969155400e-01,-5.267474974817883959e-01
-6.323810041351684008e-01,-6.588219542163116227e-01
-6.723932288980367655e-01,-6.429590405057890035e-01
-7.379995868695169436e-01,-6.841916265736027736e-01
-6.178044177672876724e-01,-5.791000833110303558e-01
-4.068947459149479529e-01,-6.167276746000228682e-01
-4.933256361190515582e-01,-5.462433218151371284e-01
-4.185277230395864634e-01,-5.740993850631018747e-01
-8.076449281609758835e-01,-4.813075105997773329e-01
-8.107284984237212999e-01,-2.946481231931989964e-01
-8.222549041526190372e-01,-6.351436008331769190e-02
-7.126441895284335581e-01,2.897045790090267969e-01
-9.857570308402899828e-01,1.878915206431883700e-01
-9.863326080479579705e-01,1.413475760927304092e-01
-5.529168373537248771e-01,-9.809550239842405872e-02
-1.193904632839289659e-01,1.373227852234201185e-01
-3.887602651360671513e-01,2.454428368135364025e-01
-3.929111572301888788e-01,2.648217493281028179e-01
-3.581883568823284736e-01,2.772948125377426853e-01
-6.826915146763309905e-02,2.565428671543027589e-02
8.780574343841643370e-02,-2.372446255013037075e-01
2.276778204544302187e-01,-2.736146456689499823e-02
9.336986243357625614e-02,2.694778660294450678e-01
-8.434399511754302192e-02,7.029565570092866089e-01
-5.327991854330829113e-01,5.123731947268156395e-01
-6.350233186866937052e-01,4.767337455741865737e-01
-9.330802693378477120e-01,4.348525966746763505e-01
-7.437945108444851128e-01,4.525198990105965269e-01
-6.192648979139079302e-01,4.156353594077493718e-01
-2.897819838104457313e-01,4.119078650824478660e-01
6.602235095854776248e-02,3.574384875493039071e-01
3.635185240583950206e-01,4.046153969101085046e-01
7.591776321477495815e-01,3.085152812308693607e-02
4.699968716950534975e-01,-1.038753759041850452e-02
3.386974878004160860e-01,-1.851530702656478400e-01
-8.455089504889820584e-02,4.020919372331478031e-02
-5.736753551545902691e-02,5.037787127230051315e-02
-3.651416311492991507e-01,2.096346975927689815e-01
-6.128848475414966357e-01,3.705768526816018427e-01
-7.842771807145360041e-01,5.260841230113111333e-01
-7.852169747889967688e-01,5.004133468947949970e-01
-9.225872398921920459e-01,2.033779589617878136e-01
-7.259412091370459619e-01,-1.372141110883667303e-01
-4.996861024472422086e-01,-2.948960689070690422e-01
-1.329843055574516375e-01,-9.544457706674371045e-02
1.046878291110863585e-01,7.660132712333955762e-02
5.915304287158783536e-01,3.186127645977311906e-01
1.076625418811139490e+00,4.815474970501967822e-01
1.330481082757107192e+00,6.640984645887499926e-01
1.231477324829910458e+00,6.581000263363026015e-01
1.043702629484330568e+00,6.497263799066982370e-01
5.965399955090495698e-01,8.056996756645907753e-01
4.656665960623176392e-01,6.498785051252252698e-01
2.930486265297713722e-01,2.678035269867205526e-01
2.578422071546659367e-01,-5.581422170899024149e-01
2.744192494962846562e-01,-6.385841134759330240e-01
3.494066722942857917e-01,-8.256615698778947410e-01
4.971672877939863344e-01,-5.866335833115829956e-01
2.852004552744956123e-01,-4.276935729608296599e-01
2.106983754236538553e-01,-1.679563800510757154e-01
-8.179270783722965288e-02,-1.696358444836027768e-01
-2.251419517990430608e-01,-4.853627698388683354e-01
-4.164868378387494019e-01,-5.910646033366327989e-01
-8.156861570404221329e-01,-8.698303003109775222e-01
-1.159086286082137596e+00,-1.121774476159536293e+00
-1.387749820260641087e+00,-1.255046847356197315e+00
-1.132068489075780837e+00,-1.050515075751127902e+00
-8.239806233734887631e-01,-7.592236180006471935e-01
-1.654619053504028381e-01,-4.916100497529651281e-01
2.282648408170920018e-01,-7.256487544073786378e-01
5.888739874388214668e-01,-1.028993078962139762e+00
9.194578904025357824e-01,-1.492617840988762490e+00
1.416183625149685543e+00,-1.765293358557557868e+00
1.779775907896393505e+00,-1.774187208180614705e+00
1.681555001092193802e+00,-1.423391709488643242e+00
1.045686384867668517e+00,-7.837515149883172993e-01
6.289356503224770023e-01,-1.774077899510337619e-01
4.274534141364674245e-01,2.840167526145650490e-01
6.812147900459109007e-01,1.723820287443480204e-01
4.388507562844641274e-01,8.681087287575417130e-03
-1.015539914915764529e-02,-2.516344433290463312e-01
-4.000404816922201179e-01,-2.168904568982976400e-01
-3.979314821243673528e-01,2.002627508190902086e-02
-3.690553476063828664e-01,1.827555198682362381e-01
-3.937144226557092175e-01,3.404088197789157388e-01
-8.067752123597212721e-01,2.943005771300345463e-01
-1.131190467696084667e+00,2.406217702099497091e-01
-1.020080063840560713e+00,-3.194640107181864752e-02
-4.798358550433777236e-01,-2.142790404288808237e-01
1.533482583103305819e-01,-1.458777857622800822e-01
3.765851258622350817e-01,2.230408831512401546e-01
6.472155292503928292e-01,9.047887703188816078e-01
7.106481989958713941e-01,1.672110595997757798e+00
7.350846780812431147e-01,2.201939350412417173e+00
3.546849045016363666e-01,2.467879716215482855e+00
-1.299783451604347717e-01,2.266364927603983670e+00
-5.201020387387486066e-01,1.546524127818908800e+00
-6.317436201547325103e-01,7.425815441203016398e-01
-3.748231087232469227e-01,1.430245307670437727e-01
2.541095374814616448e-01,1.803357610835650826e-01
3.560711679648601025e-01,3.917629594713455399e-01
4.280376686334786962e-01,4.392579959601581319e-01
2.997251474082101574e-01,3.525444262416350116e-01
5.773023130270884540e-01,3.044380993350379733e-02
2.070121355092535420e-01,-3.113538482175592578e-02
-9.825771752241922730e-02,2.831105983927872591e-02
-2.744701569945605102e-01,3.254905973147229625e-01
-2.603896608045626060e-01,4.282650187659283181e-01
-3.363102825210751434e-01,5.019035906949682602e-01
-7.715215704911824179e-01,3.654328439129167494e-01
-1.038014022888804400e+00,1.325473088538613453e-01
-1.404116204065162021e+00,-1.558935314323987575e-01
-1.377518735755647983e+00,-6.586521100580429167e-01
-1.025449276447404801e+00,-9.141513771707702185e-01
-5.039743310865776316e-01,-7.935310269551071327e-01
-4.479270217065357135e-02,-4.550773965971667279e-01
2.578990994830165917e-01,-1.555165681967773661e-01
1.158637499002480031e-01,-2.994655228698241412e-01
-2.394143415769126870e-01,-4.611872575683780839e-01
-8.950671259684199743e-01,-6.621695117225747662e-01
-1.414832980777985361e+00,-7.343042891323769972e-01
-1.511347138243564814e+00,-6.255147490312537029e-01
-1.301442976243082361e+00,-5.357496159060894936e-01
-7.850698011749884797e-01,-4.402720157496813336e-01
-8.112714130712270211e-02,-1.473773019996020839e-01
4.726124720090006393e-01,-2.257378724078295401e-02
6.562583767848663152e-01,8.130806897452806659e-02
4.566122394892709324e-01,-2.168887166399222910e-01
2.838857234247813555e-01,-3.731671415160619509e-01
1.308335086545137083e-01,-4.695102549143693182e-01
-2.844675436396176815e-01,-6.008932388608435593e-01
-4.330355837857870482e-01,-5.277642335204755231e-01
-1.052704731039713959e+00,-3.423304138032887134e-01
-9.105648173827597391e-01,3.134630827127243141e-02
-8.918810837178665629e-01,1.586113411024564490e-02
-4.815312942173905486e-01,-4.421206109416153337e-04
-3.327977850201875309e-01,-7.901879012115519199e-03
-3.196562896833999856e-01,1.097179876490570957e-02
-1.664464631316333321e-01,-2.223237844139798469e-02
-1.440112742861676953e-01,4.896030902438824883e-02
1.333335566606916600e-01,1.190312454203842213e-02
1.669273628588798519e-01,1.084097961826165080e-02
3.339184478682424850e-01,-8.295971525874229480e-02
4.661544110599842305e-01,-6.049515479160811823e-03
3.680814183067745438e-01,6.335753895735900254e-02
2.070780649952527197e-01,-1.910535156042520166e-01
-1.933193910838089113e-01,-2.632211989411520348e-01
-2.553159347041809024e-01,-3.088855448313322927e-01
-9.165284513311872105e-02,-1.543434115466456036e-01
-5.493001475082462393e-02,5.681263127212107800e-02
-5.507711759089644055e-01,-3.874609261158883100e-02
-1.424012901101347373e+00,-1.152926578915170336e-01
-1.992739363862737978e+00,-4.584849947826687422e-01
-2.177747892826564780e+00,-3.840722383134787532e-01
-1.945610253531026901e+00,-2.413544502476911713e-01
-1.307619973334976704e+00,-3.321835068648414102e-02
-5.122708508653461834e-01,-2.385574481554878640e-02
2.013138451716821875e-01,1.436374711502310941e-01
4.569641455916405026e-01,1.598182505695364408e-01
2.760660298866471907e-01,4.755580844169196020e-01
-1.007295343763395801e-01,6.187395545022729149e-01
-1.487319069799906968e-01,1.210943922661224637e+00
-1.442947070212566019e-01,1.654883556297576552e+00
4.140245080863243915e-02,2.051915597172190964e+00
