-1.122138116883871495e-01,5.624238618899066733e-01
2.011064530988918714e-02,4.870385289754273206e-01
5.656234082002461472e-01,2.494324792365979204e-01
5.390691870948188802e-01,-1.245101052100399674e-01
6.862743799873922690e-01,-4.163692012825865874e-01
6.521046516323187880e-01,-4.039736959078876199e-01
6.529501084168511937e-01,-6.832790115591964863e-02
8.198900171650429503e-01,1.226438401916924159e-01
1.238436327291746686e+00,5.955245266614487415e-02
1.600868887934634444e+00,-2.723237838370939357e-01
1.347823719636170647e+00,-4.662968365130946702e-01
5.614608687336750670e-01,-4.818480723424530821e-01
2.143041419948077952e-01,-9.033760994769310937e-01
2.341652359743969514e-01,-9.034695143103746995e-01
8.375552628802359623e-01,-7.599649592408797005e-01
8.312577550998454523e-01,-2.204973308881630900e-01
6.625410596095742122e-01,9.643067302386441886e-02
-3.654709279767842656e-02,-6.571445278216576924e-02
-5.283794037197761528e-02,-3.772835315851335580e-01
3.776706820826584154e-01,-4.065489288605159124e-01
7.512066748072687705e-01,-4.905170038444942593e-01
9.063537848031821831e-01,-4.223974874026710236e-01
8.129813907291556507e-01,-5.809115001975776460e-01
1.041887132467270272e+00,-3.747313715571363169e-01
1.462710176740859680e+00,-2.480389122196565710e-01
1.776346870572540704e+00,-1.740244434552224995e-01
1.968237120269204388e+00,-2.352783936198269976e-01
1.843137957437546826e+00,-1.092025439049281316e-01
1.380054816320988031e+00,1.002921429986296936e-01
6.900719927775356144e-01,4.280053025613838047e-01
2.044794626659381803e-02,4.246133262956543475e-01
-3.132392236639790217e-02,4.281925879685687941e-01
-9.032427421773581155e-02,6.434302277784170743e-01
5.549659082488874601e-02,1.146809545894949434e+00
3.872617206415564922e-02,1.093033986960312953e+00
6.368689609283140207e-02,2.817196574506939388e-01
1.153115046171818564e-01,-1.971291709811550386e-01
2.522841039034846022e-01,-1.528182693614232313e-01
3.441876135748184184e-01,1.884552777215082464e-01
3.163816060355976734e-01,-1.477085562928142637e-01
1.900803062158902268e-01,-2.162588797962048393e-01
-3.682137181870746151e-02,-3.587854873363031660e-01
-1.256025989827357636e-01,6.627977837794428451e-02
-5.836768368787474959e-01,5.598895041599997180e-01
-5.668489615312680696e-01,1.261266763690690462e+00
-6.832925788363358732e-01,1.592102091869556979e+00
-5.438532651896300640e-01,1.374843578854916704e+00
-5.108493123337668473e-01,7.719528518135100326e-01
-5.817918586606820597e-01,4.539476063332287814e-01
-6.637804245716316665e-01,4.486656250589837747e-01
-5.285598410234347844e-01,2.763453594547909398e-01
-4.408353502676741198e-01,5.186552016375779034e-02
-2.829646044363947066e-01,-2.780449916614813333e-01
-1.748073970817690462e-02,-8.678408184512100831e-01
3.350766078727769881e-01,-1.472950239850174148e+00
4.165119018825703678e-01,-1.436657465400362321e+00
4.340062059079470846e-01,-1.833820066302556118e+00
-5.568675001821281334e-03,-1.702186071369375053e+00
-1.035469626638502588e-01,-1.079088372737736501e+00
-3.956869378408444105e-01,5.995884903387555670e-02
-5.597241758607952589e-01,1.304735969391742412e+00
-1.024224838182362651e+00,1.704585186686297771e+00
-9.597175944018789817e-01,1.807797148104483664e+00
-6.341259812846175015e-01,1.178998729076489616e+00
-2.530954586007615470e-01,4.288545559453957878e-01
-3.280414159041892264e-01,-2.843846685067033184e-02
-2.958415092056058682e-01,-1.101770730624211519e-01
-3.724920592959565790e-01,-3.178443347251456996e-02
-2.310001409418802609e-01,3.438058142354258329e-02
-1.667820625195462203e-01,5.319555809712934735e-01
-2.628213321673145055e-03,1.108081957224284597e+00
-4.462995944783026414e-01,1.436704131019549191e+00
-3.355521194252307771e-01,1.563861136609913105e+00
1.123325034688659740e-01,1.267582764081368829e+00
5.009345581877545639e-01,8.187487255003770281e-01
5.125695582568872144e-01,1.675062960387302957e-01
-3.047597064450213375e-02,-1.521605073468501046e-01
4.058336722839500990e-03,-2.690109495980730347e-01
-3.958528813996783913e-01,-2.476687755730129781e-01
-7.508700134046792929e-01,-1.574049621742091565e-01
-7.501592665754840406e-01,3.402620201313650838e-01
-7.029664186259877434e-01,5.979528579800799104e-01
-2.293254178391660736e-01,4.593516019010954743e-01
-3.102419548357076562e-01,1.292154620885110072e-01
3.182660974636688511e-01,-2.035680228836838496e-02
3.179955699169368377e-01,4.220879845871083891e-01
2.303964370786487914e-01,1.075983038487126953e+00
-4.216794525128732540e-01,1.520087863701571562e+00
-4.154160583737654955e-01,1.500976185584306677e+00
-4.354104799214043586e-01,1.051277101007246584e+00
-3.910367143024345848e-01,6.535706593641451567e-01
-7.262109286854621093e-01,6.380712630471145896e-01
-8.688625670606027196e-01,3.601339412537958862e-01
-7.760519049727108154e-01,3.980223288638519152e-01
-6.210158775173063583e-01,1.368812180794830302e-01
-4.073429451553206015e-01,6.804481090140350741e-01
-4.331953123075903411e-01,5.247987933396112137e-01
-2.074969850821860307e-01,3.618105978575321124e-01
-3.379726249973182273e-01,7.027133961976128607e-02
-6.508754231179580962e-01,5.626551806765333064e-01
-8.115792819016517390e-01,7.152316498443548332e-01
-6.373459891832057300e-01,3.634571735639308687e-01
-1.317081832578855527e-01,-3.304716206777392196e-01
-1.789547173208399372e-02,-3.900640241384848439e-01
-1.705004391957274656e-01,-4.952337460466337826e-01
4.672711277056948746e-04,-6.631062031122990641e-01
-1.028394062631507594e-01,-3.547702609864806789e-01
2.096849675922095591e-01,-7.563648828650012534e-01
2.978024296101545731e-01,-1.955269209757646731e+00
7.308424031979040558e-01,-3.244574728323014412e+00
7.186823495306331466e-01,-2.838148700369523159e+00
6.618036010343182340e-01,-2.013353098905232397e+00
4.718704660827131581e-01,-1.089781333269479902e+00
3.799322149423954853e-01,-8.076200645529014732e-01
6.530725909481585600e-02,-1.091385633597078852e+00
-8.286685278239766528e-02,-1.568983261603543511e+00
5.452560695769642640e-02,-2.310056602617442056e+00
-2.830132555956010529e-02,-2.087165187971455005e+00
-1.211211498570715223e-01,-1.256240100630779954e+00
-1.451105133947090398e-01,5.216184187729178134e-01
-4.491365283365560956e-01,1.098497999066042841e+00
-7.537483090732370883e-01,1.128381397113816353e+00
-1.135454412036751348e+00,5.447261800493752304e-01
-7.843668009130793095e-01,4.180471082410536776e-01
-4.088727309628527040e-01,4.270171892367934929e-01
5.754774559500254461e-02,5.661822755537819774e-01
4.844458608051747661e-01,7.444219969364049838e-01
4.994335253448640710e-01,7.001722688641689452e-01
1.028979611273870831e-01,5.137730549954211412e-01
-5.970942110729655639e-01,6.284242950402336714e-01
-7.408608148695782214e-01,1.005169071220671784e+00
-6.144348572197351199e-01,1.129244140012025888e+00
-3.898139075027344247e-01,7.384262571827668875e-01
3.976947310664642465e-01,1.437310076718681107e-01
9.452235265688883059e-01,-2.139568846964327031e-01
1.172599907684937381e+00,-1.465665692423848698e-01
9.805148729690915665e-01,-9.713478393805119807e-03
6.058475029876065898e-01,4.453959797286220490e-01
1.177808304796966465e-01,2.928108980414782514e-01
-5.925966686408361550e-01,-3.017017876618090511e-01
-6.090473672578320397e-01,-1.343577860645490674e+00
-5.641297842551166175e-01,-1.714902066176711370e+00
-1.531363200312831629e-01,-1.650306983460118282e+00
-2.948428199894434498e-01,-8.100192542309397892e-01
-4.372943983902242704e-01,-4.046275562891061273e-01
-1.057500743438524404e+00,-2.169342508618306853e-01
-1.106742427761461700e+00,-3.980286703035851859e-01
-1.213687374591385426e+00,-2.125717891565197942e-02
-1.326541778832463603e+00,3.493252847902252878e-01
-1.400632688173520490e+00,7.501638176625006205e-01
-1.400632688173520490e+00,7.501638176625006205e-01
-1.126963589595478599e+00,4.762324868615111506e-01
-7.225214691128840627e-01,3.011357726403132151e-01
-6.086795235999791220e-01,-1.231127396910873806e-01
-5.709031360996084103e-01,8.991739534886264429e-02
-8.300476374998013718e-01,-1.788825131208467978e-01
-6.751695037654598108e-01,9.284161031433015021e-02
-2.161667292809441865e-01,-1.336928950480125722e-01
2.705895836229302298e-01,2.392776376719819298e-01
8.092965382952068687e-01,3.431483215146408777e-02
8.092965382952068687e-01,3.431483215146408777e-02
8.602077643488557079e-01,-6.015000764130556954e-01
6.559459302895250810e-01,-5.612809440733821376e-01
4.745836855621335393e-01,-6.537897900659855877e-01
2.659809233283478846e-01,-4.853493573041869902e-01
2.692851665577371545e-01,-6.833170556998081624e-01
4.039906936501322932e-01,-7.520890992754313276e-01
3.448340957463353895e-01,-6.196368182609434117e-01
1.219565324882404961e-01,-3.508060750525753280e-01
-6.822968288296786532e-02,5.830220146725273445e-02
-1.838058386770289876e-01,3.141642205153482026e-01
-2.512771293601482325e-01,3.590025716554225976e-01
-3.138865700985397078e-01,6.520626261003256707e-02
-2.303417426292442005e-01,-2.434941931975374840e-01
-9.658875863652437166e-02,-1.655317179505798320e-01
4.260746932137096654e-02,-2.969159542490603654e-01
1.993982429119542030e-02,-3.566386672056769958e-01
8.667251422675652239e-02,-6.346967014544825370e-01
-1.982007939034383659e-01,-9.511065921105079646e-01
-3.679877995403350588e-01,-4.468290424062129063e-01
-7.977466788198807057e-01,-6.696046858134570290e-02
-1.028144531300587250e+00,7.085450290258773487e-01
-1.732691433868149611e+00,1.154834757137321644e+00
-2.101124101540650990e+00,1.446618237705764365e+00
-2.101124101540652322e+00,1.446618237705759702e+00
-1.724213042989852118e+00,1.206816185971141930e+00
-1.402922669844983927e+00,8.659334050585368869e-01
-1.069313936670634346e+00,5.212041404295086888e-01
-1.179927570068754150e+00,5.441333527612010057e-01
-8.286583035196571911e-01,4.717302735089514698e-01
-7.581965067516445167e-01,5.394203344071523132e-01
-6.589343444261108740e-01,6.030420617236498249e-01
3.700858072678820943e-01,2.611503583651625382e-01
8.092527892288117197e-01,8.217269013115230392e-02
7.795078814506036791e-01,4.958741513049992611e-02
2.730708573880889500e-01,-2.109934150285899118e-02
1.927161884335835407e-01,3.476146697476107383e-01
2.277613153971797810e-01,3.129809295658009249e-01
2.102373234209888309e-01,5.105151683624036263e-01
9.882352525123196951e-01,5.937061576368606319e-01
1.378573416100950633e+00,9.692425736388465829e-01
1.853205210319911478e+00,1.141872238345324808e+00
1.414610684128778884e+00,6.978432029209404863e-01
1.320570173453059049e+00,2.147729044474446999e-02
8.242650907028996610e-01,-5.249061165464062872e-01
7.922338985538203426e-02,-6.355251635971879143e-01
-7.398734980741328293e-02,-3.901138596720315488e-01
-2.622142080033705858e-01,-3.758873060349061657e-01
1.670788781510639531e-01,3.825987268919812945e-02
3.583811108690098668e-01,-1.331869694736467769e-01
6.763764493228295871e-01,-3.782026389487390117e-01
4.706337541542546798e-01,-8.905952404031688419e-01
8.772386739677172016e-03,-7.689059828110371697e-01
-5.227506220297963857e-01,-3.881874804457054462e-01
-9.331437172442438310e-01,-3.346253488448569513e-01
-1.128617146085477696e+00,-4.619891131497109171e-01
-1.028386824545041378e+00,-5.021705386904754542e-01
-1.171023788069673222e+00,-9.909972188684544880e-01
-1.238446138060499857e+00,-1.674736382704174353e+00
-8.334375524272417124e-01,-1.714673514039934510e+00
-5.952072094613646280e-01,-1.529792827963682766e+00
-1.947193616944105921e-01,-9.110988922722806915e-01
-3.294414655356038280e-01,-7.532551457607580270e-01
-1.179239044779395229e+00,7.649471730555150450e-02
-2.293841882962186496e+00,8.340273542740657131e-01
-2.923150092411815226e+00,1.195912581583532530e+00
-2.519687906225774654e+00,1.004604749202211877e+00
-1.774976756853488880e+00,4.722872128721707918e-01
-7.243467392707246821e-01,1.072817876242215945e-01
-4.609965644162535292e-01,6.841956684848536641e-02
-4.354903665838970039e-01,3.313446502923250159e-01
-7.246946902090548592e-01,1.913011984772136354e-01
-1.064779309376988836e+00,2.970907161980702593e-01
-1.228726766015441285e+00,2.066991538884570823e-01
-1.181248545145990869e+00,3.087979488492985092e-01
-9.549428036778815354e-01,4.063967068174383079e-02
-6.622007082125491717e-01,-8.039426890930412295e-02
-7.438179552858408261e-01,-3.837783579789469934e-01
-6.349690981653131061e-01,-5.127880549633040408e-01
-6.443766079324021456e-01,-4.493799398833848158e-01
-2.808595574021834351e-01,-2.425415356412152224e-01
-5.345433611454849382e-02,-1.339710084653273313e-02
2.810711494984388659e-01,7.828007595418125936e-03
-1.688644297022511009e-01,-2.278980799205807262e-01
-3.021288748188744600e-01,-2.034812780559187850e-01
-3.191099437044517262e-01,-9.484734113120045496e-02
-1.875465769067441724e-01,8.866176933691921613e-02
-5.968016242385736775e-02,1.303763770840241087e-01
-2.644208021759102654e-03,-2.929192008826929719e-02
2.715917463115298247e-01,-5.573870300626964092e-01
6.183508948849965048e-01,-7.176570677045075453e-01
1.121846540988972851e+00,-4.871441551752984656e-01
1.283048600141556639e+00,-1.330144517540968463e-01
1.027383849409557737e+00,-7.439473065713370081e-02
4.552091891386079170e-01,-2.338434998906999684e-01
-6.099383388456338512e-02,-2.786155475345971078e-01
-2.839324900649844441e-01,-1.437909576673018219e-01
-1.677212342532546641e-01,9.497199977166989604e-02
-2.473262846454253872e-01,8.322942828308903251e-02
6.904430297747708722e-02,-1.107037097734250158e-01
5.334952235687006050e-01,-6.146996770003129162e-01
9.027654947777291605e-01,-6.896333536312951873e-01
6.134291291187855544e-01,-6.930326579933540065e-01
3.596001899478638575e-01,-4.626118162738062645e-01
2.848912976665970639e-02,-1.722070927814762231e-01
1.492385431997568235e-01,1.826907900293163745e-01
1.428162350571676176e-01,2.296202259763178988e-01
3.243595462220861259e-01,1.275995048691066780e-01
6.089995469761347868e-01,-5.970328832742231168e-02
5.968536269269147931e-01,-2.322454652602931324e-01
5.872817064757073213e-01,-3.347868224448257712e-01
2.641175496115613641e-01,-3.688838137261610806e-01
2.475532583730317149e-01,-3.122470032257119721e-01
-5.875174585262490229e-02,-5.560712008499866382e-02
4.815035269571670273e-01,4.073674985864159798e-02
7.862224105383187611e-01,-1.308053955190206508e-01
1.165036258020753390e+00,-3.104485112665081870e-01
8.124820074482163035e-01,-2.762255670252078410e-01
6.557495200932436097e-01,-6.241561679988356232e-02
-3.229858089768701257e-01,-1.066193755233243584e-01
-8.814163837842102778e-01,-7.407245308767411440e-02
-1.165826506751844072e+00,-4.503635061775045911e-01
-9.392329695967813752e-01,-2.603661606474572676e-01
-7.156177355239370375e-01,-3.292743722287429509e-01
-6.676963289693840231e-01,1.024949077185398627e-01
-5.895415074711681802e-01,1.882638926846080252e-01
-6.454006296429560807e-01,3.457669225911796373e-01
-8.239564313067336832e-01,8.272926687011619151e-01
-1.016699595920624866e+00,1.225236050751884465e+00
-8.030507992015840646e-01,1.487303248640306608e+00
-4.940398501711458779e-01,7.225033420100911430e-01
3.164597119201764674e-02,2.436003527016866455e-01
-1.289334049763636580e-01,-5.292109410800696079e-01
-3.511621541648394240e-01,-3.485549499968220721e-01
-6.060264985095965562e-01,-3.866803160170779741e-01
-9.801628518673521917e-01,2.173983658873133717e-01
-9.046620420107901461e-01,9.074683056288437299e-01
-6.751956091588898756e-01,1.251196285084912097e+00
2.342357677933926477e-02,1.861048059418644263e+00
2.988679058974120784e-01,2.124767495818001617e+00
2.203854868891638175e-01,1.808806208488586087e+00
-3.242197070057255184e-03,1.404154948285750271e+00
-2.760750948524914872e-01,7.623240462283372709e-01
-3.513036135411828909e-01,1.109014569405451844e+00
-3.360141684712298349e-01,9.175699968187560618e-01
-3.597250342504880183e-01,1.292633968130194599e+00
-3.609015572475461897e-01,1.127724979299760788e+00
-6.110598315541003744e-01,9.985537197507914353e-01
-7.099518996461362530e-01,3.828554844073367436e-01
-7.607269194766276277e-01,1.395644567578289141e-01
-6.772720696328619061e-01,1.919569332700193877e-03
-6.159556304498534640e-01,2.081029918456370753e-01
-7.266440311147138731e-01,2.556211795710634782e-02
-2.148794621371342417e-01,-1.453410909297065956e+00
-1.318150892381329542e-01,-1.945954174182017882e+00
-1.261692816040729630e-02,-1.922117243938914477e+00
-5.366916867871068808e-01,-5.023770470080950457e-01
-7.117565524466905602e-01,1.901675809099258319e-01
-1.103299052204360198e+00,6.300927043149210371e-01
-1.089125154514198224e+00,1.234617478262316048e+00
-9.267515314065840615e-01,1.931702701742746831e+00
-3.385104034795944905e-01,2.452271628942471970e+00
7.088276045993925634e-02,2.284786937489124536e+00
5.501271454768333902e-01,1.601657589117715386e+00
2.852372314544915910e-01,6.656014016354676599e-01
-6.391122839960074187e-02,9.990252598653140415e-02
-7.061073043698206098e-01,8.352554827787887770e-02
-5.809798554535497983e-01,2.889345021388173840e-01
-5.556197118493177989e-01,1.691890625476425158e-01
-7.188053222418109289e-01,-2.673093460711260527e-01
-8.454195035553451198e-01,-7.123719594747013328e-01
-8.222496708897797379e-01,-9.829971372782884131e-01
-2.191389742390360829e-01,-9.745156291937374649e-01
5.115734724645778497e-01,-4.953649195906836833e-01
7.687029486665803990e-01,-9.048806812405942035e-02
7.472799676786864298e-01,4.895100134223121652e-02
4.828503809058837803e-01,-2.150910371460156567e-01
3.998280377440557309e-01,-5.416579026443449907e-01
8.913885380228547817e-01,-5.644697948277354049e-01
1.753254746491573535e+00,-3.034296885537375310e-01
2.331809892584712607e+00,9.949539349844242764e-02
2.352202927829872170e+00,5.480630211989984124e-01
1.774240774000243936e+00,1.013124197395425252e+00
6.778384889407528258e-01,7.763323722425965467e-01
-9.809631813032671649e-04,5.152757355374834036e-01
-1.830651190522323002e-01,-3.181592279998515099e-02
7.140114711926268121e-02,2.114128093510551920e-01
2.932833016466290799e-02,7.287328284739595929e-01
-6.500110564873504658e-03,8.165246624210348303e-01
1.020949092962343263e-01,9.370105404263364690e-01
-8.621731460592868546e-02,7.201855960532123069e-01
1.190546021746363833e-04,6.392353234262924122e-01
-1.023513796912150775e-01,1.863858875219299160e-01
-1.221415901332583709e-01,-2.436903421012492355e-01
-8.148932488028119980e-01,-1.852986942759645428e-01
-9.138866642341775259e-01,-4.776937866299960089e-02
-9.340777721150073098e-01,7.860953090703205748e-03
-6.406670877986246904e-01,-3.065708651845647920e-02
-3.787483231200048373e-01,-1.692959156263377229e-01
-5.880583681538429364e-01,-5.337332324388102123e-01
-8.986683237253539902e-01,-7.724257651151581472e-01
-1.564896410422403683e+00,-7.029804591943993319e-01
-1.761940338247239390e+00,-1.541880132102693424e-01
-1.677377563437221664e+00,2.948179437560488059e-01
-1.206123609999078417e+00,7.542259497366539112e-01
-7.624091676287951813e-01,7.377528414236724785e-01
-2.239252246182203143e-01,6.435206434649130003e-01
3.198909010584491397e-01,4.227404062367202675e-01
5.022707705311196813e-01,5.471079938651399743e-01
5.760333248048778998e-01,4.057763035401938390e-01
4.189769145889457036e-01,5.185287808125714770e-01
1.285065068001002564e-01,1.685852291364007410e-02
-1.240012401442289469e-01,5.273995772894000608e-03
-2.835928591320207581e-01,-1.801398323623266962e-01
-8.344074783446855936e-02,-2.275393319070473375e-01
-6.049390242555030550e-02,-2.163971049419474990e-01
-1.913627787878533215e-01,-9.481952355413893196e-02
-1.433538135051417028e-01,6.513581537227082219e-01
-4.052989628331465748e-03,1.162503330682384650e+00
2.780943401395186698e-01,1.293991606295575858e+00
-1.369867809518127977e-01,1.093492724019059503e+00
-1.830650229677611984e-01,1.107704994915006180e+00
-4.231156260592009999e-01,1.038142954814386121e+00
-1.791966231926545861e-01,5.990559444033676240e-01
-2.932202222696073113e-01,-5.628228687845724526e-02
-3.610710289679760487e-01,-6.648571201823623433e-02
-6.308539922458505922e-01,9.377273244598084423e-01
-8.775240030252009493e-01,1.826521147432386138e+00
-1.265618067136912384e+00,1.923734395592666901e+00
-1.421951142478292907e+00,1.120082063681571150e+00
-1.472304775121972220e+00,8.825466850190133439e-02
-1.155731549784527523e+00,-5.954357663913596443e-01
-7.790907606831496413e-01,-5.985485739099485336e-01
-1.878143956110180368e-01,-5.722263882558435988e-01
6.045029203140199758e-01,-2.956743263590244086e-01
1.610041236803604336e+00,1.168708820177051244e-01
1.850145552253432246e+00,3.355943840384929544e-01
2.754990392948301281e+00,7.550366171398060766e-01
3.447403053535688322e+00,1.145415162505964535e+00
3.776600998581060242e+00,1.222701548815153805e+00
3.265377390121274370e+00,1.206635481471773463e+00
2.727210859665729625e+00,1.057451178485593335e+00
2.237259409563953305e+00,1.102214321111090189e+00
1.774275157701037831e+00,7.499545233390073617e-01
8.131111318508503771e-01,3.561794739177228664e-01
6.041869919086551022e-01,-1.292096603971994440e-01
5.095852239942197937e-01,-3.726362126787109985e-01
7.690214068392307034e-01,-5.445565097820537215e-01
5.430780970088789905e-01,-3.670749228228673555e-01
4.361588034285425464e-02,-3.217978900754692173e-01
4.656410789718074678e-02,1.745812207841843378e-01
8.510425662057055085e-01,2.931996526038724848e-01
2.338715911790621327e+00,5.859329958172975195e-01
2.576400554821346223e+00,5.675513772791954681e-01
1.877729451352627255e+00,3.966910201714114459e-01
1.606006316446210169e-01,-3.020054377297490267e-01
-2.605338105305601837e-01,-7.925236778643829361e-01
-2.505710361011654341e-01,-9.868941773301527220e-01
-3.834982736816849869e-01,-7.710471494380050084e-01
-8.458724285214105354e-01,-5.196206181799880586e-01
-7.821621640617358873e-01,-3.751005261091840404e-01
-8.083654304182319450e-01,-1.793243777974458941e-01
-2.376681691728249335e-01,-2.366892278766019042e-01
4.310319698499714969e-01,-3.308923558537524290e-01
1.146424898477345300e+00,-4.363740310110651999e-01
1.480566301996662393e+00,-1.412464642578534213e-01
1.364726066848469310e+00,4.962200089270436543e-01
8.749551426028381318e-01,5.674472490401161195e-01
1.004721871424767876e+00,5.405750266476292420e-01
9.839279881648338444e-01,2.126355888653358103e-02
1.227214964033064737e+00,4.127703567660166717e-02
1.608889979081525645e+00,2.238423271352467936e-01
2.147162472451162429e+00,4.671089149904955051e-01
1.585137884615279713e+00,1.560232767704615164e-01
1.299027166604882266e+00,-1.052934892896620012e+00
3.495355100267485970e-01,-1.196136694601434014e+00
3.051146071815126204e-01,-1.121606865082761528e+00
-2.117795381105746222e-01,-2.134655285492643995e-01
-1.819289016607421317e-01,-5.466917481688927660e-01
-2.548892868203314621e-01,-5.724557973476122053e-01
-2.734687339097300884e-01,-1.193094752138644132e+00
-5.139560566199362635e-01,-1.125359582200380570e+00
-6.640712731052705875e-01,-8.369961270347275883e-01
-7.765379084316434977e-01,1.259252370019945388e-01
-6.576976784471489923e-01,2.294310094210946227e-01
-6.980803578726332281e-01,4.951321311438108830e-01
-6.266079680356412274e-01,8.339557307950202780e-01
-4.905139955770844717e-01,9.882922867076279205e-01
7.114183713879980442e-02,1.083711057789246368e+00
3.550824992397029201e-01,6.240696967783507798e-01
9.836059106831932519e-01,5.868941898790485112e-01
8.307157739378311367e-01,1.172575936001562548e-02
1.126004288276868603e+00,1.394655903527230179e-01
5.133543038531050984e-01,-9.286985060106935086e-02
9.302017748716387979e-01,2.122786038380644336e-01
3.992885457183871223e-01,2.182958297544671800e-01
7.421544165634718082e-01,2.237907920389067828e-01
4.786793757549003825e-01,2.321749381171174173e-02
1.437828391392169891e+00,1.233852195471504681e-01
1.602591793471281667e+00,3.397197121611801318e-01
1.678456838979591526e+00,4.791576791343372110e-01
1.217770202753513553e+00,5.039969346634215475e-01
1.703962706966915652e+00,5.790542079664424691e-01
1.539624833524369407e+00,5.017049995612505864e-01
1.283522365934153031e+00,3.255732730150365795e-01
4.141717934409423485e-01,9.759319540717681374e-02
1.273558614449059496e-02,1.896907828156448039e-01
-4.731455400623916785e-01,2.777475571011762678e-01
-5.028778514212465245e-01,2.087812429676278170e-01
-2.293187181842377964e-02,6.994122698243537828e-02
4.461059447366582109e-01,-8.473615149836247196e-02
5.042629037545522941e-01,-1.954232964727330157e-01
6.028411063163556793e-01,-3.950574341057888628e-02
2.070828654301146154e-01,1.683926595315273778e-01
9.700163664536157193e-02,3.947792282827035093e-01
-4.919966071123755280e-01,2.595966314433951205e-01
-5.097386427753515248e-01,7.160771188042146240e-02
-5.060245897617853261e-01,-1.513192384933737845e-02
-3.959516026609165573e-01,-1.422895633602159760e-01
-4.315036988270705698e-01,-3.694067547465693657e-01
-2.159144814545313831e-02,-3.271043484469493556e-01
-4.042924531490645762e-02,-5.309162945052507965e-01
-2.688290525405813702e-01,-5.112867030981202987e-01
-9.218590076738992778e-01,-7.375023892834557948e-01
-9.333388857511674130e-01,-5.437741312426492835e-01
-1.017586269451849601e+00,-3.908484161332198559e-01
-8.833627670436291490e-01,-2.067087672047078772e-01
-1.101012850872520765e+00,-1.915289384751790169e-01
-8.591971924499499647e-01,-1.865903395185123381e-01
-6.655637660011318735e-01,-2.660606166075178969e-01
-5.789468116727173319e-01,-1.664798492021221377e-01
-7.965957173407059999e-01,-1.922063252950464152e-01
-1.117276596175274861e+00,-2.967141154780411627e-01
-1.267170672860135516e+00,-9.626719589536637534e-01
-1.289839372886206093e+00,-1.501811425452465487e+00
-9.345753693911212912e-01,-1.669960692563827065e+00
-9.024738734797423945e-01,-1.150420069609075169e+00
-7.287438820808153084e-01,-5.803818497281759692e-01
-7.993334129818537859e-01,-3.864445324488403055e-01
-5.195422552135838812e-01,-4.422313423653377873e-01
-1.053171600531912222e-01,-5.310176647116863213e-01
4.932233514653469597e-02,-1.121833175103897240e+00
2.020564051144685680e-01,-1.443724643171636624e+00
-1.796778699249008127e-01,-2.551226234012981653e+00
-5.523304684358656402e-01,-3.056085758204380110e+00
-8.614165936552837799e-01,-3.297567660023125402e+00
-8.930529409565559629e-01,-2.670607345171687630e+00
-1.547976470307485197e+00,-2.171712671534881345e+00
-1.557704365597760043e+00,-1.905116329520539553e+00
-1.437397115487797583e+00,-1.414065799728196238e+00
-5.015536853432370767e-01,-6.427155830182560425e-01
-2.555760189106184854e-01,-3.510698161725199218e-01
-8.722716178201071757e-02,-4.848715605899783787e-01
-1.068679513034470618e-01,-7.027110190052214822e-01
-2.382917593234148423e-01,-6.883283154033513762e-01
-1.484119782060087100e-01,-9.474292268112803894e-01
-2.161682897346398902e-01,-4.156709583421274168e-01
-3.143041737026098237e-01,-2.408652929194817216e-01
-5.035570306291038412e-01,5.475803997824827407e-01
-4.022856540663052316e-01,5.714861443232417404e-01
-3.287529996279734967e-01,5.791782012305407568e-01
-2.815804013932433070e-01,2.360621656669406598e-01
-3.948007275470380995e-01,1.371804895639539279e-01
-5.421822529226106857e-01,-1.231427548375017833e-01
-5.568904442552059519e-01,4.986664049163514432e-03
-4.711923917528107464e-01,8.548753968193396890e-02
-2.420690796288757218e-01,2.858855231601609148e-01
-1.079314586845621510e-01,4.240806496664840108e-01
-1.071942646264556209e-01,4.228621022646690819e-01
-1.957102966270411470e-01,4.486578366574783816e-01
-2.815804013932433070e-01,2.360621656669406598e-01
-4.651272453360527082e-01,-4.131828588416489728e-02
-5.092397858123274279e-01,-2.989596684615246081e-01
-3.390655220119471180e-01,-4.322621302855291781e-01
-1.041443373312581216e-01,-2.255628794517254565e-01
-2.811801195026177123e-03,9.310785606264289360e-02
-2.764515416930481972e-01,4.355832693267175926e-01
-6.918631881014680740e-01,3.058298993931255483e-01
-8.659830023185003389e-01,-1.576495331692521693e-02
-8.542708422945390900e-01,-2.498048683679980342e-01
-2.904438539135435482e-01,-1.691810890041096915e-01
4.890023013905239191e-01,5.519929655703519067e-02
7.735139119143737974e-01,3.987718992385649863e-01
4.687587146695839091e-01,4.960982383999044676e-01
-1.769007481298727480e-01,4.460462464579368902e-01
-6.625895210411816283e-01,9.261214024596278183e-01
-5.774210824717982415e-01,8.084115335483291753e-01
-7.012996509471702833e-01,9.952676135502742660e-01
-6.298359460604490145e-01,2.067734008023930370e-01
-1.465948329515132542e+00,-5.773226748621022031e-01
-2.206805513058359480e+00,-1.455844230554748764e+00
-3.376823298175881227e+00,-2.335410879299955056e+00
-3.795849913361245775e+00,-2.708056089926343724e+00
-3.332873014714202053e+00,-2.102921416343118022e+00
-2.239685453692318085e+00,-1.697385014360406119e+00
-1.079732925919953068e+00,-1.342149964212910218e+00
-7.453399136954748094e-01,-1.489813994525151619e+00
-4.500154182024423966e-01,-1.292319959996828915e+00
-6.772872125766881135e-01,-8.838703803503771272e-01
-9.280533660208727387e-01,-9.791011066746594382e-01
-8.972417729461604763e-01,-8.752109001250809595e-01
-3.769444856725615023e-01,-9.475063607848664970e-01
-2.018814545552332640e-01,-6.748363930309808634e-01
-2.365255574293312346e-01,-2.923209808171522428e-01
-4.800447384411025697e-01,-4.381217909016459945e-03
-6.203832348401290275e-01,3.276257297125422796e-01
-5.799791742634962111e-01,6.101099787335527713e-01
-4.128621541279177687e-01,7.012586964243551213e-01
-9.289233801841545457e-02,5.880572748944241646e-01
-1.846201082715143715e-01,4.218334144521543316e-01
1.711404016858825150e-02,-2.460552859736689912e-01
3.865528164898104357e-01,-5.952732437759112871e-01
1.364743129197892646e+00,-8.058964116602878036e-01
1.907214970554916844e+00,-4.527498782852756865e-01
1.763724493345347311e+00,-2.278680962160621049e-01
1.000419081749299277e+00,3.461051054495319357e-01
1.792889016174303018e-01,5.935697532890069628e-01
-9.265078718492729404e-02,7.418757983298658321e-01
-1.500586662309033592e-01,4.192552552747868533e-01
-1.260592343693083262e-01,6.541269943757280214e-02
5.391310701121690072e-03,-2.137651106196924722e-01
-9.444821947563128428e-02,-1.978588310865925237e-01
-5.323956207161664178e-01,3.657937077853674196e-02
-1.107079421491921067e+00,2.765775409948396657e-01
-1.312669942962684688e+00,1.568820795460098005e-01
-1.402508002609391680e+00,1.348020280252291148e-01
-1.192745141466997838e+00,1.882363689719874222e-01
-9.752140201320996793e-01,3.146017112767306445e-01
-4.457729550671675756e-01,2.382884400727454388e-01
-2.109505543833398167e-01,1.928513453634090880e-01
-1.084645192910505124e-01,5.536586117891934000e-01
-2.303115957314888218e-01,6.944633454080082480e-01
-2.522503569017424396e-02,8.457708401995744918e-01
4.154223250721524735e-02,6.603460502318320158e-01
3.168008311060755977e-01,4.753491297114330050e-01
6.336481021358869592e-01,-4.088966424482890494e-01
8.334503286296042202e-01,-1.177264685987088555e+00
8.993883729760159262e-01,-1.607816195979229645e+00
6.667527022286003913e-01,-1.101789588598507619e+00
6.857179069386963866e-01,-9.600147101722195098e-01
5.127458885895508356e-01,-1.070343997160138727e+00
7.588393008058395006e-01,-1.578081136900707948e+00
7.419840732353873980e-01,-1.728564045574819463e+00
4.108172534235547957e-01,-1.493912140294715529e+00
-1.378525408219246906e-01,-1.467133148037651269e+00
-4.097064605407378934e-01,-9.022864055423285290e-01
-3.139326142356095306e-01,-5.488150511951578325e-01
5.572312900150835913e-02,-1.596643499008433276e-01
-4.216951536028126779e-02,-2.537309303881234435e-01
-4.222411726127988513e-02,-1.781102746341681198e-01
1.646723466000503400e-02,3.614545676480049874e-01
2.658957841224722785e-01,7.289370966554604703e-01
3.803480651806128710e-01,1.290826219539990882e+00
4.077667749589434787e-01,3.813333095302637421e+00
2.355232287241880440e-01,6.905098224729528056e+00
1.145746708172342698e-01,9.350733496948967272e+00
-2.233966450067404741e-01,8.674347801086749854e+00
-3.284452685721047649e-01,6.871738569581768985e+00
-2.053190189826721301e-01,3.855439849967239319e+00
-2.653867204326284535e-01,2.625988780154962399e+00
-7.076616781786085886e-01,1.936857040567841359e+00
-1.320603338766989099e+00,3.203552766499748294e+00
-1.516989351588039492e+00,3.927079430913589686e+00
-1.313477197108660732e+00,4.759269415383507784e+00
-1.018610001351280214e+00,3.805688076134138509e+00
-4.615612022561841332e-01,2.234803258817603666e+00
-3.083894580720863421e-01,-2.211714426972366254e-01
1.525051762079164264e-01,-3.503135227144635322e-01
3.140098144766740873e-01,-1.809885981488399964e-01
6.012556507565288699e-01,-1.825970224815273157e-01
4.585384466853584806e-01,-2.495849441406848834e-01
3.117167937063410332e-01,-2.123649141471402671e-02
5.942190349318614978e-02,2.427904562160780044e-01
-8.830862879987617930e-02,4.836792121472051620e-01
-5.234572878306950061e-01,2.956066492976362481e-01
-8.192923370733200539e-01,7.081236182949698921e-02
-5.170699835348465667e-01,1.237098406378398831e-02
3.690507055391075153e-01,3.185523591251638361e-03
1.016818814695247042e+00,3.797127785346710582e-01
1.141184331990310552e+00,7.280140225842466339e-01
4.399591144590271896e-01,9.591113396547689129e-01
-1.183663217509693943e-01,1.189567963161746844e+00
-4.051084817366145674e-01,1.190804887073898088e+00
-3.343185150052286336e-01,1.114030229965051078e+00
-3.785409328233013126e-01,6.591037581740705198e-01
-5.986506623531504534e-01,1.956859420955176510e-01
-5.986506623531504534e-01,1.956859420955176510e-01
-6.403100362386792144e-01,1.047030043577210079e-01
-4.824446745461267172e-01,2.799505569260421836e-02
-4.579186222640968529e-01,-3.853522934888703455e-01
-3.694188534977538851e-01,-6.755589785480582421e-01
-5.734029672613013551e-01,-1.464041336781038982e+00
-7.496824499808034670e-01,-2.074072170798831660e+00
-9.665375215854506985e-01,-2.608827877286524100e+00
-8.681081299243321725e-01,-2.090544857066364504e+00
-1.163744725935411228e+00,-1.436338737942653099e+00
-1.428668092547477508e+00,-7.794961625458488585e-01
-1.712473282194359347e+00,-1.017061973304488331e+00
-1.409985735192758272e+00,-7.382560438146520410e-01
-5.750152219608628545e-01,-2.413353925670006284e+00
1.317895856584062608e-01,-2.338316588890439363e+00
1.839138956040880235e-01,-2.459367875161793116e+00
5.944977595100585377e-02,-7.168596836121194915e-01
-2.064779961902123151e-01,-9.543186222482226144e-01
-2.570045342768638164e-01,-1.208726994687717493e+00
-2.570045342768627061e-01,-1.208726994687715939e+00
-1.257813396070031620e-01,-1.059063589394054539e+00
9.491658206485283078e-02,-9.428431615318175751e-01
4.617852150710407243e-03,-1.138793812097012248e+00
4.043607559443663374e-02,-1.122960766701104340e+00
-9.792033405144817682e-02,-1.236280637502150670e+00
-2.570045342768638164e-01,-1.208726994687717493e+00
-2.570045342768638164e-01,-1.208726994687717493e+00
-3.039865142979824020e-01,-1.120893774837535384e+00
-7.841993102716920266e-03,-8.495350347567611760e-01
6.160723900582112389e-01,-1.233492475123323162e+00
1.659273228184372284e+00,-1.637137281547267564e+00
2.529093600327669833e+00,-2.083656629650363357e+00
2.733120746802792489e+00,-2.025786666280597004e+00
2.063138714346633762e+00,-1.647990337580526932e+00
1.043345583604242233e+00,-1.150737374100138544e+00
-2.026015796867460250e-01,-1.383850582606289681e+00
-7.994254618148765035e-01,-1.915594811948434284e+00
-1.303757573576298512e+00,-2.677312964717740051e+00
-1.401238919310131559e+00,-2.726445990081353354e+00
-1.045681068749371390e+00,-2.174772657618636362e+00
-3.697177231232990913e-01,-1.371608403303355095e+00
3.981561328125771682e-01,-1.318912633331184470e+00
3.308757339474903136e-01,-1.445946270920535293e+00
2.479393782537745450e-01,-1.476933762949823814e+00
-2.758286362193032026e-01,-7.938724187417077749e-01
-9.189068442331538300e-02,-7.326339777937369568e-01
-2.374944909483892586e-01,-3.612298239705180602e-01
-1.219590961207081548e-01,-8.215798673984037181e-02
-2.915233520929901845e-01,-5.018036596063227273e-02
-2.915233520929901845e-01,-5.018036596063227273e-02
-1.427987918602288409e-01,-1.441567190857664382e-01
1.750104011115478364e-01,1.420147183234829746e-01
2.413021150115571278e-01,-1.831348416804815249e-01
2.441647751238353869e-01,-5.578257675976423524e-01
-7.442243365953354721e-03,-6.614039127842737953e-01
3.807793619183973410e-01,-2.402665304602263630e-01
9.988153338495772138e-01,2.689671012269404318e-02
1.341236663761494752e+00,-1.318597048396065452e-01
9.699125042314111766e-01,-2.904328052554482342e-01
5.899718063529528767e-01,-2.735906006560196446e-01
1.956378765302108913e-01,-9.474241226520121462e-01
2.649055193494828098e-01,-1.662374894102690126e+00
1.409205280178242332e-04,-2.164633961191719358e+00
-8.595453377830790387e-02,-1.710546495106397114e+00
-3.562201073671367180e-01,-6.979348494728649932e-01
-3.993804385642878430e-01,1.908432765583307211e-01
-4.643447794306248544e-01,4.283286287618626731e-01
-2.764961628756484879e-01,3.992053698513734483e-01
-9.056117248672934661e-02,5.964021815833853157e-01
1.406485357174520334e-01,8.234327606869549232e-01
1.875400547945141050e-01,1.008892066398773935e+00
1.176220956212922081e-02,8.723114906941765723e-01
-3.408250545530402409e-01,1.705185239358601723e-01
-4.694200771334655631e-01,-3.135115500588955273e-01
-3.696723520759488957e-01,-3.814920916237301562e-01
-2.675956849426739947e-01,-8.982706826324791949e-02
-1.995046015121960670e-01,5.930905210982170828e-02
-5.652201631787578950e-01,3.210219016064017050e-01
-5.012183290018301651e-01,4.064260490111955004e-01
-8.429823659665786062e-01,2.867952195490785505e-01
-5.992407782766913105e-01,3.325750440773006522e-02
-5.484209839488513039e-01,9.074962014757839701e-02
-4.030978701986131507e-01,5.497724604879264954e-01
-2.372174167464258521e-01,6.356413485449307066e-01
-6.096103098931703324e-01,7.582840619532476012e-01
-9.232824643754462546e-01,6.321738878582905397e-01
-1.359124700531828323e+00,8.165328173430219660e-01
-1.485239046398158846e+00,6.225296559595059342e-01
-1.169678353273488458e+00,5.563597659832049125e-01
-1.019436305454821889e+00,8.758529141531741224e-01
-6.104611155686303636e-01,9.948062988112971183e-01
-7.725873995646584946e-01,8.519105716121925242e-01
-4.246581395965272065e-01,2.823012033091146789e-01
-3.429073887285416511e-01,3.245954500724810843e-01
4.447611301418186169e-02,6.277310622086475222e-02
-1.563720344338761503e-01,2.790976752695021879e-01
-2.913037128171206414e-01,1.121710836113007925e-01
-8.476225732713539296e-01,-8.309221151408825029e-03
-9.062722389566959524e-01,-7.199787162143291841e-01
-1.118397471825631984e+00,-8.426586781703675477e-01
-1.079436610273299735e+00,-7.038960667834855967e-01
-8.686849842289545709e-01,-2.015370489977099944e-01
-6.294472191250520821e-01,-9.014719190051823094e-02
-2.805166481665490874e-01,2.020378137927056894e-01
-3.186964608269310384e-01,-1.129037736492890034e-02
-4.129147864692812586e-01,-4.099638372572134148e-02
-5.347767816058314194e-01,-2.950711768748984776e-01
-6.051383845212601198e-01,-2.544345383759374565e-02
-5.678739458139024920e-01,1.760171836796127764e-01
-1.919883413883436418e+00,-2.080730654115713341e-01
-1.803113042015865863e+00,-3.606859805688967802e-01
-1.706702025578714199e+00,-3.667167231836609420e-01
-4.844132145613254670e-01,1.879615212254537038e-01
-2.508444516409920610e-01,-1.676484157094485783e-01
-6.262209429253898230e-02,-8.538412988112876745e-01
-2.481165928179829977e-02,-1.594143313794450734e+00
-1.327982761955252000e-01,-1.660775316322785189e+00
-3.877669965799894203e-01,-1.466236515316176492e+00
-4.715012139499592525e-01,-9.213152601637406569e-01
-7.028110443105162197e-01,-7.364596954682830487e-01
-6.694721380927726173e-01,-4.378753535566008437e-01
-6.369971627827427652e-01,-3.796678493994237180e-01
-6.926415996298255218e-01,-2.897168982144631144e-01
-7.202040828582850773e-01,-1.187618372252383925e-01
-6.294472191250520821e-01,-9.014719190051823094e-02
8.991953174367232904e-03,5.121909938492709147e-01
4.491274828955030274e-02,4.970068186555173795e-01
2.243394628324130724e-01,5.630586660155731948e-01
1.681019337758266757e-02,-6.155148735507172397e-02
6.966914165071935727e-02,-2.037156473723252537e-01
-9.766835058708912831e-02,-3.433874799941339373e-01
-4.545608975780589533e-01,-2.444474810741319171e-01
-4.586522713344626245e-01,-1.019186426460595707e-01
-4.586522713344626245e-01,-1.019186426460595707e-01
-4.193385956808995396e-01,9.990631098744622018e-02
-5.608292497401792254e-01,9.873951276537810962e-02
-5.696463479842536204e-01,2.862323708071867201e-01
-5.695930678163765304e-01,4.601152594782830230e-01
-3.840059354224560906e-01,5.894479176919942276e-01
-3.308804084985955130e-01,1.656961571672633249e-01
-3.829651378933061623e-01,-2.280565762857804657e-01
-5.446683082288769073e-01,-9.424734877548744671e-02
-3.907603128363704159e-01,5.783144950031798848e-01
-1.239730990664350968e-01,8.268022429400060380e-01
3.318235917639049681e-01,1.029978270727383460e+00
5.037688581898270845e-01,1.083795724272279104e+00
4.363913643705313872e-01,1.260515842140507159e+00
1.554731754980805403e-01,1.222264044462210597e+00
-3.602347474847009123e-01,1.212222120487716159e+00
-2.428127141152990887e-01,1.317836225702453623e+00
-1.065172103780268054e-01,1.219763581922257645e+00
2.128562795825364728e-01,1.245455740570196923e+00
2.480583502055107858e-01,8.058712376743646377e-01
5.032686043819015187e-02,2.991223047685251935e-01
9.522537410032873295e-02,4.838887816793882579e-03
4.307197921046382327e-02,-6.449825696296643263e-02
9.486200503897074254e-02,5.580439269441059835e-01
1.148542800037339745e-01,7.654955281994484384e-01
-8.926611835088907321e-02,1.053574575433867899e+00
-3.300544068860954972e-01,5.870308134970224634e-01
-5.307025616405216528e-01,3.633462475492653665e-01
-2.383103738465070232e-01,8.166500475715529062e-01
-2.385918835257691897e-02,1.223817848244644013e+00
1.498564705117132190e-01,1.406519057189564936e+00
2.581085226952585798e-01,1.206453826605832447e+00
4.328534542533148399e-01,1.188463693993633052e+00
6.739072535402501618e-01,1.444538999341258290e+00
1.037123869572899926e+00,3.321966336937443032e+00
8.848626302655347997e-01,3.390786994116433917e+00
6.033418925055750170e-01,2.997002436126170011e+00
-9.681137639900520842e-02,3.373094145541308264e-01
2.872751964949494738e-02,-3.061207544998230390e-02
-2.091130656275399513e-01,-8.137914764953380065e-01
-1.887731323567528041e-01,-6.714300957038230599e-01
-3.119002095412009429e-02,8.176461121610842375e-02
7.825380366642853414e-02,3.524538573207741665e-01
2.938593528981524039e-01,-3.683628713982433078e-01
2.170234658995275345e-01,-1.250074823145596703e+00
2.170234658995275345e-01,-1.250074823145596703e+00
5.555212272458495693e-02,-6.216991474651532013e-01
-1.117548677855191436e-01,-1.247248124473257780e-01
-4.339609483651598598e-01,-2.576066229032899502e-01
-8.309198718333774547e-01,-8.889671119495044793e-02
-1.091409088823959816e+00,8.050779180579732686e-02
-8.615856424475398789e-01,3.632849255533445176e-01
-7.446762167655328613e-01,1.109480123438311372e+00
-2.983709333417862708e-01,1.425286651055485576e+00
1.324276118290464710e-01,1.843955946990361250e+00
1.001794101470957710e+00,1.565700013690291659e+00
2.387246791813602886e+00,1.394140652607636088e+00
2.214351975235267833e+00,8.922708753445039997e-01
1.520344616384665670e+00,4.944890629609219879e-01
-3.658647350441147639e-01,-1.663523531144960391e-02
-4.703824123829364323e-02,-3.786750679695376487e-01
2.863520370909139467e-01,-6.132910803649831433e-01
5.556780921418004171e-01,-5.064634632352162935e-01
2.405507167177297068e-01,-3.685017247684111569e-02
1.815437725491686471e-01,1.327701161324183476e-01
4.526198637737452457e-02,-2.115491785255814716e-01
4.933397384554135678e-01,-4.568449090760229314e-01
7.946407732510911703e-01,-6.194064268345834678e-01
9.803456965413833712e-01,-2.405132001209371873e-01
5.430524629957114158e-01,-6.986174681228811412e-02
-2.412454877684866161e-01,2.454523753218467441e-01
-9.111832705195730409e-01,5.632637703904236348e-01
-1.485404138588490852e+00,1.189847023970002970e+00
-1.515935709313156243e+00,1.601537243345847461e+00
-1.515935709313156243e+00,1.601537243345847461e+00
-1.069178621703299914e+00,1.229524733469567144e+00
-2.540580372191562075e-01,7.732285646982246519e-01
5.677939072973711143e-01,4.631887819301149789e-01
9.124054816753539576e-01,7.446174652376656988e-01
1.322741240586585709e+00,8.758521690859636388e-01
1.335587690426784047e+00,9.354099763311513049e-01
1.086829845166861652e+00,5.623310312178511072e-01
5.818043531741449170e-01,4.033119662229723845e-01
-4.901503301856787592e-02,3.671882714745996479e-01
-1.190167004099358938e-01,6.704068506895088930e-01
-4.533581341123310571e-02,5.143931314218785911e-01
5.570189546228900834e-01,7.316371595742364731e-01
8.273425566715130186e-01,1.730299315726248899e-01
7.950544616036119283e-01,-6.058664531948626530e-02
5.183208403882346715e-01,-5.288491537214803362e-01
1.703464303449791772e-01,-3.446611537419048688e-01
-4.918261916903925862e-02,3.477861134561590628e-01
-5.975791262582619279e-01,1.692666324588950832e+00
-9.770300077787128501e-01,2.521778606719648597e+00
-1.147060628631474399e+00,2.759637618800324876e+00
-8.367994220421967055e-01,2.318513340701287007e+00
-1.949757551791238830e-01,1.001103092335807965e+00
1.939967859550044138e-01,1.794195524998419555e-01
1.092730835573534343e-01,-1.871523119675216895e-01
-5.560650380802229648e-02,3.404388689982317806e-01
-1.357724474255770364e-01,6.578323367503822183e-01
-2.499240472512101463e-02,9.564178475604147023e-01
-6.378486202336222655e-02,8.230312685556917529e-01
1.360485492004973873e-01,4.946122210356914128e-01
2.324833691555714399e-01,2.029061205197416617e-01
3.418849714719048305e-01,1.560612522729173945e-01
4.929131500543894040e-01,3.288651146100426415e-01
7.906366475887696144e-01,5.018251721450043279e-01
9.903004982436682813e-01,6.064572827913133901e-01
8.590774495520426823e-01,5.286300864412400990e-01
6.518038777518978533e-01,3.202633298016445695e-01
3.293481208946251182e-01,7.142584570827879842e-02
7.328774666715213992e-02,9.677864619758699827e-02
7.328774666715213992e-02,9.677864619758699827e-02
1.028227540772032322e-02,1.419602353811661444e-01
1.604135763925026437e-01,3.227470522113982943e-02
-1.523877160178726542e-01,3.253564403930995358e-02
-2.784496016651869521e-01,6.724033208566788933e-02
-4.681733081680262698e-01,6.478455798631120588e-03
2.459486662207087115e-01,-9.080107479763722955e-02
3.535985999501098931e-01,2.708942254043610748e-02
6.304455360519264362e-01,-2.489747174836433874e-01
8.855648407082598039e-01,-2.885871868346724378e-01
9.029977690611087349e-01,-6.210633716168929563e-01
6.224526590498853373e-01,-6.257937946435262466e-01
-5.699360342143539038e-02,-2.510015365849683211e-01
-5.351627250636112887e-01,3.832623822926338186e-01
-7.915294291942891469e-01,1.076447765936930479e+00
-8.951947155376004384e-01,8.509124552690472409e-01
-9.076190341950663987e-01,7.069086062398850512e-01
-7.141798215601956601e-01,3.593405545622318509e-01
-6.892503750005398722e-01,6.470470119536967379e-01
-3.307879262856769920e-01,5.705689204707504736e-01
-1.960071711313755294e-01,8.101622026668284793e-01
3.171201978459322474e-02,5.853027976771393304e-01
1.019800212631172126e-01,6.064629287039785543e-01
1.749834343233935829e-01,4.070438902474171616e-01
2.831618692157101824e-01,2.779766102683626228e-01
3.671397819678154373e-01,-1.253635576095568915e-01
4.445021358829721048e-01,-5.207407734996222226e-01
1.352947943054386704e-01,-4.945508733034266191e-01
9.784882229364612327e-02,-4.415405113131388726e-01
9.851113918788123591e-02,-7.340570002833601837e-01
3.996910683476183057e-01,-9.406435210791274093e-01
2.649149116971867279e-01,-7.722418170742820775e-01
2.734914524820544202e-01,-3.049990773124234278e-01
2.695758756440597703e-01,-2.360279467870587122e-01
4.099592439017408219e-01,-4.497486844740982703e-01
2.565450397798004767e-01,-1.991810301171330067e-01
1.619425466120731349e-01,2.624527232458117795e-02
1.284768208864093542e-01,3.933072909528890770e-01
8.791650444674742326e-02,3.582480087321393558e-01
-1.282621536314996480e-01,3.408380033565845957e-01
-3.852103113442642002e-01,2.528930058616136178e-01
-5.930094764770288407e-01,2.218661008020460790e-01
-6.213945421515882916e-01,3.488074143627631907e-01
-6.519435361009238150e-01,3.942019271302616423e-01
-5.770589179091236698e-01,2.519596685563580962e-01
-4.829521833006251152e-01,4.007035353783364867e-02
-4.850345159915616100e-01,-2.676924504682480777e-01
-7.157692636458088398e-01,-4.676596524695614820e-01
-5.722082269559736201e-01,-7.799093932991074674e-01
-3.106529126836657939e-01,-9.027522173226771862e-01
-1.331761896892242475e-02,-8.383067023631001202e-01
-3.904757737663219208e-01,-5.208172921342332229e-01
-4.100653112452439242e-01,5.379739246209166437e-01
-1.350051934025008060e-01,8.546519802078019756e-01
4.343340718391739408e-01,1.127975449236739980e+00
3.326430564935434764e-01,4.949592274435314909e-01
-4.045001687690170239e-02,7.250986145306690389e-01
-2.597347611496342301e-01,8.558802171008919046e-01
1.369507658551001039e-01,1.036366339103474976e+00
4.778266424155067638e-01,6.790048341181856850e-01
9.035931210814991399e-01,5.600973755733923420e-01
9.165112600014846400e-01,4.774884589101691112e-01
9.767807569361699471e-01,6.262408687775286031e-01
5.100819930805499114e-01,5.094931205205407432e-01
4.576244828858179181e-01,3.851948287213249333e-01
4.169067975782823066e-01,1.273697718895022424e-01
2.669689277255628546e-01,1.622324733488699211e-01
-1.570458767547771861e-01,-6.096393282227073607e-02
-4.820935639532897277e-01,-1.619365992985409286e-01
-3.863320148620011940e-01,-3.650142189211931787e-01
-2.123382852520365460e-01,-1.039696981389477193e+00
-5.986660196689069791e-02,-1.094401466900742470e+00
1.275058395172784798e-01,-9.858251558793552638e-01
-3.585455069622595775e-02,-1.252865320401050087e-01
-3.585455069622595775e-02,-1.252865320401050087e-01
-1.069242544694544578e-01,-1.894010736768304282e-01
-4.721210397123108693e-02,-3.380283601159382867e-01
1.802218205542121254e-01,-4.682016182529147308e-01
3.760736174083201822e-01,-6.641065362246570958e-01
3.498635858490706796e-01,-1.017682145990803644e+00
2.549102229400926900e-01,-1.071907802230150253e+00
8.051423874343699438e-02,-9.966398804842155901e-01
8.423724082680215108e-01,-8.611107187985003186e-01
7.618610376334487011e-01,-1.342370893388249165e-01
6.350267281060968383e-01,8.875863578259651776e-02
-2.135434436773051003e-01,5.094391562444292587e-01
-3.933051643507515238e-01,2.306328704384585371e-01
-3.051156727518658518e-01,2.222943317137035246e-01
-6.310374488334105081e-01,6.001097977022336327e-02
-6.707851114740265297e-01,-1.945012763507038001e-01
-4.854486945016605048e-01,-2.217400022856100550e-01
-1.421141167648072856e-01,-2.766120335871787295e-01
-1.231354312870656421e-02,-2.287395652191085704e-01
-4.571898151982976000e-01,-6.073635201683043050e-01
-3.968163158754717257e-01,-3.757806516763863014e-01
-3.860188345470780269e-01,-1.347044459229644886e-01
-1.979191049604061246e-03,6.801832090843861200e-01
-8.470085838365563197e-03,1.145031924209759744e+00
1.738775107788030350e-01,1.436035073268591589e+00
3.802485477788946078e-01,1.178964074763439562e+00
4.829318921827293609e-01,9.727104215354737127e-01
4.546650385392294047e-01,2.426762538755830867e-01
1.741524131683056253e-01,2.920469273776657992e-01
-1.975860264845392122e-01,-1.951220379599544752e-01
-5.898462340566141826e-01,-1.403947428029201361e-01
-4.531187832240456959e-01,-3.642478151357246285e-01
-3.901411369552305053e-01,-2.226899295853275174e-01
2.210332941925068073e-01,-1.194846865048535822e-01
9.237925389467563919e-01,-3.268774444319768047e-01
8.307834652143714083e-01,-3.262948061197358252e-01
5.125346342496948093e-01,-2.008317042965013233e-01
-5.990721370409790580e-01,6.722461220173562291e-01
-1.072511672617310730e+00,1.284672905428555278e+00
-1.472841105459683053e+00,1.750289034487140460e+00
-1.335649542658443378e+00,1.331820024174889427e+00
-9.134262956777318143e-01,8.926788424746787687e-01
-4.289878245992288508e-01,3.084519460391612622e-01
-3.892155530954413134e-01,-2.104693215877797008e-01
-3.953783488961418180e-01,-5.120416078382458158e-01
-3.918377211045418473e-01,-4.970803285230027124e-01
-1.824435626768019791e-01,-3.522798590661031515e-01
-4.473592985286002910e-01,-1.883205206076359328e-01
-8.247737597282593924e-01,-1.431113348305918520e-01
-1.287607497312793559e+00,3.767233984063079189e-01
-1.402308142323935414e+00,3.818755916725551924e-01
-1.433980931393275871e+00,4.482785972709555367e-01
-1.424509921712630689e+00,-9.199330893478774307e-02
-1.189831096085018025e+00,8.069682322301778565e-02
-1.456099067259705837e+00,4.874990896695742537e-02
-1.381068051610498060e+00,6.688117143778041784e-01
-1.162712194289713397e+00,4.255552310787592551e-01
-9.646532056329295557e-01,5.059129388441109265e-01
-4.377288661551787530e-01,-1.140972322392801441e-01
-1.438007878166996656e-01,4.382174990787727348e-02
-1.296385356904989350e-01,-2.015573756217203250e-01
-4.375554990612866013e-01,8.151719129237665340e-02
-5.420140033356979359e-01,-5.140535629501716830e-01
-5.364543734136196784e-01,-1.193548596821520036e+00
-4.986934645020182910e-01,-1.661449396591444749e+00
-6.719212330140736933e-01,-3.103175858957160305e+00
-5.658525562027879596e-01,-4.592012664072682604e+00
-3.588144258957861599e-01,-5.840451255131774211e+00
1.278400423092102556e-01,-5.399779208947021125e+00
3.023895450390251538e-01,-4.119713668593695033e+00
3.144110198237959342e-01,-2.711019871158715233e+00
2.114336698008221355e-02,-1.953022248969134900e+00
-2.263266791059083960e-01,-1.366015381864041034e+00
-3.265732450058863034e-01,-6.281596935109692303e-01
-4.392977084587176839e-01,-5.313867578161396432e-01
-3.450760545409305435e-01,-7.858594089941388638e-01
-3.269222632696757169e-01,-1.106370105613405652e+00
-4.307192476165848105e-01,-9.095603983752341692e-01
-8.856037789600865184e-02,-6.314643701275447496e-01
-1.501681572527342190e-01,-2.986419708650934202e-01
5.041119838213752730e-02,1.289836297334703286e-01
-2.532299667591449421e-01,4.034583978097378565e-01
-2.739745176827539375e-01,1.055365406564464203e+00
-3.217930255299368825e-01,1.260799975519049099e+00
-2.612716115504746806e-01,1.304896051486516217e+00
6.438745399167541961e-02,6.636183700088601478e-01
7.884301560704512490e-02,-3.274275604632545522e-03
6.104219194820554445e-02,-2.302118369676507126e-01
-5.054560805257596323e-01,-3.595017273568668625e-01
-9.187905949264513206e-01,-5.175309071009653872e-01
-1.051961157351572584e+00,-5.390130013418262811e-01
-8.730856959489188274e-01,-3.547409481368885564e-01
-4.985328730050993529e-01,-7.014067171858009986e-02
-3.487588030820623075e-01,4.703717046188711504e-02
-2.878891173052309793e-01,-5.923589286644892656e-03
-7.861166408135975697e-03,-1.179265656871531648e-02
1.547535269634773281e-01,-5.443426475899152406e-01
6.524172035519731905e-01,-7.252096294621852568e-01
9.253491158276803130e-01,-1.095029518187682349e+00
1.148899148451682395e+00,-4.211836090519665565e-01
7.855225692932357173e-01,-2.340710459036064450e-01
3.888109848397316992e-01,4.456899933284626247e-02
2.306955677828208540e-01,-1.254179533280639636e-01
2.010821222661358654e-01,-1.731019050138541959e-01
-4.493454388137579913e-02,-3.261874577293017580e-02
2.409282404921049281e-01,-2.318141252456409618e-01
3.065699690079031203e-01,-3.120786359847932956e-01
1.811884608614029446e-01,-5.306861345778742800e-01
-3.830596265957821323e-01,-7.662064396759412643e-01
-6.962324484941768699e-01,-4.655987586561363689e-01
-5.746015418726064805e-01,-4.298329236231649420e-01
-5.238942538727561216e-01,-1.628961649516277588e-01
-3.118660107928206693e-01,-5.151814209053440924e-02
-2.017966227018277436e-01,1.816940591401645932e-01
-4.056944046719004326e-01,2.461354461378944813e-01
4.886529892807014996e-02,-1.789925608961513981e-01
5.173651731319572900e-01,-7.912563377791548280e-01
1.191469911146288529e+00,-1.270630776729440470e+00
1.191469911146288529e+00,-1.270630776729440470e+00
1.191469911146288529e+00,-1.270630776729440470e+00
1.161696019810418479e+00,-1.592128180905881818e+00
1.021604012829373742e+00,-1.826371511017241600e+00
8.047923898527669095e-01,-2.461060953956412778e+00
1.077464164735732366e+00,-4.747503724487227572e+00
1.713074938198468899e+00,-7.674547928003248032e+00
2.346669635568717549e+00,-9.838385699485604263e+00
2.429945538397180194e+00,-9.715029578840335134e+00
2.014183560796690475e+00,-7.288187223006686644e+00
1.589570229357825992e+00,-4.476336635887601112e+00
1.028373966742157641e+00,-1.774822863422789831e+00
5.189142857729538427e-01,-7.276589282510392831e-01
-2.525960893573878444e-02,-1.237870136577551815e-02
-3.185512185440989019e-01,1.865736889046273883e-01
-3.565712930117953539e-01,1.518983235735944515e-01
-3.047569986815645837e-01,-5.589094901450543107e-01
-1.886673863685966457e-01,-1.043970580928245795e+00
3.153571986298814300e-01,-3.847551401126449555e+00
8.344828189572995880e-01,-6.460806798162816555e+00
1.276743035707610163e+00,-8.597734687534881459e+00
1.071700731181250976e+00,-7.628712677130184083e+00
1.001838716137035457e+00,-7.411466423754418997e+00
9.583409580859215682e-01,-7.616077675209384168e+00
1.276743035707610163e+00,-8.597734687534881459e+00
1.194623951216714053e+00,-6.691853190643257676e+00
1.375283345013559089e+00,-3.975300996282260524e+00
1.227617565725278137e+00,-1.289027272379486666e+00
1.024478729794133347e+00,-5.760389397264014111e-01
2.972490195096284538e-01,-6.000467530630566593e-01
-7.389751974533335932e-02,-4.466696604098110424e-01
-5.065959467414066220e-01,-3.046267905434924539e-01
-5.789580315567389723e-01,-4.031181162606942842e-02
-5.783658535755256125e-01,1.483559314223481529e-01
-1.628043634036418219e-01,9.922134270783466992e-02
6.343469225499365205e-01,-1.740199035326988122e-02
1.251684413788757277e+00,4.341981458100234725e-01
1.297833283568057272e+00,1.113720347388378551e+00
9.279093689766466646e-01,1.499999628355907610e+00
4.793525999762815459e-02,1.847077176855985492e+00
-7.838464798597756245e-01,1.689743619492355631e+00
-1.099345951521264020e+00,1.704502199939821772e+00
-8.505062305478359175e-01,1.259605479525728322e+00
-5.539890491877318413e-01,9.706855004697911848e-01
-6.782450939229489606e-01,8.497970710962733376e-01
-8.363894012831261104e-01,1.098256518293021067e+00
-9.883780009523734922e-01,1.467800893120680295e+00
-7.733863007037651283e-01,1.345713788279223388e+00
-1.421972079524521371e-01,7.560118727293794194e-01
1.201794782047405918e-01,6.308222389104087106e-03
1.738385773095823539e-01,-1.114857480447109250e-01
-1.278742934739212633e-01,4.963064448448887278e-01
-1.630764884654066771e-01,6.836654715558074802e-01
-2.511855516494473917e-01,8.010922620759370893e-01
-2.127496180310042839e-01,4.367864276981630045e-01
2.096268748812807337e-01,4.879526793496800074e-01
4.367344171957417420e-01,1.175254927960515339e+00
1.579917492774641219e-01,1.084573974352709635e+00
-2.281991061532420428e-01,8.481378594941354487e-01
-2.668154443295600031e-01,4.092650926026564911e-02
-2.625648061278630929e-01,-3.772303129460993776e-02
-3.432518845932103768e-01,-4.417090865900574204e-01
-4.952739375752017725e-01,-3.178392979709602773e-01
-4.583809011553446333e-01,-5.038857307740258751e-01
-3.598530291366584533e-01,1.296872979686382044e-01
-6.813083626571847518e-01,4.253079745380776155e-01
-1.004650737052750653e+00,8.136497604094633518e-01
-1.357021538783315107e+00,1.904874733386623664e-01
-8.195672131289950535e-01,-3.986961541840232104e-01
-4.836381257166234016e-01,-6.252855035539561790e-01
-4.867585232516214444e-01,-1.879490822306792430e-01
-6.897546271760400804e-01,-1.912492549917573989e-02
-6.885520522326666892e-01,1.373931295130808583e-01
-4.203969265897150032e-01,1.203101712052829370e-01
-6.564532123022618348e-01,4.649176362338210966e-01
-9.589803269304238986e-01,6.957505568320064837e-01
-9.857042634038655216e-01,6.225751914392554376e-01
-9.823807196579131817e-01,5.131361611186142646e-01
-6.667474597627498500e-01,2.641475362184536047e-01
-8.374377574417688486e-01,1.718139695197367645e-01
-8.583006895902240974e-01,-1.997773721021068039e-01
-9.213236668968514120e-01,-5.158828662503651685e-01
-6.032668310521608346e-01,-6.012850652826678965e-01
-3.335148652941039016e-01,-5.663278705227016152e-01
-5.028136715315368876e-01,-6.552382329497993263e-01
-5.475086647746357782e-01,-4.362464492208907307e-01
-7.697470433821077540e-01,-3.264625524532197010e-01
-9.642628360245872887e-01,-4.387572497702280638e-01
-1.026202839962304214e+00,-6.501158243348733601e-01
-6.612003315080958732e-01,-4.713162980154930182e-01
-3.105667336859947447e-01,-1.941293234991365579e-01
-6.602511708319088735e-01,3.958027083755005088e-02
-6.015857355614663282e-01,2.773592775912255004e-02
-7.731206435413353617e-01,1.339486961615397598e-01
-4.922684936398539213e-01,1.695417679433274538e-01
-6.415578291211180284e-01,3.752536738181435627e-01
-6.251051943201326733e-01,2.691781501364328144e-01
-8.881425043017899812e-01,2.440654654640204979e-01
-8.800271836589488306e-01,4.038803395905827820e-01
-1.090144898696740805e+00,6.287319865721007206e-01
-1.143092598040157615e+00,9.065048010613164786e-01
-1.387947475846622369e+00,9.357539054152224089e-01
-1.387947475846622369e+00,9.357539054152224089e-01
-1.124111710855589585e+00,7.653989314896405549e-01
-5.543293417515195998e-01,6.334191544608497315e-01
1.070088854323918426e-01,6.780319162057452109e-01
4.753050634509694006e-01,5.693251432296649872e-01
7.919722869137401089e-01,5.655579793484463158e-01
9.324907911336777211e-01,6.231840578033625011e-01
8.941027513590735776e-01,5.887894902588088897e-01
5.189543555876902081e-01,2.267686599666112746e-01
4.766856545127668571e-02,-3.456791846750637553e-01
-4.270146063484001608e-01,-5.780519129403846046e-01
-7.195226023436016582e-01,-3.170442187918970367e-01
-5.026811791781403693e-01,-1.625184124130357732e-01
4.802244713626717121e-01,-2.879020506974807048e-01
1.216758865319544913e+00,-8.501180795881843055e-01
1.179017560993695479e+00,-1.084299819483674154e+00
9.216114323462600844e-01,-1.244414544797191491e+00
3.990662804817891041e-01,-1.124281216016009610e+00
3.680095305402109607e-01,-8.606643052011334616e-01
-3.626142010099130397e-01,-3.246523127028403399e-01
-6.823540271124098888e-01,1.976215763717630858e-01
-1.438692550441585505e+00,7.209428445778802708e-01
-1.849264682288781714e+00,9.779874661862258955e-01
-2.496609302090182059e+00,1.235448883835969847e+00
-2.205882037366090120e+00,1.189907723981860732e+00
-1.895647878348856397e+00,1.162973965538717680e+00
-1.453412479375619570e+00,5.797249168429023936e-01
-1.979098708261128436e+00,3.967803849822217344e-01
-2.322317626354354569e+00,1.213123070281551391e-03
-3.030008852927386087e+00,4.044434194707400287e-01
-3.185801518015907607e+00,5.263267997360828732e-01
-2.797494154522605747e+00,6.736676627952230545e-01
-1.779661911125297591e+00,3.679322542078601876e-01
-9.537709922166253129e-01,2.453813522011729642e-01
-7.031448694764180773e-01,2.715418083106715952e-01
-1.173387666107634120e+00,5.928828260319979337e-01
-1.651423127307628080e+00,5.798532338368065364e-01
-1.834956500547200386e+00,2.564314339506325591e-01
-2.149484009701914111e+00,4.288420604737536862e-02
-1.879059068168478452e+00,-3.062571802076869409e-01
-1.569049789902857484e+00,-4.783016432982419297e-01
-7.986298608346196204e-01,-5.853682742045949183e-01
-7.294639742209844124e-01,-7.976440613386389655e-01
-2.771753912729154390e+00,-1.513288012187650855e+00
-5.243915398726764820e+00,-2.580107010660308564e+00
-7.986783336772864672e+00,-3.486727549814625515e+00
-9.104635540261527993e+00,-3.649590051230384269e+00
-7.663195649793527409e+00,-2.832625976085191510e+00
-5.542635582234635372e+00,-2.110066068051130728e+00
-2.940587779513113897e+00,-1.467838484301144941e+00
-1.937676431875704264e+00,-1.528711511552709901e+00
-3.776707234200175067e-01,-1.588146259707615915e+00
8.100242533023507829e-02,-1.715712923332214368e+00
3.519020927468640703e-01,-1.381930812515866247e+00
-3.308089282612904081e-02,-1.159135211200639004e+00
-3.930687975342378460e-01,-8.376826278220328437e-01
-7.340327947965517019e-01,-9.221892608255108925e-01
-7.340327947965517019e-01,-9.221892608255108925e-01
-1.046158832525577731e+00,-8.121108107010789334e-01
-9.171897534173059086e-01,-4.110896592477080724e-01
-7.478528412579839024e-01,4.220141951236773825e-01
-5.135927194107618998e-01,8.517616939177236057e-01
-3.687552833828510179e-01,8.443907565184090025e-01
-3.489046772849589417e-01,7.714742585524366758e-01
-3.381370972383153095e-01,5.455906114927885353e-01
-2.463446798899634194e-01,8.853273353150997727e-01
-1.376746058330979294e-01,7.334972768987508829e-01
-6.068964889542051606e-03,4.192378644455185821e-01
-2.268142468282499935e-01,1.188654329812593585e-01
-3.351926623063100630e-01,3.289805671562289202e-01
-4.145120012310323232e-01,7.068169991853815448e-01
-1.777095389576182349e-01,5.263846273652429408e-01
2.353075585130485758e-01,-3.519396431284812499e-01
2.918871981446903296e-01,-7.434220982414833090e-01
-4.824243001581299956e-02,-6.916399702578026609e-01
-4.362074653193700469e-01,3.723442604906231773e-02
-5.465142691711851741e-01,5.831068233556538916e-01
-4.053978678582680906e-01,7.687087628716804399e-01
-2.559366709054907152e-01,8.325121023207709969e-01
-1.400606939825401187e-01,5.539825290365210098e-01
-1.616858665997447306e-02,1.074408085173621963e+00
6.655862920005721148e-03,1.286512720161413270e+00
3.606065364637528470e-01,1.555869498652836302e+00
2.637988194620672355e-01,8.505227795967228444e-01
1.938840703286795475e-01,1.135964330795016519e-01
-2.370515693091774789e-01,-6.398948482151475270e-01
-3.484514144449195605e-01,-8.690370213855406201e-01
-6.593189219086151853e-01,-1.114161434602691125e+00
-5.285214949974562648e-01,-1.022838611426315936e+00
-3.460894379412716160e-01,-6.364681946192947137e-01
-1.201951313058461784e-01,-7.252006095401539176e-02
1.553919063354310126e-01,6.401015616236533923e-01
4.509108475857012688e-01,1.217284123107347016e+00
7.482574441565129630e-01,1.559075632384566923e+00
6.217621903786555437e-01,1.588982680432785788e+00
5.495795682513905378e-01,9.166779121913036787e-01
9.041914176264274905e-02,-9.063740047427269741e-02
-1.055644983486019456e-01,-6.459781879177425301e-01
-5.002709729929440963e-01,-8.418144461467342854e-01
-3.943659250817593831e-01,-5.347429467597830666e-01
-3.706023727592756556e-01,-2.956127508340319343e-01
-1.372739249186941644e-02,-3.595217996346135314e-03
3.689011354039001267e-01,-1.423966896536196791e-01
5.465156228907442904e-01,-6.692570313129105886e-01
6.651125815525846807e-01,-6.847831578312909562e-01
2.151118483160257444e+00,-5.152395927623973915e-01
7.146572749548665726e+00,5.396869236618490745e-02
1.338508223826208088e+01,6.213420363366993771e-01
1.950331643490136102e+01,1.255268633971896364e+00
2.265779678832093680e+01,1.524073050010450903e+00
2.109632584677151712e+01,1.420584026784442511e+00
1.918570002098036298e+01,1.095595985334087974e+00
1.587797486528644697e+01,6.994468769428228150e-01
1.351329390071752812e+01,3.749547819200127474e-01
8.400992490776584276e+00,1.706812683129102781e-01
3.994823812164689070e+00,-1.803733613834749838e-01
8.913225701436106041e-01,-5.461911536562529257e-01
8.885190953121494539e-01,-1.169412511070682559e+00
1.088336107942899922e+00,-1.276195054932247830e+00
9.418213011288220082e-01,-1.178485472754472907e+00
2.654942038802897697e-01,-7.480504962742849928e-01
-2.989663481942801959e-01,-4.571575868904342310e-01
-6.032444722714626062e-01,-4.336235535468736524e-01
-4.483051319140578528e-01,-3.375510288748237442e-01
-2.258178874313873374e-01,-2.813184185016591177e-01
-5.144132184827460152e-02,-6.251549075132685207e-01
4.684591832649565579e-01,-1.124319450212373450e+00
8.627518579220719852e-01,-1.226263182617949310e+00
8.331011529890146594e-01,-8.954607985660308911e-01
3.958215712882504067e-01,-3.346185768873892741e-01
3.007867398406839296e-02,-1.275475596890752183e-01
-5.952855485887541542e-01,1.272083329591264800e-01
-9.426804518291530544e-01,2.796799248501091652e-03
-1.059417381930317203e+00,2.308083203077142820e-01
-7.289544241177688955e-01,2.601865750453382850e-02
-6.598009037249842335e-01,3.068989694921231970e-01
-6.732336617813500235e-01,1.251418971398209068e-01
-3.104445259137942337e-01,2.810008592126670424e-01
-3.402504564092055650e-02,1.747512219788062426e-01
4.793534355273266767e-01,1.311700948983156034e-01
2.765117478126910555e-01,4.216562790437117791e-01
-1.397196344234454511e-02,7.645651419676898763e-01
-5.876889129360618469e-01,1.202908914033579801e+00
-9.874778270224159327e-01,6.651694412627138231e-01
-8.021486142055598290e-01,6.053630630483596009e-02
-5.404896464021059499e-01,-1.650485979766550537e+00
-5.632520893893497860e-01,-1.762809448285730607e+00
-8.880955156781471516e-01,-1.773386836538992650e+00
-8.555614760600974700e-01,-7.623676387447321234e-01
-1.147884855537660176e+00,-4.790628541964820353e-01
-1.650342387326262372e+00,-1.029370499014676948e-01
-2.017049570119656021e+00,1.592962757190668766e-01
-1.838029054418271135e+00,8.647295904695058155e-01
-1.105279887644387227e+00,1.406791809086515244e+00
-3.669836703911626974e-01,1.675955992746869239e+00
1.989757521837387522e-01,1.398231947281541654e+00
6.127431537470064971e-01,9.072334036754606812e-01
7.323312724909205595e-01,1.411975239434638540e-01
6.821937467589159754e-01,-4.830530439338540094e-01
1.927119369743979238e-01,-9.702630546191841621e-01
-2.796420978826914538e-01,-7.105138697889865629e-01
-4.789901087075953412e-01,-3.960962042187201604e-01
-5.855123019873292867e-01,3.583188403272298539e-02
-4.456636988521592846e-01,-1.789903875267270239e-01
-4.146125075326200227e-01,-2.850629037599686777e-01
-2.466659036627117385e-01,-2.563155499534650605e-01
-4.988793460894554443e-01,3.272364577980327871e-01
-7.857527608252478091e-01,3.142946633376611509e-01
-1.002736324129981815e+00,1.778478963911363231e-01
-1.152105335909992867e+00,-1.556673763600887606e-01
-1.016441733202354980e+00,-2.787424011462024676e-01
-8.995261678318177134e-01,-7.338742113347456186e-01
-9.125175525689391831e-01,-7.357317168700963084e-01
-1.046849822981330558e+00,-6.310807541832654799e-01
-9.133782639282873594e-01,-1.734113661179258747e-01
-7.396925710953551336e-01,-9.178594928193599400e-02
-3.299254210598705495e-01,1.564311797074419697e-01
-2.237173776520488128e-02,-6.433293484416658936e-01
5.465967492552374629e-02,-7.135479087235848672e-01
-2.188910368279010227e-02,-8.231740626787764636e-01
-1.247491483508060134e-01,5.319093608716105592e-01
-4.643427134012675234e-02,1.065035156546924489e+00
6.970313019261117349e-01,1.195765702198281266e+00
1.313979924099649033e+00,4.179970630650282626e-01
1.878643371430305908e+00,2.692113795467410142e-01
1.540948622836368465e+00,1.010058453126060490e-01
8.725883527635573955e-01,4.837133834885965489e-01
1.032654998786695089e-01,5.567565133117260423e-01
-2.360500847457375484e-01,5.289021288856825542e-01
-2.517124141092505485e-01,1.106361735420129389e-01
-3.749340703462957780e-01,-3.788978373117854459e-01
5.508773839239722303e-02,-4.455042672283240357e-01
5.946794969257841457e-01,-1.139449793168651748e-01
1.354296866710956726e+00,1.016067705321497483e+00
1.699608230454470847e+00,2.124197874687496768e+00
1.405847316486758425e+00,2.647231797323958080e+00
1.282095640186961427e+00,4.254118221405377653e+00
1.589259559259829535e+00,8.940766285126768409e+00
2.481103038499040903e+00,1.507356813314652833e+01
2.829107623434401919e+00,1.969356996855621134e+01
2.500263276860807515e+00,1.992902545461283736e+01
1.572604338232823418e+00,1.571530454720855019e+01
6.590850236318338551e-01,9.675013969006625913e+00
-5.507525735284626162e-02,4.023857721384106689e+00
-2.176737645915993169e-01,1.605983792910967711e+00
-2.304489894062602406e-01,6.840504284376992539e-01
4.245790144843113872e-02,6.976897985189353113e-01
3.516069122215310649e-01,3.483483515406197162e-01
7.063888350463932708e-01,5.885530027156429811e-02
6.583311678272536493e-01,-3.319395883757299548e-01
2.454600663807311733e-01,-5.096782903038002965e-01
-3.382663755379319293e-01,-2.726587591814145783e-01
-7.952669644501823010e-01,-1.706344505551006252e-01
-1.019005622031980307e+00,-1.422622069101366626e-01
-1.175469469312490522e+00,-6.007471517135667405e-01
-1.224235671697181393e+00,-1.201355342457705033e+00
-1.174800861174846167e+00,-1.849280902421553963e+00
-6.764154602924252746e-01,-2.101732515197750395e+00
-6.440919675270020961e-02,-2.157138959934768785e+00
4.828816767920234287e-01,-1.706108465028678189e+00
6.522552752215516891e-01,-1.154362614033091594e+00
8.425117608768794009e-01,-4.576804786465561437e-01
6.058434429705864543e-01,-4.375011320066103937e-01
1.859307357626952262e-01,-4.268027832576369862e-01
-2.094723550514579480e-01,-1.419672967748975556e-01
-1.627256737366444828e-01,2.706252745754451072e-01
-3.297327825172835514e-01,1.703338898042352501e-01
-3.182127514206618824e-02,-2.311604744998989880e-01
3.167565471783238551e-01,-5.118819171572218663e-01
2.087797994184799499e+00,-4.805487176924523873e-01
2.035178314389060272e+00,-5.815618424584961810e-01
1.753645691273696405e+00,-1.227162066884439906e-01
5.035397654927798589e-02,-1.771485130592379692e-02
-1.319510826340795639e-01,6.589178721590669419e-01
-1.319510826340795639e-01,6.589178721590669419e-01
4.245790144843113872e-02,6.976897985189353113e-01
8.463080541023788872e-02,4.488660201936950922e-01
5.479226911550793000e-01,2.586119037762560705e-02
7.525477315528122935e-01,-7.456810040340167145e-01
1.008478951496970311e+00,-1.896486962714402758e+00
4.920931427575795380e-01,-1.993824734316612002e+00
-2.747194006409429123e-01,-1.828909554753850086e+00
-8.792255112428211117e-01,-6.050370586442357368e-01
-7.475300778146325431e-01,-4.342448446035847009e-01
-5.525111119620604860e-01,-1.798980540393172733e-01
1.293265511360089104e-01,-9.819432680950030967e-01
5.649567855672192884e-01,-1.334020321932384734e+00
9.358046705047533553e-01,-1.340753318378158587e+00
6.936562616824201166e-01,-5.267558521576524155e-01
5.913798164931104440e-01,-2.218696103467169278e-01
3.982581265751429234e-01,1.079693876694097915e-01
3.464730684023041296e-01,-1.073657377062072066e-01
-8.351791161346459880e-02,2.921924191373717616e-01
-6.419674974163244174e-01,2.543643804452073720e-01
-6.345764789893544311e-01,3.914150936606958231e-01
-4.515914137292936781e-01,1.279159446035356140e-01
1.228358938570054959e-01,2.492406426548025300e-01
3.046097483490518565e-01,-5.509619779921223065e-02
4.679216948196842640e-01,-3.571383586912738051e-01
3.154646096360512741e-01,-6.173112821230321012e-01
-4.657033935305114267e-03,-4.003039518572966693e-01
-2.406289291991632884e-01,3.597974388827989561e-02
-5.812667899638058744e-01,4.100060555797517825e-01
-5.986153203595669936e-01,6.488142334536881606e-01
-6.473202314244190791e-01,7.244623796232080304e-01
-5.668435233418718244e-01,6.949575601798370084e-01
-9.767915757868549098e-02,6.992709402355279380e-01
4.075403831397300114e-01,1.255187150390934647e+00
8.487971265388352116e-01,1.961393027027341862e+00
6.460817352888632570e-01,2.152649354923677372e+00
2.752291033917573237e-01,1.804087345134466558e+00
-1.468915226458147871e-01,1.435813910779607960e+00
-4.081731129356995225e-01,1.211275326457158741e+00
-4.991501774290282301e-01,1.067030163843251112e+00
-5.198839246020280358e-01,5.474298561484991499e-01
-4.327994528643205885e-01,2.649065718011712200e-01
-3.581856561904500635e-01,-2.149787941145653858e-01
-2.931338216372643135e-01,-4.306225327313594753e-01
-3.080208359841481447e-01,-5.668242749687482096e-01
-1.586921744812638257e-01,-6.548696850746866804e-01
-2.091130656275399513e-01,-8.137914764953380065e-01
1.596574244352751970e-01,-2.343529253289467817e+00
2.751841220638479579e-01,-4.191656909276592735e+00
4.262435349041276966e-01,-5.643635032513099503e+00
9.334501577949694262e-02,-5.228517891512469262e+00
-2.129723021538019456e-01,-3.940385392549210497e+00
-4.801456777216811522e-01,-2.424159662106609936e+00
-4.647287611991393064e-01,-1.589465483507169541e+00
-4.727683492861446957e-01,-7.773357428184161089e-01
-4.339851816155510522e-01,-2.540680993974270274e-01
-1.323719543310075686e-01,3.536840341965603041e-01
3.668632307510847901e-01,4.403363176129456158e-01
6.331951101119005498e-01,8.863430466477618674e-01
5.974876012073194742e-01,8.195239798944680132e-01
3.164993555729052055e-01,8.812269633953190295e-01
1.140854171462458294e-01,6.764332600884827018e-01
4.658242017444724770e-01,9.802983315335062064e-01
4.796476082660291462e-01,1.068621936359207325e+00
4.815691640991165423e-01,1.204537928486457909e+00
1.469701504170253248e-01,6.687464854814830773e-01
1.060217703971928771e-01,1.029733719832232330e-01
1.183021085553915552e-01,-3.434209290167400397e-01
1.017472564130386808e-01,-2.659556226518612343e-01
1.995222331025784876e-02,-9.605253325194954006e-02
-2.604265374820611059e-02,3.908877963197959771e-01
-6.371861635057182727e-02,3.939522543589568659e-01
6.155276505856925595e-02,8.639163581688606708e-02
3.051969497128257380e-01,-5.145624679914255761e-01
7.719994651878098191e-01,-7.694602012544168312e-01
8.533494239439856077e-01,-9.674861783098762658e-01
3.138066548623013596e-01,-3.570979247481774199e-01
-8.243920032928897523e-01,2.766888679757495417e-01
-1.414047887553223859e+00,6.783700042825695498e-01
-1.449307183350981187e+00,3.884819644534510119e-01
-1.409206642760889583e+00,3.443399462429632130e-01
-5.318299345898405139e-01,3.885147858588051117e-01
7.769490646272942704e-03,7.227934334975922859e-01
2.011254039056854737e+00,8.297594627145540302e-01
4.991828582768866873e+00,8.856532806199911567e-01
9.557204980769748559e+00,9.430332427583586474e-01
9.557204980769746783e+00,9.430332427583588695e-01
7.889150306715119854e+00,5.591169929231664115e-01
2.774551628281320959e+00,3.724847126428391247e-02
1.443971823016144462e+00,-4.137615596312573252e-01
1.115449928151375669e+00,-4.011630834523092770e-01
6.624642924715210546e-01,-5.401384235359384389e-01
7.259977702438382696e-01,-6.630715339902331085e-01
4.531644254868367194e-01,-4.328484413965425492e-01
1.558450360106844734e-01,-2.383277357768562310e-01
-1.883884238459005156e-01,5.823135061298017473e-02
-7.584419762288881206e-02,-3.209491547558406266e-01
7.910868351739532012e-02,-6.725231851293187457e-01
3.883313330493036730e-01,-1.123484333201862029e+00
4.048008596482021160e-01,-1.451216712807986919e+00
5.137806335767237664e-01,-1.264478509599656686e+00
3.883298780478219858e-01,-9.866941516498428655e-01
5.465019328896905115e-01,1.545999693843551348e-01
5.476717380847010430e-01,8.334715888346747592e-01
4.640699180480910013e-01,8.544456737985139938e-01
4.856399761473552124e-01,8.042880779603066577e-01
1.710587705995821883e-01,6.988885841847648495e-01
-5.499338726011748779e-02,8.476936666678944743e-01
-5.568928551078525802e-01,8.457526764470505443e-01
-7.213634785501897850e-01,6.885704490372982489e-01
-7.144479489348466439e-01,6.278172705861808645e-01
-4.418154346580687730e-01,6.197419209755858915e-01
-2.964078269041763858e-01,8.568751021305981430e-01
3.357564812494481798e-01,6.588614004830899429e-01
3.708050066463877137e-01,6.295851077989882416e-01
3.455702285184092393e-01,-1.486420801385428814e-01
-1.456897771974343357e-02,7.677978848814754611e-04
-1.549555009825832330e-01,-3.282227303986602618e-02
-2.428298498786863324e-01,4.898362303339327539e-01
-3.378656616845587268e-01,4.653601293211587220e-01
-4.092630482449778895e-01,5.348344262155422246e-01
-5.260615812326840945e-01,2.946405828426939544e-01
-6.168198185980183768e-01,3.031107869121671405e-02
-3.683569486287052719e-01,-4.866781123793348929e-01
2.618330724949850530e-01,-1.141184020212118178e+00
9.709217937421096289e-01,-2.014272925299068095e+00
1.306138404109728146e+00,-2.081230409375713908e+00
1.122463706163846053e+00,-1.480960842570040459e+00
5.969994031498003784e-01,-1.471260633424542053e-01
5.918783609161476500e-01,4.911632376993019244e-01
2.502968250333956202e-01,7.491887983985442423e-01
-1.055669191956495473e-01,8.018053556016113692e-01
-5.836769609775571688e-01,7.270115299581331181e-01
-5.680424629881485332e-01,3.514719856199409187e-01
-1.373508712952649924e-01,-2.405604436003112023e-01
1.043070508884312575e-01,-7.680697558446363260e-01
2.707470700322062718e-01,-4.445431335796554695e-01
8.763731299145406661e-02,-6.950826019881087454e-03
-1.468048629340494293e-01,1.439043388849531313e-01
-2.848026915953929539e-01,-1.813175118798520113e-01
-3.375656328263738071e-01,-2.322368431429028546e-01
-6.122877662022406797e-01,6.358814291251745354e-01
-3.627647890981754442e-01,1.190138060285893307e+00
-2.239734521897289443e-01,1.235127472757121980e+00
2.821081634063191124e-01,5.987705558866466271e-01
2.843506381613571943e-01,-1.687459923583121413e-01
-1.218945005671851489e-01,-2.696510035121953419e-01
-3.271739620975289697e-01,-6.179399437338357892e-02
-4.580296385913722457e-01,3.406100450237584676e-01
-3.743604167125245685e-01,2.853326148852468047e-01
-2.415427129911448256e-01,-8.975220576926450089e-02
9.400776082624431179e-03,-1.408850884978043727e-01
2.833853359853480969e-01,-1.553254638892840878e-01
5.550209354179969079e-01,2.642408965674223342e-01
5.139774861538943806e-01,8.977388376333844677e-02
4.215827045873600243e-01,4.270882786742001280e-01
6.263943971333299499e-02,5.589802837165938065e-01
1.897250632425127592e-01,1.365373789751767264e+00
-2.162097104447620668e-02,1.296589434124590490e+00
7.165423665022958577e-01,1.837806037736856579e+00
1.503795423196429670e+00,2.152566672729312014e+00
2.278884558979260344e+00,2.560956334985582394e+00
1.817959017979367653e+00,1.833497759675612127e+00
1.348455307456793317e+00,1.175175523328597871e+00
6.430443940691684679e-01,3.454032806952673229e-01
7.503454896054245760e-01,-6.824706406440499140e-02
1.478207139080504329e-01,-8.191557501044188783e-01
7.921843447382607983e-02,-1.060566438341362439e+00
-1.230185478980273528e-01,-1.112459828591038979e+00
-2.049352519752490817e-02,-7.261535973970761892e-01
-2.386537827091451680e-01,-2.792745764944136178e-01
-1.357889105559334231e-01,-2.521707364090563716e-02
-7.968054989496204180e-03,1.310629625520774166e-01
4.778931431844975486e-01,-1.908801442789410507e-03
7.651213954525054595e-01,1.454125798393607061e-01
1.015786109070831111e+00,5.539042971118559588e-01
8.305386236786413967e-01,6.120467928549705450e-01
2.352292517111567449e-01,8.681476793651282664e-01
-3.890782531859425242e-01,3.956848558077520894e-01
-6.003262786132863571e-01,3.527036045665541547e-03
-8.062919732010214169e-01,-2.889203407783876854e-01
-5.686668419519173012e-01,-3.565977697427402116e-01
-9.882131048444532384e-01,2.240124732039855127e-01
-1.234742504484268144e+00,5.955092808374962132e-01
-1.370418244758629944e+00,7.301527505166555132e-01
-1.122590646123951874e+00,6.947904108635657439e-01
-7.003470188001940100e-01,4.917700050405340861e-01
-5.463839336675869740e-01,2.930362172573264812e-01
-1.638900482270738701e-01,1.394200022395979954e-01
3.656754523973171911e-01,-2.641849439196561344e-01
4.564508713915612081e-01,-4.181419754030080149e-01
5.724269835949388208e-01,-7.650955583844661900e-01
1.263304781005718802e-01,-5.343501324346627834e-01
5.934980401742644823e-02,-7.603529477600962094e-01
-2.077797982555167067e-01,-7.874427448917556971e-01
-2.346837763134789756e-01,-9.843005284885670836e-01
-4.284110197369351281e-01,-8.198319736298945726e-01
-3.560136896136434359e-01,-6.884171421445854921e-01
-2.267207228720408974e-01,-3.546256382320653322e-01
1.499177868887972831e-01,-7.680297045311589299e-01
2.092588535627775692e-01,-4.541578383127986562e-01
-1.442964987609464678e-01,-1.409246012076923016e+00
-3.212100392164824458e-01,-1.044268111601644788e+00
-5.006909792882835442e-01,-8.355031020613884474e-01
-1.957161176715261908e-01,4.515214229920154754e-01
-1.371043965971915357e-01,6.848246391129831911e-01
-2.999860466929925029e-01,3.037870798644489723e-01
-7.566084409297101354e-01,-4.355741556627847899e-01
-1.064567136734253960e+00,-7.179846763496646744e-01
-1.354031456016649537e+00,-1.120236764264444407e+00
-1.394789062203116048e+00,-1.149125301989743608e+00
-1.313760489881004245e+00,-1.356394115050529425e+00
-1.075892042030184070e+00,-1.061938166914531800e+00
-9.432004231006599904e-01,-1.063257798458995929e+00
-7.763180605077399932e-01,-5.357594518827200059e-01
-1.163366833742813133e+00,-7.240490792449844060e-01
-1.281386677352485126e+00,-7.360282510643106901e-01
-1.153493091752467503e+00,-4.134466242441600103e-01
-7.107881353839214933e-01,-3.502379609637946700e-01
-1.167228362217885285e-01,-1.702042541939265963e-01
1.493601877599410321e-01,-6.515302092587280658e-01
3.201376918895889045e-01,-1.008082436065476761e+00
2.293590095375016569e-01,-9.973626386916065734e-01
1.540575771798912974e-01,-9.737265986583690802e-01
7.932274227128507937e-02,-7.401864118555124827e-01
4.486949009247306192e-02,-2.972681435163353481e-01
-3.007073838939976207e-02,7.112887123230657305e-02
-1.833267370128191243e-01,1.934953101312389678e-01
-3.863380012821664988e-01,-5.878840775789431206e-01
-1.250028458994031921e-01,-8.176447124260975974e-01
-3.761139373181683898e-01,-9.757027456844765689e-01
-3.321944017164594198e-01,-4.284310676819075292e-01
-6.964797400943604222e-01,-4.143341243273564456e-01
-3.900255133191415369e-01,-2.265570457726182318e-01
-1.320749965335043519e-01,-2.134511509482998615e-01
1.890436760105339564e-01,1.821264246513480123e-01
5.686379451350151992e-01,8.253300836867401014e-01
5.811272446385654655e-01,1.246059720634991042e+00
3.202747795674190656e-01,1.105487389953855093e+00
-4.101314883012430190e-01,1.249954014265835411e+00
-6.420326431220414465e-01,8.987681410651440217e-01
-6.784715132901701917e-01,8.128013855171949409e-01
1.249278220295136355e-01,-7.011852277116522592e-01
4.512878547329980949e-01,-2.008970979670387180e+00
1.119980399007003635e+00,-2.906690661767758588e+00
1.683014087822464422e+00,-3.217237001781155570e+00
2.093954184677670582e+00,-2.358591821692769930e+00
1.874487888676343861e+00,-1.677323384927063454e+00
1.218317278941416060e+00,-6.574182707988452945e-01
4.206278276557781082e-01,8.921410484621421499e-01
-2.347478536049933950e-01,1.417850602027700857e+00
-2.435746281707715788e-01,1.231346199788377005e+00
-1.703395061160219437e-01,9.033410607919691027e-02
1.602811286000607183e-01,-2.234525478631664286e-01
2.941327556681593292e-01,-5.517976571289807675e-01
5.436732891858406802e-01,-8.325505059664751739e-01
4.437669936587478325e-01,-5.454967417220469850e-01
3.592015647569568593e-01,-5.694730239716607745e-01
5.924250754036873845e-01,-2.861214075538148771e-01
5.832593421642798814e-01,-4.967458144081840499e-01
9.813642752858946494e-01,-2.730537912100485798e-01
3.946043696635636588e-01,-2.337560646386299956e-01
6.302338521370616231e-01,2.278425278828812850e-01
2.674950818492801904e-02,4.713816158272383094e-01
1.200475789140617727e-01,5.572611952217219056e-01
-1.578897762990770504e-01,3.395309888576708568e-01
4.452351485219127603e-01,2.343548137693636235e-01
5.902431846478841670e-01,-1.010861016282928460e-01
9.943194937288283297e-01,8.271992404250519404e-02
7.747018075031404383e-01,1.770816436214689704e-01
9.837978828788733754e-01,4.177227341827529083e-01
7.450465736608589129e-01,2.672595538997811770e-01
6.465441228193226086e-01,1.832471676661794890e-01
2.286024357710862154e-01,1.324283381019440708e-01
-1.227010222452085131e-01,1.047128963301020843e-01
-1.852487921014416838e-01,2.491113462116489596e-01
-1.159075459888211229e-01,5.784526020310821331e-02
-9.829254163104969577e-02,1.280881497033202976e+00
7.283442335347567465e-02,3.909743623350837360e+00
-1.062557332101888713e-01,4.949058967002133436e+00
-9.982864170586903951e-02,4.293881293139214961e+00
-3.487669081430014861e-01,1.727924923758777487e+00
-4.933738439846381274e-01,1.683157895193053422e-01
-4.242835358246413446e-01,-3.674838029317728950e-03
-1.277106368199457942e-01,-4.084707773268669850e-01
1.972113872101254328e-01,-2.957819676244603513e-01
6.862425859478231693e-01,-5.658126770402726047e-01
9.074478735822574249e-01,-4.087041378343426179e-01
8.686758552135679379e-01,-5.913171189625230362e-01
8.428065107703321956e-01,-1.143770504390561937e+00
8.290480564820423837e-01,-1.922411131410040941e+00
8.997015828790277947e-01,-2.170653311543812691e+00
1.035793333040663455e+00,-1.762494258038023176e+00
1.301852158385054636e+00,-1.136709903476331718e+00
1.371448717599608180e+00,-7.751107550466472818e-01
1.992677446029850197e+00,-6.246776983589166221e-01
3.076155508801952099e+00,-6.512243581798384806e-01
3.379219343568886647e+00,-8.120669591580167435e-01
4.025374837566356945e+00,-9.439484388474213006e-01
4.025374837566356945e+00,-9.439484388474213006e-01
4.812033358559387963e+00,-1.095979251302876323e+00
4.311048400428421523e+00,-1.227814167617292229e+00
3.174557217980636725e+00,-1.229907426253821656e+00
1.755630721197120936e+00,-1.039194808610862220e+00
6.872919968073784025e-01,-8.324896067558065216e-01
5.920720848645941725e-01,-7.529695418518883576e-01
9.778291917072210460e-01,-2.361271276221241777e-01
1.189169637690612236e+00,3.014427845795377703e-01
1.640697183390109393e+00,8.799941348880251368e-01
1.640697183390109393e+00,8.799941348880251368e-01
1.603478203718215811e+00,5.504694994386964968e-01
1.719358112501866875e+00,8.241123901000224627e-02
1.846743085476176383e+00,-1.768454635191675228e-01
1.860700691614625590e+00,-2.197830396233484973e-01
1.123126701758312862e+00,-3.310682481298858337e-01
2.714537397359689241e-01,-3.322710162592392713e-01
-9.925607960685571551e-02,-2.494286689065365326e-01
-8.469206340058850480e-02,-3.015341065507796126e-01
-4.538487467113892088e-02,-4.844173991124293699e-01
-1.870182232047762905e-01,-4.279209297704861803e-01
-2.272334816211583064e-01,-2.354833199257038989e-01
-3.030961492934307611e-01,9.493882316429275506e-03
-2.397841469397705427e-01,9.491478273184437986e-02
-2.319570063573883067e-01,1.666473523584084404e-01
-2.637956162835487506e-01,4.914794483873385217e-02
-2.555955561700593570e-01,4.496058184955741693e-02
-1.759742722606650323e-01,2.567397317886907851e-02
-4.023818170269086170e-02,2.024454295610578769e-01
-7.310211988210955913e-02,3.475058326727402391e-02
-2.333726553620167343e-01,-1.013533543681761351e-01
-1.473111965141610247e-01,-4.114843499985520459e-01
-2.318326007800284860e-01,-4.800375474071923998e-01
-3.552374550566648748e-01,-3.636699673117137488e-01
-7.653757900421442883e-01,-3.958519310149102161e-02
-1.039680826750707165e+00,8.708187146755802521e-01
-2.780835745782888946e+00,2.800692303417378515e+00
-5.055375573636999853e+00,5.062253869258008798e+00
-7.531614214305378141e+00,6.947777149060896384e+00
-8.483750266651652439e+00,7.724588416575691063e+00
-7.758860064499246256e+00,7.137157124913633410e+00
-5.371439409397152254e+00,5.190558328453517056e+00
-2.724838226612054992e+00,3.004960853987449276e+00
