9.561705024754040272e-01,-9.466473332942078045e-01
1.559327566428903467e+00,-7.391331689529885285e-01
2.087834314631206389e+00,-6.298278339460932074e-01
2.389653681694974274e+00,-4.603860698004259566e-01
2.668634039816192072e+00,-2.937538816410418807e-01
2.539953079824572413e+00,-1.730098187659522280e-01
2.591842235945946982e+00,-7.676574339061764674e-02
2.533854336524578699e+00,-2.423108626780571054e-02
2.527939492700815638e+00,5.030235659655978020e-02
2.828273247340594931e+00,1.362969549308832573e-01
2.623255249456640570e+00,2.211710141127344043e-01
2.261607826350076955e+00,3.115518611145225991e-01
1.469903794832557731e+00,3.766659541380783516e-01
8.945870246060952935e-01,4.670890376053609683e-01
3.102681019759260250e-01,5.894987336497895525e-01
-3.126345772918492916e-01,6.090385996993807893e-01
-6.705325787770840540e-01,1.085384214915337653e+00
-5.873968004729388515e-01,1.243099095832477241e+00
-1.685431307389453903e-02,1.376644949230309889e+00
6.520703920100527906e-01,9.786720584186914262e-01
1.284472531700024955e+00,7.580413728290776865e-01
2.155752155275755033e+00,5.267902890958916506e-01
2.538975947361759022e+00,3.460873806049024060e-01
2.724002231001533492e+00,2.286617994570888102e-01
2.352446553639229609e+00,1.949029933559252581e-01
2.282434278877740308e+00,1.582568442089513083e-01
2.195800577573526535e+00,1.360883474235184687e-01
2.052396288487895237e+00,1.080058807647820696e-01
2.456119973716206939e+00,1.452366482609629972e-01
1.771125052390344567e+00,9.545078553844933700e-02
2.501148357009884915e+00,1.083339566916362434e-01
2.274449221265005150e+00,-3.438982088708334665e-03
2.483539146800118225e+00,-1.995131210803682137e-02
2.588770372990255364e+00,4.175147863336714331e-03
2.537600840410281222e+00,9.587346222920868632e-02
2.556888496831514868e+00,1.969223837928370524e-01
2.856848887242436685e+00,2.560661489666903878e-01
2.744958635124877144e+00,5.718936614694348775e-01
2.538206506092206105e+00,1.064280635451353874e+00
1.960212233792606895e+00,1.696972160373826366e+00
1.619166954106086465e+00,2.371381482553581943e+00
1.246171078452119385e+00,3.027711998112467828e+00
8.670379712582634291e-01,3.581913718386260381e+00
4.982861215535712707e-01,4.042513137423613401e+00
1.141871752490567909e-01,4.490764818953677739e+00
-1.424141191937191298e-01,4.820691489408623021e+00
-3.101955950149786756e-01,5.108187204250873137e+00
-3.260783773899506577e-01,5.231740580817362485e+00
-3.722975312747288656e-01,5.342815283087326783e+00
-3.913395073032956972e-01,5.311693338938406228e+00
-4.053229667022794636e-01,5.103795224530819574e+00
-3.831877237714697015e-01,4.990509070920635004e+00
-4.562215217341855089e-01,4.327255308394173383e+00
-5.624014334437013041e-01,3.420251286337032681e+00
-8.689558904100199710e-01,2.321143456574639163e+00
-1.389556712218197321e+00,1.697099774529631677e+00
-1.651206731727285826e+00,1.310478077104268113e+00
-1.744905753659108605e+00,9.112193677341835496e-01
-1.497401090028290138e+00,5.227906294930336761e-01
-1.486421655872127268e+00,3.224385779512135008e-01
-1.549450426837386763e+00,2.586085751731502791e-01
-1.677647064441666780e+00,3.840200400450669571e-01
-1.987889478904510732e+00,5.334264759539137923e-01
-1.987345450654095735e+00,5.401353021737577143e-01
-1.842206344496897463e+00,4.702164903660960293e-01
-1.508636984796760672e+00,2.527449583548290746e-01
-1.104178092763145491e+00,1.485095575750207675e-01
-5.859523720737493946e-01,8.277531852086564279e-02
7.586304055247164446e-02,9.580630349818000657e-02
7.240517958062612225e-01,1.016709839515184538e-01
1.353839827417764985e+00,1.141599241185910496e-01
2.197613180787473031e+00,1.613535471602333404e-01
2.602787788700102301e+00,1.353681018124032465e-01
2.841142569613329893e+00,7.437560079681146408e-02
2.556458101866237786e+00,-4.755090456908085683e-02
2.583609991683450069e+00,-1.426734353059727622e-01
2.569082063281720174e+00,-2.330784264004835404e-01
2.530989655011177675e+00,-3.018324017223052436e-01
2.623047976326553066e+00,-3.759758877915104769e-01
2.634820207562551531e+00,-4.051619646662345531e-01
3.056471733789601686e+00,-2.309626305519248690e-01
2.882097352129962431e+00,-8.884922148999965796e-02
2.885742745140485788e+00,8.134386986899821590e-04
2.610495455609129323e+00,-1.378295171021178267e-01
2.622490997571028881e+00,-2.099789160000616051e-01
2.599981017282275708e+00,-2.875209276883696763e-01
2.551738362371501090e+00,-3.390300492283551126e-01
2.634285165879413970e+00,-3.963018067760186725e-01
2.638961945780134322e+00,-4.127097599533288697e-01
2.239095518697324039e+00,-5.149281301963558599e-01
1.505675967334118459e+00,-6.428630404745739879e-01
6.438091821195298659e-01,-8.727473187228989016e-01
3.843782448420270809e-02,-1.102773026998194128e+00
-4.047394106101258604e-01,-1.210221063734552072e+00
-5.604217712211477798e-01,-1.199253323431398899e+00
-7.155576904926554960e-01,-1.096108266567400680e+00
-8.710920749489396986e-01,-1.003501798101294140e+00
-1.007123718534647105e+00,-8.650885154013395750e-01
-1.112326531484139069e+00,-6.902122434653684691e-01
-1.245073676910777527e+00,-5.186514178230677841e-01
-1.259899704076736349e+00,-2.586685454884926627e-01
-1.242119186877376658e+00,6.583693117429664787e-02
-1.190502554542136382e+00,3.630946666227357067e-01
-1.286413812501573384e+00,6.018123598144796693e-01
-1.452253463399751920e+00,7.193806716937785062e-01
-1.620878537211835058e+00,8.802758967317604322e-01
-1.870269747683942940e+00,1.082419163443220089e+00
-1.982820415046016027e+00,1.178835288687742233e+00
-2.062958900479471502e+00,1.232453966989170757e+00
-1.993074252872134355e+00,1.168008588443382401e+00
-2.007484859187113724e+00,1.140761558386196306e+00
-2.080360119109940342e+00,1.199499823138024723e+00
-2.271677673719565860e+00,1.104822501858869765e+00
-2.506698065532779296e+00,1.069809563414285236e+00
-2.467474221304595705e+00,8.580055770244189306e-01
-2.348605033885688531e+00,8.396658044444136326e-01
-2.220724614606301106e+00,7.692679975782588109e-01
-2.149275430596944148e+00,7.317326576918852243e-01
-2.047302143051489942e+00,6.805495446025379147e-01
-1.955583417529276113e+00,6.355392855688274389e-01
-2.123309769118782331e+00,6.773086692939463971e-01
-2.190582973909999343e+00,7.007115117748274891e-01
-2.303939202798536812e+00,7.508153279598648311e-01
-2.251227297684412765e+00,7.543005411125365267e-01
-2.356564720785064182e+00,8.085677316689299232e-01
-2.410797626790500470e+00,8.459005234311809396e-01
-2.422844360894317095e+00,8.656634190153088548e-01
-2.468323375803380682e+00,8.998030977339023240e-01
-2.414793397987586410e+00,8.822021201931188328e-01
-2.337180950453313422e+00,8.459707181387183805e-01
-2.164854942298433560e+00,7.607794953329882759e-01
-2.034230384870093555e+00,6.947334138661204195e-01
-1.936833177973384057e+00,6.392815058321678068e-01
-1.826590655038891509e+00,5.848985835661851818e-01
-1.453355236340288181e+00,4.564192047160310350e-01
-1.792856548995036770e+00,5.533468788493010049e-01
-1.847682785085159374e+00,5.569983007419300192e-01
-1.857441086156164767e+00,5.314970005565508027e-01
-2.087088843207284938e+00,6.114879118920889534e-01
-1.985151346680353646e+00,4.629606852953719875e-01
-1.737789913175894041e+00,1.949785402277285640e-01
-1.202253446418615201e+00,-2.487030452234058053e-01
-7.741054115056618112e-01,-6.548024577868052365e-01
-4.950878096483468660e-01,-1.027726195971907064e+00
-3.484753475278027923e-01,-1.318983011140779649e+00
-4.093320251675018340e-01,-1.488961456055692967e+00
-4.311654557732698123e-01,-1.637213003267045774e+00
-4.576860685915957183e-01,-1.774319054354769332e+00
-4.683022512333647747e-01,-1.860182802702234461e+00
-4.631484273449633648e-01,-1.884808422175935361e+00
-4.692795951732294801e-01,-1.945998783375022967e+00
-3.638274179858614898e-01,-1.519716868364757278e+00
-5.348434730667539494e-01,-2.269338566733546614e+00
-6.427034259729811350e-01,-2.764502715502667574e+00
-8.062251664711977961e-01,-3.499437881302438935e+00
-9.424200663795865296e-01,-4.090574108243045792e+00
-1.062214024462065698e+00,-4.578563961766665358e+00
-1.153346953360120608e+00,-4.901137366816582741e+00
-1.217302752263558885e+00,-5.060632975547753709e+00
-1.252338737898222476e+00,-5.048554583852873812e+00
-1.258280315791421744e+00,-4.866183509979535415e+00
-1.234467128209783215e+00,-4.519190174710755237e+00
-1.183189246411773698e+00,-4.018331464079032855e+00
-1.098054709196822687e+00,-3.380970161059913437e+00
-1.006880457162113274e+00,-2.622251955262432599e+00
-8.546199448455680248e-01,-1.912352205612430911e+00
-9.765245372539965718e-01,-1.041517859975897631e+00
-1.052743035866428478e+00,-2.382676076473242976e-01
-1.216661172406956926e+00,2.425197478163510778e-01
-1.145623799617938587e+00,2.290896418226230635e-01
-1.193003235489020541e+00,3.609295075560539634e-02
-1.250412317148417163e+00,-9.722911532175833316e-02
-1.327679514619880097e+00,-2.253367432339138110e-01
-1.358249813468817235e+00,-3.772147729071261835e-01
-1.378653574509680624e+00,-5.395103872804432044e-01
-1.352228485583538919e+00,-7.064679885413108762e-01
-1.336334035591939529e+00,-8.518287068850941557e-01
-1.292520399005833820e+00,-9.665993655857955114e-01
-1.218015918118087626e+00,-1.039337914711633726e+00
-1.115584872318059695e+00,-1.070552449319770894e+00
-9.835370095353855868e-01,-1.055804641278286438e+00
-8.349363526305015881e-01,-1.006397070860904019e+00
-6.580609748694637995e-01,-9.137086128820948172e-01
-5.405918168840125881e-01,-8.624484416623292571e-01
-3.639980752587465562e-01,-6.378271255470274737e-01
-4.640240777706592379e-01,-8.985210035239141746e-01
-4.483015359889237494e-01,-1.011838481675246149e+00
-4.403692621155851916e-01,-1.189287534265870860e+00
-4.168387230970683754e-01,-1.314116090284904503e+00
-3.803929605680232973e-01,-1.398973671889683246e+00
-3.217170151101818587e-01,-1.426397586936834161e+00
-2.670102878511099731e-01,-1.400969014451777017e+00
-1.312176019475799205e-01,-1.338286039970501218e+00
-2.476349637786284530e-01,-1.272144803591828355e+00
-1.847233850397165811e-01,-1.219514917615169169e+00
-1.406585886891300874e-01,-1.193413443050584499e+00
2.347700527056180153e-01,-1.169628487240642833e+00
5.382901908002452052e-01,-1.122997323953183413e+00
8.714213530706819144e-01,-1.036373802760651497e+00
1.195427503179848250e+00,-9.055309598595312481e-01
1.513377616596301767e+00,-7.380315603745289943e-01
1.823050494036628111e+00,-5.327614271372367316e-01
2.102116709569604946e+00,-3.185031150218894935e-01
2.619441875798401487e+00,-7.961005363357763487e-02
2.793223860087686194e+00,6.572873512360261072e-02
2.897545081884163043e+00,1.426389881752086752e-01
2.571009297592799836e+00,9.142369729459635941e-02
2.464141740850206652e+00,8.627865985475544064e-02
