1.587378766895942706e+00,-1.314634051118437119e+00
1.513821743259480490e+00,-1.246721751807163381e+00
8.703390597013794805e-01,-7.243193883622250917e-01
9.431741639379651598e-01,-8.577042415396652908e-01
9.112343548340914312e-01,-9.410162403480004656e-01
1.359269870225528143e+00,-1.475732491131766411e+00
1.265641708967994772e+00,-1.594593194819642346e+00
9.017874672911792011e-01,-1.749594869948822184e+00
2.459380999616706809e-01,-1.655525953854669163e+00
-1.557878963558264329e-01,-1.408512775401256523e+00
-7.225802301091649449e-01,-1.207795597940475973e+00
-1.337236756233516122e+00,-9.097603191031294889e-01
-1.672540553771136196e+00,-8.680257675216405122e-01
-2.096071640609129094e+00,-5.948817880399851488e-01
-1.563653318866512709e+00,-7.848030598160485871e-01
-1.386414390650207329e+00,-9.580365950578858536e-01
-9.364416559147633601e-01,-9.503263034096254280e-01
-1.136989971733968874e+00,-3.939320117887138428e-01
-6.346054887959861057e-01,-2.194929302608006061e-01
-2.920840828681525725e-01,-2.489326205052967977e-01
4.279990297976803137e-02,-8.359549065203116802e-01
2.088203370168258827e-02,-1.146486847186052538e+00
1.221806714491216195e-01,-1.433522963644718207e+00
1.078730352618631344e-01,-1.239256017752804251e+00
1.802823505563270479e-01,-1.388354960613603195e+00
1.970536557837049563e-01,-1.180350032942966143e+00
2.080306756112214051e-01,-9.607697271746440393e-01
4.087250834478901168e-02,-1.905242320555117774e-01
-1.717976868680429481e-01,6.677955916934160685e-01
-4.265097590880004841e-01,1.292746733414194660e+00
-4.252153999094236969e-01,1.688926045685926747e+00
-3.815931988773033079e-01,1.465402297393994191e+00
-6.488115977862803918e-01,1.385606589613605832e+00
-1.001739390777589334e+00,1.287016556470529594e+00
-1.104730227690030153e+00,1.101984427405793276e+00
-7.787909835019024563e-01,6.378254935812724957e-01
-2.460883688987139661e-01,9.841050453468253023e-02
8.332351202054313899e-02,8.844049718347675448e-02
2.487626315040961655e-01,-6.030750971094474971e-02
1.953052306490760948e-01,-2.622426485416234909e-01
2.250120784519401562e-01,-3.757025275258008001e-01
4.226754460215157994e-01,-4.556135135588706975e-01
5.087082147205431726e-01,-3.285967470565021031e-01
4.330894810439525067e-01,3.264333829375666574e-02
3.724577259632389503e-01,3.084675305790676725e-01
3.521124966553586533e-01,3.932520300932162427e-01
3.048927783332118779e-01,2.728460328448054639e-01
9.246803030526831169e-01,1.971065641978688165e-01
6.706311436609344589e-01,3.334972427146016410e-02
5.308126046451109303e-01,-2.527571088028422452e-01
-2.397968944594855434e-01,-3.331800254881804868e-01
3.937856055809584310e-01,-7.109088636007692141e-01
8.157776181267262228e-01,-1.478022718307177907e+00
9.196742580888698226e-01,-1.667980970331669477e+00
8.200073765849491547e-01,-1.456834889679905931e+00
4.443809880284460556e-01,-7.729091126480356344e-01
2.821927970637219119e-01,-3.198172685154867523e-01
-7.778764688406526739e-02,-4.308166012977016068e-01
-7.638431661677445861e-02,-3.508183059384248903e-01
-1.345466966339827486e-01,-8.135581754607993377e-01
3.830252521328417759e-01,-1.320567815035767145e+00
1.260910804595628321e+00,-1.858912437534861350e+00
1.194846547348330956e+00,-1.731738390740624078e+00
6.537762252199981194e-01,-1.674404685991854880e+00
-6.829014106425642661e-01,-1.273439321298621474e+00
-7.382175025444484007e-01,-9.873195959355762774e-01
-4.195911042927302770e-01,-3.768786801909171924e-01
-8.002748233735560435e-01,2.579297055834150143e+00
-3.829036777404494218e-01,3.598556029145240309e+00
3.425118085065012585e-01,3.708511627985965564e+00
2.006979586267884308e+00,8.655149579498225831e-01
4.019571683412050511e+00,-1.815084825397419999e-01
6.168919321935471878e+00,-3.943345346499281256e-01
7.781128389958319680e+00,7.892905819867411799e-01
7.994744412843894033e+00,1.310849409411753985e+00
6.971829076417755289e+00,1.449582106762179468e+00
4.881821939740315308e+00,1.109892839821795540e+00
4.353575037170349660e+00,1.356635935895304179e+00
5.531102453300293043e+00,1.195006902777666413e+00
8.027932457871594707e+00,1.462930046174074405e+00
9.105877487883736521e+00,9.886006975685801557e-01
8.433374213707416800e+00,7.547691428977496564e-01
5.892211245508377715e+00,3.585096763543037524e-01
2.978389296707590894e+00,-8.693923579289300485e-02
-3.692061045835537403e-01,-3.711018883516417621e-01
-1.104713761180449394e+00,-5.028416157384306695e-01
-1.371842835480009626e+00,-4.074804620511761621e-01
-1.832035364736652461e-01,-3.275347736539276911e-01
9.505083654337888321e-02,-2.472693119435487308e-01
5.898785800049349826e-01,-3.243747446704751680e-01
1.479326181654902206e-01,-3.666598662893132965e-01
-2.810053665246840526e-01,-5.187643173811093966e-01
-3.071225983222107270e-01,-4.127226174954866655e-01
2.193720557078344124e-01,-7.284911502295081664e-01
8.568363378546977049e-01,-5.746955245755811514e-01
8.593554791066053689e-01,-5.615415792062168343e-01
6.830866391495663548e-01,-1.300976004257492491e-01
2.950068782823243030e-01,5.469821228007309966e-02
4.906789062806021784e-01,5.545129875203728131e-01
8.265213011704510837e-01,9.058535299821105502e-01
1.273427599913194541e+00,1.206914127222178612e+00
1.111264892749836752e+00,1.096562874575338853e+00
6.674132517250976893e-01,6.317317075961760287e-01
9.927431964064037384e-02,1.516544243156042471e-01
-6.992270476742941387e-02,-2.763794140807439570e-01
-1.526113093721969960e-01,-3.602261329987390126e-01
3.908091709650816092e-01,-5.030594974423819865e-01
7.927445550330255442e-01,-7.166926520891084840e-01
1.339628542547132817e+00,-1.105767326558900310e+00
1.304592852335361375e+00,-1.270537244669497801e+00
1.200894379825996117e+00,-1.441463659859529400e+00
9.335595216160471610e-01,-1.498496059956804238e+00
7.180579125443600219e-01,-1.347489149512794970e+00
6.930102739278577451e-01,-1.244694008218338643e+00
6.583325586215283964e-01,-8.522789276743539810e-01
6.254537181833353943e-01,-8.060531257486162060e-01
7.014842361151448769e-01,-8.086332224448249395e-01
1.128052694010848622e+00,-1.298409323362570644e+00
1.492390298069152577e+00,-1.638825309540377972e+00
1.216944291901104869e+00,-1.477732017643530016e+00
4.451278531175211772e-01,-1.211440633010093526e+00
-3.038942275552573014e-01,-7.802646166366072888e-01
-6.682258142958779068e-01,-7.425430228971724445e-01
-4.353401438938054868e-01,-7.813695229032346923e-01
-2.981544998399198176e-01,-9.333705823709188554e-01
2.103696367027128866e-01,-6.385005310235800646e-01
2.287282142000379992e-01,-4.284452053744933903e-02
3.708259199661163019e-01,4.149861505214729185e-01
1.944899933141368276e-01,7.470926810305176247e-01
-1.065543085317170180e-01,1.037190719215370427e+00
-2.749892688665537821e-01,9.891770437244493674e-01
-2.217903234033016258e-01,4.414064370963750039e-01
-1.927766961965015069e-01,-8.594812368792031920e-02
-3.580786636548109469e-01,-4.771791236457824104e-01
-7.715547773314787028e-01,-1.717978937276011808e-01
-7.715547773314787028e-01,-1.717978937276011808e-01
-1.179521286876564545e+00,1.230858995121382859e+00
-8.176073585112531017e-01,1.484413985868279884e+00
-8.435881049745616034e-01,2.044077534704315635e+00
-2.042357701208666332e-01,1.234135854440415958e+00
-2.042357701208666332e-01,1.234135854440415958e+00
-5.256890242643746936e-02,5.992698443956921972e-01
1.544359663489726364e-01,-8.006875854494771572e-02
-7.101317015620507433e-01,2.688521503686695513e-01
-1.801741002054903840e+00,1.408681061902147924e+00
-2.946387350288689255e+00,2.709868907940147231e+00
-2.745678987580277397e+00,2.735771348222409305e+00
-2.117960936627631519e+00,2.303539374000356688e+00
-9.638526537777237779e-01,1.248612696566653968e+00
-7.400424800990034191e-01,7.928264130898931006e-01
-4.389146048194021987e-01,3.893317105254718302e-01
-5.989268623018336735e-01,1.404378327701904794e-01
4.823110740310385114e-02,5.795114550485572225e-02
2.468845460026439786e-01,6.885234923908860605e-01
5.746544876864130291e-01,1.514635577065132299e+00
6.187370089747488144e-01,2.980538966266335521e+00
7.529692348648808764e-01,4.381968119533001804e+00
8.995127364539668990e-01,5.326280944512720161e+00
7.830853348562221150e-01,4.961968464333742723e+00
6.624807982912160886e-01,3.551802485547641108e+00
5.687978145737850877e-01,1.937501134314604245e+00
6.965423264263086445e-01,3.423379498072545712e-01
5.215061003767225145e-01,-2.202876315451743339e-01
2.185077395057443417e-01,-2.815593845850170029e-01
-2.227736205824755178e-01,-2.631287687725438196e-01
-4.860364574230487400e-01,1.035051309168267958e-01
-3.959388068773686542e-01,1.126049925498408655e+00
-7.445125194201517305e-01,1.410216113064501231e+00
-1.039892435101760881e+00,1.369245806062622250e+00
-1.577514690113357876e+00,4.640636057353038080e-01
-1.554326978594279929e+00,5.246228330971038911e-01
-1.589662042621753146e+00,1.046245953496238723e+00
-1.356506656684303147e+00,1.490995658405416924e+00
-1.102141676007069915e+00,1.858793152616129207e+00
-8.803197229035318871e-01,2.400224506002504476e+00
-8.758116964296199791e-01,3.127658744840793759e+00
-1.003319276839476304e+00,3.426379738705656930e+00
-1.173220434430793269e+00,3.385881867684909174e+00
-1.279195924202191081e+00,2.965737221739170870e+00
-1.416104067353179286e+00,2.630601787860213925e+00
-1.322603757153690385e+00,2.068365229167442809e+00
-1.295589594230185604e+00,1.732073732503452757e+00
-1.287068163776017071e+00,1.092673956881761166e+00
-1.405787356946932798e+00,6.894834283395498975e-01
-1.571272012598841972e+00,3.065010713836204825e-01
-1.577514690113357876e+00,4.640636057353038080e-01
-6.599483858538628400e-01,-1.794077258921828177e-01
5.123440703904902360e-01,-9.932665390821345808e-01
1.265641708968000767e+00,-1.594593194819639681e+00
1.565115381661953409e+00,-2.416263152224417343e+00
1.729728483838086639e+00,-3.183592651713284649e+00
1.743177740222541017e+00,-3.877134557967339301e+00
1.062898529989676044e+00,-3.351737028447878242e+00
3.525922365394734692e-02,-2.535982985129496825e+00
-9.992623159829098212e-01,-1.287885111304512220e+00
-1.447516301271570160e+00,-5.753533790217195687e-01
-1.736021153187668808e+00,1.797937059571267648e-01
-1.837871030884399737e+00,3.176844460687934801e-01
-1.940377228732588666e+00,5.375088046574696271e-02
-1.986354544312868287e+00,3.147638685329124386e-01
-1.790295415184813832e+00,8.410692981365436305e-01
-1.610919869288219397e+00,1.396503707111003800e+00
-1.506860073807462674e+00,1.545155765533817060e+00
-1.612650101162533822e+00,1.227193347560395331e+00
-1.684846680960120580e+00,9.689900257225618763e-01
-1.750922914023871790e+00,4.084655189266023223e-01
-1.690208560209637723e+00,2.342512616295940320e-01
-1.449574266928294275e+00,1.943086498755368652e-01
-1.239704810556524039e+00,5.416257216280881970e-01
-9.856832146709451070e-01,5.631235127826564879e-01
-1.224770999546233252e+00,6.248221645835210225e-01
-1.437251917133634871e+00,4.405994569598138400e-01
-1.141569275626752367e+00,2.916315182345730062e-01
-9.513005407342105535e-01,2.494971173549288546e-01
-4.648056513949455626e-01,3.475741962873690749e-01
-3.777694398284633936e-01,1.913432367340783258e-01
-1.779311978109605896e-01,3.159130763301046807e-01
-1.001094892017938415e-01,2.997675086581207404e-01
-9.798971802854246696e-03,6.643823416547399718e-01
-7.426127561195162985e-02,1.362823025123998777e+00
-3.433493483068202345e-01,2.088556214018265411e+00
-9.276230387429337254e-01,2.539308122958418679e+00
-1.110219789840140692e+00,2.076899911121662168e+00
-8.419239456851216330e-01,1.364664514976171139e+00
-3.770397593385960699e-01,5.822283377430647056e-01
-3.653619982847906567e-01,9.408397204151989213e-01
-7.240719213118217423e-01,1.892150003216799714e+00
-9.010889494914128273e-01,1.892348683028540757e+00
-8.491941618636494882e-01,1.401492014977163247e+00
-4.021378319857481509e-01,1.853913780339942197e-01
1.019505992552357521e-01,-4.504918119042662927e-01
5.138168837229800667e-01,-8.958692449450484929e-01
8.434720532773376522e-01,-1.208473833529309482e+00
5.830825154126262344e-01,-8.047553965615145133e-01
6.637043123672394795e-01,-6.349921616555631587e-01
7.772253299713229868e-01,-5.546073043371955169e-01
1.150300857032448443e+00,-1.048046400906837317e+00
1.009488763265602218e+00,-9.814800844078529485e-01
4.719092740452511814e-01,-6.935404771588109529e-01
2.320187693267381779e-01,-1.527291964611507957e-01
-4.228217485157644839e-01,3.033115723351092474e-01
-6.345123776166817775e-01,7.764650470891629741e-01
-8.790245007754090567e-01,8.032260003232303269e-01
-8.517578871849001976e-01,7.793244937656723659e-01
-9.529882854892773869e-01,3.304690699656972486e-01
-1.670134052189655050e+00,1.251202174637411867e-02
-2.018657669791235065e+00,-2.220994694413784554e-01
-1.915145580192385122e+00,-2.972795937625068996e-01
-1.601591997437562975e+00,-3.613077320041731544e-01
-1.277682319388598220e+00,-2.339715418509028533e-01
-1.200343003810117937e+00,-1.251935631055426656e-01
-6.435145127384496178e-01,2.425030599568223089e-01
-2.776914003091421335e-01,-6.904147757884458725e-02
1.831915651240141607e-01,-5.614382238583771889e-02
4.417961122420534931e-02,-3.084182834636617354e-01
3.420631524491027364e-01,8.201580983940101599e-02
2.359093007411038057e-01,1.494706173390035753e-01
2.871372028627520723e-01,4.195053233755099975e-01
1.357279156071515003e-01,4.696477883771726369e-01
-6.580836368075358711e-02,2.707926081868068935e-01
-1.771399787428315498e-01,-8.892623771996081838e-02
-6.711364515295406008e-01,3.793883841150120784e-01
-7.113305816761585909e-01,8.385275149597519739e-01
-7.891554797728562720e-01,1.343570381466700825e+00
-4.891885840414749165e-01,7.932265358879946326e-01
-3.035671945784516601e-01,1.782814016854478711e-01
-1.011657682690638715e-01,-5.061952526696714694e-01
-1.089098279186153928e-01,-6.245065724399967433e-01
-3.651729929103032790e-02,-4.468448539311884460e-01
-1.524022686842567940e-02,-6.504602667974966612e-02
3.703600317451596902e-02,1.028042092568652727e-01
-2.310839735682852780e-01,3.838757514140568317e-01
-3.291276641985839690e-01,6.709095293336045374e-02
-5.066205716679688109e-01,3.881643932831903565e-01
-7.577372292940678378e-01,-5.791452794308171032e-02
-7.796102934176920574e-01,-4.843053135658250546e-02
-6.579185837012638816e-01,-3.610045739906439510e-01
8.516700497542221970e-02,-4.428966600021086997e-01
5.611564505846481365e-01,-3.245874024166004457e-01
1.009152679190290280e+00,-4.902319582637822970e-01
1.249988573066819209e+00,-5.693381411356490673e-01
1.104268062738029021e+00,-4.741348769612877545e-01
6.792638033926037266e-01,-6.726106888039569409e-02
-1.434121516780803747e-02,1.791051116867932447e-01
-1.901711978410437764e-02,4.186626395483079022e-01
3.298820957069210635e-01,3.383074826447450834e-01
5.891474665469332850e-01,6.201183988839306105e-01
5.296046948283164024e-01,4.195559441845411741e-01
3.269837159346973832e-01,4.700653831458635468e-01
2.503005935761602463e-01,3.242186402908947551e-01
2.503005935761602463e-01,3.242186402908947551e-01
3.961546117191931393e-01,-7.433632118039162559e-03
2.328748834875458140e-01,2.319585301073021355e-01
1.085793794485060554e-02,2.342585262530689494e-01
-9.343441735179354446e-02,5.021225365576809097e-01
-4.215839432432092471e-01,1.141129033284229877e+00
-5.567275997225626938e-01,9.611959627149018193e-01
-1.175302342684440449e+00,6.496348117919561460e-01
-8.851406555996590431e-01,1.423121596556541080e-01
-6.766093160679755858e-01,3.376636994174739836e-01
1.308757958372050723e-01,5.539741736485288559e-01
9.909067137581006879e-02,5.974248169936773323e-01
3.892545922498196753e-01,4.616795505518027642e-01
2.819370581969368184e-01,5.073907238215467075e-01
2.486464570499483939e-01,5.120005733119433744e-01
-1.530651139271314576e-01,6.918190459713915441e-01
-2.942439168372186220e-01,5.705286452540986319e-01
-2.600351289301244470e-02,4.112482307271158599e-01
1.983845075061451135e-01,3.087362834339368312e-01
4.377455979487752669e-01,3.140487024345055000e-01
3.052936265916558756e-01,4.081541243037187794e-01
1.805697473067356673e-01,5.111064707669804585e-01
9.963537660947702213e-02,3.102526821274677604e-01
3.031396758402214384e-02,3.180584970566309178e-01
-3.475083041522138982e-01,5.785573942554551596e-01
-6.900900808570139544e-01,9.042975408964581963e-01
-1.140944056790883288e+00,7.597229167927228577e-01
-1.044586138667021435e+00,4.576847745139095425e-01
-1.314413883703466679e+00,4.073001715582248994e-01
-1.213075390165696321e+00,3.188392041045864933e-01
-1.377236725741777690e+00,1.997351960276387006e-01
-1.052410563413957334e+00,1.074984267371557195e-01
-1.065980103501975140e+00,1.136170616951304030e-01
-6.707938972676305012e-01,-8.554968725624473302e-03
-8.734495671773545578e-01,-3.297611854490334338e-01
-6.910745239120748007e-01,-5.831013241338062203e-01
-5.559867041655165432e-01,-7.701704246547339539e-01
-1.174515180826056077e-01,-7.491138134190040709e-01
1.148474424242093908e-02,-6.121198845001215583e-01
-4.047117589032457885e-01,-5.495162009027097089e-02
-9.549933047995017299e-01,4.133986143125785717e-01
-9.161561849295849491e-01,7.390061092668877007e-01
-8.267938243792315456e-01,8.316806032399497450e-01
-8.358173604673984070e-01,7.128622200132550546e-01
-7.518280041852287710e-01,4.122439301743359708e-01
-3.897258794525356729e-01,2.587423477114068615e-01
2.441782189476755238e-01,-1.483623412968092248e-01
9.158737367047438127e-01,-6.976442562987107410e-01
2.484697849027109051e-01,-7.735053491834085193e-01
-2.620650145525897923e-01,-1.122029755702742104e+00
-1.033795478064505113e+00,-4.946516028712078517e-01
-8.769299300967816624e-01,-4.401733960952377012e-01
-3.692576405314914600e-01,3.172002663659038157e-01
1.534908922192498582e-01,2.729184103614638590e-01
5.452743369210002466e-01,3.024908205063636113e-01
5.452743369210002466e-01,3.024908205063636113e-01
4.808512557716098090e-01,-1.898877462614607936e-02
4.900572295944078532e-02,-9.169529485956773307e-02
-5.418403274244365520e-01,-3.074645950776378478e-01
-8.572716284385194507e-01,-4.722815950170384386e-02
-9.212291820392846109e-01,2.318331408009657313e-01
-6.075441429125233439e-01,2.978481898594117494e-01
-6.651476119688392030e-01,3.952354178670287599e-01
-5.344626135525650801e-01,1.677228102093656359e-01
-3.397911732906112592e-01,7.556299708834531004e-02
-1.046985190937401722e-01,-3.874110572116528685e-03
-1.237710578768739939e-01,-1.745047316014472771e-01
-4.508667539273841784e-01,7.302091930935995789e-02
-5.792180120154416523e-01,2.469345124773080213e-01
-3.574733348282099765e-01,3.777241918991140479e-01
3.012894691790068413e-01,1.539641093490679014e-01
7.220518811952780780e-01,-1.381485575698891688e-01
8.296003051716407395e-01,-2.220816076643953030e-01
5.529010449495822543e-01,-4.186118974799744596e-01
-3.178506510038850430e-02,-2.929561706711832358e-01
-7.788382159937629057e-01,3.169610353541674197e-02
-5.266887084522987594e-01,8.822319994027155721e-01
-6.756135505889201420e-01,8.197087300290608614e-01
-1.426013700917042604e+00,1.160236497156472257e+00
-3.125679710880671980e+00,9.758935395619789954e-01
-3.818396965025526058e+00,1.067721619524749421e+00
-3.604659925078731231e+00,9.990816744270710759e-01
-2.404157243630959062e+00,7.230806572860885018e-01
-1.659896505749496320e+00,6.173425063427115944e-01
-1.777490496729807301e+00,6.716248915491885851e-01
-2.271261974202027467e+00,7.540823209140453676e-01
-2.890749056819395868e+00,8.650803698932068020e-01
-3.507602699442775585e+00,1.079969956374740248e+00
-3.507602699442776029e+00,1.079969956374740470e+00
-4.604988368843447866e+00,9.075293599463317706e-01
-6.047131631374703886e+00,6.359991269289649862e-01
-6.979390698682650829e+00,2.554921010639883416e-01
-5.885973543089305871e+00,-1.173107602975368424e-01
-4.204563153524268238e+00,-3.326285798079771094e-01
-2.254974944017106520e+00,-3.655738212795806019e-01
-1.469781723382949989e+00,-1.950535720083260427e-01
-8.206476019844651804e-01,-9.517211407056114236e-02
-5.971409750972592745e-01,-2.077817224650590766e-01
-3.241517685998294707e-01,-2.099954709925078156e-01
-1.889570167983956328e-01,-9.800837976286315423e-02
-1.343468286276658374e-02,5.693020240691256534e-02
-2.408443443796405292e-01,6.061774056147480050e-02
-2.343307608291335664e-01,-5.757254108739982834e-02
-1.777951914747089857e-01,-1.142714718064032769e-02
1.339271882205119724e-01,-6.243499411827797829e-02
3.501886290141026370e-01,8.076145267731754673e-02
4.552448228128082031e-01,-8.306277278293568156e-02
4.203902911744293314e-01,-2.213482040774885640e-01
3.978766870931345068e-01,-6.263555014037350821e-01
2.205372369891721862e-01,-8.463416426086110000e-01
1.159667250380302661e-01,-8.689960709450363918e-01
7.206055587128690210e-02,-6.589805425162510444e-01
5.782278068906454571e-01,-8.272207101625502768e-01
4.002149289876884009e-01,-4.638841309657215639e-01
2.290767003792561207e-01,-7.272391832712694383e-03
-6.908332737972724402e-01,6.109778825702929517e-01
-7.941108021955368690e-01,3.372993481594519505e-01
-9.237275659230635982e-01,3.444883504042852151e-01
-6.505172801372891556e-01,5.387911010130286976e-02
-5.010240499499910571e-01,-2.432494860437380835e-01
-3.645734697026771776e-01,-9.278288226476391065e-01
-4.042003095950518210e-01,-8.452155467837706437e-01
-1.872590444059162029e-01,-9.588394523549923498e-01
-5.447201139510234047e-02,-8.348128358008111150e-01
-1.524145267287619343e-01,-7.116281185488335659e-01
-7.719894781950801255e-01,-5.462653241800711212e-01
-8.594480362256172734e-01,-4.420737822398013162e-01
-8.843471731491773236e-01,-5.848825841448865859e-01
-4.604759135158396077e-01,-4.267235602223173885e-01
-3.322626787503539791e-01,-4.509312713186440780e-01
-1.566842208220163013e-01,-4.616864636847811121e-01
-1.837830516834493555e-01,-6.613266225023336498e-01
-1.163545939033615306e-01,-5.586999201684272887e-01
-5.961624675128066736e-02,-9.120068068429469932e-01
2.526169232424451197e-02,-1.094903240206167805e+00
7.593820889699696985e-02,-1.483039379026927396e+00
2.161401851522964102e-01,-1.245807703185024096e+00
-7.848384625419292659e-02,-8.700787891126769980e-01
-1.863925994123341034e-01,-3.775890829466819199e-01
-2.341007554098553101e-01,-7.526425081185476873e-02
-2.941868241151534002e-01,2.664801208715871644e-02
-1.473062525643435428e-01,1.018993069313792743e-01
-3.368877825739087228e-01,-2.044139052321892192e-01
1.535230483159815418e-01,-1.428883287995009743e-01
1.169469116894104876e-01,-4.706098999420849638e-01
2.103696367027122760e-01,-6.385005310235793985e-01
-3.012223242720137306e-01,-8.136245783632115591e-01
-8.723668340120418474e-01,-4.149311417124837420e-01
-9.774873691231664719e-01,-3.283168065102444189e-01
-1.613048335305612868e+00,-1.168513037803618065e-02
-2.217959112962445190e+00,2.240834104164481089e-01
-2.916693631227588845e+00,6.714773960511869477e-01
-2.923926886954841375e+00,3.983740867783209794e-01
-2.416245423361806921e+00,2.415026171068596073e-01
-1.574515829400068068e+00,-1.220011591212756402e-01
-9.936555176420911462e-01,1.451069500241591315e-01
-5.255046968386670736e-01,2.733724192793777763e-01
-4.571374134092712760e-01,3.866184180502377221e-01
-3.887463921331491545e-01,3.897074428684135783e-01
-1.684256148585614732e-01,1.747048332585668939e-01
2.529467884850318815e-01,-1.424545788304637239e-01
2.916915053529273161e-01,-5.055629572260255111e-01
3.712158254021539344e-02,-7.058828617032900654e-01
-9.867743790373708634e-01,-5.532875688335125997e-01
-1.500013102938393184e+00,-1.705175713359693423e-01
-1.769260171913191737e+00,1.293809062913594543e-01
-1.666103172069184124e+00,4.596891804606699772e-01
-1.182525119103700506e+00,4.061063438517493185e-01
-1.632013820649690361e+00,5.836443752419793185e-01
-1.704823141334762759e+00,4.203155495108842898e-01
-1.436517458647312839e+00,4.209915157379491846e-01
-1.575879550837701482e+00,-3.069533981225537334e-01
-1.423685626893679945e+00,-6.134672840297004104e-01
-1.369163984123368039e+00,-8.204608582786544480e-01
-4.517898598659303988e-01,-5.305605038227932946e-01
2.745286104882920797e-01,-3.206693544816853758e-01
8.021928470536361377e-01,6.490735071398763545e-02
6.059581754836529388e-01,3.421842410830136516e-01
4.011458917903879540e-01,5.515364970536146272e-01
1.220436774613731790e-01,5.733726355108335060e-01
2.645854655807044487e-01,5.877167912097096547e-01
3.915271200038489829e-01,6.874303397031319429e-01
6.061390466097067442e-01,6.532055482606388686e-02
6.046429876537212644e-01,-3.005560334257095234e-01
7.873451337089926172e-01,-8.888432600971759578e-01
8.948576864082159465e-01,-6.238376355065737844e-01
2.123193417818444839e+00,3.997656458144382974e-01
2.382705166102641492e+00,9.152655630578421242e-01
2.382705166102641492e+00,9.152655630578421242e-01
1.389773598293606138e+00,3.284735086495097489e-01
1.109933022819435067e+00,1.704003003937927530e-01
1.121351936778346658e+00,2.610061679219188302e-01
9.826566449666505054e-01,-3.900675053122937275e-02
7.262550958408310331e-01,-4.772463336323042316e-01
8.220650329871938000e-01,-7.840955220819985083e-01
7.805629127770052911e-01,-7.657457495959041349e-01
2.123193417818444839e+00,3.997656458144382974e-01
2.285559524097611650e+00,7.179967210839419689e-01
2.285559524097611650e+00,7.179967210839419689e-01
1.154284711425511700e+00,-4.900525258476841617e-01
8.396437695150028580e-01,-8.708571043321574612e-01
1.063689328719222615e+00,-1.120954894904792720e+00
1.392019890949697913e+00,-1.074594546141434792e+00
1.688788616324730762e+00,-1.329662509561388983e+00
1.937009308396321128e+00,-1.755709162693169789e+00
1.688879209645823831e+00,-1.582423915734460174e+00
1.307224532725812960e+00,-1.345972448126161236e+00
5.694880096172673101e-01,-8.467026063645854972e-01
2.668138744492121184e-01,-1.117886460261616310e+00
1.609268209166467012e-01,-1.389838678592720811e+00
2.077573028888372864e-01,-1.267465474886233512e+00
3.054611336604023397e-01,-8.639562593529460655e-01
3.828567668676919333e-01,-2.534913689629006428e-01
3.331651971242916010e-01,-4.335403496527291956e-01
2.919486832563617518e-01,-6.099128310013650633e-01
-3.908797429237075016e-02,-8.713300864811411861e-01
1.105957211856908318e-01,-9.947223736478219003e-01
5.616975463716660233e-01,-1.225204799428406766e+00
1.236527121067953594e+00,-1.359795838924252376e+00
1.458658735415986563e+00,-9.968297112006815341e-01
1.249638948059461185e+00,-4.965677278033389652e-01
1.609484383577748368e+00,-7.907622280155343630e-02
1.305639064220811330e+00,8.604377935082327400e-02
1.257239124896132543e+00,3.181442995478053065e-02
4.435819543171520274e-01,-2.444342198493990870e-01
3.872719327230125796e-01,-2.420018453571841643e-01
5.811805127562947870e-01,-1.590576849684826044e-01
6.573044066267469399e-01,2.228301466690245924e-01
6.298194432550142663e-01,-5.876445961338663815e-02
5.064074830964538920e-01,-1.909764885283886215e+00
5.659817106790814289e-01,-4.559950742856580419e+00
9.003949938223604343e-01,-6.337380190976986682e+00
1.426668414178797750e+00,-6.984822119060680734e+00
2.168320757262603760e+00,-5.690828746873524580e+00
2.607766067997277837e+00,-4.227131761445951597e+00
2.618400404263262704e+00,-2.721749584976124403e+00
1.925032969079168543e+00,-2.243478520704946355e+00
1.219193633826367584e+00,-1.514850306751382103e+00
4.055896449810637572e-01,-1.023408462704046729e+00
-3.012223242720137306e-01,-8.136245783632115591e-01
-7.046537675579014337e-01,-3.941059027802670811e-01
-1.600523926187397805e+00,-1.750281277862069107e-01
-2.592754377479382644e+00,-1.874989167895630693e-01
-3.586464892324661147e+00,-4.803415126249234723e-01
-3.743878375015494253e+00,-8.552938530290613572e-01
-3.306852719121664119e+00,-1.245927305013262654e+00
-2.211886394830707481e+00,-1.322976994639986081e+00
-1.242357737602616918e+00,-1.384685319839539241e+00
-5.443143827001408752e-01,-1.201976254329155891e+00
-2.038208960017004467e-01,-1.206471253186307768e+00
4.430021036101647880e-01,-6.707415268989238566e-01
1.807730486709186457e-01,-1.852347575226417908e-01
-3.208380214460470042e-03,-5.214043525408847829e-02
-3.846859024715999498e-01,-3.789460462244827466e-01
-1.507358388388481962e-01,-7.598886975160865642e-01
2.193857604287402507e-01,-5.901007044201147522e-01
2.246646187023521035e-02,-9.922212042647506891e-01
-3.145290916569569162e-01,-1.389661726042400236e+00
-7.235342812766299980e-01,-2.083255310338838040e+00
-5.511529001056348909e-01,-2.073024068968972955e+00
-2.618505111350388770e-01,-1.830224516239270516e+00
-8.545172476140941442e-02,-1.393851787380455454e+00
-2.028336309228851997e-01,-8.969220345929168614e-01
-3.185144287607652447e-01,-3.854673808648751976e-01
-1.126199066451333969e-01,-6.128803726484409464e-03
2.734597991975782905e-01,5.825786430496552315e-01
6.625816088255611636e-01,7.436574780487914538e-01
6.254460869062947737e-01,3.591385653506062869e-01
6.426511682983482299e-01,-2.887216219076111159e-02
5.230340812232642245e-01,1.697016151690889513e-02
6.748125788663098534e-01,5.194983314537937602e-01
6.145188068992828434e-01,5.929505395150563851e-01
6.092815554150933233e-01,4.444151016362827278e-01
3.912601897452900324e-01,1.814147394644389233e-01
4.661740547541026181e-01,-2.019653196973249243e-02
3.403562165364961145e-01,-4.220978721700116565e-01
4.203527173470682499e-01,-6.046079601669305248e-01
3.707745976128434262e-01,-7.389280386613367169e-01
3.583149421705921212e-01,-6.446309406238953654e-01
1.531483493780669003e-01,-5.658837987045177709e-01
6.844975493468420658e-02,-4.467560556889365597e-01
2.790636597451940509e-02,-3.970405455335287992e-01
1.699545174097971678e-01,-6.324345485281326340e-01
1.853120224460755583e-01,-9.626545325289065369e-01
2.678552045212085897e-01,-1.146171234848577303e+00
3.321600385265261468e-01,-1.189303663586842141e+00
6.212422114231682668e-01,-1.084447879411671867e+00
5.282574616250611532e-01,-8.632006258878298643e-01
4.960088839637336600e-01,-9.767866537808721494e-01
1.919914664710639651e-01,-9.342845866696863899e-01
2.735636456948121187e-01,-7.233980061083827851e-01
4.214307172185927652e-01,-5.660379706488313234e-01
5.971231427663454827e-01,-5.330350708484071776e-01
1.066562358713464498e+00,-2.425518099377030334e-01
1.567690418228472105e+00,5.300952385656296229e-02
1.361860364356988651e+00,3.550187317173959523e-01
9.601064486041769319e-01,5.455929606505036666e-01
2.905646239281369780e-01,5.897696657659671216e-01
9.546141743756782205e-02,7.286740188433555865e-01
-3.415135200653910963e-01,7.746414265936952814e-01
-1.209617530517403811e-01,3.900087451581736864e-01
9.181431537539509746e-02,-9.814101077527459527e-02
2.488606253784062250e-01,-5.186837501458141375e-01
1.342713211638511261e-01,-6.786410696666558273e-01
1.853120224460755583e-01,-9.626545325289065369e-01
8.525757862725744096e-02,-9.893463669636847202e-01
9.221182135230329702e-02,-8.644427589886529706e-01
-2.437295635375584801e-01,-6.395148216734024560e-01
-2.842368590032230413e-01,-2.636694773253070445e-01
-1.994325820087738954e-01,-1.297135905247494558e-01
5.266775441434143161e-03,5.086404993513511143e-03
2.330656728430886490e-02,1.712781302804795291e-01
-2.439905151593444455e-01,4.670449520620642558e-01
-3.415135200653910963e-01,7.746414265936952814e-01
-4.217658844789983763e-01,6.567830168708717054e-01
-4.570717169365492438e-01,4.910849261732432858e-01
-3.003611729913009953e-01,8.272609429479446663e-02
-1.075064928192215191e-01,-4.899288902648661348e-01
1.853120224460755583e-01,-9.626545325289065369e-01
-3.331190556889904349e-03,-8.584705054890739984e-01
-1.312039046733295411e-01,-5.636207373255528452e-01
-1.572644883268310423e-01,-4.384685080009005365e-01
1.812789598047536144e-01,-4.462944252447132443e-01
5.545063363460344119e-01,-6.704800547007966349e-01
6.243966062964579899e-01,-4.227803369226418306e-01
2.626789784941997996e-01,-2.931656814813975442e-01
4.982563864439074758e-02,1.295015349710309238e-01
-1.204120869393797769e-02,1.890756017789966270e-01
3.533720481404758473e-01,1.905949766538097556e-01
1.899109896860646796e-01,1.625370007090529145e-02
1.941135953621753452e-01,-3.673963318335338180e-01
8.220399757525737039e-02,-4.884709940720350918e-01
2.895118632253017577e-01,-6.600609923271217871e-01
4.252753401442651571e-01,-5.781455752163761064e-01
5.254236079948478855e-01,-5.074043773265488610e-01
5.651162890111410819e-01,-3.146675558044196297e-01
4.087746292274857529e-01,-2.529360621137325960e-01
-7.544329347316028334e-02,1.366568085679280460e-02
-3.002816324002273718e-01,-8.444229574350675671e-02
-6.732368494721947538e-01,4.282284440974356565e-01
-1.166972272105132102e+00,7.648593679652603283e-01
-1.365530389965434299e+00,1.068240845080152823e+00
-1.179683979338727262e+00,5.812379793814325124e-01
-3.528213032018942541e-01,-1.310007330740841081e-01
2.611023785975710026e-02,-1.134779447204649350e-01
-1.041751454247863418e-01,-1.560920913777895901e-02
-4.679169392754412571e-01,6.270038809858989870e-01
-7.796275958125821193e-01,1.141268881673076718e+00
-1.114486142112758316e+00,2.125325824068480696e+00
-2.452633537794865148e+00,4.454491717586982702e+00
-4.251600079963864687e+00,6.981481796803813644e+00
-6.413832267182985269e+00,1.018873003473230909e+01
-7.527465567296554028e+00,1.197724664747345180e+01
-7.488425807053376460e+00,1.265811407649420062e+01
-5.572359888733999789e+00,1.077624514071880490e+01
-3.742426149938955504e+00,9.038527290237800216e+00
-2.164510983432079705e+00,6.721725979914774385e+00
-1.806555779268602446e+00,5.220937177407053653e+00
-1.673470397985938218e+00,2.136640127818774548e+00
-1.211255426168019511e+00,1.671156119815429830e-02
-7.474533611947699052e-01,-1.165594003054017946e+00
5.852104877747826839e-01,-1.266424305585495125e+00
6.089610790847888033e-01,-1.595641939142713239e+00
4.894180854683921056e-01,-1.334211004054987049e+00
-2.798700864625385254e-01,-7.459228450389718823e-01
-1.572644883268310423e-01,-4.384685080009005365e-01
2.720602631497979762e-01,-1.444046861426933892e-01
6.237052970830317955e-01,1.933555936558267463e-01
5.979630529362086611e-01,4.630827447954169451e-01
1.181041514294891570e-01,9.872295228498327857e-01
-6.645543628552368354e-01,5.989677252589488132e-01
-1.504056971438062495e+00,9.465062124776890684e-01
-2.773819501152081202e+00,1.097220820809901465e+00
-3.722442566038270506e+00,2.007910549556662261e+00
-4.171387236509201735e+00,2.109486324170296800e+00
-3.265288286364259385e+00,1.539946458274864094e+00
-1.837425849396731703e+00,6.744147670958596796e-01
-4.720084273601485303e-01,-1.744250155330484831e-01
7.803714503550373063e-03,-6.509427282665647407e-01
1.853120224460755583e-01,-9.626545325289065369e-01
3.352349964872278210e-01,-8.885281146224154325e-01
4.780398467379531890e-01,-6.897798578473742781e-01
6.246915095222480563e-01,-4.470720358157082019e-01
6.438480584269414830e-01,-3.841228334452948534e-01
6.051884123114795733e-01,-2.608710608292550970e-01
4.798018960661414867e-01,-5.793780890319593091e-01
2.070473455862009426e-01,-7.836261804155841837e-01
2.451468409763764011e-01,-9.546677960945555430e-01
-4.555395146321289390e-02,-4.892122002431262828e-01
2.305271272258569148e-01,-1.408884041948078314e-01
5.328424391848500807e-01,2.408931728789741877e-01
2.166480410139364654e+00,1.142041116349004071e+00
3.923866534357402180e+00,2.227320421490964542e+00
5.325184357698518056e+00,3.097280252733258799e+00
5.756580715806596693e+00,3.011433503188863714e+00
4.101427199528449030e+00,2.440892782771772129e+00
2.494561831568498533e+00,1.669056772610185035e+00
8.451086597777612841e-01,1.191851080456984624e+00
7.369423562053403209e-01,8.028926945561829509e-01
3.072905426906336057e-01,3.433991587364724207e-01
2.067812215145048982e-01,1.965775307535908289e-01
3.110197881662055686e-01,2.453904770411537428e-01
4.152271231434079835e-01,1.732621995956350469e-01
3.509255951401220597e-01,-1.734191861918562561e-01
-5.921530476924825176e-02,-3.638503530304125211e-01
-6.451402878535182905e-01,-4.191138836078796559e-01
-1.089323957871956239e+00,-2.213787849239145511e-01
-1.539217247492802754e+00,-1.590668240169021974e-01
-1.319633629657129603e+00,-1.516374681895092322e-02
-1.591555468802847928e+00,-4.550197303111385566e-02
-1.370131652963115565e+00,1.064288940119107324e-01
-8.681487244721621810e-01,5.900804311071398273e-02
-1.025492978048424958e-01,5.952999589879061013e-03
5.028611019624142919e-01,-3.652536287015437089e-01
3.497497799049816836e-01,-6.903307564010437991e-01
1.853120224460755583e-01,-9.626545325289065369e-01
1.896030502741420098e-01,-1.256439689837132168e+00
2.405509680492745883e-01,-1.422167439083145357e+00
3.794313683947823646e-01,-1.558990539739399273e+00
4.011523294011697938e-01,-1.303599949701882421e+00
4.157442211982659841e-01,-1.036458371292214631e+00
1.447642258889876021e-01,-3.285785611105993542e-01
-9.215331995807196641e-02,2.020150242058435242e-01
-3.415135200653910963e-01,7.746414265936952814e-01
-1.946047007838814721e-02,2.944056696743261869e-01
5.157404161902930939e-01,-2.322680882400430524e-01
8.201581750839628260e-01,-3.775710811521551524e-01
8.580240144677707681e-01,-2.743763218685454919e-01
5.318129413322124632e-01,3.262800373451170757e-03
3.807626313673964646e-02,-2.486624941460273686e-01
1.395688208820293486e-01,-3.233259447793829233e-01
3.741842002652549792e-02,-4.851348726806008482e-01
3.497497799049816836e-01,-6.903307564010437991e-01
1.853120224460755583e-01,-9.626545325289065369e-01
3.481399381052641129e-01,-8.352024342663727507e-01
4.433309961018849221e-01,-5.307905989511049194e-01
5.414007158581459755e-01,-2.366022734492524426e-01
5.885646996918928453e-01,-1.842094759113931945e-01
3.351520864189455606e-01,-9.230190507474514416e-02
1.051946655318152929e-01,1.741541041701775427e-01
-2.798100487557755867e-01,5.011141885118333139e-01
-3.415135200653910963e-01,7.746414265936952814e-01
-1.523202898789897675e-01,5.672946042341854289e-01
3.067601113370989063e-01,1.804675761954893376e-01
3.926851601553161264e-01,-2.839250397233807344e-01
3.190833582870506446e-01,-4.958250396830994888e-01
1.149168874748607988e-01,-6.525689501922206093e-01
8.603578186072612100e-02,-3.213875863075718042e-01
-1.566004540489734920e-01,1.703570020202476443e-01
-3.415135200653910963e-01,7.746414265936952814e-01
-2.861253432382605544e-01,6.856920650303717224e-01
2.741649635518267000e-02,2.693637644207770854e-01
1.966677373346331636e-01,-1.321104231606697599e-01
-1.308547518190269765e-01,-7.348195603237759332e-01
-7.044832282688667791e-02,-6.366618722798165209e-01
-2.279031003009983625e-01,-5.432490894488614108e-01
-2.765211464336108857e-02,-1.603636266336922467e-01
-3.247565391019416881e-01,-5.479553801316059541e-02
-2.470120823136279786e-01,-2.717218962610572566e-02
-3.590602561966245165e-01,1.181353275620071258e-03
-4.012955794742681381e-01,-1.655649466160347694e-01
-6.429952796364688528e-01,-6.069059058968211129e-02
-6.139750653244469003e-01,1.979135591097874736e-01
-5.460178741057405416e-01,5.809852958766013042e-01
-5.097596624992065673e-01,4.645412586767981855e-01
-5.858073796704509340e-01,1.892741918533260570e-01
-8.755846076879977291e-01,2.478212984363394739e-02
-7.137744881915051298e-01,1.175795027399108850e-01
-6.644481037191974915e-01,-2.637508930027831350e-02
-3.215042276781713837e-01,-3.341728712116166788e-02
-1.812811774514292984e-01,5.202981763484815225e-02
-3.165100381147799014e-01,1.683668171509155598e-01
-3.241918191271631611e-01,1.172724694030575360e-02
-3.306901695530149454e-01,-9.817414647610256395e-02
-7.092749304277211619e-01,2.492665663723908076e-01
-1.386276047481693308e+00,1.086393802058683189e+00
-1.426540588073131888e+00,1.244331711805009899e+00
-1.015906897853777968e+00,1.074208985483565471e+00
-1.464319345445566078e-01,1.524213521030719498e-01
1.809352402186766712e-02,2.184458062065484374e-01
-2.798100487557755867e-01,5.011141885118333139e-01
-3.415135200653910963e-01,7.746414265936952814e-01
-2.861253432382605544e-01,6.856920650303717224e-01
-1.535071909904157095e-01,4.092725675915239170e-01
-2.416581875422001494e-03,1.887986462531611731e-01
-1.434609893399143021e-01,3.850876261080622871e-03
1.039679178152584926e-01,4.109902374483937609e-02
2.907317167750860312e-02,-1.034340221082004872e-02
3.061175321923862991e-01,-1.847458853975984458e-02
-3.886679292781961559e-01,1.989295252018112026e-01
-5.744497073079010141e-01,5.576295100807189264e-01
-8.267938243792315456e-01,8.316806032399497450e-01
-8.605281243280483716e-01,1.067270036174057690e+00
-1.710514009096088195e+00,1.127606169501510491e+00
-1.946115583256364356e+00,1.610079408080691943e+00
-1.689984246468041018e+00,1.867795554402889247e+00
-1.118200317510822606e+00,2.035293717922327161e+00
-6.495367040742534570e-01,1.477737181762805330e+00
-6.863272999314926626e-01,9.447565478558631602e-01
-4.651506502850452640e-01,7.252862585362360726e-01
-5.502874413530187692e-01,7.885880376754464960e-01
-2.424533702537589319e-01,9.228889869978228466e-01
-9.236276898789566592e-02,1.352136703272979412e+00
-1.919027285309904407e-01,1.736107487023163420e+00
-3.713382040083185731e-01,1.629345231599550914e+00
-2.996357498099563865e-01,1.057058910893414971e+00
-5.605302400125455886e-01,5.296256312741857153e-01
-6.264254953107004642e-01,4.867748287969478338e-01
-8.609699763528854133e-01,7.246305122702967338e-01
-5.413133293316144679e-01,7.324788819936139950e-01
-8.649996495176401901e-01,2.820688262562592863e-01
-1.044838998630403193e+00,-8.302367442907972184e-03
-1.209290441745635825e+00,-1.212178804244320313e-01
-1.012527300813022002e+00,3.224003494344977461e-01
-1.038775682524614385e+00,7.964055807405191478e-01
-7.444838245839191515e-01,1.087042135383196495e+00
-6.311627949398465054e-01,1.376616733822615180e+00
-6.311627949398465054e-01,1.376616733822615180e+00
-7.843437651319835613e-01,1.314856671700628477e+00
-8.603868218720795991e-01,1.058563089666382462e+00
-5.386827247928689388e-01,9.108182539776752407e-01
-3.797594395794542388e-01,9.560593840610919214e-01
-1.247978964798315410e-01,1.024280691770285801e+00
-4.497370784578869074e-02,9.519950841872559799e-01
1.244447013462232771e-01,6.235410701744986683e-01
-9.980192811344933135e-02,4.773805243531287212e-01
8.332351202054313899e-02,8.844049718347675448e-02
-1.464319345445563580e-01,1.524213521030722274e-01
1.809352402186766712e-02,2.184458062065484374e-01
-2.798100487557755867e-01,5.011141885118333139e-01
-3.415135200653910963e-01,7.746414265936952814e-01
-2.861253432382605544e-01,6.856920650303717224e-01
1.070861718721375921e-01,4.195516896632777715e-01
3.625199597762754911e-01,1.643277636802177866e-01
6.166966217740024181e-01,-1.988200941771047503e-01
4.721861784579035048e-01,-5.390929094623887474e-01
3.309179948670726290e-01,-3.524232842831742651e-01
2.926018816557856006e-01,-6.314529473383606595e-02
-6.704942183017506552e-02,2.989352073416756128e-01
-3.621286032791450338e-01,4.440475183100048850e-01
-6.691457215260695479e-01,3.874300780704275637e-01
-4.486719415722340010e-01,4.034127431508430228e-01
-2.148663953512522928e-01,3.858995654561553357e-01
-8.178285676555439865e-02,2.520580646095670896e-01
2.323782457341974916e-01,-1.039892955871622587e-01
2.375184250747438552e-01,-3.225863779664942532e-01
8.004630797644576301e-01,8.699887190502827994e-02
3.932464634328839415e-01,3.937949109661763591e-01
4.640932714039375795e-01,2.876126453950295092e-01
3.577456405517474847e-02,-4.561740290122204972e-02
6.459835960165827284e-01,-2.763396022096096249e-01
6.459835960165827284e-01,-2.763396022096096249e-01
6.941354367314380713e-01,-2.601770959736690036e-01
3.308904511219153965e-01,-2.603451497720334906e-01
1.813812324595656666e-01,-2.518429076151259549e-01
9.062872157240552118e-02,-2.488337702840376364e-01
2.465897422624510338e-01,-1.798032199996768554e-01
7.613329052363538851e-01,5.703252412363726126e-02
2.244356799096007826e+00,9.578722384990402405e-01
1.833635048418462032e+00,1.077115192715023984e+00
1.261517372163120321e+00,8.338208828532943651e-01
-8.124932344604848256e-01,-1.690654029965431640e-02
-1.163968901784151910e+00,-3.496483547997936148e-01
-1.403837756737780440e+00,-4.278924727356380187e-01
-7.446345745052563858e-01,-2.185451042272154309e-01
-4.242506541273113330e-01,1.103111557563125379e-02
2.703736058156278599e-01,2.689302925730116534e-01
6.523763667166778690e-01,2.039659460230792698e-01
1.675451086896240671e+00,3.300499502871627189e-01
2.250171403944509319e+00,3.645375986302802351e-01
2.698398881332757959e+00,4.996762459873865803e-01
1.950204161973074779e+00,5.375670696179499775e-01
8.660143645729699857e-01,3.137579248137459254e-01
2.994651805565484715e-01,-2.762753384009044022e-01
1.901950810574634942e-01,-3.661585967288170651e-01
1.420124001044973383e-01,-5.735386676206059159e-02
-2.335367825820955090e-01,6.710185717980557962e-01
-3.454947802060058248e-01,8.876050116395981515e-01
-7.193098321489437008e-02,6.648649472489285284e-01
-1.298664654368625326e-01,3.047103202383631970e-01
-1.834409352983339342e-03,-1.913986616562106668e-01
-4.116189849219966668e-01,-6.034378334580086101e-01
-4.118909411469864335e-01,-9.136033397465550543e-01
-6.964121896045706306e-01,-6.974841622909837557e-01
-7.229129107981322466e-01,4.387649003974314899e-01
-7.797627909526749779e-01,1.022582531563043684e+00
-7.272844626610738272e-01,1.127614078969921163e+00
-7.357613637831902365e-01,6.371997715653184846e-01
-6.766954656023999037e-01,4.715629819987775528e-01
-6.683079740843117511e-01,2.061714844070718922e-01
-5.447814788339472303e-01,7.266107125814373624e-03
-5.467877518733007536e-01,8.609497084774474229e-02
-5.200337023965013739e-01,1.440954792956561648e-01
-5.133096993212622472e-01,4.220405844038271348e-01
-3.929389278111038442e-01,4.279004472753999977e-01
-2.813115576546454943e-01,4.282661397740913367e-01
-3.165100381147799014e-01,1.683668171509155598e-01
-4.260993771187707169e-01,1.771256265187404477e-01
-7.865349745760944478e-01,1.655159047109728832e-01
-8.728435394049559592e-01,3.973006461701042991e-01
-6.612590203757761076e-01,2.314396832155530825e-01
-1.897235310171688505e-01,8.000193156644611059e-02
2.465897422624510338e-01,-1.798032199996768554e-01
2.068526537057740478e-01,-1.067172910497677790e-01
2.281737087544014400e-02,8.554729230977854704e-02
-3.605316954297898557e-01,4.454483246938838459e-01
-4.330726997767506137e-01,5.896329829787976262e-01
-4.875043572674064851e-01,5.609635828467745000e-01
-3.043653710835382831e-01,1.855070197125417708e-01
-3.590602561966245165e-01,1.181353275620071258e-03
-4.012955794742681381e-01,-1.655649466160347694e-01
-4.726364588632036012e-01,-6.481468526974924760e-02
-5.055627079859676964e-01,-6.643215629237085584e-02
-4.574213942322721826e-01,-2.886409958694776678e-01
-5.106312268498393037e-01,-5.689009930475376065e-01
-4.945234125323441643e-01,-9.960669126573490351e-01
-5.500339988848231831e-01,-1.077791614089939731e+00
-8.854771771034808392e-01,-1.043193985998309259e+00
-4.848721621076691468e-01,-5.723788841709182007e-01
-5.859992578463376622e-01,1.300917724835128353e-01
-8.841929390701849245e-01,1.071582903421292920e+00
-1.290491094341764455e+00,1.220484266647924754e+00
-1.311746734730077524e+00,1.226942284941689332e+00
-5.359695182991116580e-01,3.939307920424640619e-01
-3.799239773823983035e-01,2.414086344173525522e-01
-1.554215888247024169e-01,3.380411176471546930e-02
-4.702923366483569706e-02,3.981448960354756761e-02
-1.434609893399143021e-01,3.850876261080622871e-03
-4.699909629598913452e-01,5.800075727840536127e-02
-7.591793529570864951e-01,2.426221408311567407e-01
-1.063768010683835641e+00,5.131706124104125077e-01
-9.795989856354524461e-01,7.802975733153550975e-01
-9.235307649003589026e-01,8.824706496271046419e-01
-3.365507521104870725e-01,9.714325869400627367e-01
-3.948084772555113253e-02,5.293477150405062615e-01
3.409225550023517459e-01,6.597303273324979511e-02
2.112930363546210721e-01,-1.395680484161080925e-01
1.882626119121933728e-01,3.562834341031193008e-01
6.764594573778998088e-02,7.472300087195860030e-01
-4.497370784578869074e-02,9.519950841872559799e-01
-2.387003558259006286e-01,8.041088088433033798e-01
-7.248592942055572808e-01,7.700557770241925892e-01
-1.069965817219679982e+00,6.471913755350420239e-01
-1.101114386086187613e+00,5.742656990464768407e-01
-7.039917047953488938e-01,6.813514892739190865e-01
-3.074219738628179988e-01,8.140611169166983574e-01
1.517836537970789768e-01,5.663871267231274098e-01
2.549081326840375028e-01,1.062906942154687520e-02
2.194143900704046413e-01,-3.750938438929741214e-01
-1.167013230937513357e-01,-7.404990373023538630e-02
-4.115416223726339751e-01,2.712338389851451370e-01
-5.359695182991111029e-01,3.939307920424636178e-01
-3.799239773823983035e-01,2.414086344173525522e-01
9.878962272851656012e-02,4.788548506327824222e-02
3.756076260230279407e-01,-1.039188013003953248e-01
6.885521165856329784e-01,2.111456631941824313e-02
6.540868373673704994e-01,2.604159477814235735e-01
4.459464874320620553e-01,7.035004873107976175e-01
2.147302741300136375e-01,8.990437709544003564e-01
9.453052464839278857e-02,8.577085925430875113e-01
-1.049425738654560514e-01,7.028534975934001006e-01
-1.941857866689785383e-01,4.095136469887642461e-01
-4.134763144139207980e-01,5.291203354302245754e-02
-2.754057123591586165e-01,-1.968509629654106030e-01
7.025213114491679796e-03,-6.825305449718346296e-01
1.294156492504659195e-01,-1.227564255233733581e+00
7.905924869144521916e-02,-1.218231147406029447e+00
-1.668433564549689496e-01,-7.410065841753803451e-01
-2.416826064231330506e-01,-1.663696956204551436e-01
1.538302001676289665e-01,-6.352826075099304859e-01
1.294156492504659195e-01,-1.227564255233733581e+00
8.210239746873022881e-02,-1.368538953486868381e+00
-3.682947327570254559e-01,-1.241120955147702487e+00
-6.438742358078726191e-01,-9.372028973659974893e-01
-8.331879188446352780e-01,-9.434408625420895866e-01
-8.761197562814511119e-01,-4.935854063453660734e-01
-8.709560580581103828e-01,7.816374947714901933e-02
-3.989726603940400573e-01,3.291469621742441620e-01
-1.535432062944779019e-01,2.825793400036698544e-01
1.080354833407246584e-01,1.093502540483414359e-01
6.966055215081312646e-02,1.433468291782733217e-01
2.031179057196214055e-01,5.412664939112622753e-02
-2.545100527436382487e-01,6.448645763573082057e-01
-4.789977726698497196e-01,1.075130443650557766e+00
-8.949090857282838707e-01,1.664567352750565554e+00
-7.181830120822445540e-01,1.478545307887020988e+00
-5.520717593594126615e-01,1.413658427822004127e+00
-9.509167958873895876e-02,8.367682843667267889e-01
2.283010245564845442e-01,5.089742016127283275e-01
3.777477639994002989e-01,-1.295363638589765165e-01
2.800461073002237788e-01,-4.090434396028869157e-01
1.999810001149908423e-01,-5.394688815665534820e-01
1.689831332888390159e-01,-4.793763185053691589e-01
-7.971030224134615857e-03,-5.518282760495305528e-01
-2.730209074617137022e-01,-7.104326229632429435e-02
-6.175545112607917497e-01,2.577763496116820541e-01
-7.447706151021029619e-01,8.109429254521507424e-01
-7.956874365272847971e-01,5.833915196116691293e-01
-6.613684170554150477e-01,2.676708983140184128e-01
-2.809681583518529591e-01,-2.875323151353459394e-01
1.491812479848096118e-01,-7.873314024340363204e-01
5.910796235040044477e-01,-5.241754859551399637e-01
2.650629276250658362e-01,-2.150013920814644042e-01
2.416923828883775494e-01,-1.981049432546971856e-01
1.729805850534142375e-01,-5.429394662632031077e-01
4.489832949391117101e-01,-9.054293598517560993e-01
5.948387891786780513e-01,-1.130013971729998845e+00
6.674321973520079831e-01,-1.317608805297118213e+00
1.035184718183178143e+00,-1.545389772811094575e+00
1.390829302354637864e+00,-1.348206139196575615e+00
1.654313416211075527e+00,-1.014344169198193146e+00
1.440123820087652495e+00,-6.287843048938168700e-01
1.181434059018395155e+00,-3.936907952864316385e-01
8.969191083636079975e-01,-1.095133102892390381e-01
5.594326384025812837e-01,1.266978146534789018e-01
3.106177849209891262e-01,3.144848376661931733e-01
3.070382929897829127e-01,2.943478807406316178e-01
1.122280373731437297e+00,1.519720017675853241e-02
1.202745226123985933e+00,-3.000797554976954995e-01
1.130324372755176165e+00,-6.488486755101191550e-01
3.397838115481894433e-02,-9.357433313865415325e-01
-8.262394286045519065e-01,-1.207603343980784061e+00
-1.349835438937226018e+00,-1.313171865664481963e+00
-1.591491995543525162e+00,-1.414975554751119358e+00
-8.014175815101458600e-01,-1.190107409561688145e+00
-3.776771321551278815e-01,-9.664141975948413732e-01
1.192079112942884267e-01,-6.407154564443584555e-01
8.750430144361021068e-02,-3.705814902144233813e-01
3.838662977524231468e-01,-1.734010279661158671e-01
4.947490111125865675e-01,-4.337825380124794572e-01
4.490979853157652801e-01,-4.465694569536031722e-01
3.706447237222598723e-01,-4.515058689140997727e-01
3.316617859379095146e-01,-2.049844437095522942e-01
3.791955980684055816e-01,-2.788495382788079846e-01
6.286043293391238018e-01,-4.193362205445784752e-01
6.986973973365698809e-01,-6.662674582066084872e-01
1.135685884453816907e+00,-8.766649409432484275e-01
1.554068702959014781e+00,-1.232669100406704521e+00
1.818319902703205759e+00,-1.274957421082877573e+00
1.748812889479442134e+00,-1.478016228371541230e+00
1.434426449849931728e+00,-1.466815736072772047e+00
1.115779765510290122e+00,-1.414183390243626492e+00
7.533510211834167913e-01,-1.129792278262394589e+00
2.872399187279549015e-01,-9.204815018539875826e-01
-2.279475160002516765e-01,-8.346751666352035803e-01
-7.599247635323909122e-01,-9.556279552322539672e-01
-1.064387558307942738e+00,-1.222791488431996365e+00
-1.031810111086185699e+00,-1.407835921447173844e+00
-7.959698948636337867e-01,-1.040958910858705844e+00
-1.564307525146845790e-01,-9.729944610284059214e-01
1.395940995169392407e-01,-7.893372130805516029e-01
3.810103920325400018e-01,-1.012388038026633463e+00
2.566478039273698553e-01,-5.461859815468480539e-01
4.638743703214833758e-01,-2.169622133368454830e-01
4.137982909179102609e-01,-1.187877779052174060e-03
1.108401540943839414e-01,2.652088132258357822e-01
2.289173663076191356e-01,2.900929858865876065e-01
3.899953245488842202e-02,-3.943029069207033138e-02
2.055880818032482585e-02,-5.879672103586208731e-01
-9.531894174325129532e-01,-1.158240157423507055e+00
-1.198079962950455046e+00,-1.115494067971642300e+00
-1.331043923568371534e+00,-7.807069690686582741e-02
-1.533192517485796991e+00,9.778922648327011968e-01
-2.328476264450870747e+00,1.501985314424400419e+00
-3.084788123221228862e+00,1.246263297272017789e+00
-2.748881391426693188e+00,8.739066710365519519e-01
-1.333099692983264362e+00,9.736493161944766161e-02
-4.589658410435891456e-02,-1.423270458400566651e+00
-6.612987383585913759e-02,-2.608834779721579178e+00
-1.312229371045019466e-01,-3.911505950711112956e+00
-3.103254415907382158e-01,-4.549961714626712173e+00
-5.113770507897350548e-01,-4.228684638077687019e+00
-4.445063153432048386e-01,-2.879176158930339735e+00
-6.123307951783810710e-01,-1.757298580354847983e+00
-4.692289316127642995e-01,-8.873074930150366413e-01
-3.156238023488667221e-01,-1.036260006193208350e+00
2.872399187279549015e-01,-9.204815018539875826e-01
5.326632930211905315e-01,-7.664795580003538333e-01
5.650560388507821497e-01,-6.495461213072937223e-01
5.656383305228092073e-01,-4.309599877559796566e-01
3.256080015985916565e-01,-2.622056881275569018e-01
-2.679656694992040705e-02,-1.882836532480301750e-01
-4.102687513299235200e-01,3.895867485581091735e-03
-5.461352082551462761e-01,1.034849443105569922e-01
-3.981679373968141644e-01,1.843439856806781962e-01
-1.966237906173949335e-01,-1.979498728122189855e-01
3.694893781501730479e-02,-2.706912258603072496e-01
1.945929150970915067e-01,-5.283542252334914036e-01
4.199012405384279223e-01,-5.571849522746231687e-01
5.298479385305872036e-01,-8.089008101725974065e-01
3.380923323124269686e-01,-5.383915303060631263e-01
3.133907627207522806e-01,-1.690054029230081412e-01
2.713365407042545030e-01,-1.139097946866585026e-01
4.135520311185194586e-01,-2.965673346491238815e-01
4.389280724648984000e-01,-6.319855602728231547e-01
5.326632930211905315e-01,-7.664795580003538333e-01
5.650560388507821497e-01,-6.495461213072937223e-01
2.208069955885169078e-01,-4.935510959563201294e-01
1.702854770072643464e-01,-3.866035116123669457e-01
9.022252647601394782e-02,-2.215331285951306073e-01
3.867258421024110104e-01,-1.786935390590260464e-01
1.309739585514584359e-01,-2.718052545920343621e-01
4.889982115359036152e-01,-5.411838944441210719e-01
9.049747996021506591e-01,-8.254565862185179181e-01
1.426744478230506097e+00,-1.163936501440395732e+00
1.426744478230506097e+00,-1.163936501440395732e+00
1.376156681163523077e+00,-1.040197503980526239e+00
1.135037778758285709e+00,-6.457173040593437996e-01
8.284711769419903504e-01,-5.526361670029555917e-01
4.963591539457896107e-01,-7.023543472289865974e-01
2.926455675044553617e-01,-9.048259663853958079e-01
-1.845602182370996991e-01,-8.697750996724444850e-01
-3.560877278802433432e-01,-6.147813652082105840e-01
-1.765048232927248772e-01,-4.052687868356985579e-01
8.575916436333627657e-02,-6.078324281413233221e-01
2.972657077858472108e-01,-8.325821339507178953e-01
1.331906838327454323e-01,-8.453558665193947608e-01
1.639657682812488415e-01,-8.557306426997506321e-01
1.846843972886643426e-01,-8.694692148279653532e-01
1.105829810344842873e-01,-5.294106804870364336e-01
9.062872157240552118e-02,-2.488337702840376364e-01
2.465897422624510338e-01,-1.798032199996768554e-01
3.415361204985354338e-01,-3.357140095970819749e-01
4.464769458200901209e-01,-2.999614386271706179e-01
2.821884989576159408e-01,-4.098660435517835210e-01
5.264083190355951514e-01,-4.246657649569609561e-01
5.264083190355951514e-01,-4.246657649569609561e-01
6.659567943968842663e-01,-3.311615124637543595e-01
6.051884123114795733e-01,-2.608710608292550970e-01
1.663628673061870455e-01,-3.666046155261092759e-02
-2.455458474034453442e-01,-1.207153703494962330e-02
-2.726966767339468189e-01,2.038598611716889442e-02
-6.198451835649797931e-02,-1.510383051593709725e-01
7.136703617467277105e-01,-2.319720717432737500e-01
7.405749719427154876e-01,-1.656493481375329313e-01
9.667869987986790203e-01,-2.144410714100852544e-01
6.297273626755016673e-01,-1.457202774072830220e-01
5.414007158581457535e-01,-2.366022734492524149e-01
5.469459083314851533e-01,1.937558095074093101e-01
2.889136916803591304e-01,5.335155964523817795e-01
6.456900753395456057e-03,8.668141614540062490e-01
-3.415135200653910963e-01,7.746414265936952814e-01
-3.838441107324129797e-01,4.287048828355919938e-01
-2.587658977921577508e-01,5.513381465713398377e-01
-1.055215274528042840e-01,5.900346940497682713e-01
4.658342602425529638e-02,5.421862914757996643e-01
9.059154336249596040e-02,8.386416082048199494e-02
1.203857065988586383e-01,-5.293115193049194867e-01
1.108191015731656986e-01,-8.232449599916377148e-01
1.336686367650359308e-01,-1.231838333099617877e+00
-1.077451389876410148e-01,-1.100356200156049846e+00
-1.543821160660751313e-01,-4.721434163853866495e-01
-8.770485662049358755e-01,1.043862595714031505e+00
-1.365834436930368545e+00,1.430580837147377160e+00
-2.024736374442633657e+00,1.337055220397285193e+00
-1.961204454496151994e+00,3.362400875982598514e-01
-1.472982922200890110e+00,-2.270555160839299869e-01
-7.777310697737990219e-01,-5.621035946183112753e-01
-1.825247917416886190e-01,-5.593152852074028125e-01
-6.925953013606959974e-02,-2.391015255034912024e-01
7.733303311620153692e-03,-1.626117887666206352e-01
-1.359916606494438740e-01,-2.365124872472703921e-01
-3.283951371870520025e-02,-4.920965868164976498e-01
-1.238244754617700283e-01,-5.659739814590774021e-01
-1.151304127666853971e-01,-4.711191604940310196e-01
-6.386308152776825064e-01,-3.934045756677933547e-01
-1.201372305513735972e+00,-3.256897325217810168e-01
-1.820433762009785683e+00,-4.383516138072166002e-01
-1.957879973417826491e+00,-3.771047302287247049e-01
-1.628780540931817677e+00,-3.512397747288468208e-01
-8.208239320324656196e-01,-2.614535567188891463e-01
-7.221175558381119908e-01,-3.616597730960010026e-01
-6.296098645331096311e-01,-3.995599956418677823e-01
-7.218202156701384320e-01,-4.180416130542087272e-01
-4.393055794868260810e-01,-3.192221892907884939e-01
-2.926087770691460088e-01,-2.084003888478418165e-02
-2.309998406525922698e-01,1.451696327495599070e-01
-2.309998406525922698e-01,1.451696327495599070e-01
-5.092271785477389123e-01,-1.898493717588170815e-01
-9.806289855202005024e-01,-5.631120696017539728e-01
-1.092583021536891241e+00,-8.340182041468964247e-01
-9.015945546170668345e-01,-9.966530212458060145e-01
-4.775131369896635780e-01,-7.022629426522802865e-01
-1.026287327752045814e-01,1.087355905323933586e-01
3.536377786987078553e-02,3.517789069947618308e-01
1.538238793538637683e-01,3.146832456205504447e-01
1.039406280721725251e-01,-2.409909330376211467e-01
-1.590496161782923787e-02,-5.397631635890355328e-01
5.183271782796972788e-02,-7.940603351985925373e-01
2.693423680106262208e-01,-7.973603602473472440e-01
5.298479385305872036e-01,-8.089008101725974065e-01
5.362379805982980807e-01,-3.895081619740257128e-01
6.555156470533202162e-01,-4.627462335708379393e-02
5.991596780329407901e-01,6.154427215103022153e-01
4.930848119885782310e-01,1.260166530882710356e+00
4.302865215622407313e-01,1.348689652012721840e+00
-1.511849165988805345e-02,1.490166647612332307e+00
3.641162812873312005e-01,1.684956788208899159e+00
7.622740849651562511e-01,1.999075663042338746e+00
1.802199213012994683e+00,1.500201859408387239e+00
1.687956667176461867e+00,6.249907931603390088e-01
1.904483211573378298e+00,-2.637071689778882067e-01
2.053056319719072320e+00,-5.046219589483944556e-01
2.522260146800344049e+00,-2.849061682681498509e-01
3.147920526020375309e+00,-9.302467726355266586e-02
3.779567457380278661e+00,3.411620202847717165e-01
4.921313178970446955e+00,1.142958644552429348e+00
4.992795277209205906e+00,1.800784906617012515e+00
7.830234427514202622e+00,5.197856409724867177e+00
1.015437552317720282e+01,8.056592522238037901e+00
1.262699873407871465e+01,1.056705234376713420e+01
1.262699873407871465e+01,1.056705234376713420e+01
1.261576116286291516e+01,1.056336147683869875e+01
1.261576116286291516e+01,1.056336147683869875e+01
9.967657249676225462e+00,8.007855489895458589e+00
6.448197842235297905e+00,4.819532338459837639e+00
2.836133970022026940e+00,-5.427204564166590028e-01
2.402341169387205877e+00,-3.218079312792351931e+00
2.473295330645802093e+00,-3.810209083978461919e+00
1.676728638051044218e+00,-2.816115735984064283e+00
8.544066327553035967e-01,-1.237370585164621728e+00
1.610797995145959172e-01,-5.237224446597874561e-01
4.326631765834855481e-02,-5.992664374380451964e-01
-5.994661560467883232e-01,-4.811479192572535313e-01
-3.561398099236631198e-01,-5.278948388980726492e-01
-2.409554554572082008e-01,-3.774316474041463643e-01
6.768540264369408144e-01,-5.687963242645172057e-01
6.715123146950101596e-01,-2.606387949862631337e-01
1.357888889950605193e+00,-5.281919038994645765e-01
1.881157061986118428e+00,-6.744332611044713266e-01
2.041277014870219286e+00,-7.355191807213490307e-01
1.780251044682886752e+00,-6.510101451187237931e-01
1.218055589088792745e+00,-5.333876189938336898e-01
8.625945935962898714e-01,-3.151652233403894332e-01
6.808134955071381000e-01,9.316406775913418925e-02
1.249811798345120906e+00,6.326473729253537792e-01
2.390595590366410672e+00,1.225693355235836446e+00
3.242537712759706814e+00,1.707380224148111081e+00
3.641414970431951392e+00,1.931601702170532953e+00
3.695881768151955793e+00,2.022148703352844912e+00
3.015110881959657263e+00,1.571029100988598382e+00
1.888354554602005742e+00,9.989423902506421316e-01
1.528240628387733946e-01,2.881198108233138863e-02
-5.092271785477389123e-01,-1.898493717588170815e-01
-8.261983054346336841e-01,-3.692567152191345570e-01
-1.055982937740677086e+00,-4.837308851344842564e-01
-1.104526835125053674e+00,-5.713962603720107447e-01
-1.039702185189508965e+00,-6.100263097360147935e-01
-7.704131420876715319e-01,-4.304186963468808469e-01
-5.674545656244032177e-01,-3.109125158430188218e-01
-7.024196096130940203e-01,-2.834100179972356415e-01
-1.103650678958012943e+00,-4.088809349718893760e-01
-1.461034523083021730e+00,-3.928206844346606719e-01
-1.319222647014608896e+00,-2.715882794752187968e-01
-1.059382243105125410e+00,-1.893986231431189771e-01
-4.129571770633438943e-01,-1.335695211638064372e-01
2.730997429848391889e-01,1.716026498039633363e-01
1.276867631372129663e+00,6.548635055158780194e-01
1.549439261510151544e+00,9.055019382572653264e-01
1.366315629008083787e+00,7.786252397210884357e-01
8.355454414386036532e-01,4.640194214519631211e-01
4.183085234839568067e-01,1.030821157463261556e-01
5.210381863027427896e-01,8.771303333992948315e-02
7.216289424283970355e-01,7.082752420970299390e-02
7.065200187085457495e-01,4.168802274242249667e-02
7.764503149899765200e-01,-1.629314549665402401e-01
8.511801964108898222e-01,-1.274043180724777069e-01
7.200344431498406639e-01,7.799991183821897156e-01
-9.395024993004975900e-02,1.154127656955968417e+00
-4.931283853156456787e-01,1.197544216233068504e+00
-6.071150626027873587e-01,4.366438499842856813e-01
-7.601967003181248073e-03,2.440169655522329284e-01
1.567292353358878398e-01,-5.083088299750938566e-01
2.079920493746562904e-01,-1.317022349789766178e+00
2.867343030560262074e-01,-1.959556513656924848e+00
6.240314382366812795e-01,-2.278751925502389586e+00
9.193022548577007846e-01,-2.050373361009733220e+00
8.873321539701862770e-01,-1.325769201921475515e+00
6.595391802365906386e-01,-7.122988257777216337e-01
-3.337101882676490328e-01,5.005724476693468317e-01
-1.157151859722172160e+00,1.385329947436465536e+00
-1.459939455968700672e+00,1.335083495442804580e+00
-1.030284460785151790e+00,8.785359491950429645e-01
-5.835166148019651500e-01,4.079941214064555233e-01
1.046960766926923470e-01,2.245380266213279075e-01
-1.156762037156153777e-01,5.246387388441281496e-01
-3.532043286419725980e-01,6.540721086988547928e-01
-8.517578871849001976e-01,7.793244937656723659e-01
-4.217151842139491014e-01,3.240461379178063428e-01
-3.175337939306190349e-01,1.364769208725343519e-01
-2.978347505598883949e-01,-9.761312542000553927e-02
-1.303503538818196472e-01,-5.351338315238960558e-02
4.772388043083630738e-02,4.448957802379516213e-02
3.540155618004098836e-01,2.296317664900284772e-01
2.657259203148017168e-02,2.194906959991694828e-01
-6.412861513271657377e-02,8.338166129165215656e-02
-5.408635770741971882e-01,9.961575227784741360e-02
-7.828783976472833972e-01,5.087793374551213832e-01
-9.480485074308662163e-01,7.304009704062811581e-01
-5.554016066676493724e-01,5.987112552952991162e-01
-4.655344455050003938e-01,1.435141677038551389e-01
-5.865869730357213818e-01,-7.949845389346586744e-02
-9.745864782606289412e-01,-9.987259546307547531e-02
-8.968124967822719285e-01,-1.151527549698445063e-01
-9.070973164583983062e-01,4.373241716189467908e-03
-1.037425068834439079e+00,-4.282707770781117584e-02
-1.329582753632892134e+00,-1.201193187108601512e-01
-1.814478289577231562e+00,-3.816548825932911115e-01
-2.092922385289142095e+00,-4.804935276848497083e-01
-1.722540538152658396e+00,-5.959073088687949493e-01
-1.131840632286499337e+00,-5.329711280826519015e-01
-1.184523310402794405e-01,-7.943096252104607791e-01
4.596925956488913667e-01,-5.472923606390212026e-01
5.873267050045982707e-01,-4.348791489974205837e-01
4.125769433594526636e-01,4.577748886065935441e-01
2.990769538321582655e-01,1.293125434002170948e+00
3.724959556964503316e-01,1.381434308039747760e+00
4.683694219660404778e-01,1.136890751175054559e+00
7.820912552450791644e-01,5.235021304248480556e-01
7.671724433078759287e-01,8.889926206386951080e-01
8.402977370911346444e-01,1.172274709115371127e+00
1.000189268425150990e+00,1.109032977576915657e+00
9.422636689603990368e-01,7.316807786997607810e-01
9.485120326934791679e-01,1.234751563689190090e-01
6.842068438722975765e-01,-6.526357109282597824e-01
5.822118170113148583e-01,-1.043963516093229682e+00
3.067816377626141344e-01,-1.360191978375522970e+00
1.515048857176360016e-02,-1.132698753442072048e+00
-6.357615668871232639e-01,-6.515201180091186872e-01
-1.586013273324772932e+00,1.167092058941050503e-01
-2.116883146990360842e+00,4.660014234024605906e-01
-1.887802154235004082e+00,3.983213929583860335e-01
-1.567106185119265138e+00,1.061706908888240708e+00
-1.241211485278930882e+00,1.279694059137063578e+00
-1.248398658432928299e+00,1.535277034769011895e+00
-6.397908983826526841e-01,6.159158870335659230e-01
-1.231879480086702644e-01,1.497167705210504796e-01
2.564277610281771591e-01,6.805482683461348825e-02
6.626297773242062483e-01,-4.847528675343409366e-01
1.498601501002871039e+00,-3.548475737929894236e-01
2.383382658181885994e+00,1.195604279574664641e-01
2.981793036935991292e+00,1.195969666402829423e+00
2.841439828985106608e+00,2.501580501021605674e+00
2.021969811284102025e+00,2.561549056605345154e+00
1.138343305168696862e+00,2.684997447362487577e+00
5.396459541710325603e-01,2.066607850911990507e+00
-2.790380979005351869e-01,2.680573926197055368e+00
-8.490563835161349937e-01,2.395833347740049302e+00
-1.355357304682281328e+00,2.182881702376282984e+00
-5.728999313030199714e-01,1.096381393511845825e+00
-1.277534249401604191e-02,3.642330322483948724e-01
7.318806378970431625e-01,-6.521721982308431587e-01
8.956078485033718284e-01,-1.320434132044668418e+00
8.714626169784172038e-01,-2.472931647019298129e+00
7.496269003645186224e-01,-2.994503962257837326e+00
5.922104643634685806e-01,-2.582237430698398839e+00
7.377750012621590026e-01,-2.237716593626768447e+00
1.018269480242451230e+00,-1.605380422642745497e+00
1.108279274378720869e+00,-1.488108126208008031e+00
9.367120493877253429e-01,-8.897831508766367303e-01
6.967736260569709072e-01,-4.155735666931788530e-01
-2.424632725046161064e-01,-3.830636354140476985e-01
-1.185234559968534773e+00,-5.440755816141825685e-01
-1.720694357007336750e+00,-8.331156165008987147e-01
-1.443663504320791491e+00,-7.857399202575702235e-01
-9.766455179674518039e-01,-6.162300169867582778e-01
-1.528540885883493926e-02,1.080574293732520674e+00
9.942329886250549364e-01,3.107306407017979666e+00
1.589854444528236765e+00,4.963054861490544312e+00
1.953329343137283125e+00,5.164585988404665429e+00
1.273051131870192032e+00,4.321717003075698393e+00
5.637414384341006279e-01,3.179682291673042283e+00
-9.059071937258034168e-01,3.353134842770349344e+00
-1.469260134719105215e+00,3.468910009469801992e+00
-3.557862237890934143e+00,5.890151289005613577e+00
-4.701285421423732735e+00,6.947162382781836953e+00
-5.617420038135382043e+00,7.893748679829225345e+00
-4.376836392480374371e+00,5.581507410540435643e+00
-3.947425817774468548e+00,4.068238386433479903e+00
-3.329210988245054015e+00,2.482849894524518319e+00
-3.324132329051584289e+00,2.098345365845594834e+00
-2.238863410713957336e+00,1.109497666537779814e+00
-1.131498107055402880e+00,4.074751582714580822e-01
-3.172783435872423841e-01,1.335881099264256966e-01
-2.499003780967729571e-01,-3.431287427664903023e-01
1.246192286716848868e-01,-7.953644784850485427e-01
8.920927665926946526e-01,-2.167481550710364857e+00
1.919880864696363876e+00,-2.932887146918613297e+00
2.551062691879010913e+00,-4.073973551639788582e+00
3.468285890870149935e+00,-5.746265159238605591e+00
4.208707468592964851e+00,-7.486004691135812905e+00
4.880463420543153852e+00,-8.637570407166167641e+00
4.961754438167385040e+00,-8.402934383239720972e+00
4.465614207258707502e+00,-7.104498115107110046e+00
3.488605151314944752e+00,-5.042337410758618077e+00
2.280157101396750985e+00,-3.205854037890228270e+00
1.530560584041283034e+00,-1.919872112475273562e+00
1.432581964399559427e+00,-1.748056532401401020e+00
1.794824833095538530e+00,-1.866505198758784623e+00
2.317639865330356042e+00,-2.131737464447913233e+00
3.133802659088387177e+00,-1.363337842081625562e+00
4.027173728744829262e+00,-1.838309410094308149e-01
4.493300883412884694e+00,1.221027800788633932e+00
4.610457158256403787e+00,1.979515053594987473e+00
4.370391410507799002e+00,1.970131089446150563e+00
3.941385141111207968e+00,1.396591155560681141e+00
3.238760958155582959e+00,5.798790312022432669e-01
2.772035371910081203e+00,-6.344585177644994356e-02
2.181123986891885469e+00,-4.108450155781988578e-01
1.762029404805431909e+00,-4.399931320597983420e-01
7.526976922932696601e-01,-2.346381017656283818e-01
-7.372522031114435714e-01,-4.246461140673825352e-02
-1.917612708794506959e+00,3.748543139880441966e-02
-2.700178062853951566e+00,-5.132617738539135138e-02
-2.826414198529432209e+00,-1.798527720475073810e-01
-2.254949698389446144e+00,4.118759020126441794e-02
-1.350101717684816460e+00,5.188162470871544585e-01
-7.768724525787022994e-01,1.013661345621502230e+00
-7.016382579718620782e-01,1.079481059371222074e+00
-1.024530890195562094e+00,9.146932530171627551e-01
-1.846308124080202395e+00,3.770080309236401028e-01
-2.493267012969217600e+00,-3.537537406032695980e-02
-2.801108964420319314e+00,-3.205233291469003487e-01
-2.310993286950939307e+00,-2.265288992967868717e-02
-1.523421646867700874e+00,1.690307094033037527e-01
-5.779140050104050186e-01,3.617106670626742959e-01
-4.233901749528168890e-01,-2.806148674683872080e-01
-5.306742860808328910e-01,-9.393822148435119201e-01
-8.628507302555232794e-01,-1.514244112759351779e+00
-1.040113035284906173e+00,-1.743350955972075678e+00
-7.862522661442278293e-01,-1.360098583859907784e+00
-8.545493535814805419e-01,-1.646869245869387877e+00
-9.425143517265716087e-01,-2.135086547591090955e+00
-1.612310607643846483e+00,-3.267644340804407133e+00
-2.014816705119455431e+00,-3.064508345376009579e+00
-3.172090153628549736e+00,-4.702128906276332287e+00
-4.317881789333484654e+00,-6.640906766536991412e+00
-5.207992988124034994e+00,-8.818263586464127002e+00
-5.068183721950365594e+00,-8.545067584407039618e+00
-3.912204462398674920e+00,-6.028778432584684488e+00
-2.587221739274251142e+00,-3.409118690379495220e+00
-1.342833454747741850e+00,-1.164223143352424605e+00
-8.479323885345120271e-01,-1.214998888874006422e+00
1.302415966594071099e-02,-9.479081504015594017e-01
2.780696365351452704e-01,-7.797757499067594633e-01
5.873267050045982707e-01,-4.348791489974205837e-01
1.081714346305003016e-01,-8.046188126545519848e-03
4.250770271385672650e-01,-4.954123004583020906e-01
5.976845220363110611e-01,-1.044608130340835883e+00
9.471820352599477078e-01,-1.480600216053840290e+00
5.939311092299883743e-01,-1.262794954750981136e+00
1.524999206417307351e-01,-9.357719471809248235e-01
-2.984037626732204407e-01,-4.193291999591640118e-01
-3.566206867014714010e-01,-4.910476463288017679e-01
-7.563447499451017020e-01,-8.432795161746821089e-01
-8.701739511164713337e-01,-1.302600573560008135e+00
-8.578838926778922236e-01,-1.468138563643371697e+00
-3.697731199265832380e-01,-1.003811829666305666e+00
-1.498437197515557207e-01,-4.818602920992607896e-01
-5.247213970501279218e-02,3.316473815233558081e-02
-3.307071861687598258e-01,5.510183569237057238e-02
-3.666585647565046568e-01,3.005367967512528188e-02
-5.603628244722151930e-01,-1.665621603328426570e-01
-7.499475617573412300e-01,-1.292851968448863187e-01
-9.487397932608681028e-01,-4.760622505427445500e-02
-9.743470363459081351e-01,-3.748315295200060904e-02
-7.968670861152785667e-01,-2.265480246755483817e-01
-5.168222541732849784e-01,-5.764807794287830633e-01
-8.469174282137847953e-02,-5.931534249737695497e-01
-8.469174282137847953e-02,-5.931534249737695497e-01
-1.547080029415491831e-01,-3.512326876126285469e-01
-3.809928863868931037e-01,-6.669813001662741048e-01
-4.086647863591083008e-01,-1.112177289648553336e+00
-2.040060598335591002e-01,-1.336183316224592188e+00
2.008097806266785357e-01,-1.265150878048202365e+00
6.362760063925072540e-01,-9.228734443397433873e-01
1.114601371490252069e+00,-6.408347241514736892e-01
1.299464723740073380e+00,-4.290343426036417052e-01
1.561777802734323428e+00,-6.687630834880499142e-01
1.486398250305412061e+00,-9.275094650838852095e-01
1.731443438696286030e+00,-1.445860515793534695e+00
2.184473018283427770e+00,-1.950606341667041166e+00
2.364297389463075660e+00,-2.068197457563107466e+00
2.023764383028576308e+00,-1.786121257755030056e+00
1.184115289790962366e+00,-1.600294400280245277e+00
4.829713071347272457e-01,-1.509156843653642444e+00
-8.190948997707118984e-02,-1.879851979375407822e+00
-6.238848016845042199e-01,-1.796685900438965477e+00
-9.913086478114326860e-01,-2.318364476393470319e+00
-1.254036544417068910e+00,-2.539932816423941198e+00
-1.329528476824980210e+00,-2.719807933543401557e+00
-1.118655501600399171e+00,-1.995016822622714736e+00
-9.487953551535461827e-01,-1.026565832178325977e+00
-7.459481965865892850e-01,-5.508104330007022181e-02
-7.164309130090775746e-01,1.531074482034475437e-01
-6.095113530587759065e-01,3.235015661963550060e-01
-4.670139978939773506e-01,5.474528722129361896e-02
-3.270859433539710648e-01,-7.057306736798271696e-02
-2.954644739972303036e-01,-1.730107924810199427e-01
-3.939342855779938146e-01,1.216371668090452662e-01
-1.441826740752106539e-01,1.254940700244832896e-01
1.962000075584598990e-01,1.822519798105859401e-01
4.120962142144011797e-01,-9.331012044259598404e-02
4.391256091864923494e-01,-1.272740360551037897e-01
2.527874201904433127e-01,-2.474823120180684732e-01
-9.441615580984827338e-02,-2.345508697597995240e-01
-2.033399803918510274e-01,-2.480265170346312165e-01
4.093925414845504818e-02,2.523757353139049475e-01
6.050073514836707966e-01,8.775790617973145968e-01
1.113691946179362346e-01,1.109807646461295372e+00
