5.132106879194733295e-01,1.260940768847819582e+00
2.628189769695971068e-01,1.390161292608361299e+00
8.448921396911199255e-02,1.288691352621180064e+00
-2.671549993171535298e-01,6.797546400247660436e-01
-3.233987275443294673e-01,-1.460617948430200930e-01
-4.850538134278202518e-02,-2.901695798684747474e-01
-7.530774614583373161e-01,-2.283191396710042374e-03
-1.082740978023797540e+00,5.947409472603069069e-01
-2.621309221878179163e-01,1.174897359487170556e+00
1.510881747338835013e-01,1.307946204025617121e+00
-2.671549993171527526e-01,6.797546400247592713e-01
-2.073038042650745816e-01,2.221829566184050087e-01
2.516019622837700198e-01,7.614089365550517075e-01
2.622363083755698820e-01,1.009680533630799015e+00
-2.520861603755401581e-01,1.282138992169216563e+00
-6.166312123740562701e-01,1.338925071709161196e+00
-1.619250428621753501e-01,1.176623781536814350e+00
5.094559659414104047e-01,1.239994728039667482e+00
7.778046526520296933e-01,1.275107706929177187e+00
5.698910643470552762e-01,1.270145959099229005e+00
2.622363083755698820e-01,1.009680533630799015e+00
-4.046226151557932166e-02,1.825538338220612095e-02
5.825146495447570683e-01,-8.440798465029719644e-01
1.409396984112517348e+00,-6.936979543976011797e-01
1.089722140379749238e+00,-1.206980974135533957e+00
1.341893937053696972e-01,-1.448828664607651806e+00
-1.056994009400227669e-01,-9.404252563453519009e-01
-7.553250112742378175e-02,2.801658420104434222e-01
-2.301678446103299913e-01,4.242286367783342449e+00
-4.111887079714776072e-01,8.868908949999534386e+00
-8.018217793936623927e-01,1.129976538043986523e+01
-1.375491022847100897e+00,1.066057963819605803e+01
-1.871594434054601352e+00,8.032672007119590063e+00
-1.878063509013809806e+00,4.672500794323545037e+00
-1.330861199221137880e+00,1.732460659001733294e+00
-4.229589196184061484e-01,2.735446727637025344e-01
2.441121247711550979e-01,6.837993176109713467e-02
2.525145944360591699e-01,1.275212961814987389e-01
-8.330029274520551336e-03,7.611349381031587980e-01
2.581657703379917901e-02,8.446916237315674758e-01
2.518253551141330093e-01,1.559295083277437710e-01
7.835897756501492006e-01,-3.393941542951896539e-01
1.170326992342258787e+00,-1.684537856970422520e-01
6.756856634356236402e-01,3.140467662812596594e-01
5.981705400924419713e-01,-9.135257317138305300e-02
1.006325098452065747e+00,-8.200012172120937359e-01
1.205528162698944916e+00,-8.466221936847274643e-01
1.022541389442798820e+00,-7.869446242070312625e-01
9.283659213271590049e-01,-1.067077811475818372e+00
1.098797727275804270e+00,-1.003390349659847303e+00
7.392496247526101349e-01,-8.028318892152014330e-01
1.948804305696591813e-02,-7.901295334476279297e-01
3.625107660918911456e-01,-1.016161407362965896e+00
1.362555513002584595e+00,-1.103379410917714409e+00
1.348141575525840796e+00,-8.676525251101667724e-01
3.384201599909264502e-01,-4.098650876753625605e-01
-7.961781654667994257e-01,-4.203362148563963840e-01
-1.792783349858378728e+00,-8.546296938023461021e-01
-1.511021212417966719e+00,-1.048316691810266876e+00
-6.091616782981326139e-01,-5.333256694172732182e-01
-8.223366669278918684e-01,2.623172075581527429e-01
-5.823708561834664010e-01,9.622536029778715472e-01
-4.460177770128931352e-01,1.173328102039431942e+00
-1.810137441632989896e-01,7.155748082493457174e-01
4.389132466296031820e-01,2.024093876874314413e-01
1.215838620539077874e+00,-3.658310206706224532e-01
1.331302465697132620e+00,-7.284097378514892140e-01
4.968133288266913805e-01,-8.821727337739413422e-01
-1.056994009400214068e-01,-9.404252563453529001e-01
-8.359088124798701447e-01,-9.774606488327677312e-01
-2.004970767074214510e+00,-1.077966683037148821e+00
-1.746312945426923724e+00,-5.493397975008166290e-01
-5.939905527327908885e-01,-9.473757442697786080e-02
-1.731699140123987013e-01,-3.578525890711675705e-01
-7.369171258221873799e-02,-7.738888288918165381e-01
-1.834109422460678818e-01,-9.430030278348421335e-01
-1.641314774385566055e-01,-7.070086444973529005e-01
-7.317689875881838724e-02,-3.128371761253966321e-01
-6.055368700355864874e-04,-1.812183084087397181e-03
2.960046216398319885e-01,-8.222284329121229418e-02
6.038897994227314658e-01,-7.190524480513149630e-02
3.546508622036129710e-01,1.363609538008596633e-01
-2.794598045561742447e-02,6.744883050367729282e-01
-1.273300556630633518e-01,1.034157857782508128e+00
-4.883333622139529595e-01,8.143407383713131553e-01
3.791132390817891079e-03,4.418180249764702139e-01
7.473774846439124042e-01,8.593679786326195724e-02
7.519334231828506132e-01,-7.212105824068462678e-02
5.480703997548266315e-01,-9.450786520259218948e-02
2.850786518620853083e-01,-2.311549425821360637e-01
2.930878375932202684e-01,-1.465686912668268116e-01
4.017235873107521948e-01,-6.336754249563512909e-02
2.850786518620853083e-01,-2.311549425821360637e-01
1.741974128935240007e-01,-2.645076384085577881e-01
3.116750549044435825e-01,-6.874098037723652688e-02
4.017235873107521948e-01,-6.336754249563512909e-02
2.850786518620853083e-01,-2.311549425821360637e-01
2.356731902277198632e-03,-3.160570401920007044e-02
1.638898906064220340e-01,5.885687640520488317e-01
4.411962280723250585e-01,4.220640465508186945e-01
2.930878375932202684e-01,-1.465686912668268116e-01
4.888321128443358365e-02,6.189867336245360313e-02
-1.493167258528942942e-01,5.439019104404596572e-01
-1.493167258528942942e-01,5.439019104404596572e-01
2.551589900228887209e-01,3.565933709631375903e-01
1.427455654203792168e+00,4.912890331436445823e-01
2.088955481354936250e+00,6.300974172614337565e-01
1.551563275047999735e+00,2.905896557973235983e-01
4.546452021742073413e-01,4.739606158296510996e-01
-1.273300556630633518e-01,1.034157857782508128e+00
-4.883333622139529595e-01,8.143407383713131553e-01
3.791132390817891079e-03,4.418180249764702139e-01
6.750916744487633903e-01,5.858317147069525693e-02
5.565897390977880832e-01,-1.575735072798110092e-01
2.804916816636957577e-01,-1.459202789857398652e-01
-6.055368700355864874e-04,-1.812183084087397181e-03
1.071922217709349701e+00,-1.995824101786633498e-01
1.854133317741362585e+00,-5.431807735629218259e-01
1.581406682988836687e+00,-9.745940976660099064e-01
4.593242907354236904e-01,-1.003271164993867481e+00
-2.179762927427569136e-02,-3.138514509300343036e-01
4.600218787601627335e-02,-2.867247895916530051e-02
2.684699259707664168e-02,-3.369367932556434631e-01
-9.364759582261875104e-02,-4.299438788743645823e-01
8.215885972573332141e-02,1.240312568405688570e-01
1.130231918469237345e-01,1.723412654464339666e-01
7.732535576093310659e-02,1.186345458371643180e-01
-2.381632202528311815e-01,6.267662674687020374e-02
-4.937523307147758111e-01,1.422719929236002379e-01
-1.418631091119387566e+00,9.375546730812125418e-01
-2.392364998049699043e+00,2.011434884500302278e+00
-2.240180018420997232e+00,2.164548152352967492e+00
-1.103337511552202832e+00,1.362121169551388400e+00
-6.971619753371019468e-02,8.482792426960162890e-01
4.069261170058101618e-01,1.051451486305351901e+00
6.738353211063166093e-01,9.175326198262357957e-01
3.089314662348487950e-01,4.194711837403821142e-01
-7.153513835968564605e-01,1.055995535126564577e-01
-1.169877163416978227e+00,1.863536584137595598e-01
-5.156896167065457837e-01,7.558548419760596770e-01
-2.137755336844995302e-01,7.125788649695277144e-01
-5.681677727658035471e-01,-5.028019651857573713e-02
-6.318587668632843490e-01,-4.227934002527502511e-01
-1.652059348802704664e-01,-3.513968285599641805e-01
1.395271757929720247e-01,-3.978198355953782572e-02
1.124883300136384212e-01,-4.337103877457668677e-01
6.119569301825793228e-02,-4.233395504915165031e-01
1.395271757929720247e-01,-3.978198355953782572e-02
4.308511506534275920e-02,7.958195035594585465e-02
-5.664152665533717795e-02,1.543420978528687627e-02
-1.515372881128185072e-02,-8.468089177084568708e-02
-5.697756209113306880e-02,-3.091879330062455647e-02
-2.664607358759605860e-01,-6.299609681630748137e-02
-3.523079290699121513e-01,-3.967913269861750997e-02
-3.231242155593074261e-01,-4.897806817699794646e-01
-6.664536784581672757e-01,-7.804663056674672195e-01
-6.764564185483776804e-01,-5.196766115239714878e-01
-2.123804590963963013e-01,-6.152397091264678597e-01
4.498810679374473098e-01,-1.044141581902614080e+00
7.869149561968725726e-01,-1.075206105787360533e+00
3.253494037226832281e-01,-4.128062465217268717e-01
-2.255758837553424323e-01,4.550149967016358515e-02
1.392855140211644305e-01,-8.456788214157098249e-01
4.355930084400519431e-01,-1.450011271549266123e+00
4.583991862777927334e-02,-1.105051573721893110e+00
-1.652059348802704664e-01,-3.513968285599641805e-01
1.395271757929720247e-01,-3.978198355953782572e-02
-9.159896776586122502e-02,7.011446435639816233e-02
-6.301667220071962561e-01,2.523434321227032151e-01
-5.070605415468127930e-01,7.786506388611381668e-01
1.979405035114454592e-01,9.652863415894674670e-01
5.745979194927093303e-01,1.034051310913666866e+00
3.647507254626523587e-01,8.862955319563410317e-01
-4.749970042986408902e-01,9.292428299094658284e-01
-9.788771426589661928e-01,1.064179056212540608e+00
-6.850223285652343730e-01,3.955826242653098790e-01
-3.668881325564884444e-01,-5.237230636864637079e-01
-4.426978648421147078e-01,-6.296659956406799319e-01
-3.048137632775739791e-01,-2.544364510787832656e-01
-6.738684685050295720e-01,2.268196549542214335e-01
-9.876842364382306672e-01,1.992438586939996592e-01
-7.301036417836854753e-01,-1.066264372180489826e-02
-3.552514339166583102e-01,-3.940270822977634535e-02
-1.899411292592334821e-01,7.037420470723458436e-03
-1.312371565744459012e-01,-3.322019191821064532e-01
-1.935113608981067490e-01,-2.167945217445621242e-01
1.726042347443647040e-01,3.179521108521196626e-01
3.000078474720109245e-01,5.072786239808025899e-01
-4.189335620457554921e-01,1.467514648608382322e-01
-1.240903851868357721e+00,-5.257062415511702946e-01
-1.465677203503970683e+00,-7.429768673325499728e-01
-9.871021057173716695e-01,-4.392022564803660378e-01
-6.404774491309551676e-01,1.456775768674205551e-01
-4.456586454885725357e-01,3.330477294189492232e-01
-3.575168358312404426e-01,-1.804193398389078717e-01
-2.839576998618046910e-01,-9.832205729886773771e-01
-2.885565109380267557e-01,-1.856944534445817085e+00
-6.459337773636772972e-01,-2.468151176138202008e+00
-9.136512030192514011e-01,-3.205511954826558707e+00
-9.570711416967795371e-01,-3.377484439496099444e+00
-7.769830074689982879e-01,-2.128326456137191069e+00
-6.039516178453540052e-01,-8.569769642427557121e-01
-6.292235287904888175e-01,-5.915790522958128683e-01
-5.662593120538638169e-01,-5.933946644640413215e-01
-1.652059348802704664e-01,-3.513968285599641805e-01
1.395271757929720247e-01,-3.978198355953782572e-02
-1.717318720356973694e-01,-7.031816065032886476e-02
-3.374277343463732981e-01,2.994702191155304005e-01
1.923610965821905550e-01,4.832283444710917530e-01
2.727159101108243000e-01,-5.072026533614356625e-01
-4.055417767653467509e-01,-2.027317056358019176e+00
-6.400176459482674884e-01,-1.871517888646058614e+00
-5.950446407941283322e-01,-7.907959830179356331e-01
-9.045369827898241955e-01,-6.413696818685156176e-01
-8.941527703058679277e-01,-8.574388072292848939e-01
-1.144748953373199596e+00,-1.603758192481252176e-01
-1.673841156579868539e+00,7.025767184009589217e-01
-1.445434982796629741e+00,4.778984703453357241e-01
-9.876842364382306672e-01,1.992438586939996592e-01
-7.301036417836854753e-01,-1.066264372180489826e-02
-2.295651588005276633e-01,1.149800393118584063e-01
2.641615705633010847e-01,3.882456803244393462e-01
2.902922281704433116e-01,2.432174214397145040e-01
-2.348076952575161302e-01,-3.050932768625705949e-01
-6.469943825278043903e-01,-1.324472634814161387e-01
-7.196193124053896772e-01,7.593841322572901786e-01
-1.056626529032875128e+00,1.316277551093171683e+00
-1.112388018842989990e+00,1.469893921929229075e+00
-1.066095124003040739e+00,1.347182505087721527e+00
-1.439890480587504351e+00,1.094191826692525238e+00
-1.434042276067837962e+00,6.689103244958012340e-01
-5.494712737465938801e-01,2.040776540259833793e-01
1.150694704811335428e-01,2.315825130708598079e-01
3.115151327822677785e-01,2.355138287141761988e-01
1.625753538254969266e-01,4.306439318773664926e-01
-1.556528617385991888e-02,9.370881968268069961e-01
-7.615271063581274813e-01,1.353618434002073379e+00
-1.112388018842989990e+00,1.469893921929229075e+00
-5.568276396505380532e-01,1.299920395358937109e+00
-4.147598868889567636e-01,9.497447750169278891e-01
-4.147598868889567636e-01,9.497447750169278891e-01
-3.683792750962816553e-01,1.093948782625155935e+00
-7.334783539074587466e-01,1.059887232591998574e+00
-1.126255599822482356e+00,1.280987784239419502e+00
-1.430107867495649110e+00,1.456602741755053998e+00
-1.430107867495649110e+00,1.456602741755053998e+00
-1.291667490232805138e+00,1.400670508947519100e+00
-1.439890480587504351e+00,1.094191826692525238e+00
-1.434042276067837962e+00,6.689103244958012340e-01
-7.310007691474839087e-01,6.101761627945651023e-01
-4.165708113062157603e-01,8.969564911629945847e-01
-4.755205357755815099e-02,4.580424050681241588e-01
3.225595861970943501e-01,-3.367389465609830768e-01
5.027586653624431801e-01,-4.024229842255690470e-01
5.919773076914824905e-01,-1.249761364285392889e-01
3.969095445798231370e-01,-2.155813616873984359e-02
6.847381104649766792e-01,6.394207733150639866e-03
1.303358857432689977e+00,1.672728142257935147e-01
2.227421562698799207e+00,5.279015869115674109e-01
3.282342888425913152e+00,8.869830138442422740e-01
3.860229927716023468e+00,1.166712993304426460e+00
3.607074180090236837e+00,1.204146489174280799e+00
2.333317928930042306e+00,1.002906013836886823e+00
5.215683981336172170e-01,7.803442921034002833e-01
-2.911758455257764666e-01,3.436809985911723486e-01
1.395271757929720247e-01,-3.978198355953782572e-02
-1.381870813467610259e-01,-1.556325163122860011e-01
-4.634076296766168057e-01,-3.476188564800775094e-02
-3.896460788712876600e-01,1.520263165263958105e-01
-2.140764793208430605e-01,3.972503463273783231e-01
-1.770081061892863628e-01,9.233582761118712678e-01
2.581657703379917901e-02,8.446916237315674758e-01
7.658606157500422174e-02,2.658061008841453576e-01
2.512918584041426776e-02,-8.540669738001897826e-02
1.192926639991105514e-01,-6.084138415011277612e-01
-3.328241447014773091e-01,-3.902108092577438736e-01
-9.472411523749121320e-01,6.317660262957413009e-01
-6.263566166226671728e-01,1.167186606624026846e+00
3.609669021678572620e-01,9.969268092324440333e-01
7.416450809643330144e-01,7.788113465502730648e-01
4.114301393419194097e-01,7.237970330824529119e-01
-6.847182953362326852e-02,8.885136582985828646e-01
-6.746952963837139494e-01,8.397408485390686073e-01
-1.265771271010155186e+00,7.624784195651469476e-01
-1.214996962678059678e+00,7.522333516719686974e-01
-5.753834870614518149e-01,4.040001771735386438e-01
-6.990782415979753806e-01,-3.190893339778272941e-01
-9.045369827898241955e-01,-6.413696818685156176e-01
-6.849551757644858352e-01,-9.002448392491501084e-01
5.893535391934459633e-02,-1.147341554832437716e+00
6.216942807558142325e-01,-9.435976265786658601e-01
3.547975774595511778e-02,-4.717537949796122843e-01
-1.082423276864049377e+00,3.115142158393407468e-01
-1.605366436077147130e+00,7.475191515205976689e-01
-1.217920431640551859e+00,7.895037916983574933e-01
-2.911758455257764666e-01,3.436809985911723486e-01
1.395271757929720247e-01,-3.978198355953782572e-02
-3.049801327482913327e-01,1.653125992045573756e-01
-6.140243199267944041e-01,1.062885120696733798e-01
-7.973274231974024628e-01,1.065645317616173982e-01
-8.646898130318373399e-01,7.288751961768632492e-01
-7.376774165700986652e-01,7.949909793193651319e-01
-4.402336592174257435e-01,6.268500772308670532e-01
1.172312236980010136e-01,5.599875668612475099e-01
2.734870018416687976e-01,2.507675640513701287e-01
5.458022228926185937e-01,-9.784066531411685919e-01
2.127628038732029270e-01,-1.306339222118215959e+00
-6.885366518268785097e-01,-3.410126279772686120e-01
-8.238927301331669950e-01,2.904588916699485379e-01
-8.303422233985984224e-01,5.154685231203124385e-01
-4.253868309742146470e-01,7.207779159613217912e-01
-5.551479450472456278e-01,5.710077590701478911e-01
-7.956998756436662878e-01,2.177084526646229645e-01
-6.162762557147172249e-01,-3.036292621134485947e-01
-8.217036287065869749e-01,-7.417664084104795830e-01
-1.147025538444970794e+00,-1.294607531444525172e-01
-1.423153399951308851e+00,3.238991398181126913e-01
-1.653092424083578926e+00,5.591716948037132040e-01
-1.434042276067837962e+00,6.689103244958012340e-01
-9.780363524959755361e-01,5.148766404476227132e-01
-1.135378203313782031e+00,-9.502374823788979630e-02
-1.505297019030213734e+00,-9.812473635683618411e-01
-1.388443034243226792e+00,-9.301314965414874125e-01
-9.262767342055939768e-01,-1.044631672483193746e-01
-5.741216953556608216e-01,6.809593248581558012e-01
-6.746952963837139494e-01,8.397408485390686073e-01
-1.160589904511685644e+00,-5.825297450419212458e-02
-1.058151238026641128e+00,-8.916833531463448370e-01
-4.678611719364472177e-01,-8.445821572545613165e-01
-4.988963309744554597e-01,1.702143831040308156e-02
9.053592766471339759e-02,2.084137185159219641e+00
1.382913412737890591e+00,4.081415632702258378e+00
1.560299032740125158e+00,4.227896349888214722e+00
3.954464700045738357e-01,2.439579987609460598e+00
-1.153750732449271732e+00,6.144842354141046847e-01
-1.619972054464785760e+00,-1.942341295151296388e-01
-1.391070559255518146e+00,-5.875981737370731262e-01
-6.402815982472680467e-01,-1.250998986218840037e-01
-1.669629949830196414e-01,4.732760845862620247e-01
-1.546480038650566990e-01,6.036035513533751784e-01
-1.534803039565150184e-01,4.595370631295758179e-01
2.100406209548882908e-01,1.256456356131561702e-01
4.100430767003608867e-01,1.612601108103941389e-02
-1.395996496246233731e-01,2.448682855795213387e-01
-9.873944937754126627e-01,9.886096001678184031e-01
-1.702980042224876867e+00,1.713902016677049334e+00
-2.060392233595040867e+00,1.799206714493768899e+00
-1.909890905914284343e+00,1.346162793541759717e+00
-1.242829681236251815e+00,7.411637015617265067e-01
-9.865467178644938828e-01,2.828226007311619369e-02
-8.850213010627793198e-01,-1.493207006833592934e-02
-9.873944937754137730e-01,9.886096001678187362e-01
-7.900529516838419308e-01,9.339776926944307611e-01
-3.337215472238880820e-01,2.728775181466532862e-01
-7.215353524061057788e-01,3.183745408036552926e-01
-5.008863503670222261e-01,7.215771780533801749e-01
-1.812810629336208679e-01,1.014516863457038731e+00
-6.746952963837139494e-01,8.397408485390686073e-01
-6.172262848937857260e-01,5.294557058438303931e-01
-1.798449145884884193e-01,3.741761555117372184e-01
4.929110290431115704e-02,2.221447802523938975e-01
4.151688629773589434e-01,7.903646877290382289e-01
7.403263876113329589e-01,1.437161267726028369e+00
5.238539459007570676e-01,1.675950339118820187e+00
-3.219056290996727965e-01,1.524310829718682703e+00
-1.001676706732000932e+00,9.727822755079542638e-01
-8.646898130318373399e-01,7.288751961768632492e-01
-6.431739298428665874e-01,7.358043654124063471e-01
-2.804183499142047786e-01,2.790352872084440050e-01
4.305686602242572714e-02,-8.371063563574294986e-02
-2.514062330648237920e-01,-1.466160607208053246e-01
-6.044326239082418173e-01,-1.258692220725250166e-01
-8.671842844104677983e-01,9.641550778670933408e-02
-6.472709862901566691e-01,3.459021077069125982e-01
-4.164443940011517964e-01,6.577998509189424414e-01
-6.782469654789509139e-01,6.640946334592281453e-01
-1.134305013338746670e+00,4.899012805761546185e-01
-1.605366436077147130e+00,7.475191515205976689e-01
-1.519669273317252101e+00,8.438637618925742823e-01
-1.035863599178089123e+00,7.592555257131831103e-01
-8.836205213082409804e-01,5.633833918178999811e-01
-1.168475582991999051e+00,8.114072354720441860e-02
-9.793043370209011389e-01,-1.792270640471878840e-01
-3.570144176437849426e-01,-1.280048450631300905e-01
5.397979381535519261e-01,4.463554149422218620e-01
5.890667868769040583e-01,7.191753252851410538e-01
-1.795227317796311423e-02,3.166744881205574291e-01
-3.493195566511925754e-01,-2.948409792609685276e-01
-1.105411935130822532e-01,-5.901283693321395241e-01
6.119569301825793228e-02,-4.233395504915165031e-01
1.395271757929720247e-01,-3.978198355953782572e-02
1.811425192461045830e-01,1.922875378429050527e-02
1.250048995988091438e-01,4.676186708545799348e-02
6.127042505999311800e-02,-2.359127073740665062e-02
1.395271757929720247e-01,-3.978198355953782572e-02
-1.717318720356973694e-01,-7.031816065032886476e-02
-5.333368139727000523e-01,-2.811473789835680082e-01
-4.168287956057235566e-01,-4.421603334691059928e-01
-1.320082245013027844e-01,-5.530227742991437045e-01
-6.563783226662642245e-02,-6.128210269358385087e-01
-3.577099613913443249e-02,-4.217973316786009508e-01
9.112399435491726207e-02,-2.407237277177222690e-01
-2.316229375086139297e-01,-7.376123229193759512e-01
-1.707093955827306164e+00,-2.427310294390796486e+00
-3.801252557562579959e+00,-4.333640924921515314e+00
-4.926894083669090207e+00,-4.738117946499467159e+00
-4.048884066293140016e+00,-3.347030688256857900e+00
-1.797194855204444330e+00,-1.211764223964111098e+00
-3.706926642113564374e-02,-2.312595789683929148e-01
2.265681132244577040e-02,-6.475269089115954779e-01
-1.056994009400214068e-01,-9.404252563453529001e-01
-3.116643573618961272e-01,-9.690234563815514068e-01
-3.749168064417515711e-01,-7.681124591487674680e-01
-4.040110710713838982e-01,-4.383986380997175192e-01
-4.207538936196077994e-01,-4.906601439217926908e-01
-6.314658141390306900e-01,-2.053504186176286606e+00
-7.831915727327918297e-01,-3.134234511822924674e+00
-5.373266494695482232e-01,-2.100452954002013595e+00
-2.006140056169312402e-01,-8.112745176793279001e-01
-2.732069614112863642e-01,-7.527572438380430997e-01
-2.800482351789959079e-01,-5.587885390868825297e-01
-1.733505277784288257e-01,-1.148924266345706380e-01
-3.599681035509305627e-01,-3.195049966937832386e-02
-7.960774093830432774e-01,6.716823641023049116e-03
-7.780350931055154406e-01,-3.696570243458214416e-02
-3.571148389122688060e-01,-5.180219888312651566e-01
-2.732069614112863642e-01,-7.527572438380430997e-01
-2.317641961511768545e-01,-4.341036799790688461e-01
-9.201860715766385646e-02,-9.028959032084869774e-02
-3.724961898719985620e-01,-7.109107828519334316e-01
-3.011264618885099442e-01,-9.895822106219425152e-01
-5.950644632865260270e-02,-3.949002853851807937e-01
-8.734331815262706689e-02,2.428735715606279537e-03
-1.220834335144360900e-03,1.296645348425725097e-01
1.140004432552656766e-01,5.095193705748218144e-02
-2.683358201990023242e-02,-1.195304482097155757e-01
-2.768214638044127485e-01,2.089040836445932303e-01
-3.819925733481874253e-01,7.438839427485389733e-01
-4.425045821990044037e-01,3.957531904160621616e-01
-4.550015700890950865e-01,-3.759933734771931380e-01
-1.183841340556980454e-01,-5.659572936563624923e-01
4.462772254748280099e-01,-2.773252487704707669e-01
4.830231848005441808e-01,-1.578456863876312566e+00
-2.075820693378933601e-01,-4.362178982226400770e+00
-8.917662375003004849e-01,-6.832258826207437075e+00
-1.230402807100242857e+00,-7.540143503864392471e+00
-1.124659546728409065e+00,-5.995172340209996342e+00
-7.789034216088895901e-01,-3.114771645057273108e+00
-3.011264618885099442e-01,-9.895822106219425152e-01
-3.681542805135402247e-03,-2.574888223618676530e-01
-2.143090591692001570e-02,1.824452352848748293e-01
-5.053204376578976920e-01,8.339405217874447385e-02
-7.501155753625030620e-01,1.406380550592206680e-01
-4.392579337412339524e-01,8.190088653478075353e-02
-3.103618566237007492e-01,-6.528854145647792206e-01
-5.229509300371062430e-01,-6.090572379888532506e-01
-4.841006559934784015e-01,-3.967454241286064165e-01
1.358618939786809636e-02,-1.213366857767319118e+00
7.217295644467929261e-01,-1.305783460889866632e+00
5.978694522720742199e-01,-6.545305783007464573e-01
-1.699200374236319380e-02,-5.058452578877986605e-01
4.624190730316044690e-02,-1.329089804383318363e+00
-1.618279969236105231e-01,-1.887034272857006867e+00
-6.865679618413721430e-01,-1.542013372719299724e+00
-1.202176769619192731e+00,-5.517432260957985113e-01
-9.971625765191751700e-01,1.335317594231303084e-01
-9.323851210156736125e-01,1.952393108000132216e-01
-1.829474894190864953e+00,3.909048474764051373e-01
-2.341765624000307522e+00,1.137770225887273723e+00
-1.983301574230961650e+00,1.912511492489392673e+00
-1.157341308436338423e+00,1.937465360543773940e+00
-5.233259917092347724e-01,1.213613716897185002e+00
-4.524336570901680843e-01,3.750675362460160756e-01
-3.485465652547924953e-01,-2.394724984372627041e-01
-4.725576596754473280e-01,-2.382589023231614922e-01
-1.143014368361295885e+00,3.694266552070017695e-02
-2.003536646968029356e+00,3.968836321088368146e-01
-1.674140438025513822e+00,-1.308153966408207580e-01
-8.736088310977848659e-01,-9.351401811988707680e-01
-5.110273319503293443e-01,-8.280675928362091209e-01
-2.200070575597554146e-01,-2.914086171614376775e-01
-1.217626535272997440e-01,-8.412962876432737713e-02
4.081413252873452580e-01,-6.161862561655541137e-01
4.593242907354236904e-01,-1.003271164993867481e+00
-4.489873024227365034e-02,-7.764751819506877650e-01
-6.354823175824304837e-02,-6.387352739799250223e-01
-3.498011375807388856e-02,2.466320876609071622e-01
2.441478383250909323e-01,9.780574724017686572e-01
6.424102745726497643e-01,8.612473219091612009e-01
5.090548127199927553e-01,1.310346590806506395e+00
-1.033724614872984365e-01,1.486942444708400979e+00
-1.389009978844456539e-01,8.321489538201383152e-01
1.126920548580987308e-01,1.614503437839063804e-01
2.288458424393972901e-01,3.206685980067205399e-01
5.750758576748383755e-01,1.041102347249788673e+00
5.619036635865776175e-01,1.320339842076512893e+00
1.740957545403209739e-01,7.366226177573749201e-01
-4.634506269656377825e-02,-1.484141012436748230e-01
-4.951063565566791724e-01,-1.714791506795106668e-01
-7.855835123532327602e-01,8.788680511263159689e-02
-5.558326210117299215e-01,1.147914710541643804e-02
-4.465084444820225373e-01,-5.565451064986906005e-01
-5.199790518777481774e-01,-1.096322628090622642e+00
-9.528388651980485013e-01,-1.213239401653691818e+00
-1.201083113822449810e+00,-7.342705507504880824e-01
-6.517365212397745466e-01,3.566938969234053070e-01
-1.894176732160132992e-01,1.215494160039601201e+00
-1.894176732160132992e-01,1.215494160039601201e+00
-7.319598335883495399e-02,6.566321844693784326e-01
-1.001506456582462734e-01,-1.937683702694694421e-01
-3.718149522304303040e-02,-5.456826619140524581e-01
8.489116296266925599e-02,-3.050622399366709203e-01
1.303278778111983949e-01,-1.384707266371943968e-01
-2.683358201990023242e-02,-1.195304482097155757e-01
-2.768214638044127485e-01,2.089040836445932303e-01
-3.819925733481874253e-01,7.438839427485389733e-01
3.499906630037917799e-01,3.392135818197448582e+00
1.734071331294857243e+00,6.830804406774515058e+00
3.159652980106296472e+00,8.588380797075458872e+00
3.713293449490207010e+00,6.979106368152230289e+00
3.711182456074998637e+00,3.801526919256472681e+00
2.167601357510259064e+00,8.237196634862743450e-01
1.774027210720615089e-01,-2.942788352572213717e-01
4.721598467424420464e-02,-5.358450567730599357e-01
3.328726410207515363e-01,-3.331479791734640594e-01
3.849760264394670450e-01,-5.344234975979093860e-02
-1.967233828997370093e-01,-2.107650756089330113e-01
-3.650498645358315475e-01,-2.208909775149885957e-01
-4.696635488683454374e-01,1.405375501878865507e-01
-4.132740232824642090e-01,-2.397300197471940453e-01
-6.354823175824304837e-02,-6.387352739799250223e-01
2.942937619109369796e-01,-6.739886563457267998e-01
8.915511177699186884e-01,-4.204253093958900123e-01
1.268438401850178199e+00,5.261569391308155152e-01
1.063251831252307600e+00,1.265854124581029749e+00
4.598657597356802795e-01,9.434751770770205548e-01
6.954187905370948775e-01,6.467574610113951961e-01
1.938942286732671549e+00,1.059913233669175447e+00
3.036320869126827304e+00,1.226609373380585621e+00
2.976431825228641692e+00,1.008209308141337024e+00
1.731741326978449180e+00,4.230699447404017155e-01
1.913718080868780369e-01,7.029411566637452924e-02
-5.229509300371062430e-01,-6.090572379888532506e-01
-1.674113744836982776e-01,-1.691624985326827924e+00
3.288828137770924420e-01,-1.915203100414527571e+00
4.779346255310469305e-01,-1.372264161923834935e+00
1.369266629389263024e-01,-5.896294794725784882e-01
-3.728649913272168437e-01,-5.439915325071382757e-01
-1.056467798172477268e+00,-1.932993501175209461e-01
-1.069573308399934808e+00,2.980672824632732976e-01
-5.727693954778907415e-01,2.144639190137666573e-01
-4.634506269656377825e-02,-1.484141012436748230e-01
1.005171597070081191e+00,-4.700073752483021616e-01
2.161468403267538640e+00,-8.120285623206549008e-01
2.222010438369262264e+00,-1.191052614782958319e+00
1.007030126323671171e+00,-1.450002223485075570e+00
-2.427135459146421148e-01,-1.964580421969367441e+00
-5.652972711094966796e-01,-2.067462678361428274e+00
-3.089654975582561969e-01,-1.155474002036392722e+00
1.986416951006470324e-02,-2.111092947796538999e-01
3.045914854246922765e-02,1.760752650862588142e-01
2.163634017277161481e-01,-6.715074296879676441e-02
4.914466227075230953e-01,-6.693615609230814112e-01
4.914466227075230953e-01,-6.693615609230814112e-01
1.557090033499575546e-02,-8.612410618624111169e-01
-3.871097083243317805e-01,-9.351542712012450576e-01
1.050064328016710458e-01,-1.217391306372379800e+00
4.225004391791390979e-01,-9.234914043048638721e-01
3.273832480707764003e-01,-5.455209981080342274e-01
2.744310333505060595e-01,-6.842053250296968869e-01
1.505940501702251466e-01,-4.001286988905234376e-01
8.498350918048140634e-02,-3.984030522048405132e-01
7.574338042130639159e-02,-5.445444205981878616e-01
1.505940501702251466e-01,-4.001286988905234376e-01
3.528432383618745893e-01,-1.098772446186798257e+00
2.377634356025257467e-01,-1.898261948412655498e+00
-2.436307539117194831e-01,-1.866680699282156075e+00
-6.947281506453568678e-01,-1.553977163588481369e+00
-5.735695294265837907e-01,-9.777607684567845014e-01
-2.484829297497872791e-01,-5.463831587884308005e-01
-5.222818120805213793e-01,-5.889013031683090205e-01
-5.042882677551731030e-01,-8.035445992092997702e-01
-3.426498233152399098e-01,-8.942149432245503071e-01
-5.689465306758316743e-01,-7.607940468465880235e-01
-7.679468597460999968e-01,1.971807330338179454e-02
-4.879322381174182599e-01,4.484501340077336473e-01
-5.137007454037034737e-01,-1.841490977357702896e-01
-5.748339099332147040e-01,-7.387127618645334959e-01
-4.171928716457896091e-01,-5.255342961689972725e-01
-7.066971779214038518e-01,-2.129929221525024285e-01
-2.968037916242231011e-01,-1.869531691722204625e-01
-7.952337765684114324e-02,-1.255166880861912360e-01
-7.242913982258369909e-01,-1.979717518999506431e-01
-7.285739982232031231e-01,-2.766080019753647257e-01
-1.541568146032072650e-01,-5.587593600905005342e-01
2.906283466712769048e-01,-8.037257422092533021e-01
1.557090033499575546e-02,-8.612410618624111169e-01
-3.871097083243317805e-01,-9.351542712012450576e-01
-5.041014992831641672e-01,-5.876926488411690075e-01
-6.685588732664514700e-01,-4.338297640874316796e-01
-2.782639257938860355e-01,-1.168286953984804866e+00
1.472816515057613629e-01,-1.166806189950624573e+00
2.906283466712769048e-01,-8.037257422092533021e-01
1.711019150982450998e-01,-8.396065323521338941e-01
-2.066221757077469356e-01,-9.145597242964381701e-01
-1.729338226962464364e-01,-6.518901171661444227e-01
-3.285298175023420031e-01,-4.110863515798094947e-01
-5.895941059814251428e-01,-8.397915303067166048e-01
-7.383452358574155161e-02,-1.409371234701955578e+00
7.783423511554145025e-01,-2.300400574328637315e+00
9.473323843768507446e-01,-3.094067726474642566e+00
6.841144961897933641e-01,-3.209742633139945234e+00
3.609717081432879393e-01,-2.047380187699193943e+00
-2.313818568623669802e-01,-2.118075971432070492e+00
-8.844669096774581130e-01,-1.035779305827095875e+00
-5.821618584572575417e-01,-2.548139981448008795e-01
-1.391965183247693416e-01,2.498866881864066913e-01
7.658606157500422174e-02,2.658061008841453576e-01
-2.711327066403675934e-01,-2.865250532685442719e-01
-4.110845970558908991e-01,-6.597845749013419026e-01
-3.231242155593074261e-01,-4.897806817699794646e-01
1.987381920870757990e-01,1.460732681337848782e-01
4.556067546523473455e-01,-3.027279034515358291e-01
2.181286795804200929e-01,-5.259965878677789197e-01
-4.850479504370032724e-01,-3.845924464266781695e-01
-1.394538532850482515e-01,-8.445548858709222007e-01
2.392493759740951520e-01,-7.960034963059778867e-01
4.064875134450247895e-02,-6.218606182630830315e-01
2.024426678482161845e-01,-6.715071090800519560e-01
4.365441376489291869e-01,-5.830112893962163811e-01
4.365441376489291869e-01,-5.830112893962163811e-01
1.557090033499575546e-02,-8.612410618624111169e-01
-3.871097083243317805e-01,-9.351542712012450576e-01
-6.170801351544761282e-01,-7.939927834582850563e-01
-8.528728090856095845e-01,-4.311608279695194890e-01
-9.160885640001036334e-01,-2.574058708489545544e-01
-9.160885640001036334e-01,-2.574058708489545544e-01
-9.160885640001036334e-01,-2.574058708489545544e-01
-4.953606881697277253e-01,-1.406873932855307041e-01
1.637919340544027047e-01,2.206483874464874873e-02
4.437411700273591331e-01,2.530219191423572767e-01
7.014010218754719306e-01,7.958345050501710594e-01
6.224094671991862171e-01,6.679546515418891550e-01
2.777913718462524106e-01,8.135274205621471910e-02
2.410884254451606257e-02,-3.447604942202867062e-01
-1.948436095707599680e-01,-9.685919507964555475e-01
-1.816701000876118632e-01,-1.262080777773573192e+00
1.445764136390786103e-01,-1.061292559637420974e+00
4.789609983953543870e-01,-9.140030927434269481e-01
5.373207441227633163e-01,-1.938232550581223956e-01
7.014010218754719306e-01,7.958345050501710594e-01
6.991108835710535541e-01,7.399012009757502950e-01
2.421377716590947526e-01,6.173235459463649599e-01
-1.637556912853763702e-01,8.023804301134256356e-01
-9.373195817644175420e-02,3.627703354473269526e-01
2.410884254451606257e-02,-3.447604942202867062e-01
-3.861782868359672771e-02,-6.436623649647554846e-01
-3.861782868359672771e-02,-6.436623649647554846e-01
-3.861782868359672771e-02,-6.436623649647554846e-01
1.204400188932519683e-01,-5.036511411855796316e-01
1.503430436028832529e-01,-2.592306366881051982e-01
3.374186950652110495e-01,-6.267761480175920719e-01
7.985887421488351290e-01,-1.742453664955044834e+00
1.197632987673262539e+00,-2.848532699769511289e+00
1.126542228476033802e+00,-2.699888347132812338e+00
1.126542228476033802e+00,-2.699888347132812338e+00
1.400953852188155269e+00,-3.636796368300025062e+00
1.156360890656499496e+00,-3.677776009055467643e+00
6.841144961897933641e-01,-3.209742633139945234e+00
4.502759645553494061e-01,-2.604470874974746941e+00
4.353822002822390069e-01,-2.093752062204540909e+00
2.377634356025257467e-01,-1.898261948412655498e+00
-2.173743367125684500e-01,-1.615553638541627146e+00
-5.848141168064698858e-01,-9.704736457661315985e-01
-7.028626180004219348e-01,-5.359146417460771694e-01
-3.496753435173880487e-01,-4.032389119603282390e-01
-2.679389910458110924e-01,-7.717626748133438186e-01
-1.062595558070052876e-01,-1.148340632184897681e+00
7.721876687613107859e-02,-9.023663041291263287e-01
-3.278537400094217458e-01,-8.943036772647749988e-01
-3.409059812388145483e-01,-1.073712597866890439e+00
-3.709983356688573153e-01,-6.281247065247147487e-01
-1.068896950435375581e+00,7.325887179882353273e-01
-1.128456555771099046e+00,8.041881154096414130e-01
-3.672057062785285542e-01,-1.036701647765966516e+00
3.465737000076009044e-01,-2.631596372686924923e+00
7.774156569357960622e-01,-2.598817071788977806e+00
6.591599443145261805e-01,-1.905729816890124217e+00
3.350571434139705818e-01,-2.024002466650295151e+00
-4.937047254232536653e-01,-1.669099668676010673e+00
-8.844669096774581130e-01,-1.035779305827095875e+00
-1.193250708147702011e-01,-1.267621854760010436e+00
8.187605390518192250e-01,-2.140975082540569119e+00
1.234739470730366051e+00,-2.908831914765920068e+00
9.566434589183219206e-01,-3.169167964080892741e+00
6.841144961897933641e-01,-3.209742633139945234e+00
3.244282882791305056e-01,-2.199646911742247468e+00
-4.203880694523047801e-01,-5.354020911169210528e-01
-6.022253721850348018e-01,-6.062184634680533035e-01
-1.863014260415279066e+00,-1.335707071230266552e+00
-3.538685279600362055e+00,-1.449849841408368034e+00
-3.334572157847703888e+00,-1.221786560435589308e+00
-2.654939954180590700e+00,-6.459300693422581618e-01
-2.116740284926449167e+00,-1.373899186003828543e-01
-8.455121592487011561e-01,-4.602932868023019986e-02
1.207664011508558372e-01,8.554288689643692323e-02
7.102998690980347196e-02,1.384850815885248498e-01
-4.287348910580175421e-01,-6.837141887047447630e-01
-9.420455909921672255e-01,-1.358669821423798441e+00
-7.290376516553335184e-01,-1.070695125043049423e+00
-1.652059348802704664e-01,-3.513968285599641805e-01
1.395271757929720247e-01,-3.978198355953782572e-02
-2.304809733510659042e-01,3.801792014325054009e-02
-1.060052849218866777e+00,-1.280662055592570181e-01
-2.054534063325407001e+00,-6.592689207515891603e-01
-2.299594790019161561e+00,-9.857623410584823720e-01
-1.312101494650337097e+00,-7.931597541496141490e-01
-3.550287302697910374e-01,-4.521166930153284746e-01
1.242123790682282541e-01,-3.172417039862864829e-01
-3.697248660537246212e-01,-1.037418547035326016e-01
-1.477370571332979221e+00,-4.058647588080768198e-01
-1.030446496252340971e+00,-1.487257981649255711e+00
6.292080951037107850e-01,-1.886340259323344259e+00
1.031704754834968263e+00,-1.770916993299787690e+00
5.520316477884205097e-01,-9.675792248749603974e-01
2.465729774008031949e-01,1.651814310331551905e-01
3.390602452294400604e-01,3.491964796154009010e-01
4.155187351312605304e-01,3.321029820264072008e-01
4.942201640110985283e-01,9.404470620322120944e-02
7.027924093781848791e-01,6.644101594145949974e-02
3.606325134742628946e-01,2.039897797155960923e-01
1.810313836491459771e-01,6.740096036175712291e-01
2.978811015456321321e-01,1.121904939938116907e+00
-1.633150063108182726e-01,9.876688635443996445e-01
-4.125235893220092348e-02,4.181851173847270786e-01
9.966230573785577196e-01,2.604994600515926351e-01
1.235535373901166523e+00,2.964037324359645176e-01
6.461908353563757812e-01,8.925555387499234383e-02
-6.130148655515836598e-02,3.082030975384658644e-01
-1.988311045106562203e-01,6.612725184916662391e-01
-3.086486911413184320e-01,4.035088318233153726e-01
-2.235771766543498684e-01,-2.843323543844248902e-01
2.450649530492255979e-01,-8.057276516482880790e-01
6.265343029166002831e-01,-1.568430941867910100e+00
5.277806892037839592e-01,-1.822365064262317036e+00
1.960932293875939092e-01,-1.172029522681153013e+00
2.782709242150016582e-01,-3.958004842746457030e-01
4.089789898713699356e-01,-1.181001916475415525e+00
2.741160600099740163e-01,-3.246349140671020095e+00
3.618684560841548548e-01,-5.227468557687206641e+00
5.812892246197307600e-01,-5.324141223089803532e+00
7.635092784091448426e-01,-3.365992430761864718e+00
1.604536810684784598e+00,-1.674022951089194855e+00
2.566057270354840103e+00,-1.275503540054753637e+00
2.378052059817223007e+00,-4.065038170102956983e-01
9.221958100945214509e-01,6.114837537602147988e-01
-2.229334403873312054e-01,1.001900241551371362e+00
1.137894909941224442e-01,4.452521021773039878e-01
5.165983169611954029e-01,7.232056870779000890e-02
3.451947878373344269e-01,3.821513721554344739e-02
-6.130148655515836598e-02,3.082030975384658644e-01
-1.988311045106562203e-01,6.612725184916662391e-01
-3.086486911413184320e-01,4.035088318233153726e-01
-2.235771766543498684e-01,-2.843323543844248902e-01
2.450649530492255979e-01,-8.057276516482880790e-01
2.771550378485311272e-01,-6.663929807112849435e-01
3.078203616194321035e-01,-1.888456684727550516e-01
5.875938835382051861e-01,7.362538824564671125e-02
6.344302421198121378e-01,4.924245463018697005e-02
4.783571243272419782e-01,-3.237267127120015964e-01
2.998556848956544507e-01,-6.218472082949630941e-01
1.101131424934268244e-01,-7.032301229685579136e-01
-2.078893547073429882e-01,-4.463785517587013363e-01
-2.953692145294279370e-01,-1.334233143131214605e-01
-9.409945972770626665e-02,1.590596414320743709e-02
3.816373024999856201e-01,1.219368463329637137e-01
7.438960191944515854e-01,-4.312677691880584252e-01
7.200209642093079454e-01,-9.259740421113903386e-01
7.425343866790578007e-01,-4.323583036311467453e-01
5.205776806039152937e-01,2.798325799578854287e-02
-1.318799178720036491e-01,4.996942192718666353e-01
1.294430493141902894e-01,6.788800694532601820e-01
6.230861461079151287e-01,1.092055298124246371e-01
3.132985342194252176e-01,-1.947276826529722726e-01
2.743941249230404944e-01,-6.481795589042937955e-01
3.603635521976855660e-01,-6.249433091699310161e-01
4.327090822270547310e-01,7.192041196806629733e-02
7.138458255898587623e-01,2.431952436201117451e-01
3.606325134742628946e-01,2.039897797155960923e-01
2.739223426133272632e-01,2.491782450410224836e-01
6.230861461079151287e-01,1.092055298124246371e-01
9.664191796584912231e-01,4.203895030538155053e-01
1.547990722582554879e+00,1.190481418862737284e+00
1.861748469488037072e+00,1.755451486049043996e+00
1.765274958376073400e+00,1.924763152057817894e+00
9.873768170536101341e-01,9.782701268126579031e-01
3.225595861970943501e-01,-3.367389465609830768e-01
4.201517639384176328e-01,-7.124408373591781807e-01
6.631863118775152000e-01,-4.417294651012838025e-01
7.160288073372619300e-01,-7.159258143019195386e-02
4.023656686395531423e-01,-1.095256302893168471e-01
4.876918677018847285e-03,-1.549034634427634560e-01
-2.509943448118954687e-02,-1.222106478396967483e-01
2.696460614037302639e-01,-9.669148033770318118e-02
3.699000391294317291e-02,-5.196531202346914569e-01
-1.828898043786301719e-01,-5.885935497030497787e-01
4.084214167412996699e-01,-1.381290474995746365e-01
7.027924093781848791e-01,6.644101594145949974e-02
7.027924093781848791e-01,6.644101594145949974e-02
1.159481195982775409e-01,-3.005304966349235940e-01
-1.305251358371895508e-02,-2.696998903518644797e-01
3.225595861970943501e-01,-3.367389465609830768e-01
4.201517639384176328e-01,-7.124408373591781807e-01
6.631863118775152000e-01,-4.417294651012838025e-01
7.160288073372619300e-01,-7.159258143019195386e-02
6.734311739264230434e-01,4.834820389533737300e-02
7.646292760265624988e-01,1.544334436701465807e-01
1.371174718545125737e+00,1.133315031694418717e+00
1.765274958376073400e+00,1.924763152057817894e+00
1.482318882339435540e+00,1.715180904864164191e+00
1.077189667638943638e+00,9.358098023481228322e-01
7.138458255898586513e-01,2.431952436201115786e-01
5.715776402964165559e-01,-3.450213953762677477e-01
1.211477758249893899e+00,-1.347126455936895617e+00
1.805463530001915506e+00,-1.571826167027818411e+00
1.192440491146983916e+00,-9.784783458376946630e-01
1.708597584506587053e-01,-6.499225049820731015e-02
-3.382525814671421410e-02,-5.014938616742180971e-02
4.031221741974892470e-01,-1.100047319665886647e+00
6.550569976705568065e-01,-1.043438228706460302e+00
3.262581642510131719e-01,-1.406311455908629549e-01
7.378724602296629631e-02,-4.070291964549051511e-01
7.378724602296629631e-02,-4.070291964549051511e-01
-4.925046949399833340e-02,-2.075112607364042530e-02
-6.765029562796220919e-02,1.137377916242571056e-02
-6.130148655515836598e-02,3.082030975384658644e-01
-1.493167258528942942e-01,5.439019104404596572e-01
-2.536313654349717783e-01,2.852762329806056152e-01
-2.235771766543498684e-01,-2.843323543844248902e-01
2.450649530492255979e-01,-8.057276516482880790e-01
4.839779275161534833e-01,-1.407758691027220399e+00
1.545033032616364155e-01,-1.813434005420805128e+00
-3.897527225273089702e-02,-1.422778659913076948e+00
-1.769182443305635649e-02,-4.475503364610670110e-01
1.638898906064220340e-01,5.885687640520488317e-01
5.346049238372844181e-01,4.320808470444996163e-01
5.346049238372844181e-01,4.320808470444996163e-01
-2.384430355234207488e-01,5.631595382468306266e-01
-1.746073757051536113e+00,-1.188357887372367694e+00
-2.975703720393313212e+00,-2.981658003121828049e+00
-2.975703720393313212e+00,-2.981658003121828049e+00
-1.407890199467764836e+00,-2.280461267810193426e+00
1.408898973267240506e-01,-1.115786494741506374e+00
7.365986659429571981e-01,-1.019362836154316110e+00
7.880034882287950682e-01,-1.924817578978919030e+00
3.925618835694609232e-01,-1.420739632480259695e+00
1.985109161409631395e-01,-1.059842449494942551e+00
5.273068396330804486e-01,-1.694909949917114078e+00
1.135969227969156226e+00,-2.567579503233981431e+00
1.625383090881439729e+00,-2.890147483432325082e+00
1.459001178981055302e+00,-2.102341284433508761e+00
6.767001641931194023e-01,-7.977806291957502127e-01
2.220040524056485221e-02,4.931592009801318705e-02
-3.646156074293355753e-01,-6.734927029548909254e-03
-2.593255500999827046e-01,-1.863970009490534263e-01
2.820229889937173606e-01,8.195564609842077852e-02
2.756969320743088980e-01,2.364900083456716318e-01
2.251612424633568921e-01,1.935893683427217238e-01
3.008228781044924305e-01,2.267164109626861046e-01
2.756969320743088980e-01,2.364900083456716318e-01
5.961706732180273305e-02,2.029544468921220257e-01
2.064517766462317383e-01,5.587643884386495063e-01
5.796495331507445226e-01,8.358986943894435306e-01
5.210558103509251859e-01,5.635817422596077764e-01
2.756969320743088425e-01,2.364900083456722424e-01
5.961706732180273305e-02,2.029544468921220257e-01
-6.236789914695044512e-01,1.169903907926247710e-01
-1.197152590877943013e+00,9.265019952541186932e-02
-1.012856982859785093e+00,1.424089682899000453e-01
-1.505810356858052756e-01,5.186710884484808937e-02
7.451056260971696821e-01,4.515664458564392358e-01
7.451056260971696821e-01,4.515664458564392358e-01
3.132985342194252176e-01,-1.947276826529722726e-01
1.476818745556184032e-01,-2.528878879386260436e-01
3.802187930775514091e-01,-1.475097862739358778e-01
3.077766274283521009e-01,6.248486532335412874e-02
1.655653194852037616e-02,1.692784576986830769e-01
-1.339211184724288239e-01,2.629181413363960162e-01
-7.361351281440198235e-02,4.140355645222934533e-02
2.323295912537895469e-02,-2.760052889204656634e-01
8.717368044818757378e-02,-1.356646815957813779e-01
2.625159657757462628e-01,1.869678092109569034e-01
5.105678081127247303e-01,1.941928230227802088e-01
1.397173170177782586e-01,-1.355102138892934349e-01
-7.111784195891106275e-02,-1.105604996444485705e-01
1.395271757929720247e-01,-3.978198355953782572e-02
5.738628268881820205e-01,-1.143547569913547557e+00
4.170895376787923103e-01,-1.384476894190267426e+00
-2.362206568648827013e-02,-5.384986458386444852e-01
1.986416951006470324e-02,-2.111092947796538999e-01
-7.121347212425784834e-01,-4.846129969250325131e-01
-1.178044703466603949e+00,-6.414836100542665731e-01
-2.240277584999853744e+00,-5.511026409008883409e-01
-3.225619951797255247e+00,-5.992395383703333911e-01
-3.006159387411096340e+00,-8.309938383437789344e-01
-2.299594790019162449e+00,-9.857623410584841483e-01
-2.999191004618021239e+00,-4.455771777201500417e-01
-4.321078484872994174e+00,3.555902960648379962e-01
-4.321078484872994174e+00,3.555902960648379962e-01
-2.525418452609814679e+00,-5.970718157883757593e-01
-8.844669096774581130e-01,-1.035779305827095875e+00
-3.087827093604456064e-01,-3.705705453734433052e-01
-1.757124823575877959e-01,-4.496521261642318773e-02
-1.055233087344352033e-01,6.345266453617792735e-02
3.677006284276275738e-01,2.568773977648105555e-01
5.238284525094334398e-01,-7.675413560351218405e-03
-3.124363992018092673e-01,-5.497185846612433480e-01
-3.752342231500035208e+00,-8.356545262036931820e-01
-8.016295327210871235e+00,-5.789823582441120386e-01
-1.012597698170056049e+01,1.722058681382039602e-01
-9.089732402192232996e+00,9.115103200352383528e-01
-5.828426906549901254e+00,1.130825310917989768e+00
-2.358905172291794639e+00,8.444682991803462713e-01
-4.977270793722546327e-01,-7.399830765116693909e-02
-1.612555293306445481e-01,-5.066882736934860132e-01
-2.683358201990023242e-02,-1.195304482097155757e-01
-2.768214638044127485e-01,2.089040836445932303e-01
-3.819925733481878138e-01,7.438839427485390843e-01
-4.883333622139529595e-01,8.143407383713131553e-01
-4.977270793722546327e-01,-7.399830765116693909e-02
-5.170371719534430088e-01,1.673518450114569456e-01
-1.637286295887031562e-01,1.751509835513783031e+00
2.907881419016854485e-01,3.040636803258515819e+00
-6.089283173935824967e-02,3.742738171826737403e+00
-1.060066023499425913e+00,3.173820165645523605e+00
-1.968512737119557876e+00,1.621876315507326360e+00
-1.924597533803351412e+00,3.399693011991107849e-01
-1.408682405224811918e+00,-5.182244259964650934e-02
-1.110692780596330698e+00,-4.210332275981949479e-01
-1.150381543408560026e+00,-1.868990553916358155e-01
-1.520245450890471250e+00,2.054444640291970270e-01
-1.169058792924780654e+00,7.825826322099192767e-02
-6.518862412243757731e-01,4.899175638906223540e-01
-1.046973730720422102e+00,6.063172472545078628e-01
-1.303749010231057603e+00,1.304595490917005440e-01
-6.505449486955934280e-01,-4.855685036246693564e-01
1.583897983457553671e-01,-7.062335304486346832e-01
1.708597584506587053e-01,-6.499225049820731015e-02
-5.265114493186676681e-01,1.016968836849361457e+00
-7.324286518791679468e-01,1.433227983072892897e+00
-4.310883593109227085e-01,8.642900281054570755e-01
-1.070796565112136056e+00,7.963699949472832218e-01
-1.327675042264807148e+00,1.053645630402368027e+00
-9.266069175550604164e-01,8.536590525241677385e-01
-5.630316875108123398e-01,4.762100447683715321e-01
-3.382829029341207216e-01,2.657075738351267757e-01
-1.777286788157999425e-02,2.627695058128985961e-01
-9.131072390396445526e-02,-3.886583703447096250e-01
-7.632100771050620569e-01,-9.176524365477908285e-01
-6.506459123736646477e-01,-3.672479030496332286e-01
2.160635816128079201e-01,1.771759777557047055e-02
1.043906492114530682e+00,1.505121737230448731e-01
9.302210653080941194e-01,2.995122886306199605e-01
-1.757878069808690435e-01,2.525792962499429084e-01
-5.658788453259464557e-01,-1.296142268637765216e-01
-1.136595245920189040e-01,-1.068874987792404196e-01
2.133914700357520400e-01,2.670597308144275761e-01
4.335738393583219441e-01,1.112383054135606120e-01
2.309901712178654559e-02,-5.695530321468373902e-01
-4.062669307421737930e-01,-7.080916662068318379e-01
-2.157992246491931276e-01,-2.140837802171673132e-01
-3.500022500839189976e-01,-1.054592961341871554e-01
-3.134922683864168613e-01,1.885877045809039587e-02
5.516800634184547691e-01,9.304748951457979256e-02
1.112994270031726352e+00,-3.937210047374779809e-02
7.962964692280578571e-01,4.915474359182017694e-02
3.847851005989408324e-01,3.256368265923212379e-01
2.595364451083789770e-01,3.191873254212998501e-01
4.181423937942087971e-02,1.465714049094146987e-01
1.460989185110823096e-01,1.303819266688281131e-01
3.847851005989408324e-01,3.256368265923212379e-01
1.722503695837408200e-01,1.911899702867838058e-01
-8.928538506013845161e-03,-1.522610248977441239e-01
2.039176630236189391e-01,-2.225778696397508194e-02
3.847851005989408324e-01,3.256368265923212379e-01
1.722503695837408200e-01,1.911899702867838058e-01
-8.928538506013845161e-03,-1.522610248977441239e-01
-1.294617556259760327e-01,-2.299440310403273457e-01
-2.296217303198035686e-01,-2.734757125284431600e-01
-2.350172789018347697e-01,-6.007531206446926619e-01
-9.397683480966378955e-02,-8.857128647986238779e-01
4.498810679374473098e-01,-1.044141581902614080e+00
7.869149561968725726e-01,-1.075206105787360533e+00
3.679598266896393355e-01,-1.164574600127260107e+00
7.280243274487210869e-02,-8.621088816191287973e-01
-4.757691121449723060e-01,-5.334284098206228952e-01
-7.313685649113967902e-01,-5.933156237407645195e-01
-2.011206201638756630e-01,-3.587726081311489734e-01
6.043719245310229526e-01,-2.416595938874530058e-01
8.440064022764379725e-01,-1.764564043991964370e-01
3.708090503203495536e-01,1.040764148517343696e-01
-9.635304086686061198e-02,1.401616024920848691e-01
-8.928538506013845161e-03,-1.522610248977441239e-01
-5.552008320207808545e-01,4.914815278653076464e-02
-8.310000239042378833e-01,7.712143437119059475e-02
-3.879463697724359617e-01,-9.704701073859926808e-02
4.326389223351032737e-02,1.335869121931564270e-02
4.326389223351032737e-02,1.335869121931564270e-02
4.326389223351032737e-02,1.335869121931564270e-02
-1.387753998949315185e-02,1.829738492275147926e-02
-2.510758637953863781e-01,-5.181646721311745918e-02
-3.059476502250895180e-01,-1.498240041406930234e-01
5.748356928252942172e-02,1.217369398059938157e-01
-6.093538113000550316e-02,6.253218754674385593e-01
-4.165708113062157603e-01,8.969564911629945847e-01
-4.755205357755815099e-02,4.580424050681241588e-01
3.225595861970943501e-01,-3.367389465609830768e-01
5.027586653624431801e-01,-4.024229842255690470e-01
5.919773076914824905e-01,-1.249761364285392889e-01
4.893416318495195094e-01,1.032752073833910628e-01
1.665782006845824281e-01,2.805814503575039531e-02
-9.201860715766385646e-02,-9.028959032084869774e-02
1.687837913153483194e-01,2.580758651687560246e-01
4.636576354163959857e-02,-2.544058745499783170e-01
-5.663818964447736581e-01,-3.315430504503998344e-01
-4.413868179031576466e-01,-2.168944383523946640e-01
-3.810306455070911480e-01,-2.030121661073459038e-01
-5.402331150844599250e-01,2.431612287114997828e-01
-2.796428829102720615e-01,1.709270423654486171e-01
-3.634327674374630002e-01,1.463392389763334689e-01
-6.404947916742528280e-01,2.664224025198804191e-01
-7.418227225195731522e-01,2.629021121670997996e-01
-1.202401555110597320e+00,3.760236777025297017e-01
-1.550432179890156359e+00,5.868222571965057144e-01
-1.105570576345350053e+00,6.935829572193864534e-01
-3.534085000263835763e-01,6.881641485611290632e-01
3.037223481514894075e-01,4.752376337416423513e-01
6.199857939832056353e-01,2.852494513617143471e-02
5.919773076914824905e-01,-1.249761364285392889e-01
3.969095445798231370e-01,-2.155813616873984359e-02
2.187831233761994287e-01,-8.038481625959835453e-02
-6.452677883637367162e-02,-2.852937988927103929e-01
-8.260618598418277836e-01,-5.074167393539628090e-01
-9.733963517367760776e-01,-3.046217507750730372e-02
-5.394968216471288658e-01,1.651799940011881018e+00
-6.359610719719716032e-01,3.199827082176466053e+00
-7.579576109886382307e-01,3.648039113789512289e+00
-5.969898402358789768e-01,2.629505556912316244e+00
-5.145465398758821696e-01,1.371977707070390906e+00
-4.464418390769946399e-01,4.102852860469366481e-01
-2.522036388419220954e-01,1.741418224338078802e-01
-2.819349783682416621e-01,8.588623205301508801e-01
-3.608384126942852377e-01,1.473292041270669150e+00
-2.859726976367339413e-01,1.193742484161459005e+00
1.091410144225291867e-01,5.537680999169497520e-01
6.937564823439990036e-01,7.055134192885089695e-01
1.022486410089773257e+00,8.429908174296519840e-01
7.540599209771973177e-01,3.897852315319901839e-01
3.609890171880115184e-01,2.052916150162274467e-01
1.039194816038901070e+00,6.722812252139647171e-01
8.761409057964306690e-01,4.627399480804071374e-01
-1.211722211198767579e-01,-1.583298548087414270e-01
-4.712138912970652571e-01,-1.566181421911702898e-01
-6.700682061107825493e-01,8.915126599244665995e-02
-4.749406228905287408e-01,2.477193644139188689e-01
-1.065091879172433142e-01,2.119813610677688531e-01
-7.987915940895266853e-02,1.055383417054970852e-01
2.010765768050975399e+00,9.218982951577603391e-01
2.110382351903487219e+00,1.066875650843502221e+00
-3.480665591481930943e-02,1.145849233439158565e+00
-3.577242846117633657e-01,1.305311345357306418e+00
-2.383602800128205024e-01,5.793444482663845374e-01
4.326389223351032737e-02,1.335869121931564270e-02
2.968899397164415088e-02,2.714358096452048619e-01
-1.157254699153694583e-01,3.967602069309214552e-01
6.085184548791387760e-03,1.753571517461346430e-01
9.655827785604836899e-02,-3.574053057341791129e-01
1.879119251617475395e-01,-7.711273787803200053e-01
2.397740038018420505e-01,-7.093861351400048143e-01
8.730708350498544990e-02,-1.930358425426688951e-01
-2.615209983125375837e-02,9.915017420239650991e-02
4.326389223351032737e-02,1.335869121931564270e-02
6.247045396930908101e-01,-7.228563904949922847e-01
7.726659685140824241e-01,-1.351473238968160295e+00
6.683808751957533989e-01,-1.423751696171679626e+00
6.118662499369456054e-01,-1.167978706592267768e+00
3.250328297817596246e-01,-4.244936351510911754e-01
1.940544966137144238e-03,3.536997351053798311e-01
2.129416902506585108e-01,4.755120446660207056e-01
6.199857939832056353e-01,2.852494513617143471e-02
5.919773076914824905e-01,-1.249761364285392889e-01
3.164630360888491256e-01,-1.644996477135668433e-01
4.600454355087742475e-01,1.304307950363760571e-01
9.526233098592494786e-01,5.986348952325790673e-01
1.246329707977528622e+00,6.886363355851154999e-01
1.018108711438783676e+00,4.352836755869622931e-01
2.691398376314366736e-01,2.182349888071992150e-01
-6.039245865208787700e-01,-8.544719797492876523e-02
-7.475572069382048213e-01,-2.114514567982574977e-01
-8.735631597230095746e-01,-2.801255372571561167e-02
-1.219627404991467934e+00,1.334159260795634572e-01
-8.160103473993536305e-01,1.562692839152888813e-01
-2.124044116915240199e-01,-4.883294524219378152e-01
-1.680420463454337099e-01,-4.548917167469567202e-01
-8.272975662651162188e-02,3.032324414375687782e-01
-3.510364259950678190e-02,3.664551271381301656e-01
1.942112918554138590e-01,1.817162353257624485e-01
2.504543443919131640e-01,1.493172993644585611e-01
8.149997394858412569e-01,1.264526297775865338e-01
1.684819171832731444e+00,2.373143922575045583e-01
1.684819171832731444e+00,2.373143922575045583e-01
9.979959583636207610e-01,4.882288357339805152e-01
9.979959583636207610e-01,4.882288357339805152e-01
7.651420930944842214e-01,3.494180765021758783e-01
1.073699988223359325e+00,8.180502137404527252e-01
2.543565168129498844e+00,1.317458104908110883e+00
2.245326168025906455e+00,1.303860480858029192e+00
6.838790539115011669e-01,7.603679472629014668e-01
-2.395403429223009473e-01,3.712816022618981582e-01
-7.406260978185238431e-01,4.408680691719211731e-01
-1.011821914971827052e+00,-5.663630496886117305e-01
-1.493339577335171864e+00,-2.218082772536475122e+00
-1.442684184343669518e+00,-2.533456321225513008e+00
-7.329917024137696524e-01,-1.209651978422439766e+00
4.506876510649557854e-01,8.132645287893152108e-01
1.283979641902739388e+00,2.125637366580293008e+00
1.314323460418371114e+00,2.526713378794201326e+00
5.580018420443602079e-01,1.841642289452568360e+00
8.091471215640136938e-01,1.267877625263869490e+00
2.427701616861954292e+00,1.467719062924998985e+00
3.004097689369736202e+00,1.268937458751070446e+00
2.478036676906588465e+00,9.994500515474156188e-01
3.005045683281969193e+00,1.266934701873783542e+00
2.570099372432518070e+00,1.236906368886555141e+00
2.066759631405933550e+00,1.043908038941182115e+00
2.997706162007129471e+00,1.368253577665895504e+00
3.562298052170388640e+00,4.117126862170791268e-01
3.600871818502571209e+00,-9.493236705109772133e-01
3.590683345933127768e+00,-9.766721214877175372e-01
3.550372105372056719e+00,3.797004126262787937e-01
3.404928578079959411e+00,2.213207229135895737e+00
3.160892634810053448e+00,2.613216563039331142e+00
3.403520457846999303e+00,2.211632431750249150e+00
3.218067136903047132e+00,1.420913998288241720e+00
2.573087246588846799e+00,8.572152092229995413e-01
2.292481067373707493e+00,4.058485548738327564e-01
2.884944171877664942e+00,8.850719201453355334e-01
6.191929566993333189e+00,8.524489585263791414e-01
1.030618866021149849e+01,-3.000952228382373077e-01
1.344299318850790925e+01,-1.381250204068851017e+00
1.345730729742852994e+01,-2.148982894280074607e+00
1.109329139122873542e+01,-2.243113980975735444e+00
7.544780280225583446e+00,-1.289352845842251405e+00
4.843431259889387164e+00,3.800146316072108843e-01
3.019495463248216272e+00,1.665219677189311298e+00
2.502415955223665556e+00,1.678172929920594303e+00
3.018184667412064037e+00,1.665120239335033281e+00
3.112392815872272234e+00,1.790693208951399829e+00
2.661690698508554664e+00,1.893114202550586933e+00
3.111723711587113250e+00,1.791242632740269070e+00
3.279258387460864732e+00,1.461589019852661764e+00
3.279258387460864732e+00,1.461589019852661764e+00
3.225243527712351899e+00,1.080147470837720558e+00
2.855554899851138639e+00,6.790678232239902856e-01
3.225797510320561834e+00,1.080706610867679496e+00
2.550343286359685102e+00,8.549603398634273432e-01
1.286773793743376304e+00,-1.804444388211964845e-01
8.136839238615710679e-01,-8.211525472716881824e-01
1.395162926327354613e-01,-6.774458096178995747e-01
-6.189550229801640269e-01,-8.456313989926350638e-02
-7.640024735289280278e-01,-1.647413623541730543e-01
-2.581700050316443895e-01,-8.839613779060188081e-01
5.582812197969850843e-01,-1.254438932378415750e+00
9.363033835192976495e-01,-9.970321245185819192e-01
4.899868769243652111e-01,-4.177890718418064697e-01
-1.193557777976398171e+00,3.940398843377176386e-01
-2.807200239708343315e+00,1.011886159736959279e+00
-3.344298920235029726e+00,1.400038547678814194e+00
-2.373769367638374650e+00,1.316506729089222949e+00
-1.523456908054187764e+00,1.221163525340771105e+00
-1.456409189917094560e+00,9.728917830065652028e-01
-1.264706256216501012e+00,1.593294480161586979e-01
-1.081235620203035319e+00,-4.880169503935576913e-01
-5.030141085779453736e-01,-4.289251108736233387e-01
4.297791052713031412e-01,3.585705187638841274e-01
8.816783440713846787e-01,8.067654065969899202e-01
6.130035544141547721e-01,4.482365947291952479e-01
-1.438295253806788909e-01,2.932476383525256525e-01
-1.123187823164234711e+00,4.344527942086846561e-01
-2.024008790985368123e+00,5.383770123149619335e-01
-1.754204412701015681e+00,3.855487723476486855e-02
-5.988825162704459748e-01,-4.547565305341323416e-01
4.309710798765959416e-01,-3.268256803904511232e-01
7.405528432395069860e-01,5.590966967874161191e-03
4.728876891020840079e-01,6.345554768365910606e-03
4.436833023873279491e-01,1.807812540060047546e-01
8.499479644613542328e-01,3.571961897670536956e-01
1.021902894654786564e+00,-4.580438552727587875e-02
6.632903298683594517e-01,-6.128680104573354104e-01
2.397740038018420505e-01,-7.093861351400048143e-01
8.730708350498544990e-02,-1.930358425426688951e-01
1.942112918554138590e-01,1.817162353257624485e-01
3.661209764775087416e-01,3.711335891159909250e-01
-2.981895845569393008e-02,2.461200070372378257e-01
-7.475572069382048213e-01,-2.114514567982574977e-01
-1.125862037587052944e+00,-4.469473473876117153e-01
-8.449809566418184925e-01,-8.173829885682202256e-01
-1.056994009400214068e-01,-9.404252563453529001e-01
9.910190958805432937e-02,-1.798953597560633832e-01
5.434253444236014641e-01,4.712712445556506702e-01
9.008342136478264539e-01,7.563179543623292922e-01
9.008342136478264539e-01,7.563179543623292922e-01
9.008342136478264539e-01,7.563179543623292922e-01
8.490378242500304928e-01,8.738642204295727911e-01
7.116135490062329705e-01,1.359931864340137242e+00
2.843019554723689168e-01,1.121715658513265268e+00
-5.271137391155651664e-02,6.275214659916099613e-01
3.951060613129629417e-01,9.483153005089524079e-01
6.997981901362304580e-01,1.469737705440768538e+00
3.912880938381616547e-01,1.968035040741336505e+00
1.011699468736542984e-01,1.532633603267656852e+00
3.951060613129629417e-01,9.483153005089524079e-01
4.355114530492386060e-01,5.873178537447893977e-01
-2.580091011655750721e-01,1.668837937880777722e-01
3.770256695039643502e-02,4.205464286887973802e-01
9.125104093331207755e-01,9.281573253993176120e-01
6.681825469336769574e-01,1.158492224499044321e+00
1.510881747338890246e-01,1.307946204025619341e+00
-2.671549993171532522e-01,6.797546400247593823e-01
-1.152978376533261018e-01,2.832936752191052010e-01
4.549946267250531973e-01,5.873392416307804398e-01
7.116135490062329705e-01,1.359931864340137242e+00
6.326371357002438245e-01,1.521213388873769112e+00
3.978784409092360752e-01,1.019474981923513823e+00
-2.247358962644159242e-01,7.096429840820912549e-01
-5.675065326836846724e-01,4.326066610568196635e-01
-3.507639516478419650e-01,2.444218844322686990e-01
-5.304043573989979388e-01,6.887556260197386093e-02
-9.212871503283794894e-01,-2.380729825769977229e-02
-7.770543755405545649e-01,4.135722014032225391e-02
2.115812363018087783e-01,4.950114659321833144e-01
7.116135490062329705e-01,1.359931864340137242e+00
-2.644991666342956793e-01,4.383363161745815972e+00
-1.770856959424129018e+00,8.190604404609532097e+00
-2.832765804290000577e+00,9.613895864340499031e+00
-2.944825625602056185e+00,7.806069229480455007e+00
-2.149676627316498667e+00,3.940854760046611727e+00
-1.219204133188392936e+00,9.520978570392081286e-01
-4.688248196121272970e-01,1.119750942691359052e-01
-3.813676581874787114e-02,-1.008417430842427354e-02
1.172278327160501510e+00,7.964559850296969445e-01
2.698790003076730226e+00,1.800620731147451137e+00
2.883134472321197794e+00,1.986952075646148064e+00
1.797520318649378002e+00,1.430096067319051256e+00
-3.862971739662313664e-01,9.164294888994498622e-01
-2.198498919484527026e+00,6.452488364129598253e-01
-2.384787127564170994e+00,8.645584960719819578e-02
-1.227011772031336045e+00,-6.107349986356922500e-01
9.478543557704262046e-01,-1.828869131884033106e+00
2.843407553488606077e+00,-2.959335977786504479e+00
4.147225829014280940e+00,-3.535469351020394058e+00
3.915458819394377787e+00,-3.183780728555703377e+00
2.326378430639919781e+00,-2.306580247801970351e+00
5.035130029868580825e-01,-9.744583966914490691e-01
-1.222602274257128308e+00,1.610796109144791433e-01
-2.469988812199293005e+00,4.430911773515932017e-01
