-1.215067356505397239e-01,8.018761975963746291e-01
-2.258546743953318559e-01,5.470584672415417238e-01
5.053943494773995848e-01,2.086457818975590295e-01
1.214146464700240680e+00,7.732763004685259123e-01
1.454033119024171095e+00,9.754574165743123970e-01
1.042566145891456131e+00,4.362927756766634135e-01
3.226819813451167196e-01,1.736425831225580640e-01
-1.885083429911033059e-01,1.068074085067355489e-01
-3.631243363052277240e-01,-5.071205828666001947e-02
-2.497758298206134708e-01,-1.574459906705907297e-01
-2.497758298206187721e-01,-1.574459906705872603e-01
-1.904763555477919645e-01,-3.270965334708650363e-02
-1.904763555477927139e-01,-3.270965334708619138e-02
-2.740541892462448059e-01,-1.671760170550115610e-01
-2.740541892462448059e-01,-1.671760170550115610e-01
-7.187024387723773833e-01,-2.380258936911107126e-01
-9.880153050856870234e-01,-4.491395866640615631e-01
-7.195992884001746193e-01,-5.180210586187855570e-01
-3.246771946947683563e-01,-4.238549669046976498e-01
-2.585107418674958968e-01,-2.889352612825177302e-01
-7.187024387723773833e-01,-2.380258936911107126e-01
-7.089322536346265302e-01,-3.872787428363921869e-01
-3.619414040993300663e-01,-3.262214295458989999e-01
-1.128933835393672869e-01,-4.599043795108377630e-02
1.011109239656994702e-01,-8.878680883440707994e-02
1.114498529509851121e-01,-3.402723192714943723e-01
-1.422029816941561831e-01,-3.783263178313076014e-01
2.475386134575170427e-01,-4.596542407785356721e-01
3.414065370895468798e-01,-4.532339932725204523e-01
5.416301498067657150e-01,-1.011548907150784521e-01
9.879501988844493487e-01,-1.661121950644276757e-01
5.841257937694116498e-01,-2.035201372244713758e-01
4.001667372756628066e-02,-1.516210481287745826e-01
-2.915422204950075535e-01,-3.009453188979397398e-01
-3.654153955751534566e-01,-3.146596828945665836e-01
-3.135186578361898735e-01,3.630986149836205046e-01
-2.967635697620120139e-01,1.814481156569881737e+00
-4.537483522020425153e-01,3.063027673854915367e+00
4.528902070871692609e-01,3.773023998257845069e+00
1.481522979634658954e+00,3.378452767849458027e+00
9.026101137632155380e-01,1.815485315715066550e+00
-1.227099318378374604e-02,4.176323042949037778e-01
-2.402138614938957584e-02,3.025047494039313500e-01
4.802292143357116960e-01,4.893475495078908888e-01
7.536596408970998029e-01,4.645026520781531110e-01
6.276126900954122068e-01,3.752182923534106429e-01
3.086279646510699526e-01,3.730229151876499755e-02
-1.498097545215319217e-02,-1.527967330394132961e-01
-2.907226436635975131e-01,-2.376038292848355604e-01
-9.196954253885646358e-01,3.063139625256216733e-02
-1.070264210264556315e+00,4.602327199164957250e-01
-4.991694491199618611e-01,7.064365946827543263e-01
1.016205505917544688e-01,8.357374554225031060e-01
-1.180790720289627949e+00,5.477854476453899224e+00
-2.996670848856656466e+00,1.062781979999072846e+01
-3.498530956503957512e+00,1.206412892089585753e+01
-2.997199015584974813e+00,1.062779054489674735e+01
-2.014438158953677060e+00,7.358147474818109934e+00
-1.079818480448021756e+00,3.949817873552794456e+00
-1.095745429738595567e+00,1.225904468514642964e+00
-1.829609821596761776e+00,4.458796261583755638e-01
-1.685507743231175137e+00,1.547991524731032464e-01
-9.054071427901275726e-01,9.445929289929779760e-01
2.563994631207183739e-02,1.893531377625945478e+00
8.375781048293032827e-01,2.070684044183538131e+00
1.355905782169156470e+00,2.083016964716837283e+00
1.147364508266481398e+00,1.789340071240621111e+00
3.542922649905769772e-01,1.281783444995475030e+00
-3.306541480640159958e-01,9.139427125867639612e-01
-1.729473463374811559e-01,4.972056477364564797e-01
-2.087822986496417343e-01,-4.530802758999914054e-02
-1.201909036152457810e+00,-5.440505069992471743e-01
-1.660763832367350812e+00,-6.684369631571220882e-01
-1.042792864066371061e+00,-4.191012354759149905e-01
-1.196868073502575652e-01,-1.426348880937224894e-01
4.139570253338639705e-01,-4.040774758873527661e-01
8.596873683034359503e-01,-6.562712598291854382e-01
5.817618657481267164e-01,-1.913325716125379716e-01
2.983385511778763322e-01,4.861530058668478427e-01
9.374732635786961477e-02,5.878532727037331096e-01
-3.017590093437154675e-01,7.474837377156829943e-01
-1.343082128616460702e-01,6.609297241099650888e-01
1.439504994858430420e-01,6.229614657034577840e-01
4.764420724879508406e-01,5.873724011972877301e-01
6.307407345479262295e-01,2.807026773098319702e-02
6.307407345479262295e-01,2.807026773098319702e-02
6.284630612475452516e-01,7.843520703277336859e-01
5.139096339422307702e-01,9.430961891469281655e-01
5.003034500201126722e-01,2.183226600944262741e-01
6.574427015933327345e-01,-5.445759638866265462e-01
6.463421897560074347e-01,-6.698981879829520869e-01
3.797116590042891593e-01,-5.336666453634878460e-01
2.053868398874656997e-01,6.093200126544509598e-02
3.498148894714504520e-01,6.226038453321639521e-01
4.217616408272149564e-01,6.150113058631366814e-01
1.962799182915401508e-01,4.626531922687576182e-01
1.439504994858430420e-01,6.229614657034577840e-01
4.764420724879508406e-01,5.873724011972877301e-01
-1.829962408189891865e-01,1.259807171929535063e-01
-1.204082587435327145e+00,-3.113148131757202952e-01
-1.204082587435327145e+00,-3.113148131757202952e-01
-9.917994010126957027e-01,-6.645105414661483210e-03
-6.902972423797523183e-01,1.417925574064873295e-01
-1.447838956960693924e-01,3.358633592734364681e-01
-7.182484620717848045e-02,6.060462003791750041e-01
-9.094849900338294879e-02,4.459946164320519046e-01
-8.610221810650023899e-01,4.093405329153285699e-01
-1.960770720511547216e+00,5.029005222723510471e-01
-1.772907766804668439e+00,3.513874446282441721e-01
-8.099550741175007840e-01,1.503294657372339638e-01
-1.752211011714128297e+00,1.773370026338237371e-01
-3.512737270761531860e+00,5.246193722013678951e-01
-3.782001345138614745e+00,7.235848482416227245e-01
-2.086735442165524201e+00,7.745348360232851004e-01
-5.288007031716304152e-01,-2.694201535607477216e-01
-3.756046435482546242e-01,-1.675058031837418415e+00
1.964934309381419775e-01,-1.816547519172742930e+00
7.403627538680803699e-01,-4.631167749129748712e-01
1.216284435861283209e+00,5.825457643722222745e-01
1.710834529027406736e+00,5.790635000105811558e-01
1.705458289405055838e+00,6.354924745359460392e-01
1.394640831414548643e+00,9.410812632507977726e-01
1.303376824154262037e+00,1.420962616377397403e+00
1.217019102594686597e+00,1.705552135241676037e+00
3.345893104581237898e-01,1.103192324298807314e+00
-4.674987401643057594e-01,2.397383912521475202e-01
7.373524606770037737e-02,6.981979798843163110e-01
-1.317733895912039932e-01,1.509483791874102865e+00
-8.284042407868028590e-01,1.910351156476394863e+00
-1.856008636942645174e+00,3.792499062231066809e+00
-2.727848822991426392e+00,6.185315797194969711e+00
-2.552782754912914509e+00,6.684049065520619948e+00
-1.170736757039807729e+00,5.599429053844898085e+00
8.995804114640761906e-01,4.147218135367615410e+00
2.631178717694723002e+00,3.689155411893599634e+00
3.063513442051973179e+00,3.841057369247998565e+00
2.739782523424860283e+00,2.919175343503746856e+00
2.394870158382587988e+00,1.470097478421890758e+00
2.097064110034757345e+00,7.261375766481488192e-01
1.596437722847067864e+00,-6.203294213964651027e-02
1.074221738371774926e+00,-6.301155491212020454e-01
3.376255410781723865e-01,-5.330947982263435359e-01
3.342813528463248751e-01,-2.057561991040151306e-01
6.627095279278802931e-01,2.282455924254880864e-02
1.494166520930944042e-01,-1.719948287323307679e-01
-3.080255236684139031e-01,-4.468950091276581160e-01
-9.655147832835940525e-02,-5.943160633722823771e-01
-2.736511703063016637e-02,-4.803071467640138148e-01
-5.449805059768088322e-02,2.898398583678223894e-01
-5.840108856994050829e-02,6.902110186590616481e-01
-1.938540521053077337e-01,2.918359657857961809e-01
1.841036755518001000e-01,6.753129375292898917e-01
1.107315866366274548e+00,7.881010711795932711e-01
2.558148647836419709e+00,2.501218923838872121e-01
3.269717936453203411e+00,-4.617022232857243003e-02
2.228065959858093414e+00,-1.739988597075488308e-01
9.192275190075079871e-01,-1.178612668747711367e-01
-3.434815783245341592e-02,-2.048198479174565545e-01
1.562946039323503400e-01,-2.421176061989591677e-01
-1.378687760377918792e-01,-2.424047004746834322e-01
-4.389489238151231265e-01,-3.406817433505681669e-01
3.022525725754997006e-01,-4.488176717882534361e-01
9.301817385096053936e-01,-2.815458037262638658e-01
6.358080686315003005e-01,5.089487396371863981e-02
1.165584469510607957e-01,8.806896960611963754e-02
1.347746033373611596e-01,-1.122748942291006191e+00
4.124448480724176580e-01,-1.429901456828009731e+00
2.203200827725598498e-01,-8.843445575999163699e-01
-1.546030822494059986e-01,-3.686657242244308352e-01
-4.674987401643057594e-01,2.397383912521475202e-01
-7.852447650155716663e-02,3.538667046050202880e-01
4.426922154580630875e-01,2.008658239721537384e-02
3.823033339664316244e-01,-1.855635560541031848e-01
6.241675019234447369e-02,-1.734741067081355670e-01
-2.488981455515682298e-02,-1.364001311378532366e-01
2.992122063999539949e-01,-1.561131906415129389e-01
3.823033339664316244e-01,-1.855635560541031848e-01
6.241675019234447369e-02,-1.734741067081355670e-01
2.553370606270169603e-03,5.840089891493347590e-02
9.275742261252474530e-02,1.868133042636931918e-01
1.373988802261603692e-01,4.277256576003861110e-01
7.356421027674545088e-02,8.348198306382934586e-01
-2.533631414567257822e-01,8.509758274315805116e-01
-3.642259023315995159e-01,3.934907152388422147e-01
2.739632438870990422e-02,4.343372248022654425e-01
2.263551545473926618e-01,8.337803009543793831e-01
-8.965268654619358568e-02,9.053079908024507239e-01
-4.971039060366946316e-01,5.277900878752173064e-01
-4.077283523257705378e-01,8.806492700327654688e-02
-1.128677835422096515e-01,1.833927920007307963e-02
-9.632493462747160687e-03,3.787379292022549082e-01
2.008994549780376837e-01,8.065263549043971691e-01
5.834623421738112103e-01,8.313382403530786835e-01
6.297302254511368824e-01,7.588439818622758626e-01
3.707929819243412084e-02,7.387275107270240282e-01
-1.048445389895304558e+00,6.687807831098525613e-01
-1.278224984369196626e+00,4.962395279693798678e-01
-5.485041982090265167e-01,4.838472629800985025e-01
-1.366628838530412837e+00,7.539778768478934134e-01
-2.589115058042437578e+00,8.792841151503927311e-01
-2.370188210432241593e+00,7.578909703536659270e-01
-1.278224984369196626e+00,4.962395279693798678e-01
-5.485041982090265167e-01,4.838472629800985025e-01
-6.441494548498620798e-01,1.446697851463155438e+00
-9.996683758897264571e-01,1.985180271069726610e+00
-6.443917548816371355e-01,1.447694851513376735e+00
-5.695129931067456353e-01,3.851362385686799006e-01
-9.306915372314659152e-01,-1.688229745915072536e-02
-8.739092077903146683e-01,-2.043634624996142624e-01
-3.269830687905735389e-01,3.021286457936832592e-01
-1.290626632545704977e-01,7.061528701806183417e-01
-2.956874030603733883e-01,5.647138985331540129e-01
1.554873321811061082e-01,3.211607714768006105e-01
5.196790144399763278e-01,1.206761646748695238e+00
6.643179671134470388e-01,2.044067859343904559e+00
6.640152508059805614e-01,1.139592217055781953e+00
6.326924752318580092e-01,-3.823489664259686061e-01
1.402581727695823011e+00,-1.543806435837638213e+00
2.310658560101071846e+00,-2.106809047265252310e+00
1.991975707634984660e+00,-1.677376587666151053e+00
6.359283046816559537e-01,-8.024572094408207734e-01
-1.653551043065818182e-01,-5.839537787115756107e-02
6.345519000765441620e-01,8.791205752578912236e-02
1.281034854225416186e+00,-4.864906708460625118e-01
2.383973708406999847e+00,-2.463828745123946451e+00
3.613845986899978158e+00,-4.164009445524879283e+00
3.406141756757588901e+00,-3.698096123200839802e+00
1.997026382318098259e+00,-1.644600557435681676e+00
6.635355635905196836e-01,2.541277889809617219e-01
2.750300991138663886e-01,1.569566534764053722e+00
-3.133828679279456741e-01,1.782438644477216450e+00
-1.259957206216629100e+00,1.053801189470924937e+00
-1.602695186025421936e+00,1.663640150342539092e-01
-1.322276168730693424e+00,-4.859186205698621808e-01
-7.706840874432505650e-01,-7.375536288673291141e-01
-2.545553209271493866e-01,-4.168371493887971790e-01
7.456350833049252280e-02,3.315637646967644070e-01
1.984824211364333568e-01,1.084543352231416957e+00
1.672230571783083208e-01,9.985270696671024737e-01
1.532495124008677045e-01,3.122457206452696199e-01
1.160913703394289564e-01,1.381992597732975281e-01
1.148434729520121135e-02,3.562330365765052353e-01
-3.937217508566618340e-01,2.217761433118545233e-01
-5.890321797075789290e-01,1.472173418319673022e-01
-2.731290909389739174e-01,-1.083658082022040253e-01
4.143432743954936215e-01,-6.859210515821465570e-01
3.615835697432965290e-01,-7.095818049083042478e-01
-2.127851387062725808e-01,-3.033365161083335579e-02
-8.997719653763995851e-01,5.909823145876099693e-01
-1.087951792870570644e+00,7.222099025528507799e-01
-7.448516594746289465e-01,3.728455663055268987e-01
-1.269331116012755833e+00,6.567420961180397976e-01
-3.100889533685312394e+00,2.182603881985882843e+00
-5.061665117618287191e+00,3.440979865204888188e+00
-6.580066286058014136e+00,3.583458186892063413e+00
-7.634556183581083566e+00,2.475861149966035679e+00
-8.084348641261508206e+00,6.601937736772249821e-01
-7.361128731605392161e+00,-8.588610308556779982e-01
-5.222092274249471977e+00,-1.314050908529630357e+00
-2.519554965911898758e+00,-1.482602732996425865e-01
-1.311579773046218422e+00,6.057255859659822494e-01
-1.243837978669091626e+00,7.435690589381403759e-02
-6.264752705417450107e-01,3.576306667767777114e-02
-5.963821290532064084e-02,3.086329373911380070e-01
-3.973144781662279468e-01,3.784068075081465921e-01
-6.602449343286647121e-01,2.494131752438109306e-01
-5.885092040091556287e-01,-1.042357374444597973e-01
-3.753947198018829923e-01,-2.344790768111364443e-01
-4.674987401643057594e-01,2.397383912521475202e-01
-2.143966517126323801e+00,-4.845427894573964278e-01
-4.561095274670079469e+00,-1.684683374710584935e+00
-6.087282570427672290e+00,-1.853137838944175053e+00
-5.722640539021001338e+00,-9.574432645157545663e-01
-3.804341993201363348e+00,1.175248876522839298e-02
-1.592537310085697655e+00,1.409067177769637857e-01
-7.574595431015382352e-02,-6.845081475420992101e-01
1.851008920229689214e-01,-1.017762816773249757e+00
2.163409727728156928e-01,-7.713863433640516520e-01
1.425912182689443031e-01,-4.346915484222783621e-01
2.729669275174186338e-01,2.003911509435433724e-01
2.290679247611939473e-01,2.014877520048769799e-01
-1.904763555477927139e-01,-3.270965334708619138e-02
-4.674987401643057594e-01,2.397383912521475202e-01
-7.905818235435821961e-01,7.391542461013044241e-01
-4.381160581424557443e-01,7.713316368843118331e-01
7.274615200604813703e-01,7.270059526600516353e-01
1.393085159509518611e+00,8.395022094241875177e-01
1.322066210728350510e+00,7.065677760667511409e-01
9.906987496735142340e-01,6.658941465866076159e-01
3.467754342820688618e-01,3.902569471654409594e-01
-1.471338401575302823e-01,1.724009569736482672e-01
-4.574179166052592081e-03,4.702419351989476359e-01
-1.085318381516577058e-01,3.612275037909960518e-01
-4.082872622264907547e-01,-2.775973271544069504e-02
-4.424690661442316486e-01,-3.916474338105788155e-01
-3.042835265895179053e-01,-3.103281794793593118e-01
-1.450018745984603119e-01,-6.950413244906227146e-03
-2.955565322015127339e-01,2.088305545787214335e-01
-1.338504774259457131e+00,9.226172193144066558e-01
-1.825538090283801873e+00,9.919456912650443936e-01
-1.264414156565591751e+00,3.554274876453080712e-01
-3.818026639023914259e-01,-4.632459044495143043e-03
2.506173667809422634e-01,4.046751936034803099e-01
-1.410962527958063706e-01,1.410063777649243066e+00
-3.794228245269469502e-02,8.268551499880467670e-01
1.864120927726566346e-01,1.180592601377843803e-01
-1.426323815057930489e-01,3.701636357082686013e-01
-3.607438119945000077e-01,1.151043480255156404e-01
-3.820543049635806709e-01,-2.030335218439328349e-01
-1.938540521053077337e-01,2.918359657857961809e-01
2.983385511778763322e-01,4.861530058668478427e-01
1.481507942823401036e+00,2.149789019808778512e-01
2.971520475248813575e+00,-2.451611245312757675e-02
3.032940024394868317e+00,-1.242899950929880482e-01
1.794636817471852774e+00,3.393185289459241943e-02
3.652262476918110012e-01,1.369651566797446818e-01
-5.864648744150742221e-01,-4.387673600044983413e-02
1.859110629587241992e-02,-1.607662597216939077e-02
1.390195418246211068e+00,1.491110014795280214e-01
1.990728452551956185e+00,1.242162416161296662e-01
1.623662242467680317e+00,1.114273406258028953e-02
1.452073447591969435e+00,1.168629498686303836e-01
1.495580090995834555e+00,4.102674682864074218e-01
8.228023069028976844e-01,5.967727121751400521e-01
3.125533210115071792e-01,4.820100310931138554e-01
6.685688664004906245e-01,-1.858922577950332944e-01
8.739275378539154149e-01,-8.426167412853148297e-01
3.399199681544075591e-01,-9.333540482252957737e-01
5.728658909930541693e-02,-7.583603036764151595e-01
4.919158815826200071e-01,-5.305295859128191793e-01
4.042308349552164448e-01,-3.872384502674094398e-01
1.112352079910610275e-01,-6.955880486622632031e-01
3.771764709394538895e-01,-8.274388400926570020e-01
1.100406986533258191e+00,-1.559422000680184883e+00
1.675891533234820763e+00,-2.203978672148221296e+00
1.646486402160794560e+00,-1.318476874027760815e+00
8.298289415696494808e-01,-3.423901036263473502e-02
2.796610380911051519e-01,6.605707288124195165e-01
8.282008589803384613e-01,3.960714002786475119e-01
1.245397646051360940e+00,-1.392136362975541775e-01
1.904153046114168912e+00,-3.073427473634947060e-01
1.794636817471852774e+00,3.393185289459241943e-02
9.544217641884242820e-01,-3.950849684276616647e-01
5.217240292581876160e-01,-1.052425958171135267e+00
3.385426699388886518e-01,-6.120563031956360867e-01
5.114208018854583537e-01,4.123614506020673032e-01
4.358002857453700529e-01,7.540855147253366919e-01
2.467387915231618045e-01,2.563863014692110420e-01
-1.206157017529394665e-01,-1.796595602630739474e-01
-5.737563436216340795e-01,-1.270293309852635055e-01
-1.696688541742985556e+00,-4.327934125974452484e-01
-2.257068048147399697e+00,-5.718195249961984805e-01
-1.581742588978760189e+00,-2.345049574184467911e-01
-1.940606089958800962e-01,-4.931471076823672195e-02
6.317225936775524575e-01,-2.024478173279522064e+00
5.900102079388844789e-01,-2.916359526295121629e+00
5.900102079388844789e-01,-2.916359526295121629e+00
1.194904386736474811e+00,-4.527967851642575425e+00
1.398000991867394571e+00,-4.953923275807857962e+00
9.202740899259489460e-01,-3.010708828053056063e+00
3.703938865399742375e-01,-1.005703859887616236e+00
5.628148250797848640e-01,-7.425283449718907969e-01
1.131762648938230642e+00,-4.218305442478791911e-01
1.408862576232923214e+00,4.104058427647408469e-01
1.368397373965211106e+00,8.520301636344844720e-01
8.773358864655135259e-01,7.907593458209105641e-01
-4.626948463164574088e-01,8.018962291129293485e-01
-8.213743837839748707e-01,1.752560184195932624e+00
-1.836300977363368725e-01,2.515791478325169805e+00
-7.170159014608270057e-03,1.819603268020136611e+00
-4.618643744813850233e-02,8.951820690684123560e-01
2.983385511778763322e-01,4.861530058668478427e-01
1.481507942823401036e+00,2.149789019808778512e-01
2.971520475248813575e+00,-2.451611245312757675e-02
3.032940024394868317e+00,-1.242899950929880482e-01
1.750224905891556215e+00,-3.207337071039704779e-01
1.025060007078627988e+00,-4.006913660987789227e-01
1.093393403146287080e+00,-1.783450072202969472e-01
8.413516553425771649e-01,-4.001334948692885501e-02
1.132691528720995766e+00,7.424037641623449924e-01
7.182712163626995272e-01,1.710768216850446333e+00
2.642751075237959046e-01,1.848468123786753292e+00
8.099054621376106100e-02,1.150631485839925583e+00
1.094532341687396021e-01,5.228793142765362223e-01
3.425843711234020650e-01,6.291596479280182619e-01
3.517925001829969589e-01,5.642860968538138122e-01
1.910454042436038613e-01,2.678723392333945963e-01
-3.680848008294787619e-03,2.877546384895093845e-01
2.983385511778763322e-01,4.861530058668478427e-01
1.481507942823401036e+00,2.149789019808778512e-01
2.971520475248813575e+00,-2.451611245312757675e-02
3.032940024394868317e+00,-1.242899950929880482e-01
1.750224905891556215e+00,-3.207337071039704779e-01
3.373613876533779893e-02,-8.437454020126297638e-02
-1.300313885718749063e+00,-2.725055822496293967e-01
-2.135099430887266170e+00,-1.447691130775745405e+00
-3.992874452626829829e+00,-3.613368095943270131e+00
-5.881024524708668544e+00,-6.178667695861165043e+00
-5.962612620669267116e+00,-7.554703708471407708e+00
-4.453380002205753918e+00,-7.074702111915231129e+00
-2.530930758117885038e+00,-4.811159902080385464e+00
-1.335914563309872349e+00,-1.911188614776321959e+00
-8.631234586451929092e-01,1.750336800891490741e-01
-1.837405400784132004e-01,4.198479400560292119e-01
1.597522379021229233e-01,7.172737129403566891e-01
-6.190038897394261469e-02,8.035666274880037818e-01
-5.786407097605089644e-01,1.048213571718852460e-01
-8.687366005618998299e-01,-3.158790902630419228e-02
-1.271044171247018628e+00,-3.969017814570794944e-01
-1.626075939788737656e+00,-1.635438288097333270e+00
-1.419088527506165542e+00,-3.202092100303933986e+00
-8.970307001829574967e-01,-3.489857398388144905e+00
-2.060990358818384216e-01,-2.208904215981738695e+00
-3.923688471850305531e-02,-6.424707635219361057e-01
-1.909170214297493118e-01,1.255618328559720276e-01
6.938481310469050145e-01,4.817213331793812059e-01
7.105301860158729221e-01,4.873466042407649801e-01
4.758662457738899176e-02,-4.759915740554380992e-02
6.849749104213697093e-01,1.238365912534399593e-01
1.052617477141429614e+00,4.905622145635655240e-01
4.258255097187449434e-01,3.388292327578789065e-01
-2.474952135518568019e-01,-9.748683355445458831e-02
-1.679423150148458832e-01,-5.822769327885709417e-02
-7.545913225928428669e-02,-1.771545604484052461e-01
3.252617687486146214e-01,-7.598641726865236201e-01
5.777170403591377346e-01,-7.289076901585131996e-01
5.288315781418012618e-01,-3.721041193834672134e-01
5.658869664940433530e-01,-2.128348430082422915e-01
4.613019283946524496e-01,-1.341206619902114983e-01
2.523229240953083763e-01,8.717481820838651405e-03
-1.950875072883862249e-01,3.347467349984409313e-01
2.637689999723920042e-01,1.564114839486230757e+00
1.512646548996806173e+00,2.931886302305239056e+00
2.323348188734572606e+00,3.138927035469567528e+00
2.212675025147136321e+00,1.913127218668773555e+00
1.380944682469523954e+00,2.477322392144697405e-01
6.863992944500052484e-01,-4.500728675344935481e-01
3.973310691599865052e-01,-8.107336999751625639e-02
4.281084600656178546e-02,3.369045030136781360e-01
2.264590671254812504e-01,3.347977280271178246e-01
5.371781874679293356e-01,2.282808999197014910e-01
1.104236087992642307e-01,4.184776791912572236e-01
-5.485171813373640459e-01,4.927548039299692317e-01
-7.011167251572313353e-01,4.866426725578000823e-01
-7.011167251572313353e-01,4.866426725578000823e-01
-1.472132093656244312e-01,2.753215969573518662e-01
7.716976757921080177e-01,8.020309498898812173e-01
1.115343427222663442e+00,8.833687112676426034e-01
1.054099208187874614e+00,1.808135913105450021e-01
6.984879039896981778e-01,3.863657608171962021e-01
1.046851915847644143e+00,6.447080679095971156e-01
2.553441042115211168e+00,1.871184165961592150e-01
6.136214845080093738e+00,-7.158291369602824972e-01
1.030681471405001481e+01,-1.663038711745763454e+00
1.303466953364091907e+01,-2.122610478315037241e+00
1.294249564771619276e+01,-1.759613222423198620e+00
9.923115728943749048e+00,-8.576745711089347468e-01
4.990500601984861895e+00,-7.497322183734018985e-02
8.413028826625902346e-01,-6.845683114560134619e-02
-9.773507325219188413e-01,1.654931540920302757e-01
-1.316332058400408789e+00,8.214464404756467442e-01
-7.983270619095081955e-01,7.816194874687948380e-01
-5.078963085752640216e-01,3.589244777984627044e-01
-6.804774931223338541e-01,-8.513518783173573690e-01
-1.810090133904380671e+00,-2.072356686570758111e+00
-3.650219032390356055e+00,-3.263958224228125538e+00
-4.960975949688854136e+00,-3.494268536319912410e+00
-4.526925987738022350e+00,-2.581838858082123878e+00
-2.506329937780531036e+00,-1.110019950708717618e+00
-8.631234586451929092e-01,1.750336800891490741e-01
-2.975784441094478372e-01,7.245155430054462942e-01
3.198698582924014433e-01,9.839372388382281454e-01
1.981823359894341052e-01,8.594143718003951493e-01
-6.650163215376814208e-02,4.652163687608237841e-01
1.104984496345010926e-02,5.603403568999507645e-01
1.013143273293615865e+00,3.713609195479329883e-01
1.003107303730385480e+00,-1.246449811975397087e-01
-4.315664877430150370e-02,-2.003489597591004701e-01
-9.415502632296066099e-02,2.619949959656704963e-01
-5.579949677065616509e-01,5.247379690426252630e-01
-1.003009577380050033e+00,3.660249336249090102e-01
-7.302979317925579750e-01,3.963049969452951959e-01
4.620604654440594872e-01,6.146672301817395212e-01
8.703923810022057284e-01,4.722894665181955332e-01
5.997351115781509590e-01,9.533021671567096234e-02
-3.026734186045765274e-01,-1.575203773643151506e-01
-5.786407097605089644e-01,1.048213571718852460e-01
9.405937621277258437e-03,5.588700470429631695e-01
2.479553393310029163e-01,8.384493170329960776e-01
4.648312743327357444e-01,8.591083784413470203e-01
-1.050423881327377726e-02,5.540382537284622710e-01
-4.424261995090197352e-01,2.602726470645105317e-01
-2.003812909649253793e-01,3.328350048044045328e-01
7.277874389303293223e-02,3.637915376526036360e-01
2.553370606270169603e-03,5.840089891493347590e-02
-4.620137765995607770e-01,-8.612932804471461201e-02
-7.507318899541819412e-01,-3.581647595981195253e-03
-9.557509014759989485e-01,1.454795802259924997e-01
-8.942800454210080296e-01,3.976100162734462207e-01
-3.572270798941117320e-01,7.106220868622831199e-01
-1.410962527958063706e-01,1.410063777649243066e+00
-6.560324254666191623e-02,1.068197433009336672e+00
3.009341837398739061e-01,3.631278220915131749e-01
3.016356078094959980e-01,2.147605164354520757e-01
-1.070037017687878178e-01,8.723946773188115400e-02
-1.064276272517320709e+00,-1.248562934528407276e+00
-1.787978036532325676e+00,-3.181505996752482357e+00
-1.978758911817911414e+00,-4.147186575069649273e+00
-1.628016251332803144e+00,-4.197346638628965287e+00
-7.465333521754462520e-01,-3.352908394260840641e+00
3.258631284319996740e-02,-2.012289876634844710e+00
5.376049938795509631e-01,-8.591631334965280642e-01
5.584614087458474874e-01,-2.355297698420673325e-01
1.472752807261333841e-01,1.137818778701167426e-02
-2.237315842992111947e-01,-2.305062580286108553e-01
-6.430405973461016389e-01,-2.306459578497090379e-01
-9.013275683693557916e-01,2.192120867095941755e-02
-8.812759850198610412e-01,2.251752679032539284e-01
-6.662350457204244680e-01,4.716563412193545690e-01
4.277388485975490706e-01,7.429736578809036374e-01
1.255082188920441322e+00,5.675224791941230196e-01
9.031778172321658360e-01,1.416426062015611054e-01
-3.110693419091953849e-01,1.903821174851232784e-02
-8.365536051289261810e-01,4.723175819559879973e-01
-5.785319293797243079e-01,6.674930050405627480e-01
-9.485435384422691296e-01,3.235497446298315483e-01
-1.544695036553518142e+00,-6.358844612490194281e-01
-1.368648855891737792e+00,-2.017079234417547440e+00
-8.520662626818846785e-01,-3.124346506069655582e+00
-5.140891481580606159e-01,-3.396463147015132744e+00
-7.136595105767636893e-01,-3.159729716194825677e+00
-9.752619044376078516e-01,-3.142391595096723833e+00
-1.042275605693543605e+00,-3.485579902047168499e+00
-1.061314399100466987e+00,-3.342708849729871368e+00
-1.232424674470874448e+00,-2.087809364213813357e+00
-1.048540134211820352e+00,-4.917417385834036980e-01
-2.236791255778827481e-01,5.261289841334855222e-01
-5.063957267904114351e-02,1.055206699009106019e+00
-3.239886694707067583e-01,7.683583918838066129e-01
-8.903839324389448695e-01,2.513486486777092299e-01
-1.544695036553518142e+00,-6.358844612490194281e-01
-1.415802131166225664e+00,-1.001834139121739353e+00
-1.423872542404613029e+00,-8.009682620035544209e-01
-1.127737022556986490e+00,-4.984796207066649054e-01
-4.569632258209579967e-01,-2.317206593129974013e-01
-7.761876528587520196e-01,-5.325583085078973156e-01
-1.423872542404613029e+00,-8.009682620035544209e-01
-3.452136727892531898e+00,-1.237514563266997936e+00
-6.182641870396665240e+00,-1.854970444153869247e+00
-7.325523401015363589e+00,-2.023707632435706838e+00
-5.944681861529554467e+00,-1.634936239670967018e+00
-3.292941319877815243e+00,-1.090310517252819578e+00
-3.825020315018052286e-01,-1.278722388705666679e+00
1.179933079577289545e+00,-1.757673384133766170e+00
1.500582538689244627e+00,-1.461198625572120768e+00
8.306124642645936751e-01,-6.495265466176626257e-01
-4.222609380449162675e-01,-4.815795852034562285e-01
-1.423872542404613029e+00,-8.009682620035544209e-01
-1.382421527968432873e+00,-2.561084411038349051e-01
-9.759706485038782686e-01,2.677220332149026771e-01
-6.844588027198124092e-01,1.153024694640418374e-01
-2.526922261718201335e-01,-8.689599355955508753e-02
-2.819012062891643189e-02,-1.067378183118244395e-01
-1.618661161156046968e-01,-1.602152326300404217e-01
-1.235446340665790343e-01,2.967330608797557612e-01
2.423240938660499721e-01,6.077621216767633561e-01
6.127966971860040468e-01,3.919654948801964411e-01
5.007917268612777084e-01,-7.256114029093480022e-01
2.997532108173038279e-01,-1.671481387725095580e+00
3.882029149408923185e-01,-1.175469905658978131e+00
5.680620989666451681e-01,-1.014703674368441083e-01
3.356123681114009938e-01,3.146406097875329572e-02
-2.176853818486753356e-01,-3.231200659665817154e-01
-1.903759328896335867e-02,1.808920330283567968e-01
3.552188164789589764e-01,6.393095652367563053e-01
1.991689992482238714e-01,2.498861972166987744e-01
1.268746897847203292e-01,8.842862233880058320e-02
8.139152743191727102e-02,3.390544033488135378e-01
-1.996778800315635871e-01,5.692792529714373329e-01
-3.763626225543376669e-01,1.787481434666023938e-01
1.780113159307188109e-01,-4.011133813353854327e-01
3.230648914183796849e-01,-7.334746634996203163e-02
-4.666049456948915264e-01,4.865679819527175543e-01
-3.766257717107905356e-01,3.620046673819429239e-01
-5.723535565676562964e-02,4.033136522703762994e-01
-5.073258916688155873e-02,2.627267100067331440e-01
3.827555358890559478e-02,3.330950321710541423e-02
1.552622149587890299e-01,2.547393253210493147e-01
8.297957092954881819e-01,-3.263294963006823091e-01
7.027114821197375516e-01,-4.132274903981646985e-01
3.437291022251017739e-03,3.683232936144020114e-02
-5.291400561732739066e-02,1.366185369620018519e-01
-1.531367072412464364e-02,-1.470818095561739376e-02
1.303263663971733766e-01,-7.332613849404143735e-01
-1.404420392178370725e-01,-7.164392143719033879e-01
-3.570892401092532475e-01,3.975900513094477590e-02
-1.693995880603116067e-01,2.948049015280299057e-01
6.390704287376647308e-01,1.758017494245125711e-01
1.637408721070858553e+00,1.110264476844161075e-01
1.710480144866459273e+00,3.517823204353109912e-01
9.469546997210575023e-01,6.781678085930261668e-01
2.376454809871579588e-01,3.949319142977362196e-01
3.479235174904903027e-02,-2.196753043165425023e-01
-4.136291958254983414e-01,-3.508468694796364473e-01
-8.261155205924092249e-01,-6.179052149399987155e-03
-8.812759850198610412e-01,2.251752679032539284e-01
-6.015677644651032940e-01,-1.101119512546281376e-01
5.125934516409934305e-02,-9.949374415649619996e-01
7.409403025386204211e-01,-1.397093542847029246e+00
8.082983939145271801e-01,-1.139238601871606305e+00
6.745588747110393690e-01,-1.160207802734043447e+00
6.776137822271434130e-01,-1.421564538648420140e+00
1.516617122111266203e-01,-7.083571897473908141e-01
-7.364663259273007689e-02,9.771917096995809404e-02
-3.531895652743025082e-02,2.338366310357702788e-03
-4.674987401643057594e-01,2.397383912521475202e-01
-3.968331196448796616e-01,7.086508425467861194e-01
-5.816344410460910080e-02,8.965704841507413647e-01
1.461597582469011392e-01,9.697589220487023987e-01
2.496026738553296098e-01,8.622825084619186731e-01
7.165987871717424129e-01,4.938273469109020208e-01
1.192912164953113807e+00,6.445342820543716877e-01
7.935865439297827839e-01,6.544566460648479911e-01
1.533102567828278362e-01,1.257299818329954688e-01
-1.417297981353720093e-01,-8.878398218953380272e-02
-1.546030822494059986e-01,-3.686657242244308352e-01
-1.714728249027117762e-02,-3.563010921369961226e-01
-1.657650444297993977e-02,-1.094284995207854688e-01
-1.338081183588393785e-01,-8.936557460149298360e-02
-1.144616228828135018e-01,-1.255097291497055956e-01
-1.714728249027117762e-02,-3.563010921369961226e-01
-2.302379588911833419e-02,-1.666871786341590778e-02
-2.621565466796798582e-01,1.995969640468090223e+00
-1.774249136831474782e+00,3.915147875267382727e+00
-3.367942644089018778e+00,3.898124472489706172e+00
-3.089744072449273737e+00,2.706388807080644998e+00
-1.374239750805712701e+00,1.094940442247753332e+00
-2.641764785065082166e-01,-8.898886433584290989e-02
-5.147909326354875859e-01,-2.565390637003728824e-01
-6.455349665550219607e-01,-5.990880093030691300e-02
-3.853145983751447012e-01,1.193181839022886270e-01
-2.512438612753128964e-01,-3.710503222343270457e-01
-3.992465705963571532e-01,-7.226688062854454975e-01
-3.185485047569407979e-01,-3.270854119519590042e-01
-8.038964312965200809e-02,8.094479589317660206e-02
1.825536472222590856e-01,2.162319307918700029e-01
1.533102567828278362e-01,1.257299818329954688e-01
-4.650880128993415547e-02,-2.927658039927208966e-01
-1.591865076538875601e-01,-1.191316796185954541e+00
-2.590924517175071662e-01,-2.181782521218149640e+00
-1.434835723898509885e-01,-2.966756724471335982e+00
2.256604174714568201e-01,-3.353875622726988581e+00
6.739012327522746482e-01,-3.301344209743272362e+00
9.940376365471595976e-01,-2.719387955697283754e+00
6.357323002345132146e-01,-1.348138214089834808e+00
-1.657650444297993977e-02,-1.094284995207854688e-01
2.733097813674735255e-01,3.612236250939055426e-01
7.482604270835778726e-01,8.062304001323313818e-01
8.808330570857307862e-01,7.439288589247047279e-01
8.703923810022057284e-01,4.722894665181955332e-01
5.997351115781509590e-01,9.533021671567096234e-02
-4.101018641278812021e-02,-1.902874905474007394e-01
9.117058962932108115e-03,5.302328658755378621e-03
5.103877987477579703e-01,3.527309172759324762e-01
5.790717004421543912e-01,7.449052998795875347e-01
4.144533367721419670e-01,3.541762503664011574e-01
-3.889411736301571533e-03,-2.147060501326825965e-01
-4.586850106903405111e-01,4.168507754383991570e-01
-4.811449600070283883e-01,9.154224176077870867e-01
-4.597040463798489629e-01,4.175447607940466210e-01
1.610898746893920097e-01,-3.854849984760803649e-01
5.518429875185761890e-01,-3.701736469912608740e-01
5.133180483505439540e-01,-2.310686866913245208e-01
6.324422024846267920e-01,9.096177797972539170e-03
6.030324657745649297e-01,4.211587082752323297e-01
3.603026128374955950e-01,3.980095672746177260e-01
-1.494586683283496420e-01,3.800581557353208823e-02
-1.469528934902280870e+00,9.236328479192397189e-01
-2.686835093304828170e+00,2.171547007483995539e+00
-2.423073237327195706e+00,2.243653533504912367e+00
-1.277682459263984383e+00,1.299604402180276841e+00
-1.858977514258767227e-01,-4.868570024296126064e-02
-4.432120911421098541e-01,-1.376676540073559496e-01
-2.890966850339286021e-01,-3.034278859359461622e-01
3.226353816913448691e-01,-4.275622345099008292e-01
6.587687727996974774e-01,-1.543443790546536742e-01
5.307094009100665755e-01,-2.293089349714305947e-01
9.011473039096297155e-01,-8.165533781382591227e-01
1.088765669813915649e+00,-7.499220919699841614e-01
4.588387695071038941e-01,-3.543805675973581981e-01
-1.714728249027117762e-02,-3.563010921369961226e-01
-2.302379588911833419e-02,-1.666871786341590778e-02
2.264507788365403562e-01,3.100178696056860583e-01
3.850804873445496379e-01,3.281646854266664914e-01
3.287760586114548689e-01,1.362257236785601455e-01
3.179982228112908649e-01,3.447545748628299545e-01
-2.053090490850821015e-01,4.203206341653778488e-01
-2.388501068511067749e-01,-4.584533589716095481e-01
9.011199212211877529e-02,-8.814898379573399279e-01
9.072405095188390556e-02,-5.808133909344450618e-01
1.579333566639737063e-01,2.851523374737321426e-01
1.483410319352530538e-01,5.759828677847018685e-01
2.071750114455641473e-02,2.162622197816469194e-01
2.321341970535522325e-01,3.991485713374072208e-01
3.111670952340818141e-01,6.603300867353532055e-01
9.469546997210575023e-01,6.781678085930261668e-01
1.025496036486741813e+00,2.069277531376643997e-01
6.286666762463360980e-01,-2.325830649601966782e-01
3.622024991542206473e-01,-1.735109120520456627e-01
2.727293780173742910e-01,-6.904928025399041658e-02
4.638594089364511674e-01,-1.692059111025065107e-02
7.970701964052725463e-01,4.752954807371003176e-01
1.129116483281331407e+00,7.628663963588929731e-01
1.095139746426065486e+00,5.904191291636121663e-01
5.997351115781509590e-01,9.533021671567096234e-02
1.349073125057425049e-01,-3.183923318203827346e-01
-3.541136855956310975e-02,3.743799057868429925e-02
-8.289516225495623114e-02,3.976123352364887564e-01
-2.048657247728442599e-01,5.727144090080742850e-02
-1.579937682590100423e-02,-1.543613478956839258e-01
5.714095470555227152e-01,-7.999185288191889009e-01
9.582123320847399928e-01,-1.799379981242368753e+00
1.655575581407738195e+00,-2.469988918270819678e+00
2.519550723301010375e+00,-2.312689703083709691e+00
2.856659780381790359e+00,-1.171153560770142654e+00
2.414900760460251039e+00,3.122201937935553673e-01
1.428145215622812492e+00,1.107506954643375785e+00
4.339823951252508305e-01,8.753448233249976340e-01
4.389170592735725657e-02,2.786271110677954743e-01
1.239359054585593561e-01,-1.851920969573527809e-01
6.120985639231565356e-01,3.479843497939312247e-01
3.105605583132580727e-01,8.974567452382939958e-01
-8.057685279319392047e-01,5.488280752118542827e-01
-1.415326895190419210e+00,-3.394943077580966917e-01
-1.323213729704288300e+00,-6.128105846766794818e-01
-8.721667492545286393e-01,8.891387805958697599e-02
-6.888605072461949641e-01,8.679480101833929317e-02
-1.381099618941642904e+00,-7.617780865179237804e-01
-1.987174921018324492e+00,-1.247650388589705894e+00
-1.836607598521959206e+00,-1.190311420674909915e+00
-1.275577283060313594e+00,-4.205491796966634443e-01
-8.684112272757685824e-01,2.380206094759241275e-01
-2.983312224704173787e-01,4.158546821891424550e-01
9.875786247498979931e-02,1.105354293991894360e-01
1.455879388841155586e-01,-3.277605093066926489e-01
-4.042117235461571423e-01,-2.143266614994598640e-01
-6.418365550118161345e-01,-1.657136222091786792e-01
-5.578196407456588179e-01,-3.118223328512129133e-01
-3.739295817433310187e-01,-1.783480549742325894e-01
-1.571262096272158237e-01,-1.201626314222478675e-01
-3.105940782758140339e-01,-2.056218993112471916e-01
-1.009075126455490024e+00,-6.617871056143105335e-01
-2.358344488880697476e+00,-2.029070673059131025e+00
-3.485926002300619331e+00,-3.696409293047751454e+00
-3.729270862356032445e+00,-4.872518809014407815e+00
-2.782017371016892060e+00,-4.781345326846566657e+00
-1.183542003235979578e+00,-3.491317063383725383e+00
6.353145609823743212e-02,-1.358551562573450333e+00
8.538636670309630583e-01,2.138067549241464138e-01
8.364394636325326315e-01,4.506614629138446793e-01
6.476933850030235362e-01,1.528984157554141854e-01
1.318938952901712813e+00,5.054849487209732706e-01
1.179155756367977759e+00,3.516016230979728263e-01
5.349610938871708354e-01,-1.892106649537924901e-01
-6.587314338945064740e-02,-5.795674456733677093e-01
-1.517313336953512726e-01,-6.543223418514154677e-01
2.422410438756596174e-01,-4.311485517472137263e-01
2.335837314277836030e-01,-5.721129098926287099e-02
-2.544458417373189341e-01,3.354098644664706974e-01
5.768353855958269910e-02,4.516822534289038349e-01
4.213817564109759717e-01,3.260101410422721058e-01
2.774089401840505453e-01,2.102542201854602499e-01
4.621428979682427052e-01,2.884194040083872257e-01
5.980202012121983435e-01,6.973550386094712339e-01
7.216757317410086303e-01,8.703013330664273184e-01
7.185250936984139969e-01,5.262360985292242610e-01
4.514795648260069849e-01,5.064096333804818384e-01
2.948781507638120192e-01,7.984259529909890629e-01
4.400636529773612193e-01,1.534978326936864645e+00
5.656911797038572942e-01,1.822500095564220546e+00
2.562653683321480247e-01,1.004032489477089118e+00
2.512253494376098795e-01,2.738607609493476369e-01
2.983385511778763322e-01,4.861530058668478427e-01
-1.957513991683372534e-01,2.917183638765117326e-01
-5.864648744150742221e-01,-4.387673600044983413e-02
-4.116227761098347204e-01,1.865927122874306843e-01
-3.956775026713908044e-03,8.436596701954007793e-01
1.811367215373746176e-01,1.157083657805335619e+00
1.566884339665574499e+00,2.761618622539145473e+00
3.110480856442721098e+00,4.675925257933347012e+00
3.348281492842498874e+00,4.476144491420877891e+00
1.978471704858970837e+00,2.445624642657087122e+00
5.855142147053065127e-01,9.856082249474268364e-01
5.373350724566143821e-01,6.061020907526720736e-01
1.223171936570303986e+00,3.903534945095439856e-01
1.032491751018256965e+00,1.133102066763157639e-01
4.762127381700870243e-01,-3.002340540447890338e-01
5.158134235525315692e-01,3.082739083169154237e-01
2.867172736070480038e-03,4.916196366481906388e-01
3.741195484455369091e-01,1.786805399552514884e-01
6.046897990072745976e-01,1.636566565454350419e-01
4.167117763946648901e-01,-1.178760855017986359e-01
3.904261039873508921e-01,9.831232941537348599e-03
3.383334372485273800e-01,-4.138818767824358619e-02
7.171111738154355153e-02,-2.217048358743309577e-01
1.841036755518001000e-01,6.753129375292898917e-01
4.883287931977300378e-01,8.644325158753733973e-01
7.622934410151533946e-01,4.240022069141841099e-01
7.244080893370368202e-01,2.517202327508034632e-01
2.328187079325693687e-01,2.048108836163868296e-01
3.689054906399137357e-01,3.129891855948874757e-01
1.962799182915401508e-01,4.626531922687576182e-01
1.241903456415462403e-01,3.436034409281384372e-01
2.088174778601006032e-01,-7.535517298817212550e-02
7.687264863720502106e-01,7.303580337127554833e-02
1.001188926761350961e+00,4.334606564976998255e-01
6.263431958488308027e-01,4.373730092004202152e-01
5.494994179975574156e-01,2.982784584116671689e-01
-4.855215883856173753e-01,-4.136434892282186415e-01
-5.649871111426517656e-01,-3.887723924148180354e-01
6.972032346451102480e-01,4.670401150416417235e-01
1.278193666084918023e+00,8.960064209196574314e-01
9.606657189786153017e-01,7.220697150040559231e-01
8.288572285763138314e-01,5.287955019325167871e-01
8.578903991706139376e-01,4.697937694829012467e-01
4.937836597881264389e-01,2.904138532382619098e-01
5.079218494841142295e-01,-1.778675795669600879e-01
8.434830255357058659e-01,-2.853997084189202615e-01
8.301947638056117462e-01,-1.529130342049704605e-01
5.331004223821340648e-01,3.060361528679987897e-01
-2.895615567084908748e-01,5.203282972682050644e-01
-4.150691152352999347e-01,2.463705582822850737e-01
-4.150691152352999347e-01,2.463705582822850737e-01
-5.027229301361280100e-01,1.144604559318246895e-01
7.290768574773499877e-02,-1.813692459254716838e-01
5.222894321213088498e-01,-7.559283575745123773e-01
6.211730615287650581e-01,-1.273266805939128110e+00
3.703938865399742375e-01,-1.005703859887616236e+00
-1.849284870508677292e-01,-3.015490417231622700e-01
1.973983678449361123e-01,-4.815527850123785258e-01
4.818170276708976796e-01,-1.528587518282065627e+00
5.800194706332260225e-02,-2.340019615062273406e+00
-1.245227289939522114e-01,-1.203678791416150640e+00
5.280472785526396651e-01,4.017306004171736222e-02
1.070358383993242901e+00,-3.036922094950248452e-01
9.241514489175437497e-01,4.130292454276940917e-01
5.683453586047714223e-01,1.288879473164720624e+00
3.048228085655449449e-01,8.952538298234913317e-01
1.110829569937273609e-01,2.722814106827033398e-01
3.062595724625076232e-01,3.521119847162593186e-01
6.355046875105222481e-01,3.936238398142316020e-01
4.634714375121778973e-01,2.435385827897032784e-01
3.224683042610090311e-01,1.728173744870987738e-01
2.088174778601006032e-01,-7.535517298817212550e-02
-1.886378658683516285e-01,-1.494969165374344378e-01
-2.306570829388968763e-02,-8.751455726863777151e-02
6.381242800582830332e-01,-6.308907421799719861e-01
8.552064311622931125e-01,-8.090525634137507582e-01
7.967365229030705098e-01,-1.346120002862071507e-01
5.583516480181243136e-01,4.254190207727578388e-01
4.272031535887423348e-01,1.037841483227134598e-01
1.102159661489808817e-01,-2.994011045504402779e-01
-2.511017029326400585e-01,-3.337658192541892443e-01
-2.904979031340866880e-01,8.228077397007942106e-02
4.281084600656178546e-02,3.369045030136781360e-01
2.656297993888839248e-01,8.646902410850745291e-01
4.793550631844464283e-01,2.091458677633033059e+00
1.018538177970429587e-01,2.324785963802686872e+00
-4.328563466567282858e-01,1.229461105086170569e+00
-3.623202086253273779e-01,4.468135712348608735e-01
-8.305222665027832685e-01,1.232402901644603865e+00
-9.391942938469066693e-01,1.081387229138079498e+00
-2.002812135907642843e-01,-7.373310234257718365e-02
2.000652804629799719e-01,-1.274351361871233657e+00
-5.145561077904936553e-02,-2.567439364656022960e+00
-1.688583820819391790e-01,-2.786864913721880388e+00
4.897137036546795885e-01,-1.292812864776670345e+00
8.124157869615230565e-01,-1.392441095374267190e-01
-4.088224043438749150e-02,-9.980025862418563654e-03
-4.601113991689789184e-01,2.719107648148156309e-01
-4.424261995090197352e-01,2.602726470645105317e-01
-1.646393221397806639e-01,2.125127544023104886e-01
-3.042883859419134307e-01,3.814231365592528622e-01
-4.331606721329009924e-01,2.248447955476939319e-01
-1.769225832118423714e-01,-2.197675834766149028e-01
1.316522968142704864e-01,-7.279302971722824145e-01
4.285598905509007683e-01,-5.376296180333169916e-01
1.783342399961442282e-01,6.542567165408037788e-02
-1.769225832118423714e-01,-2.197675834766149028e-01
-2.894643456609529153e-01,2.179518179258118638e-01
-2.492326727054837987e-01,7.259398381558979096e-01
1.648451486975040514e-01,7.674605405966129501e-01
3.586687262847292335e-01,2.613744610176284566e-01
2.086536047264622717e-01,-2.045893239291464438e-01
1.133023943462182527e-02,-1.115908937260289835e-01
8.897184244895159355e-02,2.414374928098980966e-01
3.229147196455377511e-01,8.904045183402283792e-01
5.536544555366075260e-01,8.869142710054777057e-01
8.019271848913656076e-01,3.900503007391028509e-01
1.074330430879688381e+00,5.433356308412752578e-02
9.235701551576802615e-01,1.161113608927429319e-01
3.725568791886794684e-01,3.250262905855631490e-01
5.057887750803120863e-02,2.895207365630161900e-01
1.565741254257648207e-01,-4.649063390213461350e-02
2.865414613846578931e-02,-3.012041825255601935e-01
-1.223284534142903279e-01,-2.163235289280910911e-01
-1.769225832118423714e-01,-2.197675834766149028e-01
-2.709927483466154086e-01,-2.991684705908758679e-01
-3.782346551037937821e-01,-4.840900600329509640e-01
-3.080255236684139031e-01,-4.468950091276581160e-01
-1.769225832118423714e-01,-2.197675834766149028e-01
-1.769225832118423714e-01,-2.197675834766149028e-01
-3.373855885969073709e-01,-2.186389582755690897e-01
-7.063905548723393990e-02,7.388385926765314582e-02
2.985544080302914294e-01,5.750941349855336338e-01
2.321677687835844439e-01,4.894523417361472672e-01
-9.714639218895833317e-02,-1.652907474272136135e-01
-1.732876228083934378e-01,-4.632674304241869989e-01
7.884056455316285072e-02,-2.678784660170944742e-01
1.018142853280203097e-01,-2.214439000283603132e-01
-3.409150783736014101e-01,-7.325430105438784922e-02
-1.168640118683503371e+00,1.057570220356452984e-01
-1.298198109290954028e+00,2.657036562881294750e-01
-7.440014106673360494e-01,4.676442489414677772e-01
-2.323595762671511467e-01,5.345639328403101187e-01
-1.272474859370640310e-01,1.704050213332507779e-01
-1.579937682590100423e-02,-1.543613478956839258e-01
2.635559155803023912e-01,-2.645483518929861999e-01
2.025331020582440411e-01,-3.760863172134586430e-01
-7.611465193800848184e-02,-2.474212092224127302e-01
2.308950165324447079e-02,-1.958454205062178377e-01
2.523738883671307054e-01,-2.038204286889612749e-01
3.677911693081963307e-01,-9.557342010187110104e-02
1.145612892583207226e-01,2.016998380282609277e-02
-7.586364259955071798e-01,7.437537803151572646e-02
-1.141027963916999122e+00,1.557428547229371407e-01
-1.022174043031633728e+00,2.674439497278828862e-02
-6.731029966193398106e-01,-2.176112509716677523e-01
-3.764386675834241469e-01,-1.097637357350378512e-01
-2.953308240618411351e-01,-7.373052225641231472e-02
-1.579937682590100423e-02,-1.543613478956839258e-01
2.325225994268905472e-01,-4.646588331135288463e-01
3.078875529153530799e-01,-7.167688771678217829e-01
3.472820840778784723e-01,-4.233093990567391440e-01
2.504236514564368576e-01,-1.564995730077193836e-01
1.714923336983809610e-01,-1.726934057136868539e-01
2.865414613846578931e-02,-3.012041825255601935e-01
-1.223284534142903279e-01,-2.163235289280910911e-01
-1.769225832118423714e-01,-2.197675834766149028e-01
1.587636285669897507e-01,-4.356387267054527557e-02
8.647235793195129361e-01,3.610748012616334379e-01
1.291866486785863799e+00,2.444505002888939793e-01
8.912605465868264076e-01,-8.289205285501545228e-01
4.073481509723628213e-02,-2.183169922714820466e+00
-6.684589734287829099e-01,-3.082019942849953509e+00
-5.604769901760823236e-01,-3.593097899196221690e+00
3.964043988996945531e-03,-3.396272307684450986e+00
3.964043988996945531e-03,-3.396272307684450986e+00
1.784980923672351838e-01,-2.656502319017849167e+00
-8.298376981663022067e-02,-2.626839263659073165e+00
-8.219588523599471452e-01,-3.563434843837445243e+00
-1.575771720419767874e+00,-2.765053352477274018e+00
-1.407873200898847488e+00,-7.664593234817543843e-01
-6.090925897983993087e-01,6.864657762012048581e-01
-5.001930278073676295e-01,8.210391066263800219e-01
-3.788731437121873880e-01,4.036249033365920114e-01
-6.950730015902546466e-01,-9.521639130332683054e-01
-1.098998178412509796e+00,-2.715275090948338743e+00
-8.219588523599471452e-01,-3.563434843837445243e+00
-2.463837891993060636e-01,-3.367872320118225904e+00
1.684489681339593481e-01,-2.161068222812255080e+00
4.637443764587171890e-01,-5.605370560423513782e-01
6.603597623230446079e-01,-9.245764195926348128e-03
6.744129699712050341e-01,2.955786068634067565e-01
1.079902849162593714e+00,1.048310860108262688e+00
1.135920319235973253e+00,1.416002953700479683e+00
3.108830853808462469e-01,6.886827532470479740e-01
-3.979639383856698465e-01,3.356529650985001223e-01
-1.205172986445792599e-01,-1.189393115855390121e-01
3.595417986256188581e-01,-1.332261842494086412e+00
3.033826108663792431e-01,-1.461162441358915709e+00
2.721529728614116572e-01,-1.293272671421434428e+00
2.706417468691628692e-01,-1.105628057803380804e+00
-2.833312340922902392e-02,-3.673236838495929080e-01
6.366473980306705527e-02,1.287420032606701459e-01
6.347261961055259416e-01,6.015684219368847563e-01
1.020488374922255970e+00,5.051679362423937558e-01
8.124157869615230565e-01,-1.392441095374267190e-01
3.735905348887506028e-01,6.439037607866533730e-02
3.363625384917663386e-01,3.337688754853088691e-01
4.799654971211276822e-01,4.233626097524548215e-01
5.136149803832859018e-01,4.104885158214314766e-01
3.689054906399137357e-01,3.129891855948874757e-01
1.962799182915401508e-01,4.626531922687576182e-01
1.241903456415462403e-01,3.436034409281384372e-01
2.088174778601006032e-01,-7.535517298817212550e-02
-1.471406469828463903e+00,-1.355366722296923676e+00
-2.273040735861825645e+00,-1.973785455106406239e+00
-1.801121985413132176e+00,-1.435633020621015943e+00
-1.167580814394979072e+00,-3.779698062218126986e-01
-2.142976835967748961e-01,5.477774694420546320e-01
2.328126615377814901e-01,2.627378991283921827e-01
1.916238050819519534e-01,-5.337455196352069997e-02
1.677619095355107059e-01,1.790294988977333135e-01
3.689054906399137357e-01,3.129891855948874757e-01
1.603992692005888898e-01,2.529473321187628021e-01
-4.056575879107481020e-02,4.314964638045923513e-03
-2.149148545896770457e-01,2.815848754006844978e-01
-1.958414405555204407e-01,7.393252029733334840e-01
3.002219717695674417e-01,6.187799688722522840e-01
6.782753231642881797e-01,-2.008902943974154864e-01
5.571094283481725640e-01,-2.076820937538505565e-02
7.931365474673949256e-01,1.299223256117874259e+00
1.936336586100491086e+00,1.538684138433809023e+00
3.135179713495619414e+00,1.113741212531764724e+00
3.096127644792578515e+00,3.747475620455290035e-01
1.815895259782378313e+00,-1.127287561541471111e-01
3.533627154345434507e-01,-1.710728865430356516e-01
-3.061574585367515255e-01,-2.623613881587818705e-03
-4.709348857092994778e-01,-3.513742866854071001e-01
-7.235311363803137441e-02,-5.917556166185927724e-01
-7.611465193800848184e-02,-2.474212092224127302e-01
-8.007468226029856861e-02,3.278373605610507835e-01
-4.574179166052592081e-03,4.702419351989476359e-01
-3.995578386530158621e-01,-7.149085769935011880e-01
-3.688031617138070040e-01,-1.704203141364106333e+00
1.975445458349279343e-02,-1.781071876330748038e+00
-6.145839172111990101e-02,-1.362245753824738115e+00
-1.517304596897632932e-02,-3.077888657321186106e-01
2.822131814867080979e-01,4.493967910968513779e-01
8.074322486623450312e-02,7.280985019207931730e-01
-3.188312925892896055e-01,7.757014686496168654e-01
-4.671668034984898243e-01,3.158168477104981164e-01
-3.976993760073505579e-01,-1.845006085922218375e-01
-3.213718073127797004e-01,-2.565186715140793661e-01
-4.674987401643057594e-01,2.397383912521475202e-01
-4.316339554257965783e-01,4.629036685382479366e-01
-1.802503770146657580e-01,1.951657877687414666e-01
9.700124812079606584e-02,-1.453694779605128364e-02
4.000981323925287270e-02,2.360174135912119497e-01
-3.715425528870358596e-01,5.009324079580951272e-01
-3.750851588360293865e-01,3.316150289218049996e-01
-1.211756593026159234e-01,6.592527481693254143e-02
-1.270311847422763152e-01,1.497861906750054019e-02
-1.751371255684310568e-01,5.378153294654684780e-02
-1.211756593026159234e-01,6.592527481693254143e-02
-3.650783683071852637e-01,2.095415189820576396e-01
-5.398136774092054946e-01,4.215687337485379271e-01
-3.700506085773621057e-01,5.828565832042161832e-01
-1.771396587107222642e-01,2.790452188474934481e-01
-1.702860485864574613e-01,2.326784168613919013e-01
-7.359642090046583651e-02,4.740495155529312332e-01
6.414391830508527903e-01,7.121949136939953462e-01
7.969087905519846027e-01,4.125613025925445876e-01
2.074050349657527714e-01,1.238960066596380555e-02
1.392911016909275379e-01,-8.189877506691321807e-02
2.680519850828083292e-02,-4.557355800007424906e-01
-8.199814358256213298e-01,-7.994869784113859401e-01
-1.103229254588509622e+00,-1.019047725991537812e+00
-5.865513623157027068e-01,-1.033614398478948537e+00
-4.024354707478257076e-01,-9.632081831431977825e-01
-1.989308660468251111e-01,-6.830084698036449353e-01
-3.482437086876530863e-01,-1.992826280894772484e-01
-4.632638554139549281e-01,2.736353084493376997e-01
-6.855227877665795444e-02,5.001475919934063041e-01
-5.203077093049496976e-02,5.874318730069804095e-01
-5.203077093049496976e-02,5.874318730069804095e-01
-1.584832752390399335e-01,1.767631612882699377e-01
-2.150855799832636084e-01,-2.517294349535570408e-01
-2.796134030885101263e-01,-2.849395237881219844e-01
-3.302633913299842794e-01,-2.565085430690908219e-01
-3.714077936742571362e-01,-1.461331678013785274e-01
-3.570033029429399152e-01,1.662255107393082994e-03
-7.331924826103466963e-02,-8.106503689329352946e-02
9.139255514444405426e-02,-2.034706658988265082e-01
6.623701321352278189e-03,-1.043655380929385396e-01
-1.188131267495058097e-01,-1.053999314256226635e-03
-1.211756593026159234e-01,6.592527481693254143e-02
-3.650783683071852637e-01,2.095415189820576396e-01
-5.398136774092054946e-01,4.215687337485379271e-01
-3.038410336919605270e-01,5.520616818369978862e-01
1.176610654269232177e-02,3.745347215859468615e-01
1.441824260896225063e-01,8.135383318955966003e-02
2.192695391852073072e-03,-1.515909447088010231e-01
-8.823070557403317471e-02,-2.663577913851514212e-01
4.286940580709991400e-01,-1.252232361532611138e-01
7.075295184451152464e-01,1.929488588788635661e-01
5.417451857236436075e-01,1.756056994938582083e-01
1.109185047177766031e-01,2.319480618368982283e-01
1.753127386020698203e-02,2.911037313727847797e-01
1.178635638136159153e-01,-9.889021116522933585e-02
9.243562153964651751e-02,-3.815548910863849064e-01
-4.330671278149317294e-01,-4.058267301176462505e-01
-8.067924987900362277e-01,-1.234571577764496941e-01
-5.940042989727528644e-01,5.886474443135136791e-01
-1.037683328544769246e-01,6.189684776209892769e-01
6.493715598681459866e-01,-4.955128670169786642e-01
1.198477885005214905e+00,-1.265877043365312149e+00
1.084765630458099706e+00,-8.766460989668390935e-01
2.066765153950674283e-01,-1.162184671855749141e+00
-6.948109931571350151e-01,-2.892152005166533701e+00
-9.617186799145492904e-01,-5.125992223828338190e+00
-3.921807790506427471e-01,-6.384876972502053327e+00
5.987717353685708677e-01,-5.684910801361650279e+00
5.788861713185047275e-01,-4.348155788996467486e+00
-4.769085477707258880e-01,-3.008546125755435341e+00
-8.038224305838017614e-01,-1.544967541718344384e+00
-2.715290358890096734e-01,-6.173123130925615154e-01
1.566420111288983202e-02,1.595146545487544365e-01
-8.511613755909394619e-02,3.650980881293093283e-01
-1.771396587107222642e-01,2.790452188474934481e-01
-3.335977166359556656e-01,-4.467259587363942575e-01
8.963900947398782681e-02,-9.078439047780930693e-01
2.975124816537712547e-01,-3.159818918209665317e-01
-1.101773653517248985e-01,5.418025481413815125e-01
-1.856602036737794725e-01,7.223652179535146323e-02
-1.665125935236343724e-01,-1.513443967911396182e-01
-3.271495443180280627e-01,-5.410158351627570861e-01
-1.055194805066559383e+00,-1.233812759268900772e+00
-1.554462877856591874e+00,-1.403143567543861936e+00
-9.792771943309164229e-01,-8.064136074568079016e-01
-3.654907973276974031e-01,-2.641533695185097619e-01
-6.653507906868503241e-01,-2.651811515076410442e-01
-7.644529692246220254e-01,5.953535846323534247e-02
-2.725346879837275416e-01,5.774750746516744693e-01
2.078073904615257705e-01,6.432897879604463354e-01
1.393617329007368344e-01,2.531926398914459142e-01
-4.898669192754593338e-01,2.088146835544598956e-01
-7.440014106673360494e-01,4.676442489414677772e-01
-5.161634093906650733e-01,6.891530411257573707e-01
-8.861990949546749707e-01,3.988415446917794593e-01
-1.093790851960236177e+00,-9.396446618319088673e-01
-1.151170454225429740e+00,-1.428209383482342165e+00
-2.499947716154814703e+00,-1.056662716936172197e+00
-3.283070872312924937e+00,-1.559146876114937852e+00
-2.122733401055003633e+00,-1.609638187779515839e+00
-7.910376425355485352e-01,-8.437649783525744684e-01
-5.820746248478043949e-02,1.261323037078453391e-01
2.237017167982559840e-01,5.322885452264496386e-01
4.760638048629958208e-01,6.000012669179017877e-01
1.207304459562869581e-01,3.219856844686008746e-01
-4.019108731876060436e-01,-1.397135145676511592e-01
-1.872234198984752407e-01,1.098086448961469869e-01
5.221533844964978410e-01,8.084385739795370007e-01
1.758849594718599751e-01,7.373682902761017344e-01
-5.611576141760119540e-01,6.200190905003392094e-01
7.535224181952400457e-02,1.102299903370849377e+00
8.858488512751105937e-01,1.616649849772753722e+00
1.854576996070517403e+00,2.421126390974024822e+00
2.106667872245720385e+00,2.696989903038949699e+00
1.545384291657665443e+00,1.986079314253145434e+00
1.271651448572597154e+00,1.682804518533251859e+00
8.304109292750793125e-01,1.598306233661624054e+00
1.210848873985277185e+00,2.365017998342521910e+00
2.631178717694723002e+00,3.689155411893599634e+00
3.063513442051973179e+00,3.841057369247998565e+00
1.934517121749018909e+00,3.433040366870475868e+00
3.647904875713304795e-01,2.480828282973075449e+00
-3.641004641111683648e-01,1.423581773700315578e+00
-4.125194007907270755e-01,1.582014762383038287e-02
-4.166428833941176468e-01,-1.264189251764397559e+00
-2.523238813521704316e-01,-1.572318620660620114e+00
-4.435640378582771798e-02,-6.085754328214217912e-01
3.401494189813311086e-01,2.710340621335605160e-01
7.395999547352213321e-01,3.955592210318706337e-02
5.018466798988446831e-01,3.968696868969392999e-02
4.525854833311576120e-01,1.798259133876396187e-01
6.924363246540198302e-01,1.737276801647737734e-01
7.395999547352213321e-01,3.955592210318706337e-02
9.099372815853290497e-01,-2.810643825904649007e-01
4.892015274458850760e-01,-9.814260746610197206e-01
2.100954162795092839e-01,-1.392120768024902588e+00
6.798691911354504125e-01,-1.007852460441403419e+00
1.059265014538217642e+00,-1.730043076115371559e+00
1.234082458993488451e+00,-3.788682788927450140e+00
1.472440496845708768e+00,-5.213002951730408618e+00
1.313902105914739327e+00,-4.426552202743089914e+00
5.785814026552537070e-01,-1.838509145949511980e+00
-2.149148545896770457e-01,2.815848754006844978e-01
-5.733909393390878434e-02,5.470778134107463497e-01
3.689054906399137357e-01,3.129891855948874757e-01
7.559688521008122164e-01,2.755886605489452079e-01
5.381795186150944987e-01,4.736475009012234283e-01
-7.965054076583850950e-02,7.778322567705989732e-01
1.513936858018144205e-01,4.882934912884827616e-01
1.434482883492061434e-01,-1.828146637927995366e-01
-4.145239792561837833e-01,-4.778862901430262489e-01
-1.014837027085270238e+00,-2.190235031718064385e-01
-1.638778349644264498e+00,-6.819050892665117214e-01
-1.819210246037409773e+00,-1.603654116013981890e+00
-1.395712425003065249e+00,-1.582492509296844707e+00
-8.852949300026253798e-01,-4.126080231173804291e-01
-8.216260421713701412e-01,4.135134620028857455e-01
-8.292884086781753261e-01,1.964199664364408848e-01
-7.145873411885004245e-01,-1.189843967692429116e-01
-1.042671065671053832e+00,-6.577268322452997085e-01
-8.167026557020672373e-01,-4.328272034447843142e-01
-8.347101523730310335e-02,1.719208874919516405e-01
-1.008648877192909188e-01,1.427521312824868716e-01
-3.897819755203517089e-01,-1.251242490829264919e-01
-7.379666692924324867e-01,-6.396845966068801514e-01
-9.598782589949030886e-01,-9.088221028520113709e-01
-1.039013830114909664e+00,-7.097812624856750796e-01
-4.578197487290576184e-01,1.238235133417809608e-01
5.331004223821338428e-01,3.060361528679973464e-01
2.244298040945244266e-01,-3.968912407905433315e-01
-5.930372176848519583e-01,-5.112277211997728887e-01
-1.177799584517260190e+00,-6.392117718345483590e-01
-1.079641709821448137e+00,-7.029802241554236053e-01
-4.354625727441620575e-01,-5.077973286680732556e-01
-7.161011893345233803e-01,-1.136404644168506617e-01
-9.902692445817614653e-01,-1.767890619341029035e-01
-7.379666692924324867e-01,-6.396845966068801514e-01
-9.066009359504254572e-01,-1.067453619129802522e+00
-6.317937938376732010e-01,-9.709855431539287096e-01
-2.050123029314304401e-01,-5.233784533638146108e-01
2.773269697344102336e-01,-1.221726481690241228e-01
4.096468384749174518e-01,2.709897520350506017e-01
1.647333979140260252e-01,3.455891769329104135e-01
-3.590480516502866926e-01,-1.553730485408487960e-01
-5.591164168322418915e-01,-3.743113624908500636e-01
-6.128059864903905307e-01,-6.241316310331851414e-01
-6.527737373677426902e-01,-6.883262847573298204e-01
-3.666570452751890530e-01,-3.744409015455364420e-01
-1.684876199716615064e-01,-1.950391539333194146e-01
4.919473632036297506e-01,-5.235897980045210037e-02
5.023843671418661838e-01,-8.504893662808667154e-02
1.047320782540703543e-01,-1.009185504234982322e-01
-5.412481928715848767e-01,-2.936632487809818781e-01
-7.914465159862278387e-01,-4.417294192978444278e-01
-6.434522272816243227e-01,-3.341280838649095530e-01
-1.403279673746526734e+00,6.838609228094350012e-01
-2.976375793291080374e+00,1.592851711528979086e+00
-3.952381381010103834e+00,1.859573639179268323e+00
-3.258073542105232701e+00,1.159759008348358655e+00
-1.634976906877073421e+00,2.804859169477739167e-01
2.697067992936364456e-01,4.763243110956771886e-01
1.182034641098026695e+00,1.288609091891687708e+00
1.210419917463795958e+00,1.442015936545519628e+00
5.610799248006729245e-01,1.018650433724926696e+00
-3.563290664019495013e-01,1.815010183127102050e-01
-3.294274538386999795e-01,-2.885556064411414195e-03
2.827720356033531224e-01,2.922693951130733714e-01
2.823489454216701944e+00,-1.455516079468992807e-01
5.636760742655743783e+00,-9.290043266535690236e-01
5.692359595543996953e+00,-1.137522646077467225e+00
2.947941600864090628e+00,-6.650411927169014303e-01
5.455681798996518950e-01,-5.689105689862470339e-01
-3.455558189991742024e-02,-5.995017111457318082e-01
-1.932931237990082596e-01,-2.233262481537912902e-01
-1.858410334476567546e-03,-1.391514549332823203e-01
-3.571790107622704880e-01,-3.407043357336524969e-01
-7.431033041689160124e-01,-4.639444744503127271e-01
-9.389113902260913802e-01,-3.446515452190805351e-01
-6.353097882687891440e-01,-2.296620177500503512e-01
-6.047173365256416355e-01,-3.574123268374930218e-01
-1.219911535955726878e+00,-5.954359581899091314e-01
-1.373531545519370844e+00,-6.436928981494537405e-01
-8.876373128669253765e-01,-4.447607202261742998e-01
-4.476118365527084197e-01,-3.504164830436405920e-01
-4.476118365527084197e-01,-3.504164830436405920e-01
-6.630654018445973907e-01,-6.028468549953477917e-02
-8.940621976111625679e-01,2.244048268102477595e-01
-6.358478457742404721e-01,4.855933991366994107e-01
9.030467401519040593e-02,5.560554071953909272e-01
2.022710245864088596e-01,2.977317647225729003e-01
-5.610813023216006945e-01,-5.480884136632328124e-02
-4.842299072606510157e-01,-2.708929773813980035e-01
9.048882569245120244e-02,3.093282622399632156e-02
1.682458665434157230e-01,3.081942099024417292e-01
2.053868398874656997e-01,6.093200126544509598e-02
4.208323719087487258e-01,-3.654006749629257200e-01
6.831131016148205282e-01,-3.336384901683634996e-01
2.785566746314812603e-01,-3.489242583579730272e-01
-4.779749918473065184e-01,-3.265060116892083975e-01
-6.680645042003540146e-01,-2.140325174397884889e-01
-2.086413142778130447e-01,-2.597409438816210558e-01
-2.132500573007468578e-02,6.274754339073346232e-02
-8.537214912194135419e-02,4.984794209764774053e-01
1.449252716329026136e-02,2.364366759908897442e-01
-7.611465193800848184e-02,-2.474212092224127302e-01
-5.412481928715848767e-01,-2.936632487809818781e-01
-7.914465159862278387e-01,-4.417294192978444278e-01
-5.784321645038506543e-02,-3.584947172244702385e-01
4.440563413589715958e-01,-1.236288639173297038e-01
-1.948221944195889510e-01,-1.837019325043192375e-01
1.371657676414226867e-01,-3.051659186917677902e-01
3.745421719317319487e-01,-4.011510895412221944e-01
4.698613355178512530e-01,-2.638081398000373112e-01
6.312895318179672088e-01,1.393733987800341856e-01
5.006932293709732695e-01,3.714389349908090998e-01
6.874970923150800495e-01,4.471633621014264870e-01
4.158377171077163315e-01,5.345471050065716545e-01
-1.771396587107222642e-01,2.790452188474934481e-01
-8.536354172367044413e-01,-2.960964188778170136e-01
-1.464631796417777743e+00,-5.738409235173943523e-01
-1.151946176549306644e+00,-4.272671906484312720e-01
-6.491383367432858043e-01,-2.307670101794374595e-01
-5.532040033067119333e-01,-2.467202214060676413e-01
-4.256810739727237003e-01,-1.241004359609033797e-01
-1.144217414031534624e-01,-1.794683292969444233e-01
-1.228708792095309921e-01,-5.189200135945909453e-01
-4.830557780797840595e-01,-5.308982525157964760e-01
-1.035931916494714500e-01,-1.242395330405865334e-01
7.912711611370297771e-01,-6.974763926185684193e-02
5.080546423837080106e-01,-2.226760497790780668e-01
-5.412481928715848767e-01,-2.936632487809818781e-01
-7.914465159862278387e-01,-4.417294192978444278e-01
-6.611445415220990052e-01,-2.127910448657928943e-01
2.560630961511997997e-02,1.893809557372637398e-01
2.980802310778079556e-01,4.235615197566188206e-01
-2.361041079337703741e-01,5.431722801598620060e-02
-5.534321717113142025e-01,-4.896882702494674278e-01
-1.007052743074030809e+00,-8.700366473951016699e-01
-1.349935331208420575e+00,-9.865627702046922964e-01
-8.988748733771171340e-01,-6.549850651483549724e-01
-9.817025765319521424e-01,-5.550478356724320994e-01
-9.695079421920124174e-01,-2.449169328587969263e-01
3.260862126564890162e-01,3.535421430209940707e-01
1.284901376296587072e+00,2.632155884057379436e-01
1.266860556692845918e+00,2.836438052803446630e-01
6.090527403970952269e-02,7.941294251385258574e-02
-3.187390121227339779e-01,-1.160048400453093931e-01
1.967656697015492673e-01,-4.713258025246514493e-01
4.766402042591958987e-01,-7.690261153729009980e-01
6.919987872321199385e-01,-4.740188826350666962e-01
4.440563413589715958e-01,-1.236288639173297038e-01
1.497994858750606277e-02,3.771051322503230496e-01
-7.965054076583850950e-02,7.778322567705989732e-01
-7.965054076583850950e-02,7.778322567705989732e-01
-2.547006750093870897e-01,7.864976823482242585e-01
-1.053293267025048108e+00,3.586388346179533726e-01
-2.183185556095343927e+00,9.346583318559209541e-01
-2.927627770176398858e+00,2.198062397920246269e+00
-2.448104338566338800e+00,2.254823460895891696e+00
-1.266687175374956231e+00,1.419653583983435885e+00
-2.383025443817048394e-01,5.864800069146950401e-01
1.838599862173771471e-01,3.306886410012183086e-01
5.481070707051327595e-01,3.146479152756250230e-01
5.481070707051327595e-01,3.146479152756250230e-01
3.255442256517563360e-01,-1.568621686696415607e-02
6.652877414262572953e-02,-9.868142284092207284e-02
1.927463932749917952e-01,7.659151886686219046e-02
6.276126900954122068e-01,3.752182923534106429e-01
9.522433132407113199e-01,6.209310310019866552e-01
1.217008237271320459e+00,6.851630818471113882e-01
1.034313829619473157e+00,5.841334730365363992e-01
6.518215312747767110e-01,3.575693797599491242e-01
1.029159593537032069e-01,-9.734867781279478438e-02
-2.430077534287776175e-01,-2.470198916199701500e-01
-4.244945098356482371e-01,3.192372778345749507e-01
-9.685387093854973539e-01,1.534698761645259202e+00
-1.437779943842990793e+00,2.608199735098807537e+00
-1.096963638842188393e+00,2.283704905986861711e+00
-6.111779632906004789e-01,1.360012571234288092e+00
-5.106484743885007088e-02,9.191625520692064955e-01
5.224237050232900526e-01,1.166571214425122349e+00
6.838314984670785801e-01,8.539361510333960403e-01
6.949722410408383233e-01,5.096329210772263529e-01
8.182627382268663485e-01,1.037899619674273799e+00
7.173725475290844145e-01,2.070254740911114499e+00
9.292160485099931755e-01,3.113772477333030420e+00
1.156649770021178636e+00,2.903059802958169122e+00
6.082087257417326809e-01,1.339289462624025484e+00
2.237099473068203670e-01,-1.099571758312473113e+00
-6.222664704947295650e-02,-1.375550945101507994e+00
-1.872234198984752407e-01,1.098086448961469869e-01
3.271064265649853420e-01,4.060813732490817785e-01
5.481070707051327595e-01,3.146479152756250230e-01
3.145463213093439014e-01,5.028373980605502780e-01
-4.574179166052592081e-03,4.702419351989476359e-01
6.296440213780628570e-01,9.577754464860589734e-02
1.657842522902121196e+00,-1.654867548952017875e-01
2.050612021539744756e+00,-1.017554583888731143e-03
1.592967533339961328e+00,4.795068218013427419e-01
7.639808409307837778e-01,1.846990687950700316e+00
8.301529066486780517e-02,2.716862213666022985e+00
-4.846020290225683258e-01,1.682894679727612086e+00
-6.537456582222722634e-01,6.754274957276172886e-01
-1.729473463374811559e-01,4.972056477364564797e-01
2.491516719087920884e-01,-1.926195877888665919e-01
5.953598575786955838e-01,-5.961050591154966050e-01
8.027504212819700502e-01,-1.881030279585139964e-01
9.845887615321105013e-01,1.300048602215526872e+00
8.691227913478227762e-01,2.595477609574117661e+00
-2.180066024011269657e-02,2.107763172291383214e+00
-9.864044273571845878e-01,7.374866612607804406e-01
-6.129437225767125907e-01,9.496248027320619567e-02
1.466482663002258713e-01,5.103980386436838268e-01
-7.965054076583850950e-02,7.778322567705989732e-01
-1.682589559663550671e-01,4.467504225044993671e-01
-7.331924826103466963e-02,-8.106503689329352946e-02
6.680605098460666580e-02,1.028555506834489125e-01
-3.355970379199362669e-02,5.782461267892163859e-01
-1.924480580012986608e-01,4.454261192026480187e-01
1.192630105591731965e-01,2.052132457264711496e-01
4.612767345780725559e-01,6.845057501491254026e-01
-4.812713100959060963e-02,1.369093739557016853e+00
-5.966238425024428249e-01,1.402800629856980841e+00
-3.501566709504668196e-01,9.032784809264408077e-01
-1.373707116042219567e-01,3.233693381178084358e-01
-3.277159401507410141e-01,4.303919970225832392e-01
1.849260882707100817e-01,-6.394379604018303465e-02
8.147029629405270201e-01,-2.600201775407200988e-01
3.772917940803255377e-01,1.570317614025430741e-01
-2.676799335093151266e-01,-2.944011524107342237e-01
-3.338701372818654312e-01,-6.352002926760544899e-01
-1.407836470232146087e-01,-7.877429303402500027e-01
1.515958868060097164e-01,-8.486517396865880247e-01
3.509118028506024722e-01,-6.494494015364857820e-01
6.676982716943760110e-01,-7.538526083835241920e-01
1.200459545099981096e+00,-2.771414327352234697e+00
2.131364282992493475e+00,-5.496383423783128386e+00
3.512897447835964027e+00,-6.748662697499482555e+00
4.373306197963686692e+00,-5.882916142343517230e+00
3.727236016085003545e+00,-3.749431395159680491e+00
1.905925780272233361e+00,-1.697820731881502399e+00
3.376255410781723865e-01,-5.330947982263435359e-01
-2.688495023393436267e-01,-1.396202934405300911e-01
-2.141941078748492433e-01,-1.130666386778276522e-01
-2.066710053121846580e-01,-8.655839061633525955e-02
-2.066710053121846580e-01,-8.655839061633525955e-02
-6.089080435664928626e-02,-3.786142736164205963e-02
2.716258756912702244e-01,-2.538143503962678182e-01
6.676982716943760110e-01,-7.538526083835241920e-01
7.932927018364906990e-01,-7.749954182115085244e-01
1.858987863518000605e+00,-1.538763646854185430e+00
2.749559376089945051e+00,-3.106422540478638972e+00
1.912952013725115252e+00,-4.204917355296188042e+00
9.735308719819860679e-01,-2.922087954708633362e+00
3.376255410781723865e-01,-5.330947982263435359e-01
-2.688495023393436267e-01,-1.396202934405300911e-01
-2.635311778116830039e-01,-2.574267866882702371e-01
-1.229394248438632348e-01,-4.265714755139133896e-01
9.722686461761635701e-02,-8.827180523325819372e-01
-4.699262222404802097e-02,-8.118142019310836677e-01
-7.307047112159343882e-01,-2.344149256007899418e-01
-1.498002667682593936e+00,-1.266170000096444315e-01
-1.710667014087146054e+00,3.591604068163955902e-04
-1.374403940119618417e+00,2.863627718523981680e-01
-7.553832296191093088e-01,3.649957471529410857e-01
-2.548430105350819042e-01,2.253672647655756700e-01
3.155653408754830469e-01,-3.336672977025124665e-01
3.057656911724283555e-01,-4.148387695128271102e-01
-1.951768626414797647e-01,-3.395414407780052435e-01
-9.814651232798298208e-01,1.209400220118311831e-01
-1.574514022761558385e+00,7.097034661459529215e-01
-1.295656063795875168e+00,6.175513604754714336e-01
-6.496141448899477311e-01,1.467189864305229186e-01
1.003119546367675918e-01,-1.474673072722809120e-01
6.648636154038525259e-01,-2.170824755709374436e-03
1.107722651887753651e+00,5.745478275926376582e-02
6.873793725049386349e-01,1.939699147000368759e-02
2.088174778601006032e-01,-7.535517298817212550e-02
5.350049110868286550e-02,-2.215997121331469422e-01
-2.149148545896770457e-01,2.815848754006844978e-01
-2.547006750093870897e-01,7.864976823482242585e-01
-7.965054076583850950e-02,7.778322567705989732e-01
1.438545837412676109e-01,7.622669630851940381e-01
8.810177857721190886e-01,7.505728387548770142e-01
1.179155756367977759e+00,3.516016230979728263e-01
8.302304343133710685e-01,-3.428393982900527770e-01
1.245815587264581747e+00,-2.159028510206707774e-01
1.260088603931481810e+00,-1.182811005773304856e-02
1.177879681251075672e+00,3.523701900959725908e-01
1.729673836346231619e+00,1.561816406036269811e+00
2.135126492559280997e+00,2.526861810313629775e+00
2.414326771050961273e+00,2.299726953252900330e+00
2.097234299044395289e+00,1.035213679114993068e+00
1.495981636761573030e+00,5.328080703427721110e-01
1.393085159509518611e+00,8.395022094241875177e-01
1.322066210728350510e+00,7.065677760667511409e-01
3.086260423544046616e-01,-2.039543261348162606e-01
-1.024158064067725471e+00,-1.155824371245625981e+00
-1.505668901408195426e+00,-7.275260297474671622e-01
-8.666304161442403009e-01,1.824426018852393361e-01
1.423597078311546194e-01,1.366982069473144656e-01
3.999531272221983347e-01,-3.537905626969005124e-01
7.338489607853446728e-01,-1.495433424971164271e-01
1.045683142144864464e+00,5.333394894462082370e-01
1.080774954733854099e+00,8.884301296549452776e-01
1.740484085975449124e+00,1.478126243728781652e+00
1.993199117360660244e+00,1.480818776643243462e+00
8.889822653359616966e-01,3.557404617651160339e-01
5.264264418747951479e-01,-4.434769376579641986e-01
3.128157770766510359e-01,-4.660524818015290838e-01
1.087217456184023066e-02,1.871478382698200660e-01
5.074019428497261730e-01,5.828904195187648574e-01
1.108201544643971692e+00,8.641966169406969378e-01
9.990435269789262884e-01,8.123019015957598787e-01
5.039102689935854862e-01,3.684420452805918789e-01
3.302410394889427336e-01,-1.156008109687146207e-01
3.622161058769123865e-01,-3.563269892876345657e-01
6.577875421803208722e-01,-6.105612723509584727e-01
1.253500019091077000e+00,-2.747942709155120622e-01
1.456626572124588348e+00,2.848834170339609728e-01
1.405792274321895130e+00,5.656396927052884660e-01
1.509127831998960056e+00,8.410334889104713607e-01
9.850704858040706391e-01,5.349594844773114533e-01
5.223915943813913776e-01,1.348932407416213175e-01
6.568920685844772400e-01,-1.799497370174077959e-01
9.296088053634522508e-01,-5.785537086149251662e-01
1.177109948639220027e+00,-9.825281350630519217e-01
1.005455226879086617e+00,-9.585588911687119573e-01
6.804447348994852041e-01,-5.932229610856145641e-01
5.254757690625678768e-01,-3.380862217857958929e-01
4.350776475048590552e-01,-2.768004608364642571e-01
7.972938323583922404e-01,-4.423656952012913757e-01
1.080006049262216772e+00,-3.258233645266359613e-01
1.999151511026669326e+00,1.113468274688800830e-01
3.024848908393300118e+00,6.860042228310545553e-01
2.927350655031461191e+00,1.504362106148014355e+00
1.824672844736721089e+00,1.683688664276883573e+00
6.318809050685013640e-01,1.153796970724368709e+00
-1.228325562287934769e+00,7.628563318909953317e-01
-2.436156817793709628e+00,5.332181383299366972e-01
-2.105679946061450813e+00,1.459714017924625407e-01
-1.079669751812811551e+00,-8.717083155593026156e-01
-3.688031617138070040e-01,-1.704203141364106333e+00
5.383183652576040146e-01,-4.955756826262608383e-01
7.814882254372882420e-01,3.197466597345878236e-01
5.401631763873538938e-01,-4.766911283880355676e-01
5.401631763873538938e-01,-4.766911283880355676e-01
3.626918831137650873e-02,-4.206371567310408510e-01
-3.042659512071614336e-01,-7.390615619533150715e-01
-2.577020229477419710e-01,-5.661304485602987047e-01
-2.680795069175479495e-01,-3.197627007526533949e-01
-1.836116647322078299e-01,-1.918143320635019300e-01
-1.707227868240521473e-01,-1.660621814654035244e-01
-4.506853986999007078e-01,-2.959493169453277228e-01
-2.860651699524431324e-01,-1.526187073021890717e-01
2.071967600091597361e-01,-4.809016528687299480e-02
2.189824678411550207e-01,-6.697419937343259029e-03
-8.413356217170304685e-01,9.371048189060690037e-01
-2.532464651707855730e+00,2.232486081709603276e+00
-3.832816205513738694e+00,3.203423442189018644e+00
-4.326857482782361153e+00,3.587653088224626696e+00
-4.326857482782361153e+00,3.587653088224626696e+00
-3.578053152362772771e+00,2.671485077069483349e+00
-2.183957645709081685e+00,1.046028343274375993e+00
-1.311646040483196884e+00,4.331742856673686526e-01
-1.212085295287316677e+00,4.180959364896912889e-01
-1.249128136252141363e+00,7.673879012144928236e-02
-7.710143555936141979e-01,-3.697211005369548387e-01
-7.710143555936141979e-01,-3.697211005369548387e-01
-8.448964838664777544e-01,7.441986085999179046e-02
-5.232304582322541697e-02,-9.621542311692257710e-02
7.370540088701003911e-02,-1.003598335555103471e+00
8.270681546054325234e-03,-1.645032727633328751e+00
7.509888703368462759e-02,-1.002696314693636737e+00
8.960828360957065475e-02,-7.614030899315109291e-02
-3.480989665695527480e-02,3.343151718126892713e-01
4.466502218557863446e-01,1.083810600900912080e+00
1.670136856176746898e+00,1.750613253224702737e+00
1.993199117360660244e+00,1.480818776643243906e+00
4.767148394986653326e-01,-2.275869933860054928e-01
-9.928757469211304532e-01,-2.032161966179555357e+00
-1.715481096996473331e+00,-2.935249797564526641e+00
-1.273391759292189507e+00,-2.393065380890791349e+00
-1.080125236627484109e-01,-1.177473827027662789e+00
6.092559526224960997e-01,-7.320869201796716963e-01
3.376255410781723865e-01,-5.330947982263435359e-01
