-2.421338746875882075e-01,-2.751299264990332727e+00
-4.394868244438145943e-01,-2.519895985022154061e+00
-5.240468719703640366e-01,-2.020536780188264991e+00
-1.732440616440651393e-01,1.360733266469428548e-01
1.816167776679289692e-01,1.223524820370057054e+00
1.000380836231969939e+00,3.663126915401885952e+00
1.791652357655195260e+00,4.980011019467943889e+00
2.220648592871258487e+00,6.227149249459988489e+00
2.796369412399585475e+00,8.369084731016771528e+00
3.054703432650821338e+00,9.945541708023991845e+00
3.268313891091384260e+00,1.142354818744102829e+01
2.640687825241960329e+00,9.194321835670312026e+00
1.630330518450051391e+00,6.412425505882977106e+00
5.449489217161983534e-01,4.277891979601353256e+00
-2.253620990486662201e-01,3.785210824275431207e+00
-5.217190055003884108e-01,3.235248695109145700e+00
-7.209162625175047356e-01,1.440149461192435032e+00
-6.031584691099564077e-01,-3.000019341517956573e-01
-6.054050200283764838e-01,-1.583844871947364785e+00
-4.585762086112282199e-01,-1.827553020976151021e+00
-4.007813588452669995e-01,-2.200663067440820075e+00
-1.291615610164023042e-01,-2.660981899751589719e+00
1.083880852934785421e-01,-2.638081208612561568e+00
6.258476865375461884e-01,-3.059230550673351701e+00
1.066977311096287240e+00,-2.902466963971804148e+00
1.312688477423317179e+00,-2.838916816535144605e+00
1.145391125744677385e+00,-1.748158390270353246e+00
7.184876021149967373e-01,-7.269692080452478944e-01
7.369531708909393686e-01,-6.103043551353854596e-02
6.366236963959284179e-01,3.328207574468426966e-01
7.280486543056369220e-01,6.671689051563790551e-01
3.791189178479255628e-01,7.767617442388896620e-01
4.834947069522644303e-01,7.703280221215761392e-01
-1.454372995527663526e-01,6.857666752400431998e-01
-1.115289041553351040e-01,3.195543164882056475e-01
-6.479863337646456500e-01,1.579970195772384955e-01
-7.901278422287059122e-01,-5.657143657702056183e-01
-1.231775623678315945e+00,-1.179014053103737858e+00
-1.327930137357762108e+00,-1.854777738251240704e+00
-9.074367526229513148e-01,-2.505407803628012076e+00
-4.688810822967176550e-01,-2.281430992481299214e+00
-1.589680246283217413e-01,-1.886769670369870644e+00
-7.742219832013645664e-02,-7.488387281851706101e-01
-7.251141227731826289e-02,-4.640845831687080703e-02
-2.841498263775802946e-01,2.269259921155799276e-01
-2.841498263775802946e-01,2.269259921155799276e-01
-1.079544469369524973e-01,1.505400829632623227e-01
3.688121417344916164e-01,-4.428588338779231026e-03
7.925668395925162812e-01,-1.528294767504159157e+00
1.193950319158491924e+00,-3.144160285210872985e+00
1.374839123196387680e+00,-4.643103336314376328e+00
1.336491144319580160e+00,-4.414631221760126678e+00
6.897142124710142763e-01,-3.697573218566055253e+00
-7.057694940189269961e-02,-2.703678741322352863e+00
-5.890212099398397516e-01,-1.998039639282885194e+00
-3.643549199184799026e-01,-1.126149710998486819e+00
-1.189297420651926063e-01,-4.113777496597376127e-01
-2.635748005308511388e-01,8.402313403109946954e-02
-5.734400229706014818e-01,-1.028134228597525679e+00
-9.422596544311104827e-01,-1.588870174913048050e+00
-1.014950750606149477e+00,-2.078970711257459580e+00
-9.382707007167683244e-01,-1.863678009898313892e+00
-8.263017884464848306e-01,-2.057992251280059470e+00
-8.711008914985371998e-01,-2.362008926214298921e+00
-9.372181967701853633e-01,-2.153391098489917610e+00
-8.473728593410783105e-01,-2.139438067206809180e+00
-6.659428533528408689e-01,-2.068160247260488749e+00
-4.632825468027430560e-01,-1.504979941640041563e+00
-5.075825648453602401e-01,-1.137378649604900982e+00
-6.042967574858686408e-01,-8.007783489385624787e-01
-6.904834239721915345e-01,-1.456652396136044914e+00
-7.704761675376919916e-01,-1.862785108505284892e+00
-1.206782792462730569e+00,-1.760265455559139269e+00
-1.171743800500912647e+00,-7.443135701146690320e-01
-8.110189592283105764e-01,-2.066407811641766679e-01
-2.899129083955767627e-01,-2.744090531049085402e-01
-1.203521583263521405e-01,-4.455285442908621940e-01
-2.064957751332175684e-01,3.434582608865290043e-02
-1.638339929174258414e-01,3.062660005351142134e-01
-3.301300579475598407e-01,4.635599318815683545e-01
-4.530790161326314069e-01,-2.633171387209197467e-02
-6.276359729919488428e-01,-1.132477407556909954e-01
-4.471932040287360799e-01,-4.101547101438802329e-02
-1.631674452174168566e-01,5.858849985301319840e-01
1.688419863249291941e-01,8.685141502955238124e-01
2.202251747015950278e-01,5.690675755108927092e-01
8.931641974712298260e-02,2.668291152989761272e-01
-1.770900213800333245e-02,1.003669999490171549e-01
-8.606741863318563557e-03,4.283454665810149664e-01
1.900538444139907024e-01,4.715372408102806445e-01
2.257027533971747157e-01,2.744590483564065542e-01
5.994667445440832187e-01,-2.031682783290945649e-01
7.595274271738107208e-01,-3.550408070715742603e-01
7.079714595197897919e-01,-1.118298006533658823e-01
2.747873366006424178e-01,3.733044844433932585e-01
-3.203771941265913803e-01,1.051797574752172115e-01
-1.115521951942666928e-01,-6.543626945734030143e-01
6.505080128180144028e-01,-1.959882138034631183e+00
1.648775557481653609e+00,-3.182931626424807536e+00
1.893254902169316134e+00,-3.868219316609160963e+00
1.174153921017956570e+00,-3.697365892423327693e+00
1.316061516038946611e-01,-3.092056994274178461e+00
-5.920206127467443347e-01,-1.633832876247110377e+00
-2.383919142504316580e-01,-4.269678733259066883e-01
-9.530177046487010861e-02,-6.920083056177374348e-02
-1.583267348851279122e-01,-9.227888522719739361e-01
-3.204868110408299331e-01,-1.907558254283727939e+00
-2.899446298895602125e-01,-1.721623952261063462e+00
2.546045181149768702e-02,-1.074784170261206206e+00
7.231634229894079446e-02,5.607506213717139421e-01
3.476099351994642039e-01,2.251831711630011501e+00
3.176395804692771496e-01,4.016527364048998905e+00
4.150514890734658957e-01,5.114474110993914913e+00
2.123334115323881055e-01,4.678434481075657736e+00
-3.210781269636260871e-01,3.447744551692078385e+00
-9.358491284784055120e-01,2.269212406433797735e+00
-1.161763669265921672e+00,1.891340897377755903e+00
-1.001473798337568333e+00,1.470627560648173571e+00
-7.565707340808170978e-01,1.045906205432946656e+00
-5.694520163042332550e-01,4.559792440265152957e-01
-7.972571206127205823e-01,8.839262497396759288e-01
-7.433560266865375521e-01,1.019755444535558331e+00
-5.867425888820647639e-01,1.047429834089111500e+00
-3.734929278355805238e-01,6.423986834317807482e-01
1.826598082538441192e-01,3.156375900480408170e-01
-8.233555846554847790e-02,3.352153812326634785e-01
-2.944755711630299144e-01,5.596757356507205960e-01
-8.203556090243848686e-01,7.807751045732534700e-02
-7.401222555414221915e-01,-1.035102293751768571e-01
-5.409125125032332448e-01,-5.041495815810411729e-01
-2.311896117060320555e-01,-3.115232807147027758e-02
2.113034824259971828e-02,1.595967118552635289e-01
-1.251675034290899166e-03,3.928819307089222446e-01
-2.791605337919274565e-01,9.046210026221476186e-01
-7.381864317102889705e-01,1.458441369101637797e+00
-1.161763669265921672e+00,1.891340897377755903e+00
-1.458684162720632616e+00,1.152763040566835873e+00
-1.657806181115024646e+00,6.161095612507674346e-01
-1.470634079308113185e+00,-1.470363272203679406e-01
-1.316419580828376290e+00,-2.135659086445362842e-01
-7.794868131506815789e-01,-3.442013935741302655e-01
-9.735971907783537160e-01,-3.878408129134064408e-01
-8.757178104512007843e-01,-3.417613961966726732e-01
-6.201173876908522287e-01,-3.069962861957147848e-01
-5.529748670255136833e-01,-4.210700422068246462e-01
-2.302476739405475981e-01,-6.509562999863295341e-01
-1.065494939987171250e-02,-1.075649511877797559e+00
3.284060827309809305e-01,-9.053717445410965903e-01
3.171729984440082029e-01,-7.317668088420629102e-01
3.620956331785611382e-01,6.644770201173220980e-02
1.147817691034184046e-01,7.523322244374656131e-01
-1.192938195838115362e-01,1.533917758596185621e+00
-7.828204809580455725e-01,2.358818067533860141e+00
-1.217518950707254799e+00,2.764801930189605184e+00
-1.364508855465280890e+00,2.739239125848211387e+00
-1.472712111031061033e+00,2.168741829047022396e+00
-1.377541108093882860e+00,1.381933267960270939e+00
-1.057347648312486399e+00,9.086370153237178782e-01
-7.449433370407420041e-01,7.503929969880308581e-01
-6.290727821403320208e-01,1.205079181708070823e+00
-8.277266440010347948e-01,7.321438261953668869e-01
-6.152170241122673078e-01,7.009807227779636385e-01
-3.702679492965113561e-01,3.897116733019204138e-01
-1.306720318372435463e-01,7.603856486909519319e-01
-1.062405358846159192e-01,9.596431001943218631e-01
-9.993842823656216845e-02,8.796300499405405038e-01
-1.404236523162979144e-01,4.789663043323341141e-01
-1.712786781351144372e-01,2.835268206842055383e-01
-9.694333750447182985e-02,3.272882389830953503e-02
7.914257076838869531e-03,2.660696635517876274e-01
4.872499675735903618e-02,2.938567291685024174e-01
1.406049171236461170e-01,4.698214819381578700e-01
3.997231185199728309e-01,4.636528552210810172e-01
2.827315058391399183e-01,4.051674296169904266e-01
5.398385114838179927e-02,2.989936315346728990e-01
-3.026741748222729345e-01,1.864191070936537797e-01
-2.894559570869533749e-01,3.044065414240384460e-01
-9.511020794929278543e-02,4.304366889103372618e-01
1.560542723262386411e-01,5.316494859021275721e-01
1.667196627045207380e-01,5.363708530145019360e-01
1.667196627045207380e-01,5.363708530145019360e-01
2.882101618574993071e-02,3.109194016760556956e-01
2.882101618574993071e-02,3.109194016760556956e-01
-8.841466881387366472e-02,7.132435192459175843e-02
1.114898334946429724e-02,8.441814111997586467e-02
9.478922421778262358e-03,-1.660609878537291639e-01
2.112492840884083456e-01,-1.705357560374150261e-01
2.980493806574975313e-01,-1.538338478978345525e-01
2.386460457915863809e-01,1.802068119127360479e-01
-5.409787823747605473e-02,2.627068612946705795e-01
-3.543046440834373145e-01,7.721281917676782180e-01
-9.868528272755926201e-02,1.771666395940841632e+00
1.291833566441093484e-01,1.703613308107547075e+00
5.815101125851784847e-01,1.140745332043561877e+00
4.666781797843003177e-01,1.699073272968935622e-01
3.510484263660866855e-01,-9.083960564477709665e-02
1.824948279847424526e-01,-7.926269602208654841e-02
4.448711103178471515e-01,-1.168143884674808369e-02
4.019400679847319191e-01,6.259025168528729866e-02
4.004537972748516417e-01,2.435091750145497169e-01
1.634555159849196970e-01,9.181285573053447890e-02
7.772718795102695477e-02,3.489348193233592771e-02
4.730820916249777186e-01,-5.588111385242701123e-01
6.187905865950086293e-01,-1.000502570205002550e+00
8.415134694692545381e-01,-1.186385519430660063e+00
6.626721816176880386e-01,-9.921704945003581022e-01
5.507074668257769812e-01,-7.387924631337885462e-01
-5.614449869354866396e-02,-2.374459804738117963e-01
-3.625354465658741643e-01,-3.208286032394408460e-01
-8.194435511592770283e-01,-2.467321414333961682e-01
-1.000889040152764142e+00,-6.250464819707809982e-02
-9.141428426689812703e-01,2.268540357790355677e-01
-4.879500549814096977e-01,5.545458203669630937e-01
-6.567181064228663212e-01,8.432834788224093936e-01
-1.056294700715253221e+00,1.054026080748432515e+00
-1.540292462772281823e+00,1.107881495819051487e+00
-1.223514541402737965e+00,7.851765199592610767e-01
-7.687623816143491773e-01,5.637862002970709385e-01
-4.144162126678054836e-01,4.900337998423299202e-01
-4.531042328272728015e-01,3.312519058506425140e-01
-5.451141510240115062e-01,3.139675387585877386e-02
-7.524236527000888186e-01,-4.917728467824415417e-01
-8.298335516442301163e-01,-1.085852347130796147e+00
-5.807673260670741522e-01,-1.242958492712507024e+00
-8.201023106377047789e-01,-7.772737570212546743e-01
-6.519884501444690450e-01,-4.147790752218009636e-01
-6.837397824587073680e-01,-1.534713037827125370e-01
2.627864127676347583e-01,6.106801483655081852e-02
7.738674876670545988e-01,3.922996543375971701e-01
9.951927528480714047e-01,2.475393489304733852e-01
4.609079554376409593e-01,1.247400363295599224e+00
1.647271251556418903e-01,1.588389949194525252e+00
-7.080158674107086547e-01,2.339535130034145372e+00
-5.618799478360844146e-01,1.470098151652994956e+00
-5.341263704594304551e-01,1.378220224998557786e+00
2.860745805474148584e-01,1.927190936077413375e-01
3.453290904291825281e-01,-7.224433902244916661e-01
2.386168509608642685e-01,-9.812997519478267039e-01
-1.222415566967380712e-01,-1.613488701444481643e+00
-5.930203595588391385e-01,-1.997858457494132045e+00
-8.263017884464848306e-01,-2.057992251280059470e+00
-9.367182696120647245e-01,-1.783543334979053263e+00
-9.575460834684567102e-01,-1.419598875652591241e+00
-9.393774061056979763e-01,-1.585988068611169144e+00
-9.029359574490337659e-01,-1.478631968938160846e+00
-1.092553251648240353e+00,-1.910106256024730831e+00
-1.115178174676890288e+00,-2.139822497474260565e+00
-1.461897587453078851e+00,-1.588027685840882608e+00
-1.171743800500912647e+00,-7.443135701146690320e-01
-9.864827629419313793e-01,-1.485732135100758244e-01
-4.596194305450308493e-01,-3.499401074056632810e-01
-4.710635574910172485e-01,-6.224813836539582201e-01
-5.162484804373146385e-01,-9.392786378040572925e-01
-4.337292745144173400e-01,-7.352855719490382080e-01
-6.798892032506081984e-01,-1.308703496674145983e+00
-9.586749478589854379e-01,-1.588136579461753017e+00
-1.226746193225330739e+00,-2.067910601171705665e+00
-1.165437787573845085e+00,-2.390137177110446931e+00
-1.038872820115044115e+00,-2.482117746818983228e+00
-7.919349459817042192e-01,-2.360169290811111598e+00
-8.058577032575303667e-01,-1.891632440912671465e+00
-8.566670065437688164e-01,-1.611997593253511996e+00
-7.945870493637932075e-01,-1.190729852333076710e+00
-7.478111251820019900e-01,-9.564806738412336973e-01
-3.514190206394948723e-01,-2.591466541924483113e-01
-8.792066241975202145e-02,6.503869099877002125e-01
1.146302524983722620e-01,9.071775815187448355e-01
-2.377589135727465885e-01,5.591225527681268348e-01
-4.006735018518591818e-01,1.928187592565755448e-01
-6.042709401213928189e-01,5.762757664886067888e-01
-7.612444654824003232e-01,6.615675913887548720e-01
-8.067026749068494373e-01,7.092849332804358475e-01
-6.122712307313142865e-01,5.829407716850847354e-01
-1.802637133308834794e-01,4.374593199082416617e-01
8.672572445756773427e-03,4.412245743815555454e-01
1.007463539662543095e-01,8.083884836980405053e-01
-9.845358290884584015e-03,1.017418878357675638e+00
8.213851961244666641e-03,9.306846150118295302e-01
-6.044155416090232075e-02,1.974243532028058246e-01
-2.011800734037703653e-01,-4.220125184096988336e-01
-3.408219591027955020e-01,-5.088324201676226455e-01
-3.824405644332636300e-01,-5.547299924707328467e-01
-3.990387299567020873e-01,-4.471384197252641357e-01
-3.931883358240556015e-01,-3.826940595412695045e-01
-3.401690752986520905e-01,-2.165891774461853603e-01
-6.194666700413147264e-01,1.024424664473949503e-01
-8.840083637394818838e-01,1.026659671852119121e-01
-1.179981872272908294e+00,-1.608381963642439016e-01
-1.087985335793923314e+00,-6.361245756027429366e-01
-6.569418682689051048e-01,-7.425372085516155352e-01
-1.257679656459920470e-01,-8.567056877089366251e-01
-1.030976495042826985e-02,-7.899820490456731514e-01
-5.113907524871952326e-03,-4.915712736280696826e-01
-2.496997974781153817e-01,1.102214557647177018e-01
-2.033447890685161352e-01,7.358088791730265088e-01
2.907412927243308021e-01,6.798390664986302401e-01
7.173426151775075255e-01,8.465750197282715384e-01
1.032288879046224128e+00,4.839563333544091295e-01
5.562620220742824362e-01,3.291747415326882198e-01
2.806085313375080714e-01,5.976058499124452528e-01
2.479781198645523432e-01,6.050676288745485687e-01
2.600509828222956066e-01,5.985274131059462599e-01
2.619883029272049302e-01,-4.623629829009014147e-02
-1.964532473212736441e-01,-6.974362698483497214e-01
-3.871063327824038613e-01,-1.584193944601188786e+00
-6.102508971878826127e-01,-2.087106552532838499e+00
-5.468599826719480195e-01,-1.783655123953396648e+00
-3.957181447709275379e-01,-1.123790129674494986e+00
3.590856016604889595e-02,-7.072911949651650154e-01
6.736603742055990995e-02,-1.252478693073862726e+00
3.342710385707642340e-02,-1.611341343150586525e+00
-1.715625266820696437e-01,-1.935358310294915896e+00
-3.631110649827205550e-01,-2.093747944661989546e+00
-1.044123633332284112e-01,-1.558612014285113423e+00
-1.305692668406945034e-01,-1.011591608054621672e+00
6.909582109149527140e-02,-3.182457235409929530e-01
-4.502707839468094581e-02,-6.750224720246603693e-01
6.610827088330559556e-03,-1.159847653548446100e+00
4.617479760527719024e-01,-1.334305571652179001e+00
1.272388457715962318e+00,-1.516571677143521590e+00
2.075033273170471038e+00,-1.721894336025167060e+00
2.304321867394868661e+00,-2.140495676925262103e+00
1.527274523484719371e+00,-2.059332612106655080e+00
6.303863665325031285e-01,-1.575362603199706779e+00
-2.459187133906059197e-01,-1.539465411401324868e+00
-1.003106681521987870e-01,-1.062993190906911689e+00
1.677502602708268176e-01,-7.921079710820794206e-01
3.677214878608071613e-01,1.972400132683015950e-01
2.912453720544717073e-01,8.020660921476340244e-01
2.912453720544717073e-01,8.020660921476340244e-01
1.873244745501914943e-01,1.077478743382029869e+00
1.873244745501914943e-01,1.077478743382029869e+00
-5.395822638090140844e-01,8.772448325362113275e-01
-9.963003111556583136e-01,2.188622998135111020e-01
-1.249844213218896494e+00,-2.735751690900288802e-01
-9.355385248140678511e-01,-2.633186792162700018e-01
-3.975114653000964560e-01,-1.492077602970871830e-01
4.228206209653211922e-01,2.061570433816075354e-01
8.934863551269642823e-01,1.710416993173309863e-01
1.160703098452380733e+00,3.643858299740505569e-01
8.657626853668388689e-01,2.015027313558814259e-01
7.426535372369806876e-01,2.114502285619338229e-01
4.683736529699569218e-01,-4.747031863431430132e-01
3.940240933567389359e-01,-6.588166753446674795e-01
6.178777846291354237e-02,-7.222217425106043365e-01
-1.041629244287277101e-01,-4.041795418729113298e-01
-1.794015525422360535e-01,-1.015166609094773742e+00
-2.204218054022480111e-01,-1.539899051537006569e+00
2.115459076071106448e-01,-4.026550309061503796e+00
6.920262113639968904e-01,-6.657767392667532036e+00
8.801111023189777116e-01,-8.697010874367364863e+00
1.175500732287346528e+00,-8.920022069690899613e+00
1.216443573831496039e+00,-7.202007980026913003e+00
1.372825764440658514e+00,-4.580644953972672795e+00
9.002891314503731479e-01,-1.776150019915051059e+00
1.725270971504003770e-01,1.417375295594149598e-01
-5.961673482573100896e-02,1.121181047083350674e-01
1.925469898509099553e-01,9.297968939159276247e-02
3.587181596146858942e-01,3.071051721236379151e-01
3.975945102797464048e-01,1.171183573417425988e-01
9.549969906773787820e-02,-7.816060818755321549e-02
1.448994271821366642e-01,-6.544973710471667649e-01
1.101792860046738598e-01,-1.141130344448181955e+00
1.451231752844267253e-01,-1.088824411698741557e+00
3.009878810787457865e-02,-1.185796577633736026e+00
-2.014801303600972926e-01,-4.347515179944089203e-01
-5.586516036554836084e-01,-7.228935574295097290e-03
-5.885941850833044109e-01,1.767832705040718322e+00
-6.735734867929011882e-01,2.032320082165506747e+00
-4.431863214196376521e-01,2.003782396450212389e+00
-3.084039961283817632e-01,6.957487553932109048e-01
-9.221290224986569695e-02,4.242798741113060212e-01
-2.930479647445774841e-02,1.351843468060004438e-01
-9.696855075212865160e-02,1.089242878813191928e-01
-3.007248885370573110e-01,1.374111717077763362e-01
-2.456324716822802512e-01,2.068369679738648326e-01
-1.169870419061279643e-01,-4.224461793012557198e-01
5.101685860887513746e-01,-1.036095881520017858e+00
8.868414776635801244e-01,-7.701255307667014272e-01
1.233403523995943774e+00,-2.173514708874712265e-01
1.487689216695566419e+00,5.945498187434254955e-01
1.695978997756720119e+00,1.310060203174180093e-01
1.245794203267255096e+00,-1.537294566836228116e-02
1.083694054871508383e+00,-2.390780635189292680e-01
8.334913648956371324e-01,1.354893773537179935e-01
9.688542601508177698e-01,2.504060357694764538e-01
5.991905477593268969e-01,3.338569431688519495e-01
1.523162883301251436e-01,-6.051955335682836223e-02
-1.320824483916951397e-01,-6.446203627444659912e-01
-2.932520274951115336e-01,-1.355296796702784912e+00
-7.742560711627634318e-02,-1.287844389086273633e+00
1.695795014389694932e-01,-5.987284609498818577e-01
1.687993136448809883e-01,4.624221551322637569e-01
-1.219412210673770647e-01,3.897230253907651987e-02
-6.460047594962518014e-01,-4.760383820261985810e-01
-7.823532783606439445e-01,-1.350006771226065494e+00
-9.607574778125919090e-01,-1.330432166612880662e+00
-6.728564917604124007e-01,-1.776494165510593914e+00
-1.941473133106293991e-01,-1.500462766025880690e+00
3.235699522459108968e-01,-7.481711018568558691e-01
3.805053261116144725e-01,-3.432315205455385709e-01
2.677473461430223689e-01,-4.863636667987206522e-03
2.185013098737814130e-01,3.154882480032329406e-01
2.747258775291070224e-02,4.217594004080484904e-01
-1.717848927571193340e-01,8.583182930895693064e-01
-5.105727717190094994e-01,1.045240590641776990e+00
-3.717339335043938209e-01,1.393373005129599385e+00
-1.393352478975716235e-01,9.904105762647564815e-01
1.592692862581317759e-01,7.436038108448221884e-01
3.859719911178560170e-01,6.597765479084233275e-01
3.193738045159150163e-01,6.325454293095632563e-01
2.040580255692203970e-01,3.177275212131416282e-01
2.279701158040904896e-01,4.552395001285138854e-01
3.522528251211735628e-01,6.176716245575921693e-01
3.459242737860506733e-01,5.555570662471218668e-01
3.089643192755808232e-01,1.601638363924256792e-01
2.048665941138242685e-01,1.218662604997426818e-01
-1.171087876468750177e-02,1.851405200627255776e-01
-5.166435173913065393e-01,-4.003294036436213436e-04
-2.526389050130913860e-01,-2.105442640020087353e-02
-2.761045116319079881e-02,-1.266262539798972964e-01
3.036896565190202457e-01,7.942880497537963339e-03
9.663392311034366133e-02,-5.078751829908489945e-02
1.715871394119193594e-01,2.446222257441454384e-01
1.620403062158836394e-01,3.330509892292743412e-01
1.204613562977993185e-01,5.086654193866110285e-01
-2.121198578539010976e-02,4.515940720626364091e-01
8.348382624957927101e-02,5.247908301613888327e-01
5.572830692960207832e-01,4.824810611152392514e-01
8.579546206447036250e-01,5.718796847292756391e-01
1.032288879046224128e+00,4.839563333544091295e-01
6.634608836555728750e-01,5.779761637191790369e-01
3.931540920367244674e-01,3.486200180743904142e-01
-3.242778175884630243e-01,3.598968338450999477e-02
-6.971758754283879922e-01,-2.553479038388666300e-01
-9.112477529987360603e-01,-2.105976659349725888e-01
-8.149117616852135093e-01,1.286554678837427967e-01
-6.589158523887493901e-01,3.458370179910533748e-01
-9.320883115335388824e-01,7.946885984332966446e-01
-1.184608457098193623e+00,1.301674853719399838e+00
-2.024078837144478893e+00,1.520781064667627192e+00
-2.218315356566792573e+00,1.063456524008849602e+00
-3.475255678031915707e+00,1.155239628039986588e+00
-4.434546071078638185e+00,1.567463430242245215e+00
-5.180069081319675917e+00,2.468659802407640935e+00
-4.103705769859618435e+00,2.595398853344152101e+00
-2.359616089471988865e+00,2.287436657026383546e+00
-1.223023188157331909e+00,1.966994248698553216e+00
-9.987890698308721227e-01,1.679947039771862105e+00
-1.357177860143945258e+00,1.584035115948928096e+00
-1.061636468090131125e+00,1.130594942016878823e+00
-8.003591074587741439e-01,7.039646377574069191e-01
-4.406783396617199311e-01,3.880229014711413793e-01
-3.223079204063322156e-01,2.540550423820225889e-01
-1.056816799813860980e-01,6.154767125996495336e-01
-1.445678071848415999e-02,1.014573995909077819e+00
3.172116501129946253e-01,1.240006761313412476e+00
4.013496734923494569e-01,1.123644395664700424e+00
3.462817496259162353e-01,4.841965146897689309e-01
1.131521387883603624e-01,2.367494191178979024e-01
-2.311117553341947295e-02,-2.470282861093660576e-01
-4.162501688326288724e-02,-4.350993094021204377e-01
-1.420207790907354328e-01,-5.151883100136817051e-01
-7.182996732908354665e-02,-5.631805442599292499e-01
-7.695465463072410917e-02,-3.924309219329814025e-01
8.880892900126599598e-03,-2.865350244401360102e-01
-2.428250961642841252e-02,-2.162616032599397331e-01
5.138079852698543108e-03,-2.269015116648025743e-01
-4.907255242697500242e-02,-2.799734509606662813e-01
-1.720169385660784145e-01,-3.697455893608526112e-01
-2.171360763592591892e-01,-9.492965361028956606e-01
-2.311847309414530038e-01,-1.004964839919624486e+00
-1.648739110061941959e-01,-7.292193245887685915e-01
-1.703414976503643263e-01,-6.721232751210326484e-01
-2.085329431695910340e-01,-6.263874585780715432e-01
-1.471579212657828928e-01,-8.296592130014863731e-01
-2.611252766225335975e-01,-3.789806431031946254e-01
-6.322580532953490096e-01,1.082367342557282869e-01
-1.074778205573776013e+00,6.466521713236249580e-01
-1.343444338207570254e+00,1.323999047499873294e+00
-1.312387601123067959e+00,1.720463545699131069e+00
-1.041830221149262270e+00,1.834936294236666043e+00
-6.595945087213062052e-01,1.451289181320113864e+00
-3.113741480556230790e-01,1.004890722947875181e+00
-2.086897358111038103e-01,-4.895766233634775422e-02
-1.138861563634853274e-01,-6.563671729099870289e-01
-7.115229012200230407e-02,-5.945174314993367792e-01
-6.155676611990933828e-02,3.229021715990382235e-01
-3.195146720620429398e-02,5.313732385679740267e-01
-9.875823319013118939e-02,8.303829751487007416e-01
8.064632354500253508e-02,6.710987471407000582e-01
-5.862600109499005452e-02,5.822733080410192885e-01
4.470755181108219262e-02,3.993325871694488466e-02
-4.078710150936910028e-01,-1.682607615519878252e-01
-1.498440969684776691e-01,3.636013508460063104e-01
-6.068956592295142449e-02,5.835654619350085781e-01
4.516101942535528102e-01,7.583968887732513986e-01
4.962667374133672982e-01,2.266093927337132774e-01
8.357147668042190780e-01,1.533151613309673700e-01
9.474153199006513093e-01,1.490845502720435367e-01
1.487689216695566419e+00,5.945498187434254955e-01
1.806612845208725115e+00,1.137102975640409852e+00
1.948362540167313695e+00,1.771720418336984126e+00
1.441808192965822855e+00,1.962651356437356664e+00
1.200777457934247172e+00,1.979367971233550350e+00
1.021464427272795517e+00,1.729747829206435439e+00
1.379968232109080484e+00,1.687263766077674143e+00
1.075974171355797981e+00,1.236354179508355688e+00
6.841773754158063658e-01,1.140161874640583717e+00
1.784298728780480126e-01,1.177236966232009907e+00
-4.425084460635105854e-01,1.609622405996483874e+00
-9.101980286771467199e-01,1.567900774784798834e+00
-1.035140371943488402e+00,1.235061457674054175e+00
-5.772718970376436998e-01,6.415969408990489509e-01
-3.427114443441737213e-01,4.012399343638862192e-01
-1.380694362815070297e-01,8.278334969657088482e-01
-2.554265433637591121e-02,1.156764594717341277e+00
1.866286611303707432e-01,1.371690796758819664e+00
2.333781101003416514e-01,1.194782491542797143e+00
2.548573568456728999e-01,8.736297118667851747e-01
5.784963252580290760e-01,8.424833662856343608e-01
7.274597723458146037e-01,7.689010919522650811e-01
8.310679134803700130e-01,7.367798659354236612e-01
4.670439336424644927e-01,3.075343775324829720e-01
3.568784481828082833e-01,5.903610659876741273e-01
1.767318286692726170e-01,6.245606737593432101e-01
5.955368386542427839e-01,1.255277132663949802e+00
5.658126269898970939e-01,1.061772695494854757e+00
6.153220959937425460e-01,8.958734632025087130e-01
2.119194143632401328e-01,2.933827120452590087e-01
-4.705365647166759868e-01,-5.341435882762958220e-01
-7.847033013005683122e-01,-1.050196161682357854e+00
-7.612378602882248213e-01,-1.421088088521814230e+00
-2.396922575677356837e-01,-1.059978340888058090e+00
8.100788603418514200e-02,-6.924545285547130113e-01
-1.375985197589982972e-02,-4.159887307441804682e-01
6.327951880978523050e-04,-3.560868366734173396e-01
-1.120995669209031709e-01,-5.323723355339393670e-01
-7.709125349281409356e-02,-3.131385130851747634e-01
-1.967293333994938054e-01,-4.561157152917987845e-01
-2.288859798634667597e-01,-1.869822489821471034e-01
-2.893334081980367678e-01,-1.136768791701039116e-01
-2.090224711225194265e-01,7.532409078235001720e-01
-3.758999628014255134e-01,1.188943919199282773e+00
-5.106352540806869955e-01,1.285013387416160446e+00
-9.994114015404221840e-01,5.909817313548418882e-01
-1.477896765791289813e+00,1.251020762291882478e-02
-1.878249703238698443e+00,-4.851836419528686162e-01
-1.738680164085447233e+00,-6.614054217162165239e-01
-1.458832703098959405e+00,-4.215977246947324453e-01
-8.971210566058650526e-01,-7.089168920668771634e-02
-4.960650236406376479e-01,2.721937280912231083e-01
2.906357274336149668e-02,1.445624853558809542e-01
6.999475648300110819e-01,3.029996417811026133e-01
9.038026576738883433e-01,2.417895742902799461e-01
6.994125766211297668e-01,-1.049962693984936718e-01
1.393180147418240367e-01,-3.141252601581283610e-01
-2.217099314485339590e-01,-1.792762792598606159e-01
8.973941601825836945e-02,5.391336848177654684e-01
1.857255737650856942e-01,4.477072666159293557e-01
2.476106132110370839e-01,3.048286624007074952e-01
8.864047563605323421e-02,6.940743725628645278e-01
6.011094646961895327e-02,1.044281467768581217e+00
5.100079329701112663e-02,1.273842572158026654e+00
1.043530681097386836e-01,9.376304163894902954e-01
-2.444058978091862011e-02,1.180054835446330497e+00
4.817821689859919793e-02,1.362382971289398892e+00
-1.891784838982948219e-02,1.288516460667342489e+00
2.655896329265498013e-01,4.948828061590574978e-01
2.802023133506164609e-01,1.728016119600396527e-01
4.294653825998448471e-01,1.860455350048599021e-01
6.871466304363220944e-03,-1.855350593825568217e-01
-4.105141081387521096e-01,-9.029728864147615885e-01
-6.728564917604124007e-01,-1.776494165510593914e+00
-2.226561240486684690e-01,-1.250443228263086182e+00
3.641980978998671237e-02,-8.367076946098319645e-01
5.315113003132591191e-02,-3.994925324933973898e-01
-2.193645511786840030e-01,-4.993863088753218715e-01
-1.667027837502303433e-01,-5.406318139230745778e-01
-1.319841255457745166e-01,-3.794216831659413258e-01
5.167665766750614148e-02,-2.311361753504630190e-01
-3.098285889870451559e-02,-6.043074859292602019e-01
-1.197802840132207031e-01,-8.861704736625798384e-01
-2.386530541019643292e-01,-1.104714281314479019e+00
-3.302020475282039236e-01,-5.325352764046817899e-01
-2.656256830235043109e-01,-3.760720527141279274e-02
-3.727927582209161761e-01,2.452851478259445439e-01
-5.063858421758283823e-01,3.408753204729654818e-01
-7.690419255578418989e-01,-1.437175239488257261e-01
-7.440796192847146662e-01,-3.144012695288189718e-01
-4.029498091033444362e-01,1.003389681417698603e-01
1.316006107911450174e-01,9.855185449582155588e-01
6.360739390300651497e-01,1.196976905810922975e+00
5.750257656954266272e-01,4.193329449252745644e-01
3.276797275817821542e-01,-1.241754677832347525e-01
8.880892900126599598e-03,-2.865350244401360102e-01
-1.689932153131921411e-01,-2.079818982751891199e-01
-6.571356436572192150e-01,-4.991500871846238363e-01
-9.021582799078711190e-01,-4.591209139808088979e-01
-8.321069060516267379e-01,-4.812200766517249484e-01
-3.161783286345669075e-01,4.119205251936094436e-01
-4.441904242682635784e-02,7.942387188470608761e-01
-2.536042679264727956e-02,8.008494819168240353e-01
5.718515401218952909e-02,-5.141550634627068961e-01
7.445319020456385439e-02,-8.860355957876758781e-01
3.768412425535757476e-02,-8.237486677782099864e-01
-3.128710183632591457e-01,-7.079615746781955377e-01
-6.638065593023421140e-01,-1.014494811253262130e+00
-7.560064654583242838e-01,-4.406843055299669576e-01
-6.238883467940418148e-01,5.958285117683200793e-01
-4.246266499822305418e-01,1.525775218986874959e+00
-7.593705261139092055e-01,1.582785190352919313e+00
-4.957564114006469125e-01,1.425706558553193393e+00
-5.510902605669613236e-02,1.046347035111064860e+00
7.052078250115410007e-01,2.524088144809201739e-01
7.879092866501645753e-01,-1.508046625882112080e-01
2.932979138189099610e-01,-4.077058219413141615e-01
-5.262406928506888071e-02,-8.540552438913116828e-02
-8.672831700626294771e-02,-6.335668228476443176e-02
-2.041691858386675273e-01,-8.738022831380863609e-02
-5.020506562015176755e-01,-9.362633395730128871e-01
-7.325765108591791863e-01,-1.445941067061029095e+00
-7.276074700806006712e-01,-1.635224688786425906e+00
-5.776814779191332683e-01,-1.326656842825019833e+00
9.993108831183331042e-02,-6.630276569325070923e-01
7.277686585010700870e-01,-4.311456175508805722e-02
9.590567833496512762e-01,5.880982638261181630e-03
6.291705272582570618e-01,-2.852593691874097045e-02
2.639432315755041447e-01,-5.614673092516880848e-02
3.997583408619320711e-02,-6.482930396497658954e-02
-2.329853940701499815e-01,-3.043763027068485116e-01
-7.357419883701741270e-01,-1.221816200242029360e-01
-1.065722757857455516e+00,5.043234309226038992e-01
-1.682375043481423305e+00,1.091525304982434719e+00
-2.098670199850154017e+00,1.412456639202468445e+00
-2.179969719346982693e+00,1.280120241543988735e+00
-1.730009825243699728e+00,9.773058613408306394e-01
-1.086817434012518291e+00,6.188971137013939972e-01
-1.350482862286606078e+00,8.207725354986339372e-01
-1.421340138173497358e+00,8.847175033842530345e-01
-1.022908676295101627e+00,7.549824022244203681e-01
-6.868306074024346231e-01,2.091292737550355385e-01
-5.179472923874290924e-01,3.174352327133787843e-02
-7.091303832441998578e-01,1.476747073160941844e-02
-8.447616594072479002e-01,2.934433317588809875e-01
-5.984171281736497816e-01,2.461980458054880139e-01
-4.346832481286191929e-01,6.402868893600899280e-02
-2.171071969665012980e-01,-1.005509247143673429e-01
-2.934933741015215425e-01,2.396607740038115761e-02
-2.751241750912886697e-01,1.369149203504833601e-01
-3.016326547236835576e-01,8.917127385199230538e-02
-2.405644446690015370e-01,2.643522775097858490e-01
-6.436549474483802685e-03,4.026249319521711389e-01
-1.922452917960583152e-01,6.308266086800702332e-01
-3.344635928034164762e-01,4.007088452959874370e-01
-4.676711729025193054e-01,3.776078658064715432e-01
-2.928860055743361390e-01,5.415300490543888817e-02
-4.146914104812755020e-01,-6.172438696339013070e-02
-6.607149519703610085e-01,-2.413418072866152231e-01
-6.918926988092279906e-01,3.349906375692520560e-02
-6.335530496798573719e-01,7.083383950853189281e-02
-2.832055074797408256e-01,3.565618061275251938e-01
-1.033418070368010006e-01,4.552315441577556299e-01
-7.779552883142319963e-01,7.464347916958304907e-01
-1.652489458198268313e+00,9.947649482675386956e-01
-1.984283097647425054e+00,1.380805549028990331e+00
-2.089529667994950657e+00,1.425476163293951659e+00
-1.803468703255303396e+00,1.051175688849984580e+00
-1.779664895123145074e+00,3.951063761523371798e-01
-7.812302478473043266e-01,-3.856674822677036429e-01
-3.796788951190364480e-04,-9.107703310217225567e-01
1.811728507837455870e+00,-1.576772133644268603e+00
3.130578644409407030e+00,-1.897160597366541523e+00
3.810102668354727662e+00,-1.582131211233615886e+00
2.875546440774604307e+00,-7.747071675509596966e-01
1.973561295419947736e+00,1.536384561843124885e+00
1.100639769537580248e+00,2.081400294961520459e+00
1.032050889926295234e+00,1.966469779458004385e+00
4.889802542200761271e-01,3.090603652928819445e-01
9.907329561321306932e-02,-6.649873676761373920e-02
1.563361626839002427e-01,-2.025133739107271569e-01
3.825359997650071286e-01,-4.484331772749166056e-01
4.149263795945837274e-01,-3.942229114027464565e-01
3.663691967596894306e-01,-3.731167247595796321e-01
2.367518375984607737e-01,-3.156358974492979863e-01
1.905415008201162552e-01,-2.563176675607287125e-01
3.047284217266945650e-01,-2.604690679254682006e-01
-1.716736797790933966e-01,2.013976016826821147e-02
-1.086326869056929434e-01,-1.373353248921420355e-01
-8.307680640512579706e-02,-3.286718150266936256e-01
3.295272456819874907e-01,-8.464784028348214528e-01
3.338504197285497854e-01,-1.170431468881137249e+00
1.404838090579944299e-01,-1.428795418480491408e+00
2.283508473760800447e-02,-1.440799348447151962e+00
2.283508473760800447e-02,-1.440799348447151962e+00
7.289949912212652372e-02,-1.051566227804694220e+00
2.950254581513099827e-01,-8.501569678220929349e-01
3.638865344335462937e-01,-7.065914120969476464e-01
7.994717130754468437e-01,-6.530981983388768342e-01
1.084670089896317524e+00,-4.310784724750012509e-01
1.267248939327923152e+00,-8.928637406084509454e-02
1.096716292779594371e+00,-3.436238654697350032e-03
7.251140546468667347e-01,-4.008866657454994153e-01
6.190132470458802327e-01,-3.512461712855313167e-01
6.296081290108805906e-01,-2.654617456094450212e-01
7.343073735525870172e-01,7.000172435051220665e-01
5.812806897022022579e-01,1.021451145306563335e+00
3.451393131491031774e-01,1.322857962435532553e+00
1.150395298852085330e-01,9.097574001616368644e-01
-6.811614899751993087e-03,1.039477252887611058e+00
-1.089051849944981665e-01,1.007167677477067480e+00
-1.129832467515371891e-01,1.388125214129758200e+00
-1.191074272297609066e-01,1.263615435460734959e+00
-2.695996097478253403e-02,4.360372366476584771e-01
2.091805672183527295e-02,1.324563236303070296e-02
-3.147386326110403199e-02,-6.995983839161382667e-01
-3.147386326110403199e-02,-6.995983839161382667e-01
-1.272891241472682289e-01,-1.252782956545542392e+00
-3.788207749715069017e-01,-2.397314838256627834e+00
-5.889566397793302155e-01,-4.376407818657990667e+00
-2.636418093416311170e-01,-6.741502114875746798e+00
-7.787295529308468911e-02,-7.558744203211849033e+00
1.719999043650236592e-01,-6.283008785051279688e+00
-3.531812560222422070e-01,-4.132771645070878463e+00
-5.159733697418409371e-01,-2.301049844855692417e+00
-3.676143986493162208e-01,-1.954689133792824940e+00
-5.442889546049419769e-01,-8.099215764333561607e-01
-4.776316487003299804e-01,-7.370212322274286021e-02
-8.785971961284471110e-01,9.774760180056286663e-01
-9.553110589836363298e-01,1.089284523907211755e+00
-1.275628003256162657e+00,9.422541913764227450e-01
-1.248975842923551127e+00,1.902510819783474749e-01
-8.603748927125031143e-01,-5.022451992272424226e-01
-6.193196319648702763e-01,-1.785239622050346586e+00
-5.330205705623652923e-01,-2.504731517459900747e+00
-4.152459011487381613e-01,-2.419626779303615915e+00
-1.891789085980108975e-01,-1.906494809134716029e+00
2.453558188202941900e-02,-1.083791545714553051e+00
-1.395235467715672528e-01,-3.960004557739110198e-01
-1.175663893330126386e-01,1.311309133679363637e-01
-3.567263065749643469e-01,4.281779680526176524e-01
-7.903090478375136563e-01,1.081185766152619632e+00
-8.573440387122239770e-01,1.183791912413699965e+00
-5.911432919661088192e-01,8.500621801300394242e-01
-9.946610683151278776e-02,-2.144283894879605301e-01
6.656363342315546605e-01,-5.825695216830067968e-01
9.195035719494455417e-01,-4.700791663041518631e-01
2.640599638809311145e+00,-4.517629991330700256e-02
2.431997109844786120e+00,-1.560646867347834366e-01
2.318687416802637902e+00,-1.246596671654121996e-01
8.459615100377041452e-01,-3.541946003130064247e-02
2.680264239814574623e+00,1.823687173877734657e-01
7.594285437927998927e+00,-5.557422404192981225e-02
1.361015044958951847e+01,-4.368611615919659186e-01
2.017982049236561792e+01,-9.261528497546215322e-01
2.430044553740436797e+01,-1.457859030929409272e+00
2.503657261060470418e+01,-1.743493093172101327e+00
2.213069579155677857e+01,-1.557192143601572987e+00
1.673268445304497476e+01,-9.037030313593367170e-01
9.987479727359620085e+00,1.440966670810071293e-01
4.180625843222209426e+00,1.098275867481520063e+00
3.652984451787476550e-01,1.767998982142632292e+00
2.645032706204340500e-01,1.544793118917176633e+00
-6.800269840072958871e-02,1.447866285192330071e+00
2.259861763717332384e-01,9.281328499862496750e-01
5.530181920614334334e-01,7.021247060274788954e-01
7.371589359523385010e-01,1.385412067172776263e-01
5.891207927604533712e-01,-4.040238402727448497e-01
3.292481422000912983e-01,-5.503727148103159106e-01
1.481992554341484969e-01,-1.057577495969765469e+00
3.764123388406572790e-01,-1.054239623964721373e+00
3.635960930396778257e-01,-1.174387330957448627e+00
4.407900201305213206e-01,-1.000606104431152943e+00
4.828342517213198848e-01,-4.729020400819682335e-01
3.597234276823492727e-01,-2.850737860405042623e-01
1.645468822149544763e-01,-4.174492401753662207e-01
-1.862946583784692023e-01,-6.206869841346637218e-01
-2.458713979818731576e-01,-4.730457582701643737e-01
-1.934184097564309313e-01,-4.204944115226631474e-01
-1.280273230063041778e-01,-3.019208583524790046e-01
2.126727211793502572e-03,-1.143698184362854225e-01
-1.714659686914393397e-02,1.042765615278515856e-01
2.692489100849397854e-01,1.331550566813868575e-01
5.669695364277849148e-01,2.075211818780198780e-01
8.952750318601149226e-01,1.742898580376565643e-01
8.952750318601149226e-01,1.742898580376565643e-01
8.952750318601149226e-01,1.742898580376565643e-01
6.157712868118301319e-01,7.379316889607727414e-02
4.309023769497466461e-01,4.408325067954871335e-02
3.966976583092636233e-01,-8.014544442859128370e-02
5.737128243775816427e-01,-1.450756930569523095e-01
8.476354370718535147e-01,-4.206085754702920676e-02
8.815079793015876408e-01,1.224931831379843239e-01
7.968529618011283011e-01,5.993086762577436444e-01
5.180660497464428804e-01,8.786778898869647136e-01
2.456428997679671045e-01,1.387060225210140940e+00
2.456428997679671045e-01,1.387060225210140940e+00
-7.782078488723236098e-02,1.987016230455971533e+00
-7.782078488723236098e-02,1.987016230455971533e+00
-7.153228108085251113e-01,1.948696031463716949e+00
-6.249898724941945760e-01,1.367366896191709591e+00
-7.458999568101860600e-01,9.818464572263326806e-01
-3.947702728044772957e-01,7.187273709451723613e-01
-2.107629791395201901e-01,4.151809381219784267e-01
-2.107629791395201901e-01,4.151809381219784267e-01
-1.610794760000895387e-01,3.304605259930412653e-01
-3.963974880615160901e-01,4.580588498434634559e-01
-2.837570416131807716e-01,2.839188357372375848e-01
-2.544554278861267393e-01,6.824406761474183236e-02
-1.441272890591030753e-01,1.242147584370099089e-01
-3.007248885370573110e-01,1.374111717077763362e-01
7.405179388829861986e-02,3.611689603552216687e-01
1.638046967021651867e-01,4.099147120779966236e-01
2.834570442294246928e-01,4.631521285458420345e-01
-1.765444200894973059e-01,5.772756165841175235e-01
-4.429201271134893814e-01,7.201868067340845281e-01
-4.038643493287528696e-01,7.281764191826883836e-01
-4.639500867944032492e-01,4.465480798383004712e-01
-1.061604929570580391e-01,6.029603913946045557e-01
1.957829196492671953e-01,1.224448588995721066e+00
6.407300865494198749e-01,1.419725235977712385e+00
7.440998320999107074e-01,9.501839378372239908e-01
4.051187316198734956e-01,1.284402626955556403e-01
3.152243898310189835e-02,-1.871267755346010461e-02
-1.118740093258969864e-01,-8.632809403330114761e-02
-4.702571603209193540e-01,-1.157143497652919628e-01
-5.543893053461007581e-01,-5.820083238996644898e-02
-5.930358803262901768e-01,-4.789766271304350675e-02
-2.416889277779801781e-01,-7.675248552557546733e-02
-7.864352654719995728e-02,-1.674685197354241761e-01
1.903292890907036239e-01,-4.431723059857406444e-01
2.265149895965763160e-01,-9.291792520078018258e-01
2.975095380620059182e-01,-8.731032035955670345e-01
1.318874176864816283e-01,-6.997597422422640046e-01
-1.409643033016837708e-02,-3.133838791036893667e-01
-1.516252519820032174e-01,-3.215626151024773560e-01
-3.764481893932981049e-01,-6.993777225091194483e-01
-6.167850267813387299e-01,-1.174201760917248150e+00
-6.728564917604124007e-01,-1.776494165510593914e+00
-3.816541949829381219e-01,-1.147572542054604128e+00
-2.993179840067478059e-01,-6.140573726711738844e-01
-2.151973153923169568e-01,-3.822452605649949153e-01
-2.544409207058602185e-01,-4.754195764197687857e-01
-6.066781383929584909e-02,-3.340116929387677569e-01
-2.406853712841287574e-01,9.363281743003923352e-02
-5.689243479207886089e-01,3.296188692480319093e-01
-5.508133484058618246e-01,1.766613232257964461e-01
-4.378452536763549618e-01,1.656411232756458685e-01
-4.871969200969770292e-02,5.697307026205725156e-02
-3.347746852495280673e-02,9.172252778777116589e-02
-3.054506419161020364e-02,1.459478621234584772e-01
-1.801220314587565763e-01,2.176499831581149014e-01
-2.618638510961525667e-01,-3.245190737683826820e-01
-1.651882586155670463e-01,-4.377501505945433080e-01
-1.658550845664486517e-01,-9.618209993456454665e-01
-1.517945148949823020e-01,-5.298531632808370917e-01
-4.233242535100621429e-01,-7.386562716524575078e-02
-3.769126281372585097e-01,2.746007417748267398e-01
-4.768652135713215556e-01,1.040691753920578305e-01
-3.340465788932959756e-01,-7.388372872587288809e-01
-5.246836376363895882e-01,-1.150500088866920789e+00
-6.567462774319869911e-01,-1.504181092142693466e+00
-7.362627087868948150e-01,-1.345356860933181631e+00
-5.353752508540302602e-01,-9.604642341091859103e-01
-3.294421958716081122e-01,1.288724821969495504e-01
-1.725415162805111757e-01,4.451463262827607958e-01
-2.786277821446948577e-01,4.694138057851511281e-01
-9.413118927307527473e-02,-6.220580889939165622e-03
-2.466386032026189265e-02,3.299229909804758665e-02
1.004503781488192415e-01,3.154971976810171386e-01
-1.634628118871870595e-01,2.016804540841488913e-01
-6.438551810842341183e-01,1.066747893662860353e-01
-1.010266058963754654e+00,-3.275192697205504544e-01
-1.361967335773776711e+00,-7.314679234969658772e-01
-1.153212516859890790e+00,-8.941592635047618254e-01
-8.066396362945965626e-01,-8.392125860414232363e-01
-4.243479533155102845e-01,-8.845167820310743112e-01
-3.403272180597199936e-01,-1.105764656624962816e+00
-2.933431304268019346e-01,-1.326898842870847250e+00
-2.623993342908615412e-01,-1.481031283727197057e+00
-3.713969336900864726e-01,-1.795078614652314108e+00
-4.114117214262165700e-01,-1.889448928645534265e+00
-3.053897726115786804e-01,-1.874430534559143879e+00
-1.803441723243765504e-01,-1.356899522186599372e+00
-1.491402602448662906e-01,-9.105581248020823137e-01
-2.388897400747349853e-01,-5.636827503304012721e-01
-7.536478167832932895e-01,-1.045427683779023287e+00
-1.347902117322308246e+00,-1.679691635798954641e+00
-1.714036213413465681e+00,-2.012707644048408628e+00
-1.598911589316623028e+00,-1.415381714863149343e+00
-1.314083357325143808e+00,-8.111664087795776579e-02
-9.169113657946118545e-01,6.115237621586935290e-01
-6.065826292742492187e-01,9.688543372089007955e-01
-1.655782375844560561e-01,2.998007308843457230e-01
4.384958446226079332e-01,7.149694365130035423e-02
3.687568639717516694e-01,2.702125633052619713e-02
7.670990257174897797e-01,3.457102021099010547e-01
1.123438000825026206e+00,6.012940713783376800e-01
1.394345263590247574e+00,1.097529791705999402e+00
1.375909312626863112e+00,1.454940443010592777e+00
1.019726693307232646e+00,1.593493806626169462e+00
6.715216446954138663e-01,1.292470766613703193e+00
3.163242453521505904e-01,6.432234092862580965e-01
2.555968180930655483e-03,-2.151783372395456306e-02
9.738505000246497345e-02,1.206826404313399992e-01
-1.344840963716676524e-02,6.051071101206462188e-01
-5.085545144039409216e-02,1.409289565545239098e+00
-5.222538084843789119e-02,1.789118658422188535e+00
-1.970777828242120944e-01,2.538461836085292411e+00
-3.815233959746108794e-01,2.736589688160603551e+00
-4.619105344326283058e-01,3.474878691056905833e+00
-1.038384109312796844e-01,3.686829018043198403e+00
3.194589504654801737e-01,3.715791600335476286e+00
8.411754953519577915e-01,3.123817845537880888e+00
1.096888550656761385e+00,2.172173640963078523e+00
1.219600476723106119e+00,1.505590498801813837e+00
1.399179323591964064e+00,4.806889061617720116e-01
1.528897527379346366e+00,-7.459909460830800587e-02
1.463571036881574194e+00,-2.203749042478631293e-01
7.887641700056127192e-01,-8.920660437108673957e-02
2.048434965160818300e-01,-1.439434846730417404e-02
-2.818143997609579565e-01,2.442244327309065766e-01
-2.397300497999899360e-01,2.584510166639165107e-01
-3.301299584300792511e-01,1.677647979798208566e-01
-2.658977952209376494e-01,1.924040045877826455e-01
-7.676455808432948447e-02,6.117553172865172750e-02
4.060117654905608109e-02,1.728128612008785481e-01
9.168071451162669583e-02,5.475592190548877330e-02
5.323698713986299569e-02,2.256740559535475379e-02
-6.043272180931002525e-03,1.054787461453290665e-01
-1.231672539732858590e-01,1.979844212745678622e-01
-2.837570416131807716e-01,2.839188357372375848e-01
-3.129124715730286499e-01,8.772505915737783821e-01
-9.864656191384452155e-02,7.948492602498816728e-01
3.386350571180273827e-01,8.532649090332955488e-01
4.693010223198053610e-01,-3.790016798689257449e-01
1.855689218075385338e-01,-5.930623163701392864e-01
-2.640646573277890541e-01,-4.982489481740992598e-01
-3.874152314929794616e-01,2.914501088376013072e-01
2.991815050638241529e-03,1.113956472876315162e+00
2.023509451744546217e-01,9.697323338575153384e-01
1.920878224393683109e-01,6.774856338925330235e-01
-1.319970652320866245e-01,-3.810162898770744211e-02
-4.288824921182099459e-01,2.206353385386285726e-01
-4.836427864872256954e-01,7.741472790025112349e-01
-9.049045386985571371e-01,1.336627401042113306e+00
-1.326880729450311103e+00,1.625707761035163790e+00
-1.757859076359392869e+00,1.384820367632611626e+00
-1.444141013947428442e+00,1.043438467330447317e+00
-9.062962520813253597e-01,7.170112434053832473e-01
-4.065603474578433629e-01,4.661432301722280291e-01
-1.911912653022722064e-01,3.090916433301163502e-01
2.288364719422551485e-01,2.717565706500819633e-01
3.634827797029295815e-01,7.257255840974634609e-01
8.062711318536662508e-02,1.177337364244707141e+00
-6.529724250786449469e-01,2.556841838243618881e+00
-9.264956382983972061e-01,3.683827806143774364e+00
-9.694832373924570090e-01,4.938218473570703537e+00
-8.828376919912984677e-01,5.210526041256970053e+00
-5.502603634918047382e-01,4.304931247072667055e+00
-3.982373298555081376e-01,3.541574136776326043e+00
-3.815233959746108794e-01,2.736589688160603551e+00
-4.619105344326283058e-01,3.474878691056905833e+00
-3.616763262123438571e-01,3.070868478376183042e+00
-1.054722051792258697e-01,5.147556247146241049e+00
3.549156463804192113e-02,7.469452684574336310e+00
1.144891897352976334e-01,1.014391351972736466e+01
1.104266958457059272e-01,1.046410525892394716e+01
-7.339278773650004251e-02,8.404088620265909526e+00
-1.819698127667362664e-01,5.302615643331393791e+00
-4.357308431718982522e-01,2.384723791047616004e+00
-3.612177617073983882e-01,1.036619755922023378e+00
-2.275239857717703817e-01,4.284394623666883395e-01
3.433366955534569720e-01,1.987683328826124196e-01
2.526795921902434405e-01,-1.796506103785581177e-01
2.460001897496530143e-01,7.152349382128728172e-02
7.183006634264860191e-02,2.350446363050082144e-01
1.399006346203945650e-01,5.178680444331847932e-01
2.313462185490906264e-01,7.651347221353304029e-01
7.020490237044596515e-01,1.313993735040371647e+00
1.180176705780962010e+00,1.816658618964146044e+00
1.182550479781781405e+00,1.757715596917548639e+00
8.647068184710831051e-01,1.823076724955219108e+00
3.156691848141094936e-01,1.050006701899658168e+00
1.059230440848811933e-01,9.328485094188406768e-01
-3.007248885370573110e-01,1.374111717077763362e-01
-3.129124715730286499e-01,8.772505915737783821e-01
-6.962294631348686647e-01,8.329784643200653926e-01
-9.831253461784681402e-01,6.772447288610575766e-01
-1.253777752972083270e+00,-2.497645181828708066e-03
-1.070712347173067513e+00,-3.431830234206860175e-01
-3.719578830837081407e-01,-1.521390830655660942e+00
4.656297347390062069e-01,-2.776254719424477102e+00
1.078318942177383999e+00,-3.664038194309823471e+00
1.341341562823195499e+00,-3.651649648485050914e+00
1.567477811917257879e+00,-2.529962778630509224e+00
1.258237183280171312e+00,-1.107348151282731674e+00
1.302369540570526008e+00,-3.471649947807037978e-02
8.676572874493302390e-01,3.925804509861486880e-01
7.788283046460118264e-01,6.257382678250399399e-01
3.008374534411190071e-01,6.603984557467847960e-01
1.410805915261647281e-01,1.049388483401750172e+00
-3.731398487700959832e-01,1.296156291054159526e+00
-9.382799813451012660e-01,1.636044989508898873e+00
-1.374344773492661931e+00,1.474030845722338778e+00
-1.687565534475607754e+00,1.407129771177732858e+00
-1.459764849325794644e+00,8.709428534218804918e-01
-1.181188303080415336e+00,3.522625257598985815e-01
-8.012455319195243009e-01,-1.654727749067368137e-01
-5.466854746586555791e-01,-2.376413756432729785e-01
-2.746166845830268488e-01,-3.861515308853497586e-01
4.384958446226079332e-01,7.149694365130035423e-02
7.866977083493962297e-01,2.619733504954959158e-01
9.116805966148777696e-01,9.074554559233406481e-01
9.130420067722566646e-01,1.955326969233601497e+00
7.213432826790596719e-01,2.439038388742112762e+00
7.321068592699292443e-01,3.868795110743013410e+00
7.284717720176862032e-01,4.930192630821029987e+00
7.311994756016721997e-01,5.724277882678981300e+00
4.458911360755287157e-01,4.625268754782126734e+00
2.543214093497446759e-01,2.937823311369471835e+00
1.361928519582508712e-01,1.224019297248617910e+00
2.911392301885454836e-01,1.043531864362685635e+00
2.828727702216101703e-01,9.564589386479452893e-01
2.422577604846388177e-01,1.000075996950509083e+00
9.514366090793885400e-02,7.549098949818220383e-01
1.497461235169512787e-02,6.023154011518004891e-01
1.676337527502103353e-01,2.409468632292536550e-01
2.540119827016530385e-01,-9.243675935224213852e-03
2.026710795725993886e-01,-2.838955673643215882e-01
-4.162501688326288724e-02,-4.350993094021204377e-01
-2.383946303026320546e-01,-5.614804041572302173e-01
-4.261187499376906662e-01,-9.296198161199573651e-01
-7.392712015617368682e-01,-1.372297958075868518e+00
-8.882886669347065389e-01,-2.359399043723818146e+00
-1.089836937083044743e+00,-2.724006471171353638e+00
-1.314621591746764073e+00,-2.823474255144002409e+00
-1.112342866941796737e+00,-1.916102205753676513e+00
-1.057788992842214837e+00,-1.029183486861641184e+00
-6.041388703451486819e-01,-4.994109149950607535e-02
-6.347331592489338092e-01,1.416333268331102790e-01
-2.176523179902651317e-01,5.016198378395908541e-01
-1.730613925667226771e-01,4.812711831207661106e-01
-9.852316385995067705e-02,3.262486356407718890e-01
-5.141334789856247950e-02,3.162319372289189023e-01
5.762220441888719208e-02,1.954789387856136484e-01
3.674038468787063638e-01,2.628078439586675752e-01
2.647296892113989997e-01,1.166208104969373993e-01
1.839482668798040621e-01,-3.632294160863797777e-02
-1.554126990821316501e-01,-2.861390089797881675e-01
-4.052320027526903901e-01,-2.061630954467881804e-01
-3.506610984353108473e-01,8.421461591528749124e-02
-1.805497377341816478e-01,2.472388281208057204e-01
2.555968180930655483e-03,-2.151783372395456306e-02
-8.464551307685179438e-02,-5.170702912806121043e-01
-3.984533222265745911e-01,-9.420022106166671128e-01
-6.139550268489897267e-01,-1.311822645731844039e+00
-7.392712015617368682e-01,-1.372297958075868518e+00
-4.131492201648555573e-01,-9.695705964281051692e-01
-7.172907937031723635e-02,-8.890563941622899868e-01
-5.661419978282352522e-02,-1.163695036314112308e+00
-1.475977754360245642e-01,-1.569582873211570417e+00
-3.713969336900864726e-01,-1.795078614652314108e+00
-4.746349524887009674e-01,-1.728846437057123264e+00
-5.891909670371393570e-01,-1.447311835306108962e+00
-5.957283886183910582e-01,-7.021966747536265707e-01
-3.886795570015090795e-01,-1.703910058097244107e-01
-3.357313302471972016e-01,-2.777665260015136153e-02
2.299634541494256779e-01,-6.469844207261923885e-02
9.719978001330134010e-01,-1.202198698121382942e-01
1.705473269382368429e+00,1.085520596223270573e-01
1.880613232984031269e+00,1.560139181512142370e-01
1.356771331424319937e+00,7.362566774378318524e-01
8.467738299845338767e-01,6.515787988040269152e-01
3.012420656139935815e-01,3.791531956669452752e-01
-2.514830472741850457e-03,-6.001377862846446476e-01
-7.416333822408355259e-01,-1.046124148653489794e+00
-1.270453632097849006e+00,-1.227613626498399668e+00
-1.448029068193966262e+00,-1.155935132380173647e+00
-1.110071856764895504e+00,-1.040107824760060140e+00
-8.582685805241699883e-01,-1.517524625575449759e+00
-5.262063130411473999e-01,-1.851450763480086525e+00
-5.000576774875374886e-01,-2.242415922370120551e+00
-3.528379460181457761e-01,-2.142247815228017771e+00
-2.329641572355832801e-01,-1.542805109194936630e+00
-3.808726966774570455e-01,-1.048099819195409843e+00
-5.389522380157025783e-01,-8.536141140775752589e-01
-8.711205660900611658e-01,-1.457381366678251799e+00
-6.058980377832637876e-01,-1.459701563191667661e+00
-4.591714946646605067e-01,-1.336438519960689630e+00
-8.951776145588619116e-02,-8.463146225888197316e-01
4.134806022980740126e-02,-4.403054932318444803e-01
1.763587944577127975e-01,1.754688152635039133e-01
2.782925978382721349e-02,6.469697850053293120e-01
2.763461457026220383e-02,8.091049090465647353e-01
-2.936364992985615596e-02,5.295509679044947404e-01
-1.833383326989385942e-01,3.026985618851181226e-01
-4.468994564256829616e-01,3.964659040466256279e-01
-5.239791459863233358e-01,5.825534484223485743e-01
-6.160711710399424668e-01,8.306078579422013775e-01
-6.763920067959571236e-01,5.315736767512552197e-01
-6.679559762740207018e-01,2.699146270665742642e-01
-5.985893565609995415e-01,-8.722845205583275308e-02
-5.096495188548807453e-01,-3.765129267760875531e-01
-4.840209599017976649e-01,-6.402331163628447452e-01
-4.283808155074902424e-01,-1.355197218772275169e+00
-9.392214149351013619e-02,-1.819565132963554266e+00
-7.259385109496156729e-02,-2.471254788248422152e+00
6.240755293185400177e-03,-2.776232906748589802e+00
-2.948429015233672845e-01,-3.008757886965709005e+00
-4.919516347056155925e-01,-2.744858809582066961e+00
-9.457024041687579485e-01,-2.277631829054472146e+00
-1.280517106831391860e+00,-1.393969163125226896e+00
-1.290937544215816635e+00,-1.061959436416081592e+00
-1.140359305699246040e+00,-1.320558403589209950e+00
-8.566126448166102580e-01,-2.078237922490295819e+00
-2.103186369971915826e-01,-1.698065794720882815e+00
1.334319970516218146e-01,-5.879440215026751071e-01
4.747232428565257845e-01,1.019632841530044298e-01
1.777865632615394376e-01,2.732891533055701455e-02
-2.796957014962279664e-01,-7.394181778816613093e-01
-6.799158069103198310e-01,-1.113051565793422348e+00
-8.688516758449174038e-01,-1.227741610494898827e+00
-9.443417386903345534e-01,-1.131156815354014133e+00
-6.583717868738712120e-01,-7.864524328431188316e-01
2.910372802082696053e-02,-9.227708340050853053e-01
2.718146270454493418e-01,-4.768415783564212140e-01
4.257675837734027913e-01,2.441155963216403921e-02
-2.560586536083530595e-01,1.030035252401295676e+00
-3.241628628163080172e-01,1.405075259132759324e+00
-3.147759418097005879e-01,8.325497436661961626e-01
-4.157372118171111242e-02,9.839238932600310461e-01
-2.883587143258568158e-03,3.234814612542485923e-01
-2.301969105671599347e-01,-3.582752491648613646e-01
-4.170721403240909564e-01,-1.482583373977403252e+00
-9.237909576064796680e-01,-2.802095121963335433e+00
-1.303631890158326367e+00,-3.545596331400964640e+00
-1.406285525435351014e+00,-3.908300670168632696e+00
-9.898845992434657237e-01,-3.206193125850977044e+00
-1.297421390527703222e-01,-2.308780834554302608e+00
2.574535678592388410e-01,-1.194734169990537387e+00
4.100698026283167708e-01,-7.267091811890596942e-01
-3.238614262760872858e-02,-7.951488309420386980e-01
-2.387045408362336307e-01,-1.408625307264493420e+00
-6.440568024691757376e-01,-1.725293065571717133e+00
-9.244397600673451842e-01,-9.538280648157767549e-01
-1.495321031545075119e+00,-6.430022872738208606e-02
-1.824720931044290451e+00,6.780581543142207845e-01
-2.127392974729010344e+00,5.969647291136996881e-01
-1.837032162636506927e+00,5.761175618861972270e-01
-1.566856451598804822e+00,2.735775693390599464e-02
-1.097774328240198161e+00,-5.643138261844456993e-01
-1.012521216045497274e+00,-1.220210449557416199e+00
-4.301571019559320419e-01,-1.040658749166415653e+00
-2.935954810011606742e-02,-5.494059445677529352e-01
4.848214524593328911e-01,2.167263305214844199e-02
6.280100126669672100e-01,1.069809553735876356e-01
5.996054546941920194e-01,6.340694745564455503e-02
2.244191231204724357e-01,-1.254494252652792463e-01
-4.983731277860461994e-02,-3.712006506276076534e-01
-1.632440331846301551e-01,-7.372373082288012913e-01
-1.772158281466293117e-01,-7.557661865607896434e-01
-6.779769532472130766e-01,-6.595500034420244129e-01
-1.346862293326276605e+00,-2.705436927604218944e-01
-1.534655010000275599e+00,-3.548947472775061396e-01
-1.112887471330723077e+00,-7.989633285468572543e-01
-6.121276171306780922e-01,-6.522010482294500200e-01
-1.929421874355040922e-01,-2.565260218731359454e-01
-1.415770127123791577e-01,1.160989840684197999e-01
-7.450780496098260985e-02,-1.810123772593572322e-01
5.263832260955851605e-02,-8.014715121127160558e-01
-6.759035559863961484e-02,-7.392240717968501240e-01
-1.924407787895288102e-01,-1.047596575062458069e+00
-4.445090203932874906e-01,-8.645336196102769710e-01
-4.218772829429482396e-01,-8.376985133813160678e-01
-4.552590970198129861e-01,-3.502237575393170599e-01
-3.870012524459724435e-01,-2.340001964947659441e-01
-3.345102349280233422e-01,-5.947967519923952340e-01
-2.127903508770122021e-01,-7.069275600719661101e-01
1.424980307402336048e-02,-7.396194267406140943e-01
1.589798774489460109e-01,-2.603802901763246358e-01
4.584107342150279263e-01,-1.345959274801957761e-01
4.528626648057737514e-01,-1.049028892099833910e-01
5.292285856633226482e-01,-1.918370160293177418e-01
4.731659358691421846e-01,-2.862708122203903027e-01
7.173987748597072667e-01,-2.744453467875576647e-01
8.788625111595810280e-01,-2.437423406080970745e-01
9.358244297145706936e-01,-3.102410824238971965e-01
1.009300991953619997e+00,-4.926176755559286830e-02
1.009300991953619997e+00,-4.926176755559286830e-02
1.009300991953619997e+00,-4.926176755559286830e-02
7.123114372093982682e-01,-3.473601121842933015e-01
4.414505639101892753e-01,-4.082258329871224500e-01
2.374713997368000928e-01,-3.569556059834181894e-01
1.848496280194435459e-01,-2.057746260548306005e-01
1.249763598539590792e-01,-4.437142654112298801e-01
4.531132789756773249e-01,-1.439775570575282604e+00
5.384293022271543494e-01,-2.162852778011517874e+00
6.210468097189085768e-01,-2.170233691746528581e+00
1.364340895420968203e-01,-2.070626260358038095e+00
-2.746016520373454894e-01,-2.114687719409859668e+00
-5.455608526311418460e-01,-2.335729114440912468e+00
-6.279441312095479510e-01,-2.258244200920925593e+00
-4.490388002385961030e-01,-1.470990719315554696e+00
5.453576807787759162e-02,-2.275261237061221575e-01
2.180587446972055699e-01,5.476525812170105478e-01
1.998858899853609705e-01,6.743697273666038328e-01
3.987354303603392602e-01,7.998110711464789802e-01
4.695070623219207429e-01,7.060461776615964968e-01
5.772378691473758483e-01,4.851605508883800044e-01
3.604406319381496249e-01,-7.171309956068357139e-02
3.109603767719712475e-01,-3.008852211514033703e-01
3.104781471473453958e-01,-2.569411648465377840e-01
-3.760073680037730182e-02,-5.663364268240959065e-01
-4.301571019559320419e-01,-1.040658749166415653e+00
-9.296769250244473204e-01,-1.447245917725899833e+00
-1.143249814840500367e+00,-1.680956032817534807e+00
-1.008618874787117425e+00,-1.100823392895106556e+00
-7.701573849326522891e-01,-1.432727394031319657e+00
-2.316586012580512666e-01,-4.117390758057518640e-01
-1.135064616492480194e-01,-7.907020216437959936e-02
1.618379622151092795e-02,8.195969150209921894e-01
-9.026409535302905296e-02,7.803564128421767165e-01
-1.712402067025252383e-01,4.995977460645963375e-01
-1.954425457161104440e-01,4.281018753000523924e-01
-4.179256435501236822e-01,3.098131148616182773e-01
-5.335469318716561382e-01,-6.912336015178183191e-02
-7.097047965220232291e-01,-2.115002595161455667e-01
-5.721870226010850047e-01,-3.460916743984842059e-01
-4.945426720846967106e-01,-2.473338531215928948e-01
-2.586341786684815403e-01,-8.099896759403926727e-02
-2.257448269993504175e-01,1.511211727795995496e-01
1.686718848092891021e-01,7.512956625952418310e-01
3.950498854480252175e-01,8.684448715901652571e-01
6.958318060959023388e-01,1.095040657499134928e+00
1.205752522719842679e+00,1.328292463772393628e+00
1.647877482635052848e+00,1.576143865675646794e+00
1.730822252345954215e+00,1.607355722595819270e+00
1.240504445660120636e+00,1.427876618958076271e+00
5.456133010342996137e-01,9.643015913788857141e-01
-6.766653253287603642e-02,2.509281319931385146e-01
-3.751635880306589121e-01,-5.571519966423934545e-01
-6.548926731820635672e-01,-1.318443389397550458e+00
-8.954407574235860867e-01,-1.424305907359800560e+00
-9.140406826744617019e-01,-9.862517115349682673e-01
-8.674135351319018916e-01,-2.650692008549174195e-01
-6.195329358036869571e-01,6.354041824695353391e-01
-3.542491185800156761e-01,1.046741490277365516e+00
-5.088622375398604847e-01,-1.600818056144548140e-01
-7.837029327291945568e-01,-1.291594783555307657e+00
-8.469698595793034857e-01,-1.685154258137242955e+00
-6.435938450825474666e-01,-1.118083584741652592e+00
-5.209751499954983212e-01,-1.596073317134692193e-01
-3.852041881166711201e-01,1.564288989025447163e-01
-1.545365681285289228e-01,6.595668133856494864e-01
-6.662205596713774436e-02,5.609578116529299052e-01
-9.713272870451873653e-02,7.076233533819809018e-01
-3.408915228113793550e-01,4.069342277676804565e-01
-2.588275282849700210e-01,1.247069625316237912e-01
-8.797212208287794599e-01,-7.374711647632144207e-02
-9.683545058804373662e-01,-1.616654979192258534e-01
-8.157506537401226776e-01,8.514679133521806109e-02
-5.826718025978285670e-02,3.056497588269493360e-01
8.852566871860624576e-02,-1.605969185057571080e-01
2.107689442735367624e-01,-1.094825582173662770e+00
2.247685628973650762e-01,-1.832983280590542829e+00
2.343968164612880434e-01,-1.719228796720326580e+00
8.217874890157814138e-02,-1.582706692477716670e+00
-7.366809777889437028e-01,-1.422731174537405385e+00
-1.527392987555342030e+00,-1.173423773591004027e+00
-1.777497173673107778e+00,-7.728808123466479607e-01
-1.549493754534024159e+00,-2.733393257148516442e-01
-1.003146134369448994e+00,5.650155386749906583e-01
-5.010518996773751788e-01,1.374398724493323565e+00
-1.970983194535269323e-01,1.883550535524688430e+00
9.025925709416742979e-03,1.814337589877937029e+00
-1.873037608447709890e-01,1.762162730663068944e+00
-1.128667511547254976e-01,1.752177014512484643e+00
-1.128667511547254976e-01,1.752177014512484643e+00
2.111397600672987318e-02,1.403921865086031895e+00
2.685257832812674161e-01,7.157427893686606479e-01
7.895182235199539322e-01,-1.035406692700501924e-01
1.429946343537784825e+00,-4.937651593511822035e-01
1.286193294176286139e+00,-5.159403071099238902e-01
1.600832011185242099e+00,-4.036938406792443534e-01
1.284163174484030501e+00,1.136095488917153971e-02
1.284163174484030501e+00,1.136095488917153971e-02
1.355790247390679770e+00,-3.308817297479822450e-01
1.188899401721192683e+00,-4.889376783772972912e-01
1.148443189234793937e+00,-3.724335364417679650e-01
9.837539979161683545e-01,-1.151091239323585036e+00
6.731012659875580395e-01,-1.029622634618679644e+00
9.091143387667601772e-01,-8.427628298359396419e-01
6.488792865342902783e-01,5.210526690462835564e-01
2.841126042966907739e-01,1.131729367188967439e+00
-2.480081469780258743e-02,1.693014718035287247e+00
-3.116245069167828952e-01,1.497481223433827502e+00
-3.571611902788817128e-01,1.787114692382739012e+00
-3.984225684374554377e-01,1.031119548144264986e+00
-1.644484764547762268e-01,7.850892264128485065e-01
2.822307559686758616e-01,1.107816123759087917e-01
4.245807030730638365e-01,1.451285499000158352e-01
1.247718161122853830e-01,-5.081579449766490120e-01
-4.773676047090772978e-01,-1.165910711266235245e+00
-6.353949948438039064e-01,-1.324437658356130809e+00
-4.435894768800136001e-01,-9.025880164806443506e-01
-2.768115192824363580e-01,-5.897413063203372774e-01
-2.716319282088061060e-01,-5.939711164259542375e-01
-4.654436688929361465e-01,-7.545988815004275319e-01
-7.154908276461175998e-01,-8.947223428874505613e-01
-7.442418612044796600e-01,-7.193604869553064107e-01
-8.222668299186962626e-01,-4.941944088644272259e-01
-8.283049385989345037e-01,-1.961398434218123155e-01
-9.617943684447923802e-01,-2.545997314502939646e-01
-5.741775588972555244e-01,7.409065015386355479e-02
-2.346177132770317642e-01,1.204839075049352198e-01
1.453177371170201460e-02,-3.298862109156032452e-02
-1.249173226568146278e-01,-4.775699716207688073e-01
-8.692003815710755421e-02,-4.115443496014162261e-01
-1.020591235507844891e-01,-2.368107189660108580e-01
1.274397582956867669e-01,2.136674531695764434e-01
1.896921029067636377e-01,4.828143934421796346e-01
-4.966864857168373781e-02,-2.480803866951789838e-01
-3.181289895206561580e-01,-8.297980961614769280e-01
-3.715664479727030511e-01,-9.239552251970685193e-01
-3.028389426091868120e-01,-4.864789336775788842e-01
-1.527141726616160489e-01,7.011607526364450893e-02
2.714782369686776220e-01,4.824040532913558277e-01
1.089673418948740258e+00,2.516521388548085714e+00
1.215507585027799431e+00,2.753267855139727160e+00
1.112658883947702071e+00,3.130901206500340983e+00
7.439188964364595869e-01,1.959232247140367367e+00
9.497148478502743796e-01,2.293967374371998158e+00
8.226689535964376576e-01,1.855317014687980492e+00
5.609128571375193717e-01,1.175509420385147497e+00
1.709841300393813712e-01,4.913181874120290393e-01
3.254045963253222092e-03,1.294882414690312622e-01
