-9.809802709567616574e-01,-3.132258994513062444e-01
-3.434797442740768897e-02,-9.179298465586371858e-01
9.261898152638112780e-01,-5.702783948097958078e-01
1.708094698181727988e+00,6.526587096088065643e-01
2.597329114395997784e+00,1.493943450837316833e+00
3.229080016776463502e+00,1.543198710155293973e+00
3.351542288545467763e+00,8.274313688979789694e-01
2.895632959965799724e+00,-1.737449668284338777e-01
2.068382027991369387e+00,-8.702851008921930198e-01
1.215832203234859632e+00,-1.023007078026918037e+00
5.951096584637708409e-01,-8.165837926617715015e-01
2.648965222601563085e-01,-5.297946644418835005e-01
-5.639515344911771172e-02,1.392107347684222174e-01
-2.750830976257499505e-01,5.569663908389337337e-01
-2.750830976257499505e-01,5.569663908389337337e-01
-4.208743736291740700e-01,1.491889100236454269e+00
-7.319274537364196531e-01,2.915884911985016981e+00
-1.048276257213703877e+00,3.764373411444905226e+00
-1.242548708134004309e+00,3.678800542600993317e+00
-1.234723220504530650e+00,2.899266687950863730e+00
-1.038513938261358849e+00,1.938110494466020128e+00
-7.407124380275817987e-01,1.177204761357106166e+00
-4.530459332485027302e-01,6.486379533340549397e-01
-2.737193913036641835e-01,2.132867027601782206e-01
-2.275317241485923514e-01,-1.041095136890831108e-01
-6.667538621002268018e-01,2.196196728264114897e-02
-1.020834380359226135e+00,8.125289624237843622e-01
-3.967646963639650526e-01,2.003919081255955970e+00
9.065957492654769245e-01,2.899252706956393588e+00
1.996224003199198904e+00,2.890598168168482029e+00
2.371390143750778723e+00,2.192200125643619213e+00
1.799955332605885694e+00,1.499252999718939217e+00
1.478196345588319804e+00,1.337404851245100224e+00
1.887333282971743520e+00,1.473437446490836189e+00
2.109282128604183182e+00,1.731463072924627866e+00
1.908184811030468886e+00,1.955355817251118289e+00
1.436155026155537140e+00,2.006380631339922616e+00
1.154085351246016966e+00,1.877621567436414951e+00
1.367417023547097266e+00,1.676649226626521383e+00
1.958324027706889847e+00,1.626980552640878042e+00
1.379448628467404125e+00,8.158691504680823936e-01
2.957751972916458291e-02,-4.397669152380634383e-01
4.701213167201455032e-03,-5.578405772650206762e-01
-2.525812633570999055e-01,-3.267171082002225391e-01
-4.119092353107321469e-01,6.370848248415451887e-02
-2.025910008327072021e-01,1.349074559347691327e-01
1.182842842773215025e-01,-8.272318833755488987e-02
2.591151468271671310e-01,-3.503586412602812533e-03
5.261460792891842903e-02,-1.117264325210112624e-01
-1.602678476217964942e-01,-5.335796732507179785e-01
-1.121967611335914217e-01,-5.239470895162497976e-01
-8.432050855619169782e-01,-5.191990061491630337e-01
-1.405349032873557835e+00,-6.103753901011288452e-01
-1.266847644950331864e+00,-6.362424131292859775e-01
-1.093477596597021373e+00,-4.656976641563398411e-01
-9.508188831061560320e-01,-2.428229742561658633e-01
-6.528724429890879755e-01,-3.393097335957497296e-01
-2.458365022267164079e-01,-6.719588763619049887e-01
-3.105728615584677291e-02,-7.597101566095032510e-01
-3.920585331321425199e-02,-5.276246155588258935e-01
4.628225078586945679e-02,-1.293202697948691859e-01
1.613435883153601924e-01,1.266348670108184415e-01
4.645359066766729383e-01,6.924102606692247308e-01
6.579362317992495379e-01,1.045834431599519165e+00
4.257742020467677468e-01,5.002567148381765749e-01
-1.984224082311358273e-01,-1.658361779702770267e-01
-7.557607331542969265e-01,-3.795816845848797305e-01
-1.069451119758398017e+00,-5.810848296949543412e-01
-6.808299164264680625e-01,-3.372165322687759592e-01
-4.668081469332457933e-02,-3.707648076394906567e-02
5.798261622754609379e-02,-3.447072003177120147e-01
-2.562126511909912016e-02,-5.314885477361831478e-01
1.313033375671396330e-02,-2.288495706426537102e-01
-1.039356674219029525e-01,-8.287525208523247033e-02
-2.768181928875810272e-01,2.533288705530084006e-01
-6.633456632496712579e-01,7.333302539596642244e-01
-1.096088660876234355e+00,1.101166990095034715e+00
-1.119280558518817026e+00,1.094397056185801409e+00
-9.450357624154949177e-01,6.610203340712053066e-01
-5.084577584934367733e-01,7.155748408621394330e-02
-5.641656389450629833e-02,-2.248247721127426824e-01
1.443301069553291072e-01,-1.652389639539486588e-01
5.777732580769494308e-02,-3.991799151385387323e-01
-2.943826221350472894e-01,-1.135518554863592877e+00
-8.609740895764212976e-01,-1.942577222658900205e+00
-1.282002700059876377e+00,-2.397032656503020664e+00
-1.214707960736317371e+00,-2.209027126614133696e+00
-6.658646172946923736e-01,-1.552566587573946499e+00
-1.610874719542086664e-01,-1.345417641581263313e+00
-1.338746283621452537e-01,-9.387126533375887982e-01
5.149469574811921940e-02,5.141478962500075495e-02
3.217300856330446157e-01,4.088376961491180239e-01
3.043201816357707368e-01,3.166676068752694584e-01
2.226648762779674662e-01,4.280776802415695026e-02
9.831208867931835738e-02,-2.126871540903058078e-01
6.772406503940618661e-02,-3.512158488097513742e-01
1.686894299564434818e-01,-4.894282173350501530e-01
3.873845850603235275e-01,-9.761763966314528362e-01
4.800746761340776714e-01,-1.658318735903664853e+00
4.075074055557928454e-01,-2.102528751444911137e+00
4.086568514280767284e-01,-2.087729987385734454e+00
4.813296807331996496e-01,-1.642160935520526444e+00
6.873262731505296319e-01,-1.419474925703691826e+00
8.788473438924232495e-01,-1.425606047176730673e+00
9.246098783142450150e-01,-1.090332856184224930e+00
3.041310447891326096e-01,-6.262023618143752746e-01
-1.370534956211502120e-01,-7.074540684122155865e-01
8.621902664740654920e-02,-9.183848161393920462e-01
3.443433503804295692e-01,-7.309308912117048473e-01
3.307213004108796595e-01,-3.619253386299646769e-01
2.945774348455815206e-01,1.930073655215657213e-01
6.234343981776706567e-01,3.473268499872602666e-01
7.814747543540963015e-01,2.819110195570659894e-01
5.098878020855863724e-01,-1.029707214565727669e-01
7.877056047415516293e-02,-3.709858134192742796e-01
-2.700192832949639410e-01,-1.979893271723192349e-01
-6.573499418320697396e-01,-2.874105011266848281e-02
-8.742236064957722430e-01,-1.600035681194311166e-01
-1.378980962350474793e-01,-6.101228684665063184e-01
8.015213783365559008e-01,-9.451782961031952590e-01
1.633243828585983604e+00,-9.106877664884415191e-01
2.018770407693240454e+00,-4.990934399430376756e-01
1.959299839268542565e+00,-1.128387233234220549e-01
1.592767256619767702e+00,8.819964656489229227e-02
1.099386389286598487e+00,2.172779888855227298e-02
5.863509518081674310e-01,-3.250877121766167499e-01
4.366329969640218023e-01,-9.371133021974445976e-01
6.598457668378961971e-01,-1.159028155341644384e+00
8.083744099302870856e-01,-9.027507010649855612e-01
5.115430189098885139e-01,-6.063464647257374995e-01
-1.154104598258880454e-01,-5.814508633556660921e-01
-4.072956239240068110e-01,-9.685107039843996457e-01
-1.796240018149476703e-01,-1.150116483128016842e+00
3.819939167437631511e-01,-1.018076996750024721e+00
-2.317786206404133173e-02,-6.832414019605924649e-01
-5.960870828641265939e-01,-3.347885621303851589e-01
-3.305316637214311681e-01,-3.419530061367820895e-01
3.197299520460912883e-03,-5.087928351941735094e-01
5.908736211601575694e-02,-7.633373183986088550e-01
1.022989642897407792e-01,2.086043739868547742e-01
1.059444377053499892e-01,2.264646466642411760e+00
-2.374774738829370513e-01,4.368690124769186056e+00
-8.418619404131603146e-01,5.888411869970313184e+00
-1.300888590527305100e+00,6.551437465936813531e+00
-1.234679204120329610e+00,6.312142331898982661e+00
-6.492363511561405343e-01,5.444084172085375428e+00
1.894625438907391463e-02,4.469582302908911231e+00
2.235370691087326112e-01,3.904074600817765361e+00
-2.763960987956493032e-01,3.919052555929706028e+00
-1.272493126842598965e+00,4.133070779135247008e+00
-2.338593708054580222e+00,3.816424527216241369e+00
-3.157812545215246125e+00,2.484595481485227353e+00
-3.628688655007597408e+00,3.452486660945835450e-01
-3.758576009098034465e+00,-1.852748043272061107e+00
-3.557182437717130608e+00,-3.363091491294673663e+00
-3.035107825917089830e+00,-3.853582916206621078e+00
-2.262547617569589331e+00,-3.449841282527471797e+00
-1.405135788430261767e+00,-2.506761976289730853e+00
-8.606454427951287789e-01,-1.671084145075491856e+00
-9.198077296788192969e-01,-1.256595178706461979e+00
-9.198077296788185198e-01,-1.256595178706462868e+00
-1.844682506122834464e-01,-9.442424950777905668e-01
5.570077248947128412e-01,-3.097660979631078892e-01
1.163941582468508207e+00,1.123414648050141407e-01
1.620366097667858440e+00,1.848019490209615590e-01
1.600872536421096282e+00,6.135768020722157795e-02
1.027999193453889459e+00,-1.121604726584562173e-01
4.299438967509834897e-01,-2.372294380430112759e-01
2.283167110369620223e-02,-5.675994555291094534e-02
-5.150715884851884141e-01,6.266868243314821507e-02
-1.123236791174338167e+00,-2.864749077072348271e-01
-1.297951491914088207e+00,-8.651676045471904386e-01
-7.307927302139491932e-01,-9.820460833326484229e-01
-2.160558840593086727e-01,-8.507471460094653271e-01
2.515239877684887770e-01,-7.869431021318206154e-01
5.068291455586588778e-01,-7.055436910319871080e-01
3.304607939026437680e-01,-5.443004514820942719e-01
1.038685295158174073e-03,-1.609276778260786689e-01
1.070265546089714664e-01,7.087613072762739830e-03
3.926140506273148589e-01,-7.673157823431159263e-02
2.468165858720060279e-01,-4.926761084793409018e-01
-2.798305940157248539e-01,-9.672129211058213549e-01
-5.027354498332584631e-01,-1.204130919939932820e+00
-5.805815556505474762e-01,-1.245407582570696281e+00
-8.391677157913441931e-01,-8.509236556235365567e-01
-1.195983301966608847e+00,-2.854173135764652702e-01
-1.736954389104476748e+00,2.075898312390329070e-01
-1.856315675092857997e+00,3.610606808707061965e-01
-1.232953178325457921e+00,-7.301931818888840638e-03
-8.746068185426778552e-01,-7.292502979587858203e-01
-3.585668668906798473e-01,-6.695265726036537801e-01
5.690317462314875563e-01,-5.142414066086431479e-01
6.800675130539342028e-01,-1.089600732136793981e+00
2.634566169372563049e-01,-1.450143948544063255e+00
-1.338746283621452537e-01,-9.387126533375887982e-01
-4.387373797085088456e-01,-6.439325990094529016e-03
-8.135462044822157068e-01,3.211985705409924896e-01
-1.088268225254882982e+00,2.573662668972653278e-01
-1.073449754764233210e+00,-1.172696795337486442e-01
-8.506999015351858207e-01,-4.475604514099015829e-01
-6.099776723969604353e-01,-8.834978387168253011e-01
-3.507223410914339090e-01,-1.083377732492728729e+00
1.615646881741050409e-02,-6.929759175485801226e-01
7.360118518778082652e-01,-2.244991743400108208e-01
1.482982035806107879e+00,-1.281314266941858404e-01
1.911347138925537870e+00,-4.906971703299118359e-01
1.926333417579966234e+00,-1.287478781775961201e+00
1.560657172451985986e+00,-2.136118270026828192e+00
8.919677006303923239e-01,-2.753713629030888566e+00
6.222489634190788710e-01,-3.055459354705415631e+00
6.617946864689188136e-01,-2.832017693232673494e+00
2.874326968041001074e-01,-2.113925209527646842e+00
-4.132464710345100378e-02,-1.111271374553012281e+00
-2.158542007811666275e-01,-7.405709408007387085e-01
-6.642518243538870770e-01,-9.549461835186894287e-01
-1.049360707267838588e+00,-1.561384860545615982e+00
-9.657189408580006962e-01,-2.315176540648623771e+00
-6.572187068823859279e-01,-3.009872513934212623e+00
-1.360153206948964966e-01,-3.457625909031664335e+00
2.649898568518931352e-01,-3.787866341972676576e+00
3.790556947087173056e-01,-3.839214825164577238e+00
2.688738779239042143e-01,-3.284387249629062921e+00
7.988663980614506277e-02,-2.245438804399076727e+00
-5.041937351045671090e-01,-9.246483272215240135e-01
-1.036035370525136612e+00,-2.001056845389981853e-01
-1.059527227636830604e+00,-4.017171631766034562e-02
-6.113796835928568818e-01,-2.277306753769308689e-01
-3.190449658943921851e-01,-2.631152456710550425e-01
-4.818605607408211200e-01,-2.045840498577709832e-02
-6.342187376571648549e-01,-2.751206695066215069e-01
-6.994780194368517279e-01,-3.342417014455734137e-01
-7.339936956477669527e-01,-1.489684886783825823e-01
-7.211578183282775223e-01,-2.626354879585199864e-01
5.757900244048170801e-01,1.190742342926318226e-01
2.827104941411587635e+00,5.593501492891210791e-01
5.043664817238295406e+00,4.877033655737244011e-01
7.149082724713379022e+00,1.356526514121998706e-01
8.579897969866641105e+00,-5.251274111882919815e-01
8.925469562544922297e+00,-1.328839146923090686e+00
7.974559826788320649e+00,-2.034528237550733198e+00
6.018085774989742731e+00,-2.482218381889456538e+00
3.827767055311448008e+00,-2.698560864202980358e+00
2.137831562167859190e+00,-2.810631414013847529e+00
1.128149737889060589e+00,-2.858463591242050850e+00
5.445544503326660291e-01,-2.767180086592819777e+00
2.423401749567312413e-01,-2.482498067681575549e+00
3.383964175414038156e-01,-2.010460295046984758e+00
8.209173518279372361e-01,-1.307008742904748111e+00
1.366759034913667126e+00,-3.287047493940779552e-01
1.380262175797059898e+00,9.063195132443588875e-01
1.272211289813885982e+00,1.912852362377826188e+00
1.524116383259622731e+00,2.280651968199119306e+00
1.673007303907555698e+00,1.931830337923410523e+00
1.692514328522950473e+00,1.074667278922819547e+00
1.657563528717751922e+00,4.098591320543427119e-01
1.476454761406779115e+00,2.104696807284445192e-01
1.144101698837644676e+00,1.714420217989702233e-01
6.106153288459670314e-01,2.944688413160369000e-01
4.218808404664959322e-01,2.489682794768281401e-02
7.036318680606007403e-01,-7.207995110440396092e-02
5.169518711975525926e-01,-1.170249000493026603e-01
-1.859247891802854047e-01,-7.697728525191558369e-01
-9.198077296788192969e-01,-1.256595178706461979e+00
-9.361270119549554014e-01,-4.675551717115147277e-01
-9.319228351165370627e-01,4.354819418639064854e-01
-1.071728256882468200e+00,8.189847713309663657e-01
-1.047139242983628371e+00,4.562035202323209693e-01
-8.723205690684496805e-01,-1.271755549738110558e-01
-7.138893952615461558e-01,-8.211776678030880960e-01
-9.198077296788192969e-01,-1.256595178706461979e+00
-1.091858297843310233e+00,-6.856744338159425078e-01
-1.112508736014800048e+00,-2.408413716639149771e-01
-9.684090674763596862e-01,-2.891227643864591190e-01
-7.608268255540637792e-01,-8.151064605910536276e-01
-9.198077296788192969e-01,-1.256595178706461979e+00
-1.140603970155506186e+00,-6.314056402029687431e-01
-1.058692546295412429e+00,-7.372694184031966524e-02
-1.024968832790399409e+00,1.873759443682048997e-01
-1.640018627252059380e+00,1.191443403213454433e+00
-2.145600292597968028e+00,1.631825824025743055e+00
-1.964134493185145436e+00,8.515010745575927187e-01
-1.434352645932648107e+00,-3.175229263301450611e-01
-1.297951491914088207e+00,-8.651676045471904386e-01
-2.416262842291410529e+00,-5.418676417612025009e-01
-3.640434274224692235e+00,-4.469952773216218089e-01
-3.562756029711262151e+00,-4.793047308941091322e-01
-2.238540976527017889e+00,-7.343318642099069260e-01
-7.047281272197462032e-01,-1.177055357868127317e+00
8.758669411592347187e-02,-1.581378644357710472e+00
-6.175157953902125213e-02,-1.718886127456209278e+00
-6.365296209808231076e-01,-1.502905440515134972e+00
-1.032865094202422895e+00,-1.010964054750489671e+00
-8.560306758229404567e-01,-4.883063784709502642e-01
-4.941958757303896443e-01,-1.399903151284452862e-01
-4.953485010006030698e-01,3.642205580200053722e-02
-7.738196054342726393e-01,-1.199663990412505876e-01
-1.048545927993399962e+00,-5.029608873380191358e-01
-1.121456898526274948e+00,-5.042997403503787224e-01
-1.037701772383717858e+00,-1.902284266050990880e-01
-8.742236064957722430e-01,-1.600035681194311166e-01
-6.513325351781924510e-01,-1.571226066915027142e-01
-4.955842603362420329e-01,-5.835305458070794843e-02
-1.568862795829743806e-01,-2.410441704155730225e-01
4.059157196285743674e-01,-6.153035784980026568e-01
8.975697627867170736e-01,-9.925523722715666741e-01
8.474006030239712439e-01,-1.090820429477350251e+00
5.513915542524654434e-01,-6.456005408084728447e-01
2.827046076103084116e-01,-5.972068734705143767e-01
-2.601136724388056765e-01,-6.535380462783713096e-01
-6.860584293113438648e-01,-2.527187727832552744e-01
-8.742236064957722430e-01,-1.600035681194311166e-01
-1.245392296418303069e+00,-2.720739011282439224e-01
-1.940108771554450717e+00,-2.018816614207239457e-01
-2.059475578563476184e+00,-9.719284752591450527e-02
-1.455384867845522123e+00,-2.061080329446226406e-02
-8.742236064957722430e-01,-1.600035681194311166e-01
-5.000594757368502785e-01,-5.236604096001268305e-01
-3.254489729716970592e-01,-6.745516896237894189e-01
-4.991602157027512643e-01,-5.245967184657770455e-01
-3.519302778605707394e-01,-6.271929725898928165e-01
4.088102235632033732e-02,-9.878648863585932638e-01
9.045647752122021323e-02,-1.030371463273045185e+00
-1.058260459741114101e-01,-1.000121989022072944e+00
-4.126703285388362286e-01,-1.166332933209798695e+00
-9.198077296788192969e-01,-1.256595178706461979e+00
-1.248313387220886916e+00,-1.059185728933857984e+00
-1.689421240311814065e+00,-9.450579630816076104e-01
-2.220581526701605579e+00,-7.031249138435013979e-01
-2.438735091031992930e+00,-3.555145584743694132e-01
-2.156163634565102960e+00,-1.389488555380426760e-01
-1.342927609094842767e+00,-1.118815224725198676e-01
-2.633767224496689208e-01,-1.528362240168160968e-01
3.591573241899457813e-01,-3.408169761846326362e-01
8.140720181123252130e-01,-6.830082754735884443e-01
1.112615314274483236e+00,-1.001698189698908337e+00
7.445827965256122116e-01,-1.358558501709540955e+00
1.652080304673761435e-01,-1.738954350660524284e+00
-5.809643906159958626e-02,-2.181267125742669677e+00
2.124665318821704896e-01,-2.700826327584320730e+00
-1.423630627730511355e-01,-2.567187706151849103e+00
-1.159639449034472358e+00,-1.598838636602492036e+00
-1.690061975214412371e+00,-3.711486262064339070e-01
-1.447888836985563810e+00,8.794761093250512696e-01
-7.642130281029936301e-01,1.817097754036877122e+00
-3.031072403131461201e-01,1.672488168355124705e+00
-2.049223319527207487e-01,7.530671350339172010e-01
3.661378644786312392e-02,8.964331816305881606e-02
1.043190087382918296e+00,-6.908731306581035458e-02
2.190691406609680314e+00,-5.322697484237164101e-02
2.638619634292179050e+00,-2.816357216239055994e-01
2.486526202643857264e+00,-5.178097643353447577e-01
1.632465251556294072e+00,-5.522797941759078899e-01
6.378049258815776668e-01,-4.464899264654091371e-01
-5.022327782800213580e-02,1.693208055186171679e-01
-4.533142940526863757e-02,1.064558065803332676e+00
1.634401277086717508e-01,2.075140058506462992e+00
5.760093464897227955e-01,2.821865035068515493e+00
9.677276232385708665e-01,3.176984943190710453e+00
9.411988121927555850e-01,3.054840806940752440e+00
2.258235087777792083e-01,2.551508404773325189e+00
-8.089591105499437385e-01,2.053100330085568803e+00
-9.520454668872845305e-01,1.155626117121938856e+00
-6.703483614430119086e-01,1.566416429815037370e-01
-6.272370942411107375e-01,-4.567184208686542873e-02
-5.311496252224195969e-01,1.363996281923571530e-01
-2.956887739442340957e-01,3.293345994183444377e-03
-4.718146457544902805e-02,-3.206049828834199311e-01
-3.647652654174772247e-01,6.566165386085379141e-02
-5.110088306956103166e-01,4.447464498949567635e-01
-2.117697036218367523e-01,1.186065549224682575e-01
-2.670877300938954146e-01,-2.202191897066859139e-01
-7.282044756296711663e-01,7.532728202500070525e-02
-1.010716986039362997e+00,6.180391762147965373e-01
-9.406098625386474232e-01,9.397736341057589815e-01
-1.008573122947895584e+00,1.033622755039328434e+00
-1.118124852902637079e+00,1.208491315818322587e+00
-1.203932265648168798e+00,1.630652479168359648e+00
-1.600011552910573398e+00,2.076911549889222108e+00
-1.978194671718779274e+00,2.060229149075621713e+00
-1.677940789483918893e+00,1.655538974367756655e+00
-9.759393816408806765e-01,1.178206628357333363e+00
-4.751849559371084109e-01,6.722967479057967433e-01
-7.036565173884279378e-01,7.157230726303980273e-01
-1.036577534875860351e+00,4.699362098380062691e-01
-9.023800335995317834e-01,-8.726692185429237025e-02
-7.828398389513860911e-01,-2.502611078087412788e-01
-6.106633215775550960e-01,6.137408190607321172e-03
-7.250477884906354475e-01,6.676023797068199039e-01
-1.008573122947895584e+00,1.033622755039328434e+00
-8.912514455042458428e-01,6.544748628938630297e-01
-7.488144415614254035e-01,1.036819904891527616e-01
-6.415252052441662300e-01,-2.676895740614329555e-01
-6.415252052441662300e-01,-2.676895740614329555e-01
-5.440181948075941687e-01,-2.313001100723426073e-01
-3.837444259137818281e-01,-6.022893779690557947e-01
2.256922993531707278e-01,-9.170289461259797381e-01
9.827149899138943878e-01,-8.277283098293619634e-01
1.708170541064821135e+00,-3.170708381751141114e-01
2.024364224720410554e+00,1.881958872980538655e-01
1.556329223141878382e+00,4.041238256113327543e-01
4.154403610144411507e-01,4.480395981309200915e-01
-7.036565173884279378e-01,7.157230726303980273e-01
-6.437139038574390959e-01,3.220288098499633489e-01
-1.470654085821234691e-01,-3.234777962522448758e-01
-4.673493874965561207e-02,-3.515682333222774347e-01
-4.718146457544902805e-02,-3.206049828834199311e-01
-1.160821439679854059e-02,-3.333975203208769944e-01
3.281468656724033373e-02,-3.703691633047057619e-01
2.381979826063306549e-01,-2.940741591314612324e-01
4.776076931461272213e-01,-4.529657938528610650e-01
5.936244000400996423e-01,-9.059432985405035943e-01
4.982223419147517873e-01,-1.170950225155745983e+00
2.090182437182430963e-01,-1.079463895020031039e+00
-8.052354066489744722e-02,-7.078518574879021363e-01
-1.944070206969956138e-01,-4.160284416298768440e-01
-8.271208663196075173e-02,-3.314466171984659093e-02
-5.533279246402746099e-02,-1.578585188647593507e-01
-2.222973013420906363e-01,-6.626837925178858946e-01
-2.277297050817951307e-01,-7.292324901454079189e-01
-1.064560615625463336e-01,-5.454885850564354932e-01
1.877015272577832738e-01,-3.352493400979354998e-01
3.098039708695547456e-01,-2.631364372736368362e-01
1.055066269604878204e-01,-2.151761636279505771e-02
-3.595486334265334261e-01,-1.818211902292642471e-02
-6.158240290095056135e-01,-2.686965052396351750e-01
-3.339457621617988869e-01,-2.073828388990668625e-01
4.261566226149387515e-01,1.716746362231094947e-01
5.408982157082526943e-01,3.623177354953103224e-01
-2.093427471593655720e-01,1.692915258394947498e-01
-7.738196054342726393e-01,-1.199663990412505876e-01
-8.606584721274795902e-01,8.694290195512630048e-02
-7.409147868076336740e-01,5.895025864776870517e-01
-7.182741322212460311e-01,6.718810559493327839e-01
-9.005719214746069623e-01,4.873039857139141451e-01
-1.047608130065373233e+00,1.738276715725111943e-01
-1.079253945415186378e+00,-8.603171618699420597e-02
-1.309837873103824935e+00,-9.701163192248117573e-02
-1.470220601226515988e+00,9.144276984686937337e-02
-1.307577120909682256e+00,2.230620320652012545e-01
-7.626139534586178215e-01,3.411956534330707336e-01
-7.064524351645903866e-02,3.915221913146862964e-01
2.991033803593928786e-01,5.178748961958233865e-01
1.707690466845276089e-01,4.288272325087485459e-01
6.713652352093704700e-02,1.422014213558544793e-01
5.098985640576501194e-02,-9.041878234412617510e-02
2.381979826063306549e-01,-2.940741591314612324e-01
6.421226422308855541e-01,-3.367152709214230044e-02
1.091493736369309131e+00,-1.853524174778836409e-01
1.226962767410285204e+00,-7.217003468601382865e-01
9.181703804726008000e-01,-9.643243031237955787e-01
1.443424462348355530e-01,-1.070864008664633493e+00
-4.411823380771885406e-01,-6.437995826007701927e-01
-7.514616699868787997e-01,-1.091881242039677985e-01
-3.800638465002471600e-01,5.379688096278856246e-01
5.771927286526982170e-01,1.236357916389934086e+00
9.926618419402433169e-01,1.362637639219542285e+00
8.138657579559749333e-01,9.576417610662333324e-01
8.284136751885204930e-01,4.767520693399880938e-01
7.060087626559895524e-01,5.043612705820761377e-01
3.864438905057209772e-01,7.248658739958991903e-01
6.383475522192173790e-02,4.455536478194673800e-01
-3.491080952729625486e-01,5.203989452377001390e-01
-5.385412996654883599e-01,1.404517804685414761e+00
-4.212504111346329072e-01,2.734120044519606996e+00
-7.638753070824307045e-02,4.235671670008193779e+00
6.127040400027521372e-01,4.961508387645682028e+00
1.426734391455963147e+00,4.285623268533182539e+00
2.072253382625912632e+00,2.709725337570867421e+00
2.969979177545388538e+00,1.046724954278485997e+00
3.689137374315753171e+00,1.595217041999127949e-01
3.620934973696967152e+00,-2.557175646274087444e-01
2.805993635611805814e+00,-1.860430322993806007e-01
1.798194248322880995e+00,5.324798851159538021e-02
8.833753655408922434e-01,1.021478413799301183e-01
4.887478139134927152e-02,-1.288697139876697484e-01
-7.253599294840356038e-01,-4.751116902462280689e-01
-1.075157186130564213e+00,-1.104720996756564544e+00
-8.712592716627176603e-01,-1.727616354124371645e+00
-5.380971541630745758e-01,-1.923636569365356763e+00
-2.210597939364119802e-01,-1.578752246438130280e+00
-7.191816041654031100e-02,-9.923049938873935716e-01
-3.258503232458610094e-02,-4.551040931237696485e-01
-2.333993376314008050e-01,5.476737737091253999e-01
-5.636182861420494516e-01,1.099709838831809172e+00
-8.782645379279147013e-01,1.248053430239612904e+00
-1.025695829311899621e+00,7.634431765993640040e-01
-1.506958922422509950e+00,1.061628405378244100e+00
-2.333118439277675371e+00,2.392579712952385584e+00
-2.885904299359778324e+00,3.332917668674728162e+00
-2.885904299359778324e+00,3.332917668674728162e+00
-2.644128888747923511e+00,2.786472591498032614e+00
-2.046422324002176829e+00,1.846127416471407878e+00
-1.212052489207201100e+00,8.446212430572913599e-01
-4.407844275364976028e-01,6.686771484851765368e-02
-4.603584379316226771e-01,-2.318274769755071241e-01
-9.344135333896045337e-01,8.186467942615972826e-02
-6.603274879491778382e-01,2.344809713126015105e-01
-8.675731086943316156e-03,1.692379713862431356e-01
5.164733415805344841e-01,2.459031695329944589e-01
8.384329319713810236e-01,3.747088862510121188e-01
1.751135238214886591e+00,8.890666151945415541e-01
2.728664536147713537e+00,1.231514735963916474e+00
2.839752347476144578e+00,1.261178948442962078e+00
2.660440232573555885e+00,1.348265645029208537e+00
2.473667831959220464e+00,1.502267775046844278e+00
1.860059138605687057e+00,1.242916691424803988e+00
1.044658379073077681e+00,6.067287469287578894e-01
3.795007784242904747e-01,1.986624551007796224e-01
-1.566544779729289738e-01,5.360958159554534558e-02
-7.098853206096062962e-01,1.795676784566725692e-01
-1.069494402973326874e+00,1.488224923859685633e-01
-8.946994399136616316e-01,-8.474967099762430178e-02
-4.242271541120529177e-01,-2.294593202862619252e-01
8.830926331009200658e-02,-3.687556876835544895e-01
6.436169375942073223e-02,-3.456510531235886807e-01
-5.335974797382251333e-01,2.891353455796190873e-03
-6.250212275860508315e-01,2.107259411669676688e-02
7.491236561882904654e-01,6.305098533600269617e-01
1.261159384931256344e+00,1.997754705480930371e+00
1.570597153760396880e+00,3.012304472728499771e+00
2.403174643386056353e+00,3.378724509646870544e+00
3.353403998952639853e+00,3.091076136815257058e+00
3.759101608541634221e+00,2.424929755191110203e+00
3.342586641338698872e+00,1.601121101600743835e+00
1.955732683188738052e+00,2.341768156142280122e-01
2.970892127422898321e-01,-4.822769355897715271e-01
-2.746713966042159671e-01,1.513198684581210374e-01
-1.429262999267997269e-01,6.439173758620112542e-01
-2.912764326129372097e-02,6.296777213439116450e-01
-2.477945370249531876e-01,2.523786098913461950e-01
-5.370766162152988965e-01,-1.706513455306431781e-01
-3.917994914945663876e-01,-3.629774274111475241e-01
-2.286968646577552389e-01,-3.363292286457698066e-01
-5.136857017613094545e-01,-3.383641954838067512e-01
-9.063089644865265360e-01,-3.433799317706682785e-01
-1.138900676979946791e+00,-2.087191911555354162e-01
-1.132403028482122487e+00,9.975269413129909946e-02
-6.250212275860508315e-01,2.107259411669675300e-02
1.708566219337030179e-01,-4.323726853098578959e-01
3.162801768685348236e-01,-5.125791382986333300e-01
2.599010000848600566e-01,-4.674314881048788894e-01
1.600833781514734433e-01,-4.455508874842047384e-01
2.402662001796911639e-01,-5.367863593848267723e-01
1.299761132286144372e-01,-4.350482179751910539e-01
-6.746474004214028652e-02,-1.121554559339916907e-01
-7.044081452280760713e-02,1.688123748585203532e-01
-1.264323739859310736e-01,3.324755298043305385e-01
-3.258537557739145663e-01,3.463474880491317354e-01
-6.817174326295107889e-01,1.700477717530995414e-01
-8.742236064957722430e-01,-1.600035681194311166e-01
-1.895917901600668865e-01,-3.534654247728994947e-01
