7.632288522017043331e-01,-3.164682466899051416e-01
7.367385616242627666e-01,-3.143784402215901164e-01
6.848651736831639081e-01,-3.104367242507053981e-01
6.120798565891812926e-01,-3.388227591495939772e-01
6.922701603209381327e-01,-2.690915775849120894e-01
7.552532020939614066e-01,-2.479151758868110567e-01
6.933675474020045693e-01,-2.825521168755109613e-01
5.981953966436117653e-01,-2.960898993859142347e-01
4.176428228620156502e-01,-4.062582311531154899e-01
3.441198373332353677e-01,-4.343545586670288783e-01
3.925071972311101054e-01,-3.906662292285716376e-01
7.616015577551796811e-01,-1.532324994467426371e-01
8.883269986282366082e-01,-9.021856579411791088e-02
5.493265111223284425e-01,-2.996620477866551169e-01
2.744181722567385906e-01,-4.167163551261870436e-01
2.531872472883826553e-01,-4.307529149062088170e-01
4.767123152538381148e-01,-3.226307614892967024e-01
7.052925632460627092e-01,-2.277555038874525262e-01
1.058664896560777668e+00,4.926080708430009142e-02
1.498198281916423902e+00,4.772722416306225957e-01
1.895486495988290443e+00,8.828523434176566154e-01
2.241111761233408384e+00,1.255124401230016229e+00
1.752909655551084578e+00,7.634128118466105839e-01
8.446282107705376241e-01,-2.431576360864861619e-01
5.727884057711998267e-01,-5.367661280387192591e-01
5.727884057711998267e-01,-5.367661280387185929e-01
5.528711123785108317e-01,-6.016456780574037655e-01
5.144149160396140896e-01,-7.267129895052140132e-01
5.153491441613990975e-01,-8.536440777064653318e-01
5.204867834557844741e-01,-9.152149090529856368e-01
5.240814662804781365e-01,-9.858209221154378143e-01
4.877952689408552867e-01,-9.935126599423058646e-01
4.141394035160713694e-01,-9.377338916756448040e-01
3.262235633122901879e-01,-8.634178314288261102e-01
2.340525825502817736e-01,-7.958066730217052687e-01
4.102009408448398231e-01,-4.711189341592932345e-01
3.325062879407036931e-01,-2.547389283827774520e-01
3.350201912058132364e-02,-3.277983541547531132e-01
2.729799242022823078e-02,-4.012993382434245637e-01
1.558515856217790839e-02,-4.880439065330183235e-01
-1.588828987018963204e-02,-5.622530369422589214e-01
-6.228306116205765963e-02,-7.209168309341724701e-01
-1.015598522812497240e-01,-8.300012817660049613e-01
-9.412505246114140356e-02,-7.159214783764480394e-01
-7.060382409802209991e-02,-5.825079348093192833e-01
-5.897306563603535445e-02,-5.240295835598121066e-01
-1.854926835443980113e-02,-5.782096593550829500e-01
3.217234094169211800e-01,-5.997780222193691557e-01
5.682660551062740373e-01,-7.105300801451055470e-01
4.903063835942927384e-01,-8.948294650387462745e-01
4.012090558301855125e-01,-8.855970291539595474e-01
3.171809740777832287e-01,-8.332908831886267631e-01
2.340525825502817736e-01,-7.958066730217094875e-01
6.811764782220113001e-02,-7.832672961172394421e-01
-5.520471394634052231e-02,-7.421927729472387325e-01
-7.415200874255524488e-02,-7.656664994806409164e-01
-1.015598522812466986e-01,-8.300012817660057385e-01
-8.391537087956026097e-02,-7.810059815126306759e-01
-5.553384397067026579e-02,-7.587824958049130819e-01
-1.674843711118253337e-02,-6.975346977320354691e-01
-6.801643243109898977e-03,-6.928745706443885100e-01
8.062968713486326489e-02,-7.632839924847530932e-01
8.471404313402264297e-02,-7.705545530447049929e-01
-1.931026634192692382e-02,-7.362219373842334713e-01
-4.307164118900473626e-02,-7.245776261602204782e-01
-5.553384397067018946e-02,-7.587824958049130819e-01
-1.674843711118281092e-02,-6.975346977320356912e-01
1.006354201254398700e-01,-6.925045668832175982e-01
1.872883501843057297e-01,-6.931307985533511351e-01
2.173293209268592208e-01,-6.694593292106789661e-01
2.223889715337606099e-01,-7.252524490816389946e-01
1.144603948797763560e-01,-6.168432765585826205e-01
1.845245765178873260e-02,-3.350944127264224859e-01
1.042851992772684915e-02,-5.473390520115670732e-01
-2.486564085758633403e-03,-6.551785305707165108e-01
-2.344447146109275917e-02,-7.410813888331025945e-01
-5.131262540557967461e-02,-7.428841953479898841e-01
-5.957258206245772542e-02,-7.190204175380259244e-01
-7.843605189630438457e-02,-7.860037325381276085e-01
-1.015598522812474896e-01,-8.300012817660059605e-01
-1.571665591884542357e-01,-6.771904331192181159e-01
-1.306907952542036844e-01,-6.688903019913858827e-01
-1.037765961571523142e-02,-6.307382521193424241e-01
1.042851992772689772e-02,-5.473390520115670732e-01
-2.486564085758034923e-03,-6.551785305707165108e-01
2.854150957711048403e-02,-7.074421608798981964e-01
8.030340990051888783e-02,-7.589733245258485361e-01
1.263572270319082425e-01,-7.971055394865554922e-01
1.600549526790016053e-01,-7.859705017116014325e-01
1.860808611080708719e-01,-7.606877307105349706e-01
2.466336672515213047e-01,-8.087908319265108004e-01
3.350936749733288700e-01,-9.248714024819051360e-01
4.113102754696654206e-01,-1.022744595898816833e+00
4.554504062196289560e-01,-1.055033364991678768e+00
4.644593180998143889e-01,-1.019402735514259195e+00
4.579989129515338320e-01,-9.629131989873443986e-01
3.844987604203918830e-01,-8.512880194183071181e-01
2.519939740988913490e-01,-6.970776130409537252e-01
1.277044016603245125e-01,-5.821700171278348934e-01
2.501398844986923997e-01,-4.633070647721233004e-01
5.326721860269937325e-01,-2.935134984830644056e-01
3.879093139308694149e-01,-3.320759556576629024e-01
7.598055197352471257e-02,-5.908058441689607587e-01
-3.459243663055064366e-02,-6.024592410227478378e-01
-4.412821557138558309e-02,-5.065755410027873440e-01
-1.046650077679243535e-01,-6.524102903462201120e-01
-9.811810991487134037e-02,-5.633567869309428211e-01
1.838357534961539974e-01,-3.963859459783634631e-01
3.772871445486501996e-01,-5.271392195005145664e-01
2.852012495578387652e-01,-6.679507701580486012e-01
2.422241111046804507e-01,-7.113342173998885576e-01
1.967119252615458502e-01,-7.636171537825923172e-01
1.339747010349401080e-01,-7.690545623935697295e-01
5.835421262115433189e-02,-7.272532350236000642e-01
-2.491617032800697018e-02,-6.412360500793022888e-01
-1.100736617718616611e-01,-5.172233720162169313e-01
-2.076080573849684308e-01,-4.364215670729518770e-01
-2.292299516448289554e-01,-4.226809357343004891e-01
-1.711218445322646164e-01,-4.784705927343058662e-01
-1.368736163055856159e-01,-5.960391983478420252e-01
-9.170241209418387995e-02,-6.493726766938118233e-01
-4.054639521404030528e-02,-6.324745549779736686e-01
6.257441160951991189e-03,-6.334940512529204648e-01
1.596380140688553884e-01,-5.501915089418969451e-01
4.092853082801113929e-01,-4.151032498093682466e-01
4.038537622554332351e-01,-3.665560471550487476e-01
1.550915086772691465e-01,-4.184917738589084557e-01
1.759694235409825849e-02,-4.954740467092373368e-01
3.561186171938861278e-02,-5.278087550875485423e-01
2.826827270368465275e-02,-5.799908671505159541e-01
-7.766265315366442656e-02,-6.192803634360384279e-01
-1.056530474752179621e-01,-4.357683856860707916e-01
-9.030173518338772964e-02,-2.811100843361353241e-01
-1.446056395159678321e-01,-2.988039106707832682e-01
-2.198385077867012205e-01,-3.589762495719407975e-01
-2.190117416100517966e-01,-3.531494042906663799e-01
-1.645442532383405987e-01,-3.178352180292646212e-01
-1.011537612904583189e-01,-3.258580616228923810e-01
-2.325984994504521133e-02,-4.079747107743733614e-01
4.646633147230610356e-02,-5.202411102684368904e-01
8.550425421421405103e-02,-5.294281151629662840e-01
8.418962237984997654e-02,-5.279025668269657912e-01
7.711641941926328236e-02,-5.196416805245144266e-01
6.671406242307684198e-02,-5.202200622189357970e-01
-1.413871428253493934e-01,-4.293824399512913836e-01
-2.916342807643743651e-01,-3.329864359168751564e-01
-2.099504196724738536e-01,-4.399493214662796303e-01
-1.688861145898791494e-01,-5.704050816772945343e-01
-1.618316820325166050e-01,-5.806142359031671862e-01
-1.690297300422623772e-01,-5.284866560341481279e-01
-1.793818024460599736e-01,-5.203408880071422882e-01
-1.870306157188031948e-01,-5.320861753438554942e-01
-1.688861145898789273e-01,-5.704050816772943122e-01
-1.389095087811412499e-01,-5.591133405329629102e-01
-1.389095087811411944e-01,-5.591133405329639094e-01
-1.618316820325166605e-01,-5.806142359031676303e-01
-1.802092352849142542e-01,-4.779208347397454482e-01
-2.292921196646904858e-01,-4.169938311801217323e-01
-2.190117416100516023e-01,-3.531494042906683228e-01
-1.645442532383410705e-01,-3.178352180292663420e-01
-6.210187493152112548e-02,-4.104171638386609478e-01
-8.747106759296725473e-03,-4.336930416177159908e-01
-7.213875170839320616e-02,-4.226369016701293502e-01
-6.577089369238890704e-02,-4.712413969272019609e-01
-3.258490856737076419e-02,-4.755983817390567747e-01
-5.714317946815556520e-02,-4.700268683471837128e-01
-9.231220415671591295e-02,-4.652199930878490597e-01
-1.594953723724445438e-01,-3.627059554864083268e-01
-1.315541990325473920e-01,-3.645496981157008709e-01
-8.255076345110412550e-02,-4.752756483621889960e-01
-8.255076345110441693e-02,-4.752756483621878858e-01
5.106431219967454832e-02,-4.518448829232520891e-01
1.443717643526374050e-01,-4.660448883062990877e-01
1.075021432598388949e-01,-4.909629566016458502e-01
6.431167809094956445e-02,-5.101789181939481166e-01
1.305902775428276902e-02,-5.008768314984132219e-01
-4.218897986564557750e-02,-4.855976702314593885e-01
-9.231220415671581581e-02,-4.652199930878493372e-01
-1.594953723724447936e-01,-3.627059554864086599e-01
-5.437634567183781131e-01,3.376987222058719373e-01
-1.187488837261162500e+00,1.467550098173525441e+00
-1.837960086556757799e+00,2.587497492374671193e+00
-2.364845451410797050e+00,3.511953322696776514e+00
-2.731681455637855471e+00,4.174065224796917661e+00
-2.913080952817959979e+00,4.525952332263591060e+00
-2.896490061809775085e+00,4.542167799131476613e+00
-2.895089895143537984e+00,4.554076504834004169e+00
-2.128615108961720903e+00,3.622776181868096579e+00
-7.881817307905384373e-01,2.025465131614383907e+00
-8.357188984295622902e-02,8.012968591453658584e-01
-3.955673766387911988e-02,2.319609067881648334e-01
-9.813682086454002598e-03,1.267204565155489841e-02
-7.452391519600322888e-03,-4.142212457900362188e-01
-1.046650077679242979e-01,-6.524102903462200009e-01
-1.022879264504938518e-01,-6.372250588388500558e-01
-5.347004695810420732e-02,-6.334046932667681817e-01
-2.098154018665842335e-01,-5.330087335654599690e-01
-2.118317904372513660e-01,-4.230128798368595344e-01
-1.092615365316116915e-01,-6.412498314580060699e-01
-1.022879264504928526e-01,-6.372250588388510550e-01
-5.347004695810572000e-02,-6.334046932667687368e-01
-3.763995166351661453e-02,-5.617639624073718085e-01
-5.073938488745362990e-02,-3.538870769797562432e-01
-4.429780186623876598e-02,-1.943831268428636294e-01
-1.908635641916240494e-02,-9.820645128796157142e-02
-4.050787539217840655e-02,-2.255721619448163018e-01
-4.662179386712753809e-02,-2.745069324497705354e-01
-3.595728157946385950e-02,-2.129716748642858370e-01
-2.956148779697363033e-02,-1.630302635946352663e-01
-3.954825601798979406e-02,-1.559056844116207263e-01
-6.482582228945020508e-02,-1.923989791104901981e-01
-9.203744784262393730e-02,-2.317266542068520396e-01
-1.271306136746237492e-01,-2.892813620179852663e-01
-2.209081722155409322e-01,-3.881677864419263990e-01
-1.120291266981212619e-01,-3.669459227327407924e-01
-2.112949269336829566e-03,-4.847699762743769014e-01
9.555901495890813113e-02,-6.525445035196553167e-01
3.538699440117377137e-01,-7.346224945387994643e-01
4.443387939137085629e-01,-7.483827034648894427e-01
3.474924138426989662e-01,-6.650877665788547111e-01
1.552197767702399311e-01,-5.828433400520284247e-01
-9.737147913872792881e-02,-3.956263080596105763e-01
-1.010874152824492445e-01,-4.072075793098711149e-01
-2.838603724092976163e-02,-5.451667113812250776e-01
-8.060693077029082443e-02,-6.257546605220241087e-01
-3.990273693530578536e-02,-6.710964643935614093e-01
1.208863278814875826e-03,-6.926899256194285481e-01
-4.141162928890151917e-02,-7.212683807912133593e-01
-4.141162928890172040e-02,-7.212683807912131373e-01
1.338235297211884736e-02,-6.215840492466899736e-01
3.467915130877031321e-02,-2.976184857184545618e-01
1.574652157217894602e-02,-9.268965222355945999e-02
1.574652157217874479e-02,-9.268965222355930733e-02
1.121165339034373848e-02,-6.978613453530646549e-02
1.121165339034351123e-02,-6.978613453530635446e-02
-8.697547538018067514e-02,-1.507237624426996207e-02
-2.445757423220357163e-01,-5.033908511864781249e-02
-3.464896137125378361e-01,-1.229776614364275072e-01
-2.914260374849046986e-01,-2.043165985012487251e-01
-2.478669923616779736e-01,-2.984275252801904532e-01
-1.907655856206211809e-01,-3.793332838515206529e-01
-1.323541539002720258e-01,-4.578274452949152584e-01
-1.023948669585795640e-01,-5.303130145504726389e-01
-1.041629053963430279e-01,-5.886401810771075827e-01
-1.068827723597940288e-01,-6.384383569497109612e-01
-1.058171908623868479e-01,-6.504433559140786469e-01
-1.087936758938475718e-01,-6.714551775553376789e-01
-1.223604629684992701e-01,-6.802106578480232590e-01
-1.078916234701994409e-01,-6.356092231440003681e-01
-7.033204091903366706e-02,-6.054288009432147177e-01
-4.506919376766146956e-02,-6.589892213467498649e-01
-4.141162928890162326e-02,-7.212683807912131373e-01
-7.214660515741214142e-02,-6.439733475147998432e-01
-9.458365185762825089e-02,-5.433160781628422198e-01
-2.445988517697732234e-01,-2.763591464074223736e-01
-3.552960546782487072e-01,-1.294768419269108906e-01
-3.165370723107934769e-01,-2.228283241583642882e-01
-2.898746108209040440e-01,-3.293306725807363944e-01
-2.743804868336884306e-01,-4.523589076777106421e-01
-2.554332442432103445e-01,-5.620423262152928201e-01
-2.187265119338459018e-01,-5.251800505863084556e-01
-2.189096793818587350e-01,-4.827252562109618506e-01
-2.494930824042445039e-01,-5.062133728821708312e-01
-2.554332442432103445e-01,-5.620423262152928201e-01
-1.711160622495518924e-01,-6.423608954888724298e-01
-1.223604629684994227e-01,-6.802106578480232590e-01
-1.604359111038530239e-01,-5.956293735626037034e-01
-2.332568684827818206e-01,-4.865325993578061836e-01
-1.855191667795547117e-01,-4.513126188810169248e-01
2.758260698831412894e-01,-3.292372362981745293e-01
1.783885868238418215e+00,5.899054108550801923e-01
3.975578692000207859e+00,2.044342078382361372e+00
6.174062035463780518e+00,3.488573729325127548e+00
7.941653577460073166e+00,4.672152155963799736e+00
9.156025888919137046e+00,5.509486447828867206e+00
9.733137470849225537e+00,5.940024466764509015e+00
9.633048906011287826e+00,5.932631697133182946e+00
8.862686894678009963e+00,5.487842749797510855e+00
7.475364887417914161e+00,4.637822701538555137e+00
5.567093489853524702e+00,3.444041065664726453e+00
3.511265608452459386e+00,2.142095757472005868e+00
1.741178514441777514e+00,1.371475414096716250e+00
5.243911183448193292e-01,1.276359023110965385e+00
-8.357188984295607637e-02,8.012968591453656364e-01
-1.035686525261289709e-01,1.160301180773349282e-02
-1.904293606907470071e-01,-3.996641263081105455e-01
-2.182842165183628003e-01,-4.459958208332820973e-01
-2.202960648597581950e-01,-4.505214915292742872e-01
-2.202960648597555582e-01,-4.505214915292735101e-01
-2.182842165183605798e-01,-4.459958208332824303e-01
-2.479098213622076829e-01,-4.941241525613955243e-01
-2.554332442432103445e-01,-5.620423262152928201e-01
-1.643493739036863688e-01,-4.121663376827865433e-01
-6.768174437235037477e-02,-1.704181504006642422e-01
-1.478453890523778562e-02,-3.758756177225144879e-02
-1.478453890523790532e-02,-3.758756177225141409e-02
-4.034335444917507701e-02,-3.727720003614480859e-01
-9.376879123619032141e-02,-4.790062859870711787e-01
-2.363145183364842306e-01,-3.784455037914248310e-01
-3.246967064163541195e-01,-4.317048218189413200e-01
-2.554332442432103445e-01,-5.620423262152928201e-01
-1.619025851542945649e-01,-5.223225410648931755e-01
-1.100432575511922084e-01,-4.519971613886684114e-01
-8.861715974237627247e-02,-5.470735193753100134e-01
-9.854796235764279322e-02,-7.332332991519067145e-01
-1.234775657342736532e-01,-6.922343335750350546e-01
-1.234775657342738475e-01,-6.922343335750349436e-01
-1.518164022853638884e-01,-5.989080628755244495e-01
-1.835722996617098757e-01,-4.664803596569984667e-01
-1.774594762343797705e-01,-4.240571094335148783e-01
-1.176415071850268196e-01,-4.304377113172487279e-01
-7.021004638790040442e-02,-5.693918980014253117e-01
-7.214660515741218305e-02,-6.439733475148001762e-01
-1.234775657342737226e-01,-6.922343335750352766e-01
1.157555234043420277e-02,-6.151386006591377242e-01
3.532838153883422622e-02,-5.088357622758424847e-01
-6.434714449708534012e-02,-5.263031308748893355e-01
-4.728340355474335704e-02,-6.436860789833072083e-01
-5.179979376878670466e-02,-6.575705145626067338e-01
-9.102733496650212974e-02,-6.261789396938789443e-01
-1.341340128414048871e-01,-6.163821942653118224e-01
-1.632025304574046820e-01,-5.372123450512066301e-01
-1.988539701056266651e-01,-4.745240892059313098e-01
-2.880828518019339368e-01,-3.820834377640525692e-01
-5.070037399319532456e-01,-5.977161737164788345e-03
-1.220475694888581097e+00,1.303583158807900100e+00
-2.475492900723616163e+00,3.424298650852805270e+00
-3.110779418665291729e+00,4.513565139256614067e+00
-2.929802341578509051e+00,4.263693690195411889e+00
-3.110779418665289953e+00,4.513565139256612291e+00
-3.222379410942707523e+00,4.692837170202045272e+00
-3.248022982988361118e+00,4.774317246459804487e+00
-3.362571845443949048e+00,4.957766465931804589e+00
-3.248022982988350904e+00,4.774317246459800934e+00
-3.222379410942701750e+00,4.692837170202044383e+00
-2.640008436806078773e+00,3.707465642045928433e+00
-1.587427304204034106e+00,1.967666865498214568e+00
-7.823298450088156386e-01,5.141318640676806329e-01
-2.681833386637070826e-01,-3.538383769258439115e-01
-1.775024293146051091e-01,-5.447059251984630590e-01
-1.067590926852149402e-01,-6.284919773011983235e-01
-5.211103400021097065e-02,-5.268601690120258141e-01
-1.021386133907262704e-02,-5.180714613488260900e-01
-5.216592343093242982e-03,-5.067514877440276733e-01
1.528934692108169929e-02,-4.977419330819130017e-01
2.219735948164247921e-02,-4.740329475824181515e-01
-3.546811935306640184e-02,-4.851192779522872089e-01
-2.714817843774873160e-02,-5.747066884764873151e-01
-1.886199829059441169e-01,-3.559887950446039007e-01
-3.471099446356420426e-01,-1.229767364703634874e-01
-3.342008968676685732e-01,-2.184663651413682739e-01
-3.847565440170314655e-01,-1.921841048317405043e-01
-8.178733333168468622e-01,6.855584198439890198e-01
-1.635548259552518591e+00,2.098650389791249626e+00
-2.656884457863290194e+00,3.753451931029907929e+00
-3.168230226605539990e+00,4.775477060613530611e+00
-2.886237089346527007e+00,4.562784880908706597e+00
-2.871106418281941242e+00,4.567110171273334629e+00
-2.871106418281940353e+00,4.567110171273333741e+00
-2.886237089346528784e+00,4.562784880908706597e+00
-2.499382126752432320e+00,3.805726184810845236e+00
-1.405574387227144006e+00,1.797089232441698936e+00
-5.632001011748787311e-01,3.455743048529900108e-01
-2.266267044080919890e-01,-1.389799790263956392e-01
-9.811810991487134037e-02,-5.633567869309428211e-01
-5.058489530229282050e-01,2.364066621196989418e-02
-5.949353291754090334e-01,3.382395455502938408e-01
-3.746857865429893963e-01,-1.305527613840999357e-01
-2.307344220553726732e-01,-3.616119682922528389e-01
-1.753696307565569268e-01,-3.062374428935719650e-01
-1.564753630602456203e-01,-3.155486612781845945e-01
-1.083934177120582931e-01,-3.139424463765668749e-01
-8.770829621545314647e-02,-4.119223764936628673e-01
-1.290098242554673091e-01,-6.389537420930372358e-01
-9.907215890022964822e-02,-7.314476727863429284e-01
-5.389790046323278405e-02,-7.453298228536302528e-01
-5.389790046323275630e-02,-7.453298228536299197e-01
-3.313436646921957829e-02,-7.368195074682456491e-01
-2.967612942580484525e-02,-7.754563985738974763e-01
-1.004458740129347133e-01,-7.814850874092731381e-01
-1.290098242554673091e-01,-6.389537420930372358e-01
-1.290098242554673091e-01,-6.389537420930372358e-01
-1.842530482978600170e-01,-6.504728274064710547e-01
-2.420875131947502201e-01,-4.912351412737937517e-01
-4.710780280012184518e-01,-5.759959056316446557e-02
-4.189410147886963309e-01,-1.369689213445997866e-01
-1.306907952542037399e-01,-6.688903019913855497e-01
-2.870948398518840400e-02,-7.945313976408101553e-01
-2.967612942580492158e-02,-7.754563985738974763e-01
-1.004458740129346578e-01,-7.814850874092731381e-01
-6.387923258657222936e-02,-6.223545751659254055e-01
2.861266246255893611e-02,-5.036228570725318487e-01
1.979033872852790366e-01,-4.897432237516848308e-01
3.149740739092599107e-01,-5.003884427596829720e-01
3.062367149300778690e-01,-5.859188880545437295e-01
2.790463875958292816e-01,-6.809476995053302950e-01
2.293072454449835429e-01,-6.459049771621859781e-01
1.056393438993297323e-01,-5.620103944713269462e-01
1.202068364860422317e-02,-5.365740186404901468e-01
3.816451554688931463e-02,-5.626513519806988217e-01
5.969904839939221830e-02,-5.809732647155428920e-01
7.349061640058714151e-02,-5.656576098822690968e-01
8.180304555307733871e-02,-5.425031538951158305e-01
1.087072429598543305e-01,-4.392851633474277318e-01
1.588794920646480757e-01,-2.985710981977751644e-01
1.038273588809263820e-01,-1.719771029640218829e-01
-5.739356141211880008e-03,-1.436976185098291503e-01
-4.384415563159764495e-02,-2.304836684859000451e-01
-2.786676782925353105e-02,-2.001816448761750689e-01
1.038273588809260767e-01,-1.719771029640216331e-01
4.344660628418451354e-01,-2.789960589209368735e-01
6.018785494085162613e-01,-3.436594923709582194e-01
4.987910750917174396e-01,-4.095344875643461835e-01
3.943452754401072236e-01,-4.839841968841747111e-01
2.761168006480096970e-01,-5.530177511666253265e-01
2.078549682450164526e-01,-5.205598834115011675e-01
1.970222331853277720e-01,-3.902599472141253245e-01
1.919706950005130863e-01,-2.855894787520507072e-01
1.038273588809263820e-01,-1.719771029640218829e-01
-2.257506439084377980e-01,2.739198528798085785e-01
-6.745297331719256606e-01,9.713083699636237967e-01
-1.128492273112996491e+00,1.659436087752336197e+00
-1.507968152932351869e+00,2.219185344440279373e+00
-1.852891924031377480e+00,2.707477257385056735e+00
-2.142990057927129044e+00,3.154251211666308397e+00
-2.346548723034895811e+00,3.509274821452299076e+00
-2.415331467423928569e+00,3.638019651899215834e+00
