-1.202652237760911680e+00,3.936292775493663854e-01
-1.027141499711826000e+00,4.765380238050704875e-01
-7.750207772968564779e-01,2.375721737429341562e-01
-1.107680670614882068e+00,9.171966055170130416e-02
-1.142059150120931843e+00,-4.819750302975015499e-01
-1.692026368791920365e+00,-4.843572405818545867e-01
-1.430947706910145056e+00,-4.423349406106397153e-01
-1.796773538525107350e+00,-3.252228030380847068e-01
-1.551042563145165643e+00,-5.728043869843654073e-03
-1.331577723960065018e+00,-8.853322943402896009e-03
-1.079411554501152448e+00,3.001304382856838648e-01
-9.262544920211502886e-01,1.224087220399276421e-01
-8.028119274278768813e-01,1.382152624668560037e-01
-5.617274686648386917e-01,-6.852811248597241445e-01
-3.388907165663997967e-01,-1.711058023250779048e+00
-3.061252694679168496e-01,-2.575918176761134326e+00
-1.657794434643071746e-01,-2.466428040560596280e+00
-1.393935200229123594e-01,-1.993311124835358328e+00
-9.017909663270970433e-02,-1.062069385686764234e+00
-4.468232700016036008e-01,-4.853795426354012843e-01
-5.732591846407117941e-01,3.492641678028989283e-01
-6.740187880876983284e-01,5.706816093277442548e-01
-2.830923094745280144e-01,4.236637693373129787e-01
-1.487013365329246384e-01,2.110727899972344168e-01
-4.263354967375326265e-01,4.199923953172393087e-01
-6.179391500769265688e-01,1.811961587880647484e-01
-1.060014772625467172e+00,3.715369002489525285e-01
-1.077539733923932319e+00,2.434886771669219629e-01
-1.264773362354314923e+00,4.289075351158721516e-01
-1.362767982661485577e+00,5.198459958304847417e-01
-1.142892692900573159e+00,3.964660065405690714e-01
-1.142892692900573159e+00,3.964660065405690714e-01
-1.052096445927695356e+00,2.792185085682156176e-01
-1.037757018865311354e+00,-7.671689048366014951e-02
-6.750397431607293441e-01,-4.595524239071214767e-01
-4.836471124699697199e-01,-8.907899125150301467e-01
-3.078167278981446819e-01,-6.949968249198291703e-01
-2.262071032765446688e-01,-6.896638718249135103e-01
-1.674913255558257152e-01,-6.530352978491412719e-01
-3.437778306530118178e-01,-8.431962960778666138e-01
-4.268977713627405968e-01,-5.692789058261865653e-01
-4.827524680558066272e-01,-1.976253492593088926e-02
-3.897926716975174122e-01,3.715429539849110507e-01
-2.830923094745280144e-01,4.236637693373129787e-01
-4.031929473700300859e-01,4.010893220196361519e-01
-8.065497850400638047e-01,6.908574656493678967e-01
-1.203939395977096982e+00,6.823148149048344768e-01
-9.889583064990914441e-01,4.317037406180121994e-01
-9.326567378427542687e-01,-2.044231676788849372e-01
-5.792210724555010293e-01,-9.085881123525831882e-01
-6.369527531768975903e-01,-1.432890274383137319e+00
-6.439432551596214749e-01,-1.546364866185923725e+00
-8.035642477588856858e-01,-1.083041556902273994e+00
-8.521648569926981720e-01,-1.515664229964358289e-01
-6.467792438937147725e-01,9.506708306443734102e-01
-3.650115578926756421e-01,1.787344317032139474e+00
-6.213537757440505682e-02,2.106283827526107100e+00
-6.213537757440505682e-02,2.106283827526107100e+00
-3.806426340106511264e-02,2.144151030816032311e+00
-9.620149287431273288e-02,1.808794766584665537e+00
-1.147434704710385278e-01,2.981993974544372428e+00
-1.606155927366487435e-01,3.843838561110668017e+00
-2.331627222375135255e-01,4.421764414647522123e+00
-3.059563416729828011e-01,4.024881091729620941e+00
-5.475579717601299912e-01,2.974211752569400513e+00
-3.094522348580722726e-01,1.789228907013235670e+00
-1.908468589992990683e-01,3.770605805700026902e-01
3.460599466480040326e-03,-1.754864330068701128e-01
-1.519552419047399405e-01,-7.023303233938332779e-01
-1.519552419047399405e-01,-7.023303233938332779e-01
-5.763943412917804654e-02,-5.189085737159918610e-01
-1.519552419047399405e-01,-7.023303233938332779e-01
-4.228166465360738147e-01,-8.217484397095258242e-01
-8.611917401175570586e-01,-4.855499251646666070e-01
-1.485657483214589236e+00,-1.924089695835676794e-01
-1.910412338149512168e+00,2.767822923856598158e-02
-2.390256988649413383e+00,-1.251983357086539905e-01
-2.606531463254882830e+00,-1.730256969151320601e-01
-2.577484721038476145e+00,-1.463342977970690240e-01
-2.034852129682586774e+00,-1.431946060622171606e-02
-1.312670772347099835e+00,-1.464630770263661980e-02
-6.904182050406116877e-01,2.806791359706569886e-02
-2.683394070513024920e-01,-1.037155754846084826e-01
-2.683394070513024920e-01,-1.037155754846084826e-01
-2.683394070513024920e-01,-1.037155754846084826e-01
-3.546364275765757634e-01,1.619829443544209269e-01
-3.604053806144796313e-01,2.679696714108357747e-01
-6.369398257044357470e-01,1.035420660667796477e+00
-7.736037280676659744e-01,1.746725220617362240e+00
-7.489352527567820772e-01,2.243828177094607135e+00
-2.582791231992020986e-01,1.681242657800173790e+00
2.243887671640900638e-01,9.043848057462344769e-01
6.381037055011543613e-01,1.436069287160424146e-01
6.146957833689410400e-01,1.442524859419034855e-01
7.589361377956526100e-01,2.724853816023438680e-01
6.327677928414829900e-01,4.321818695583982683e-01
4.748964782588685485e-01,6.398010242502342182e-01
1.677817113624531231e-01,3.417299666959274784e-01
3.063952670709400583e-01,5.243733024640518936e-01
4.853788110381547782e-01,4.494436568324213788e-01
8.438929568619176758e-01,1.105129557415094332e+00
7.000279284214682152e-01,8.475806666069334305e-01
6.707145812472981028e-01,6.720527386863913710e-01
5.563330298685054132e-01,-8.592869049442508622e-02
5.953975702363730749e-01,-3.237671553161109994e-01
6.215359612860530403e-01,-1.877504720806905392e-01
6.215359612860530403e-01,-1.877504720806905392e-01
7.111002527410219543e-01,2.811793733153881286e-02
5.661857127674401191e-01,5.983538918036320625e-02
3.765025941022066003e-01,3.197026489292041918e-01
7.772546466673482812e-02,-4.572231395776692880e-02
-2.810072971116630014e-01,-3.249188065622233834e-01
-6.158591597648367388e-01,-3.339151445042015109e-01
-8.214827884143948156e-01,2.229760196430868313e-01
-1.036430454351849439e+00,7.704990744192323771e-01
-8.932328186069025122e-01,1.232685133640779140e+00
-5.299115221172150392e-01,8.127218902860994243e-01
-2.216533280177846732e-01,4.515053928965316321e-01
-2.037618574274931982e-01,-2.937994310824497413e-02
-5.840083023700600728e-01,4.226273121916923059e-01
-5.752947577264898582e-01,8.428626281266314857e-01
-3.926313693396898397e-01,1.380311911749912746e+00
-1.253761240494783435e-01,1.770543670536164349e+00
-3.806426340106511264e-02,2.144151030816032311e+00
-2.016122749886040399e-01,1.667960079104374271e+00
-3.055416042948771449e-01,9.004129762991921471e-01
-4.936696274353113978e-01,-1.697397329080773953e-01
-5.078006527230217726e-01,-3.305296148301575809e-01
-5.648154486619341164e-01,-5.852431869532451758e-01
-5.648154486619341164e-01,-5.852431869532451758e-01
-5.648154486619341164e-01,-5.852431869532451758e-01
-3.413452197508396457e-01,-4.779052482196227136e-01
-2.083480680668315863e-02,-1.821469965315193618e-01
1.689437731105851437e-01,-2.635499781119151619e-01
3.268308481536962296e-01,-1.974231328241180805e-01
1.444332413636361390e-01,1.532793134034871052e-02
-9.979003815863919657e-02,2.581837832310700520e-01
-5.048870831695222439e-01,5.284874032595139326e-01
-4.665512226303126786e-01,3.378364600419698771e-01
-4.962378764995695191e-01,1.931571088015766324e-01
4.226394202719125359e-01,-2.425075414097313531e-01
7.123678607293790765e-01,-2.661594386787236033e-01
1.023511597498415915e+00,-3.965681011679385026e-01
5.669605315607044727e-01,-4.299250968833807085e-01
5.316546028082965725e-01,-3.614482333627560551e-01
5.132302898642544520e-01,-1.617577485545165783e-01
7.992109146592807356e-01,1.094391578470681609e-01
7.913073088089360718e-01,3.349087444716891127e-01
7.889386410216741030e-01,3.638579128716004640e-01
8.582832030984001159e-01,2.654363821784007094e-01
6.600827076332617116e-01,-2.573401425390637320e-01
5.330997758135990194e-01,-7.587798243891250571e-01
4.099101742509309032e-01,-1.342017851226054992e+00
3.320326650360574949e-01,-1.413466681626448285e+00
9.552721719072226891e-02,-1.091772535729760518e+00
-3.469645960587245948e-01,-7.376703168379620257e-01
-5.596172927232561101e-01,-5.350246838025835006e-01
-6.224610935770238385e-01,-8.426743288744359406e-01
-4.150541854186486357e-01,-7.038448896953811706e-01
-4.894461846017158502e-01,-8.121051192511555827e-01
-4.543212807871404024e-01,-6.889978073892270016e-01
-6.224610935770238385e-01,-8.426743288744359406e-01
-2.434907935150854297e-01,-9.696203512945072989e-01
-3.274676723875785678e-01,-1.071398656262167570e+00
-2.928168875864367027e-01,-9.379051329429066719e-01
-6.224610935770238385e-01,-8.426743288744359406e-01
-3.435967547831015878e-01,-5.111918457808811711e-01
-3.080874328583640964e-01,-3.165662177218631079e-01
-1.513917558455019630e-01,1.738880609898719731e-01
-2.195322798965765043e-01,3.922457892117825473e-01
-1.214026931125497810e-01,4.639181684841074405e-01
-8.503848183228741864e-02,4.060669715626858967e-01
-7.123316076375037220e-02,1.046699958598904523e+00
-5.481397924415902512e-02,1.543094470549585262e+00
2.273038897397490488e-01,1.747218489938318298e+00
2.922278457697138898e-01,1.237748913980911025e+00
6.600982412496668728e-01,8.836119410058032031e-01
6.893860794998182273e-01,4.342879723652489088e-01
9.166282902652487241e-01,1.709531350450040066e-01
7.350334283030376392e-01,2.267663663946427668e-02
4.405944029219082125e-01,1.055617553400546305e-01
-1.610548514894626360e-01,3.608476890921634705e-01
-5.421047831976480991e-01,5.603702746736181073e-01
-6.784991947573418836e-01,8.138343400158384311e-01
-4.877195062266947989e-01,6.618599971741967458e-01
-3.457218667110534827e-01,5.042170421436150685e-01
-2.756890073795595919e-01,1.092342909699067360e-01
-1.617998820548112449e-01,2.168803882955800191e-02
-1.298794351312938800e-01,-6.170355383566294982e-02
-1.332086633155298017e-01,-5.364995144425038776e-01
8.221011691889087980e-02,-1.008809656702739144e+00
1.318839495561741626e-01,-1.197124229702870135e+00
-5.949456467867305330e-03,-9.110674624440440184e-01
-3.181874754026833285e-01,-8.221962176741585138e-01
-2.434907935150854297e-01,-9.696203512945072989e-01
-3.716968467391313508e-02,-4.792179391786547948e-01
2.314151290010615092e-01,6.820388048116589330e-02
3.474422315431590080e-01,4.502174747704658087e-01
6.906834631294015425e-01,3.049542017780039749e-01
8.034127846467077338e-01,-3.330263210157669573e-01
6.263167954453846553e-01,-6.575934958917329931e-01
3.227742279228329458e-01,-8.567094820727659821e-01
2.136353977007713623e-01,-5.995818385774867032e-01
-7.426682679419185917e-02,-3.341099134407382043e-01
-3.050191352040123594e-01,-2.680747462027510686e-01
-5.473362428806184399e-01,-1.635663947496000248e-01
-6.064964177626057662e-01,-1.017027879212060726e-01
-3.750824876817260844e-01,-1.382983142849163660e-03
-2.912055323364747816e-01,2.805189285588479131e-01
-2.277489350784985267e-01,4.589596320639238169e-01
-7.142029233320317250e-01,8.617357376584737771e-01
-5.024908651672048698e-01,1.052157568121893094e+00
-4.806679161539430534e-01,8.892359994934775358e-01
-1.171146026291930708e-01,1.093094771470952686e+00
-7.060726944046998022e-02,1.208880401512283820e+00
-1.127570641534087099e-02,1.839498126572196135e+00
-1.283168082428392809e-01,1.497698186421161815e+00
-3.974509463231796214e-01,3.294674785067659428e-01
-4.757947403143637510e-01,-8.629012239998521405e-01
-4.175280589581355506e-01,-1.029209392251575705e+00
-3.722574087523110031e-01,-4.563149886988470683e-01
-4.104464406354200734e-01,5.311318175868640079e-02
-4.457985652087275152e-01,6.190725580387289595e-01
-4.373840720583150876e-01,5.406919418608520100e-01
-1.731218471751695409e-01,7.416847085055859878e-01
-5.729863092062257302e-01,3.648046056498933654e-01
-4.650556047153629469e-01,2.735767937185324405e-01
-8.318247751666468792e-01,-2.244197166024344478e-02
-4.750140321199782245e-01,-3.472080231889203977e-02
-1.378106254386610940e+00,6.912820633637548062e-02
-1.779065406332948296e+00,2.736915985925791883e-01
-2.185760821464624915e+00,4.651850463295340021e-01
-1.676573791876724062e+00,5.094542387586741272e-01
-1.240391853972466540e+00,4.938591937013069311e-01
-9.979449987220174734e-01,6.003911651273717842e-01
-7.080768997246523755e-01,5.188479894342488130e-01
-6.685830493158730903e-01,2.475774670431258873e-01
-3.185873181822375666e-01,-1.566909258364517221e-01
-7.362529186633201550e-02,-3.706925743332103451e-01
2.239807499719290509e-02,-3.235191860877293379e-01
2.130627966979388443e-01,1.351649588048997076e-02
3.065141126151846862e-01,3.856802047196912775e-01
4.368107795649835978e-01,6.334461077715229926e-01
3.466972812329928710e-01,5.849651543198569614e-01
5.107173762255541316e-01,1.036874982291629665e+00
4.523574262442649485e-01,1.028884861320779498e+00
3.978426092192966501e-01,8.868777026191103641e-01
2.007030827032831033e-02,2.136174802825470675e-01
-1.248988110881902869e-01,-5.178167212047119633e-02
-3.711172037531899615e-01,-2.767176813921152223e-01
-4.465583241850419882e-01,-5.354138862331105919e-01
-6.928943922865195004e-01,-6.831644397667744339e-01
-8.295230040372690850e-01,-7.319416851296094428e-01
-6.270647532041219163e-01,-4.415159189437226628e-01
-4.920104146030115921e-01,-1.430545164003068914e-01
-3.263351118693847974e-01,2.098504863884287086e-01
-6.620554118504670127e-01,4.309691785532501207e-01
-1.120631238675869890e+00,1.216122322698999891e+00
-2.157208279288889141e+00,2.945237557046430421e+00
-2.157208279288889141e+00,2.945237557046430421e+00
-1.857609048156158238e+00,2.276458218968808289e+00
-7.083180397385510085e-01,3.720276922415127197e-01
-4.005923299132274629e-01,4.893727644929886378e-02
-4.367602956498016220e-01,2.521166913621588068e-01
-3.160490518994176212e-01,-7.552535220052448983e-02
-3.659520880374343421e-01,-7.751262252574081524e-01
-7.767094747397262910e-02,-1.196800210243023077e+00
-1.812788131922451751e-01,-1.303143438016966860e+00
-2.471927903513793795e-02,-8.925893162083988752e-01
-2.661967301279466458e-01,-9.879166061529193188e-01
-4.833928948636858069e-01,-6.558679855712478135e-01
-8.900285449923208692e-01,-3.076933773629383362e-01
-9.449700428491398796e-01,2.111356110718470014e-01
-1.232150654304515314e+00,1.997793507186843842e-01
-1.904354645446197258e+00,-2.414584832499764855e-01
-2.476161902116703839e+00,-9.919964829071833412e-01
-2.785117006893979230e+00,-1.452696789919823539e+00
-2.309595736709900926e+00,-1.555330971408400709e+00
-1.386551391898497299e+00,-1.031989878041266406e+00
-4.612514663794065606e-01,-4.269825749961743133e-01
-2.045579885099677031e-02,5.340184737792309094e-02
1.750065406656967429e-02,4.969439669469393091e-03
-1.563509011584195418e-01,-2.552330510722457535e-01
-3.038786990041872915e-01,-4.498001930228636702e-01
-3.695406988771662848e-01,-6.299066598049778420e-01
-1.499709373459197359e-01,-2.955047555471775889e-01
5.588174872926225667e-02,-1.646778785609182699e-02
5.976617395306917102e-02,1.627003028870417367e-01
9.109560548778285194e-02,7.434410205146849693e-01
4.418447322728783627e-02,6.487490584305257713e-01
7.412317077971035395e-02,6.026154982285409911e-01
4.163728220850369116e-02,6.079558124966417954e-03
-1.244126664404831412e-01,-6.592650136469383471e-01
-1.898520666913239840e-01,-1.488943262406934753e+00
-2.285900596379470406e-01,-2.113630366018705686e+00
-1.722495671020057018e-01,-2.016057487275171756e+00
-8.018012821965628256e-02,-1.404657138618513157e+00
3.944825122495679987e-02,-3.576365626491450067e-01
2.259106077858140382e-01,9.932097667958641463e-01
1.126992355562345949e-01,1.753707495964550667e+00
5.097396066860922226e-02,2.253984180691661177e+00
-2.491140761273454574e-01,2.282373618560471940e+00
-4.616627577895017209e-01,1.571775140973609153e+00
-7.548543195600141420e-01,1.070141477756673121e+00
-7.512375336037120377e-01,5.085697940080499135e-01
-4.818133165860045142e-01,4.412875556712955727e-01
7.143700410543649647e-03,7.503709256531822247e-02
5.296195659971792979e-01,-6.670615353869438491e-02
8.029510838872359058e-01,1.101246819153562095e-01
8.315394233834118021e-01,2.986440625456826536e-01
5.544320859775776489e-01,2.967915924870449529e-01
2.774819988023343731e-01,7.870640443424508081e-01
1.438516958018519198e-01,9.737991729326974655e-01
4.509704052857805845e-01,1.581280111736695249e+00
6.482243819105909521e-01,1.657538781628321356e+00
8.778039849360264046e-01,2.023774815257069815e+00
9.944938790824964236e-01,2.270479556079708416e+00
1.101225121008229113e+00,2.384276077865904675e+00
1.018567235085286127e+00,2.392693788685700707e+00
7.306989202488113344e-01,2.060622205123999517e+00
4.246693193225805074e-01,1.609361391472700076e+00
2.572454106398326945e-01,1.261236310251973913e+00
2.138352348379187196e-01,2.335963151554140416e-01
2.551001667063536663e-02,-2.808348803529730486e-01
-8.837794672114028527e-02,-7.293629665764620462e-01
-2.073470890545565104e-01,-4.423132828997167199e-01
-2.837814733901815600e-01,-6.625351973756440360e-01
-4.575830959332233272e-01,-6.732841841302894537e-01
-4.028569142701080574e-01,-8.659259495046853772e-01
-2.872623464423107453e-01,-6.390735811939107780e-01
-1.639895849414484130e-01,-3.720416235768977398e-01
8.604485389990389199e-02,6.565565338925106742e-01
5.549857117489325198e-01,1.446292052502333503e+00
9.944938790824964236e-01,2.270479556079708416e+00
1.101225121008229113e+00,2.384276077865904675e+00
1.018567235085286127e+00,2.392693788685700707e+00
5.251690569480498283e-01,1.933282338970934155e+00
-1.161525377002789045e-01,1.533357212455754848e+00
-8.161356512006766595e-01,1.007400441303002436e+00
-1.022967664190038484e+00,8.028995928952348260e-01
-6.748829959936449852e-01,1.351982973929363396e+00
-3.484548329154552038e-01,1.763652742606693247e+00
-5.043179463284719333e-01,1.798974468045570374e+00
-5.074177816791042295e-01,1.207452180391949348e+00
-5.866245211627044709e-01,8.696171283337037483e-01
-3.638832728711793862e-01,5.194008207922727882e-01
-4.286764087037754356e-01,2.369574629384570974e-01
-3.240399470275303062e-01,-1.911314267519761967e-01
-7.200628859620447630e-02,-5.213582961365226254e-01
-4.246816946010503746e-02,-6.611253290282642636e-01
-1.623288836573943128e-01,-7.939415221297312364e-01
-5.004674170017567869e-01,-6.835480849994118868e-01
-4.575672480372935391e-01,-7.275145837250917014e-01
-3.775587565126847234e-01,-7.651312950585484884e-01
-3.989115882233846277e-01,-8.133057248704944620e-01
-5.610249695593729768e-01,-9.318225088903357989e-01
-9.401102881525567057e-01,-7.138416777968171756e-01
-1.192651644396623967e+00,-3.345205462205513847e-01
-1.903905218446840575e+00,1.333090340768589288e-01
-3.135714786800738896e+00,3.894086341899786197e-01
-4.454991330328187615e+00,3.319073846467668343e-01
-5.289730257468448826e+00,1.215639413126891888e-01
-4.813007118266539486e+00,-2.544520784475146624e-01
-4.241766985341991258e+00,-6.298734465200998001e-01
-2.730690968348440606e+00,-6.157621368286720909e-01
-3.031953907290882544e+00,-9.018633594493362660e-01
-2.046075476123462966e+00,-8.796939784761160785e-01
-9.298691373857558284e-01,-8.863400529112590576e-01
-1.401088363995677821e-01,-5.993375015574836651e-01
2.329838203479926151e-01,-2.806945823322801181e-01
1.218573585395010817e-01,-6.987420620755266376e-02
3.201801790380741086e-01,-4.452524887072320525e-02
6.271315529805149280e-01,-3.968326747435545476e-01
1.379245784990123624e+00,-5.711320378817834609e-01
1.792132832031283485e+00,-6.076284297744796170e-01
2.272721332260225324e+00,-6.190851401884269745e-01
2.304867092807213691e+00,-7.697741836835805262e-01
2.062419791077929609e+00,-1.015103620795564376e+00
1.234294750436336630e+00,-9.342272093949354206e-01
5.332615246439464940e-01,-6.433307340590033174e-01
1.648353990715599182e-01,-2.076390843995059854e-01
-1.633702824812237331e-01,2.504548787084754924e-01
-1.359617494170569652e-01,6.586483151546344006e-01
-1.308080399970237562e-01,6.739412467075186486e-01
1.319438104957815494e-01,6.108075302800319850e-01
-7.056908086414945269e-02,3.962035167346557585e-01
-2.411380166198997532e-01,3.551100693750734449e-01
-4.723915982851193962e-01,2.154153262723658424e-02
-4.908395844697707178e-01,-7.506386082612077626e-01
-4.529836717691865799e-01,-1.325992958000087096e+00
-2.427090288511010163e-01,-1.728766045295652587e+00
-6.263474102334450067e-02,-1.570021118973302654e+00
-1.897092748275455154e-01,-1.272611294266476012e+00
4.029788456372935396e-02,-1.089923909013511327e+00
3.224217141999314862e-01,-1.006969940106359651e+00
4.732362533126998061e-01,-1.293348143843086717e+00
2.754809773648034255e-01,-1.218459080348242241e+00
-3.329478820190220345e-01,-1.162067425584827562e+00
-3.496526153370096979e-01,-7.794703474522596265e-01
-4.724056807053160778e-01,-7.450309408003618072e-01
-5.004674170017567869e-01,-6.835480849994118868e-01
-4.575672480372944273e-01,-7.275145837250899250e-01
-8.080559690833478692e-01,-5.433505702688369299e-01
-6.439160302617279452e-01,-3.481926856439798157e-01
-9.386129340225710660e-01,8.585497099809816235e-02
-5.125890671810134913e-01,2.884455217698440599e-01
-4.218128497804091714e-01,5.188843546496253456e-01
-1.847499662232026663e-01,6.003283850828834700e-02
-1.010657838628537114e-01,-2.004304783304317328e-01
-2.091519089642681350e-01,-6.271642457247382785e-01
-2.440493519157897750e-01,-1.176021961813772831e+00
-4.540883531388734129e-02,-1.405318436606072918e+00
-5.862364480857220478e-02,-1.693282797989131838e+00
7.183361527661991097e-02,-1.654453550330848843e+00
4.770281868941619527e-03,-1.671325483548246282e+00
1.833289724272440246e-01,-1.246621503596690328e+00
3.804477952403321345e-02,-7.933070224347562593e-01
2.206296710941272276e-04,-3.868808692199337540e-01
-5.690492115469099462e-04,-3.582717429552579325e-01
2.172226277497089214e-02,-4.124058857353471996e-01
8.858463101827732111e-02,-2.951925730169771001e-01
1.144491957544823690e-01,-4.113268961842880267e-01
2.542572084084919748e-01,-3.280743936469232569e-01
1.302099282946366232e-01,-3.023889186957779973e-01
1.302099282946366232e-01,-3.023889186957779973e-01
4.020948107314303299e-01,9.791275941588509224e-02
9.313497855838845929e-01,7.848137091148517097e-01
1.520329552134834339e+00,7.986325677910032228e-01
1.395377165274480635e+00,4.847174916363051200e-01
8.337455008923552180e-01,-3.883029081518206693e-01
1.421756902234857511e-01,-6.602669049190115214e-01
7.000958382498304045e-02,-9.772421834689731801e-01
2.720201690383908244e-01,-9.435105089048146931e-01
2.470773650953346778e-01,-6.043227688018908417e-01
2.327604779674790902e-01,-5.600591769707223833e-01
4.223567627304850025e-01,1.651201119917662385e-01
8.680648745142076628e-01,8.531636222002834113e-01
1.229817153075745795e+00,1.741084076267510605e+00
1.278021017555725836e+00,2.144270102535652978e+00
7.408531679937402359e-01,1.727394724793179126e+00
4.139385902301589114e-03,1.136880370857576983e+00
-1.491377324436993224e-01,2.058070158529479166e-01
-1.656000885477786344e-01,-2.427596371933977704e-01
-5.133339219303652279e-02,-6.259001209159835710e-01
-5.300530048858599352e-01,-5.289027055224485713e-02
-3.394723084965649562e-01,2.439862768511684987e-01
-5.659434049627239949e-01,6.341792261027130451e-01
-3.345940948054397790e-01,5.494035943150412660e-01
-4.394390036339699268e-01,3.690164517499617824e-01
-2.755569095216964248e-01,-4.423798843886956461e-02
-1.305037216209938566e-01,-4.334348057847385305e-01
-3.321018856824235060e-02,-6.191268833041063679e-01
4.125919164250646531e-01,-3.533598610882240365e-01
6.440265935863094260e-01,-3.269531901247166999e-02
9.363935580778055545e-01,3.291973193225667393e-01
9.709572933549415197e-01,6.465323594518305184e-01
8.806793797323522188e-01,6.566502713277551084e-01
5.555787736931940834e-01,3.862658965594744642e-01
2.854545125001234362e-01,-2.688330152918342320e-01
1.652190945988690485e-01,-5.738680536296134616e-01
9.639115559342480155e-02,-8.111441569821389308e-01
2.575256434256406601e-02,-7.468078755328715346e-01
1.665127940230061443e-02,-5.622652256783983171e-01
2.374138373965354321e-01,-7.156032852961866086e-02
4.218412163838745066e-01,-1.419012573042839273e-02
2.177509744577855733e-01,-1.175303868932780875e-02
9.658568148805868336e-02,-5.145295144524886233e-01
-3.275971430670303053e-01,-8.466594476753013243e-01
-2.543884627422828282e-01,-1.333187399753220648e+00
-3.560931485415979592e-01,-1.565308020737735228e+00
-4.295999757773461547e-01,-1.287762545828742500e+00
-2.137142260771679458e-01,-1.169283286233710806e+00
-9.157262433970490834e-02,-8.845509259463939511e-01
-6.892667779613996515e-02,-1.171193916029775517e+00
-6.132671162551301958e-01,-1.092531722851130649e+00
-2.547353954436666790e+00,-1.524588973983719731e+00
-5.425648271288387114e+00,-2.120933440106970824e+00
-8.828907645642063429e+00,-2.775820140934595504e+00
-1.116958469470461957e+01,-3.118349307078068122e+00
-1.168254868040828320e+01,-2.933466955862556791e+00
-1.014731818407798869e+01,-2.257268226230995545e+00
-6.983812267828493070e+00,-1.122196425772311157e+00
-3.525083551392493408e+00,-3.056811809557411497e-01
-9.961250738517726244e-01,2.040479945084727048e-02
-7.759806813156570060e-01,-1.923615928397288399e-01
-6.415619164288643983e-01,-3.312371953073652286e-01
-9.961250738517726244e-01,2.040479945084727048e-02
-6.581100554470880049e-01,2.478027210276753378e-01
-6.900856609157349775e-01,2.692824138929364453e-01
-5.368973362167031027e-01,-2.782968039074317779e-01
-4.640346130923628798e-01,-7.465884053850238011e-01
-4.954561762100425648e-01,-6.104627999014964335e-01
-4.300992461456233373e-01,-3.850479521989710330e-01
-3.072567096499357331e-01,-4.329654405394884886e-01
1.554359490691213826e-02,-8.360982301906506597e-01
1.244796444747595793e-01,-8.105126357150373995e-01
2.316060542129933231e-01,-1.046583886581499589e+00
3.305295325920521443e-01,-1.160956069492190990e+00
3.721175906163659008e-01,-1.273119551378101955e+00
2.348333930131369651e-01,-1.186497088272015388e+00
-3.182488893557491871e-02,-7.870950290027781682e-01
-7.079395041783545506e-02,-4.255723089782259549e-01
3.496977518577178839e-02,-4.150524508192814932e-01
1.031247957118524156e-01,-4.689263555450791099e-01
-5.830083501333786083e-02,-5.092289866865227221e-01
-4.482325390808754584e-01,-2.593590417234634127e-01
-8.980551975660048258e-01,-1.208949925039213696e-01
-8.750041356476021548e-01,-6.833562704898696327e-02
-1.160150571669855690e+00,-1.697007710864543717e-01
-8.768505501669013880e-01,-1.537400126289333591e-01
-8.870881764160510885e-01,-7.063158392354846882e-01
-9.834828270976825326e-01,-1.050227268090675459e+00
-1.240539355060660043e+00,-1.289498081153604980e+00
-1.420192020458390658e+00,-8.500108445503936627e-01
-1.339996097549739584e+00,-4.632647799767374841e-01
-8.870263216718295984e-01,-9.835193612691416065e-02
-7.827373210482713173e-01,2.231938269320651869e-01
-5.013758651388240395e-01,2.768631128515902096e-01
-5.013758651388240395e-01,2.768631128515902096e-01
-4.263195655689953067e-01,-4.646076168109414817e-01
-4.388161921065753673e-02,-9.489388325629212195e-01
4.777278896956156373e-01,-1.288379220857942320e+00
4.225211921395929937e-01,-1.025289531342068017e+00
5.799301836923930198e-01,-8.687032242039380847e-01
5.520436228318997829e-01,-4.502934047272984519e-01
7.557481693261267619e-01,-4.408856020428087996e-01
5.679232886505832800e-01,-6.978157929094414014e-02
4.308545892798798516e-01,-3.799672433017727280e-01
2.526259556741269896e-01,-6.597381240623011456e-01
-2.628198264142486140e-01,-1.154971999895826773e+00
-3.536113326901771936e-01,-1.144485209996381148e+00
-4.600151250094698940e-01,-5.744273616419454109e-01
-1.498908719676578793e-01,-3.080834134305084904e-01
-9.333989150011232083e-02,-3.770005328553633905e-01
1.442182286048578344e-01,-8.741913899137899735e-01
4.019187214431518829e-01,-7.622284384521021972e-01
2.900856366177639312e-01,-5.424411665014821082e-01
2.943236360919238570e-01,-4.524386351117239968e-01
1.161395690757843595e-02,-5.216338171358002596e-01
-3.039491493703746494e-01,-3.558037977975524457e-01
-6.518462575326297026e-01,-2.230729797619346033e-01
-5.822981655994405870e-01,-1.052563234816682458e-01
-4.236366014529517887e-01,-1.865430138045964803e-01
-1.666516135311541247e-01,-6.239156300428773116e-01
3.353345957057008060e-03,-9.826910599056440931e-01
1.318839495561741626e-01,-1.197124229702870135e+00
1.825098472559731622e-01,-5.766113311897852478e-01
1.879717849697905979e-02,-1.194593221454958061e-02
8.586892732145402773e-02,2.302932331992471604e-01
3.999149970856891861e-02,3.208195898481990271e-01
3.786847671296330459e-02,2.130354420044243968e-01
-2.813629383036240009e-02,4.434631276291419177e-01
-5.634885843610280137e-02,3.022310890152470342e-01
6.313767625681002138e-02,4.915111154033944829e-01
7.631951418619102590e-02,3.123679266367610508e-01
2.317716258785882943e-01,1.167269231115742600e-01
2.182580852588083264e-01,-3.855419557075556725e-02
2.292194223731812974e-01,-8.633543936348428427e-02
1.942768987894816224e-01,-1.345068181337739366e-01
9.580357220381061079e-02,-3.535100428894830116e-01
-9.728844762308920535e-02,-2.776398143980306488e-01
-1.324558315293130062e-01,-4.022955675403803166e-01
-2.862553137923817478e-02,-6.718622804189637865e-01
-4.802590158235218792e-04,-6.437374771165119691e-01
-6.175289093196571766e-02,-5.849949396046798533e-01
-1.876301405462534322e-01,-1.086534148119021326e-01
-1.869302972704974808e-01,-2.303675583237148328e-01
-5.772477518356309081e-03,-5.497942004393019388e-01
3.416463947755052355e-01,-1.169018104615354048e+00
5.353532216054567305e-01,-1.355330225042777892e+00
7.240451963594777274e-01,-1.592452375837829059e+00
7.001342197819777624e-01,-1.468877784266110265e+00
8.262445104953233255e-01,-1.727864601486649665e+00
6.385476985605089695e-01,-2.097901835830882966e+00
3.347473219993312155e-01,-2.585853598560545308e+00
-3.706827340588006447e-02,-2.630896769275627101e+00
-3.419060963716947787e-01,-2.723050737685150047e+00
-4.189529828392089539e-01,-2.420598982879324179e+00
-4.484098612521172922e-01,-2.564234188623880417e+00
-3.424118560042574422e-01,-2.204721398215742312e+00
-3.354698271007528487e-01,-2.232104435211185400e+00
-2.594989371412482759e-01,-2.043466710244382867e+00
-9.292511943316555945e-02,-1.811055096693834576e+00
9.230681700648889210e-02,-1.539768617096279435e+00
4.526419792383548080e-01,-1.117037997058532683e+00
6.621362770716476831e-01,-8.155447538441770172e-01
8.533594845871621537e-01,-1.005728346495134096e+00
9.317278014656013019e-01,-6.231826637287439796e-01
9.317278014656013019e-01,-6.231826637287439796e-01
7.746140786229053221e-01,3.172556169785380187e-02
5.885224360281268163e-01,-9.041339858374113081e-02
2.791194266151532655e-01,-1.283077026536167398e-01
2.547821390994794433e-01,-1.889929225355309883e-01
2.653198680304660328e-01,-2.223629607226335347e-01
3.472743663688038773e-01,-4.978097651569960425e-01
3.472743663688038773e-01,-4.978097651569960425e-01
2.893355975423323456e-01,-4.362215072522927506e-01
1.289209570322643050e-01,-3.540792756724816526e-01
9.197556473263419907e-02,-7.010167736117313142e-01
1.830813625537291989e-01,-1.085672258923922939e+00
3.789494485316403094e-01,-1.466222540330729629e+00
4.426271620422903008e-01,-1.752828823301704864e+00
1.866059961527199440e-01,-1.847044960779170131e+00
6.715725057526245045e-02,-1.929387128226343506e+00
-6.231715791308397451e-02,-1.807167190227462195e+00
-6.231715791308397451e-02,-1.807167190227462195e+00
-8.376401380474812752e-02,-1.221561158218379628e+00
-1.484557279644145300e-01,-8.658116816476071342e-01
9.197556473263419907e-02,-7.010167736117313142e-01
4.888539991822196673e-02,-1.036346312083189725e+00
2.831012903559135263e-01,-1.438065110387731993e+00
3.885965442914395274e-01,-1.750151853436205052e+00
4.706075458071963258e-01,-1.855992404516193961e+00
4.626026811297226371e-01,-1.878437876470152368e+00
4.971405883992838226e-01,-1.826008012328883101e+00
5.332702214862499179e-01,-1.591893176170192215e+00
4.740551401810234600e-01,-1.241869363703239193e+00
2.935875029427579275e-01,-6.284725385801341879e-01
2.986372453923466508e-01,-6.152258958119993792e-01
2.673327411295877698e-01,-3.784810232495390281e-01
6.225829875499638844e-01,-2.206722839393914781e-01
7.562142535267040167e-01,-4.677421102910402362e-01
9.230977134237895454e-01,-9.753060610544523890e-01
6.071061232961345588e-01,-1.331459720642782285e+00
5.344752643849361995e-01,-1.127596193348255671e+00
4.839594992902205295e-01,-7.782298482134495377e-01
4.908108766592501615e-01,-6.978840171858984309e-01
5.326785270236372716e-01,-6.849466833958791634e-01
3.888490554708806113e-01,-5.330870738220708782e-01
1.954685935137738528e-01,-3.137211008082376740e-01
2.015178876415766318e-01,2.108168968015679268e-02
4.923474058624625616e-01,4.459934407031236336e-01
9.245929023826011672e-01,1.025321317058666137e+00
1.130200551930048869e+00,1.081068053710590782e+00
1.084492148507313125e+00,1.087344765158801962e+00
6.940411113268569743e-01,5.511861783702221018e-01
4.515858017883544462e-01,3.700448332155482078e-01
1.889097754707547705e-01,1.638860796096903438e-01
3.356697480330407268e-01,6.217455543131733542e-01
3.921713114962365743e-01,2.200907696141961301e-01
6.176621824612770206e-01,3.950504559616971889e-01
5.761307993043943698e-01,4.364041134713710912e-01
2.214234995057016986e-01,1.018449222923256903e+00
-3.018872867579520114e-01,7.910376139655853622e-01
-5.270625631489384011e-01,2.141051570047365349e-01
-2.489704425510099739e-01,-2.855221646974628880e-01
2.531578685634431336e-01,-2.069543962178379548e-01
6.606254496365158158e-01,3.814078926230304867e-02
7.746140786229053221e-01,3.172556169785380187e-02
5.857278255069078288e-01,-4.995791483726564897e-01
7.291310467350662350e-01,-6.486694297167467926e-01
4.741832746650560537e-01,-6.361468653153463659e-01
4.569145001317239663e-01,-4.180159541969399317e-01
1.492289335128991756e-01,-2.848536237712023800e-01
4.981460975327547946e-01,-6.754785069056623570e-01
6.291013448708469014e-01,-1.068225281928453008e+00
7.225749949082915791e-01,-1.554239472367630492e+00
6.249420611448233132e-01,-1.531624826876805123e+00
5.671128753072619544e-01,-1.209942684696177828e+00
4.350292380689000371e-01,-1.028338209393064639e+00
2.050087026914179933e-01,-1.315483216692430624e+00
2.635547974766903057e-01,-1.173561580890187805e+00
3.070307270787661635e-01,-1.227337905515823779e+00
6.694647487585074774e-01,-1.650747839297863617e+00
4.915683294127625724e-01,-2.300959603980184731e+00
2.434179062237167568e-01,-2.495227601532173267e+00
-9.040241232948294237e-02,-2.063636078866101897e+00
-1.029795708198159576e-01,-1.479395264046223124e+00
-9.526103296914995022e-02,-1.355396537495578313e+00
-1.042205222670221712e-02,-1.157416308647429171e+00
-2.148443997642087155e-01,-1.400734776197817055e+00
-2.480916557939810696e-01,-1.343491465151872122e+00
-1.854401883888484592e-01,-1.219288936750814845e+00
1.786372684226859506e-02,-9.624177610050581588e-01
1.694623491935848270e-01,-9.259958475303935455e-01
5.704963474131926615e-01,-8.082918844140610792e-01
6.699718752805875477e-01,-8.340673684979025282e-01
8.350354179986257952e-01,-9.524051416305058249e-01
6.236364777102231249e-01,-1.860901873598147294e+00
9.887999279187996704e-01,-3.069918057180316406e+00
1.387759215322481809e+00,-4.007816855673167034e+00
1.609880273362799041e+00,-4.135337396597088322e+00
1.419656989860427876e+00,-3.430630434570386633e+00
9.793143604081560039e-01,-1.743713744297382240e+00
3.148939214490873439e-01,-7.395300863738880626e-01
1.553634591672294757e-02,-3.299454758224192319e-01
-2.561190142784477985e-01,-9.213536242850277613e-01
-3.774944817971959132e-01,-1.017092158327922657e+00
-3.774606325451919098e-01,-1.388246041403771613e+00
-3.560931485415979592e-01,-1.565308020737735228e+00
-6.082169801976299722e-02,-1.609109536907032290e+00
8.341795258920892131e-02,-1.292770322444185327e+00
1.324102480362234491e-01,-1.367286197850326346e+00
3.221675293477115343e-01,-1.599932043232642709e+00
2.499912321011885097e-01,-1.778671385509773550e+00
4.489579726043160801e-01,-1.525665890315754281e+00
8.571213283797426974e-02,-1.091802604770618634e+00
-4.435263241719749477e-02,-6.264861868931147493e-01
-1.283445738326697561e-01,-4.148552586445741763e-01
5.880989459950928394e-02,-2.260544619667902710e-01
2.457084231420022524e-01,-4.985325253522489009e-01
3.106072922964974170e-01,-4.175567602192499783e-01
3.578713683687321234e-01,-6.588101915347582826e-01
4.993157616106287944e-01,-3.611468030986380584e-01
5.493311442367185826e-01,-7.699492673848958857e-01
4.043408663592532037e-01,-9.735475762710329439e-01
7.202834058220158875e-02,-1.282764014795283458e+00
-4.482189813042167237e-02,-1.024185896308750232e+00
-4.180502441900692534e-01,-1.316896351640079788e+00
-4.997206220449909586e-01,-1.314661495054592066e+00
-9.065394056090519959e-01,-1.246083254336880497e+00
-1.032530957841519825e+00,-1.284488918942984892e+00
-1.191393338608224495e+00,-1.360801765075088099e+00
-1.183839483641880852e+00,-1.410872264562833767e+00
-9.730149676711760121e-01,-1.029467345628427344e+00
-9.865114594540097537e-01,-8.910350170404526260e-01
-5.507205711034939277e-01,-8.273113281602987312e-01
-4.810381318332731526e-01,-1.034660153651781211e+00
-1.579571631402200138e-01,-9.540910723515675373e-01
-5.393275437285554030e-01,-8.812271791150180222e-01
-8.172318763731251101e-01,-1.083914323360309240e+00
-1.386211127572359425e+00,-1.348717255822629912e+00
-1.728059740421554524e+00,-1.464310709582925973e+00
-1.827342354864700757e+00,-1.353982693688294381e+00
-1.713202531175849641e+00,-1.197599602891217252e+00
-1.347441096586865061e+00,-9.492187041492975430e-01
-1.034857732976235845e+00,-8.858353250818382651e-01
-1.072381893564762212e+00,-1.079755201686946942e+00
-1.226647624908635326e+00,-1.189508576065078094e+00
-1.226647624908635326e+00,-1.189508576065078094e+00
-1.226647624908635326e+00,-1.189508576065078094e+00
-9.778673635114359941e-01,-9.926843636703555074e-01
-7.476594085188870142e-01,-6.365476700907616303e-01
-3.758115535482492442e-01,-2.926395810092371486e-01
-5.841125390673561624e-01,-4.441089617583717786e-01
-4.660155563300449333e-01,-4.734452956229223131e-01
-6.280654303688134599e-01,-4.236559232203027103e-01
-3.516697507422208435e-01,-1.875791793404071317e-01
-6.225498518891621202e-01,-4.417792961805577234e-01
-8.733946133150930491e-01,-9.046207682765821101e-01
-7.335328058033045995e-01,-1.378131009654925965e+00
-8.643768346255690238e-01,-1.617896045984361653e+00
-1.078454747725169804e+00,-1.472537082120206842e+00
-1.639711747549052134e+00,-1.010854924628568741e+00
-1.639711747549052134e+00,-1.010854924628568741e+00
-1.389555547210880926e+00,-6.679150112009899498e-01
-7.241760486824579957e-01,-3.380504968765290497e-01
-4.734811914380084863e-01,2.737531412023623267e-01
-3.126995366411132737e-01,3.894416461758785641e-01
-5.877081002029702628e-01,2.931557439455443337e-01
-8.084204095154670089e-01,-1.438670323905122395e-01
-1.010760310390510508e+00,-7.505696575952201799e-02
-1.083973084736622905e+00,-3.656451946962824967e-02
-9.224606030725766015e-01,9.636792502024034424e-02
-7.556764094749274241e-01,5.620541822841830515e-02
-3.980629286902931940e-01,6.743874577697250849e-02
-4.782397149608225706e-01,-8.241195363196932022e-02
-5.041702424633279778e-01,-4.529260699414062730e-01
-7.605763163740718591e-01,-8.602793583186341131e-01
-6.633042836470903758e-01,-1.040770800855957079e+00
-8.650044267397062336e-01,-1.093611143529727769e+00
-7.859165471077935727e-01,-9.821547895071243151e-01
-7.039324062137112259e-01,-8.108121521023791134e-01
-2.474533281660780681e-01,-6.028470844344409052e-01
1.915604587700096006e-01,-3.315160480308165791e-01
2.961057654446420662e-01,-1.014491531362210208e-01
2.966047273336647749e-01,-1.145214502751760836e-02
-9.686651271739002075e-03,-3.218023666854764181e-02
-9.955290807619637805e-02,-1.692062289240699180e-01
-4.225883371124833365e-01,-5.143495407350435755e-01
-6.098047149402827660e-01,-6.026433596076268273e-01
-9.389432822490505481e-01,-7.461719605267301825e-01
-8.171683441580634977e-01,-6.452858687668795445e-01
-5.805942302403701571e-01,-4.208623888972850002e-01
-1.367517027689278131e-01,-2.245414638214463798e-01
1.131042565456632093e-01,-2.528023115473321814e-01
1.550523863403746594e-01,-3.385408371468537903e-01
8.623581104809255327e-02,-3.750487435069348452e-01
-1.747009333289899491e-01,-1.125376085987391805e-01
-4.732185626956903479e-01,-2.859933070479795184e-02
-2.683280151907492528e-02,-1.173755840300912262e-01
2.727563650389326355e-01,-1.072872054059685470e-01
6.059554537489543202e-01,3.624322171036976903e-02
6.197758490123329578e-01,8.073985623918734644e-01
3.996741268708112194e-01,8.748624262876847357e-01
4.079041737967438741e-01,3.188713909667207913e-01
1.860944913886256880e-01,-5.362435908254976624e-01
8.100597389134500670e-02,-5.643193797726490102e-01
-1.002527632074441122e-01,-3.859051124167764968e-01
-3.264526324234335863e-01,-1.163528668824825446e-01
-3.607923050328601944e-01,-1.632406833963689907e-01
-4.462025516024420435e-01,1.587713603827201891e-01
-2.388399104576346965e-01,2.215692392357094809e-01
2.932439422646185845e-01,1.661574870938218318e-01
6.506319499035611020e-01,-2.874447628213490646e-01
7.236322746755307067e-01,-6.928835215327313612e-01
7.236322746755307067e-01,-6.928835215327313612e-01
4.830536117072818381e-01,-4.522701275310019309e-01
6.650431260994921212e-01,3.154056220467755245e-01
5.708262203490884756e-01,1.126154364121007001e+00
1.040733483223877043e+00,1.695299381762460200e+00
9.989420406844374822e-01,1.720527835742728717e+00
1.329295094725812421e+00,2.031946504425384159e+00
1.278021017555725836e+00,2.144270102535652978e+00
1.137659847053432038e+00,2.093951654472125945e+00
7.065436390578121451e-01,1.592805823399930931e+00
4.609991948815789775e-01,9.224271593526229829e-01
1.667464236539119848e-01,2.255416391309876811e-01
-3.420489602005149371e-02,-2.340882688184362515e-01
1.041817116546533452e-02,-7.466334787496047287e-01
2.475452535342276550e-01,-9.479917478236177253e-01
3.511290693065879931e-01,-9.778362795830792820e-01
4.684218853998589061e-01,-1.166311597061574723e+00
4.004617246034856137e-01,-1.037416403725209380e+00
5.244236724761933699e-01,-1.235667228449835342e+00
4.038882947713213767e-01,-1.043176147910395146e+00
5.204091152792295061e-01,-1.239317272721135899e+00
3.966796144360548726e-01,-1.040855106643802097e+00
4.851684431886127413e-01,-1.247871508870227686e+00
3.922728352960511700e-01,-1.261951498326267629e+00
3.922728352960511700e-01,-1.261951498326267629e+00
2.667318948197535899e+00,-6.856621705546900314e-01
3.877755928429113208e+00,1.101290698605911778e-01
4.434113681886397984e+00,9.223535436636848273e-01
2.895972016382164060e+00,1.363536508230521527e+00
2.005678828400748515e+00,1.811362458034073475e+00
1.137659847053432038e+00,2.093951654472125945e+00
5.342447590170362748e-01,1.704425238361142902e+00
2.471619747644648868e-01,1.110548644890531733e+00
5.442603073889857451e-02,2.993818702633283535e-01
-8.922807020516859700e-02,2.435195339820242222e-01
-3.045188218326266294e-01,4.784832374839777525e-01
-4.071639826009103014e-01,1.091575284162076720e+00
-3.319810675172743097e-03,1.251281048008316299e+00
4.852670106772919434e-01,9.500222836451854835e-01
2.075443507424510781e+00,5.952892683548877129e-01
3.976766289721441083e+00,2.361733239327392653e-01
5.575314893597184351e+00,3.324385233051587174e-01
7.129873798863034295e+00,1.171940612602648674e-01
8.092352841877492153e+00,-2.830326673229428130e-02
8.584444820379198759e+00,-1.751657450564669816e-01
8.068069971637340743e+00,-2.530939907503154934e-03
5.888462951188222938e+00,-3.296173124918455599e-02
5.888462951188222938e+00,-3.296173124918455599e-02
7.668850325724324790e+00,-2.582867159817592642e-02
1.175098574446199251e+01,4.783572749634369958e-01
1.428290182145645204e+01,1.199909446716345363e+00
1.569716818724913665e+01,2.008094577931136104e+00
1.515958050028395476e+01,2.524874182659132771e+00
1.283382817543913212e+01,2.504991991560493680e+00
1.002126760379787740e+01,1.790934756402714267e+00
6.059912575962948189e+00,1.161930955539279609e+00
2.843563740957590014e+00,6.089031363082014758e-01
5.565250083780012291e-01,6.224623515816318786e-01
5.253974336904525533e-01,4.598767516183291937e-01
2.517936002590332456e-01,5.628000721067039080e-01
4.930404781942654413e-01,7.829982417034043740e-01
5.557537852025347114e-01,8.541414430571452332e-01
7.125234430309106415e-01,9.899408631087809329e-01
8.575596115152195331e-01,1.086021994268344670e+00
1.191575788901398258e+00,1.519578956907348788e+00
1.219420125275185729e+00,1.808360064913588472e+00
1.137659847053432038e+00,2.093951654472125945e+00
6.816678172692366422e-01,1.843242242552333598e+00
3.678527781331951685e-01,1.451870283698275088e+00
2.000465556908503917e-01,1.092550777061320533e+00
2.461815646914844169e-01,1.030253463516112911e+00
5.829168879648805035e-01,1.099210862259699661e+00
8.465124842519026194e-01,1.488258545786272036e+00
1.057547613498977190e+00,1.871817758163033973e+00
1.088738710807392485e+00,2.287914608347200396e+00
9.514257978080203904e-01,2.235282867244742899e+00
6.587474553712410197e-01,1.755982505254984893e+00
4.570192315569547303e-01,1.160499577487178691e+00
1.877806776618592133e-01,5.162902894279527422e-01
5.526480679826730746e-01,1.758601660733594141e-02
3.036610821742291022e-01,3.380546539373119330e-02
1.023397113894456562e-01,2.055106058390800683e-01
-5.825894310523139774e-01,4.585761534045742494e-01
-8.233849379907609567e-01,2.167460065845723816e-01
-1.041916497035591194e+00,-1.196739888579803623e-01
-1.385508480509384022e+00,-6.619212376357263006e-01
-1.553740288699726246e+00,-1.164622259119775904e+00
-1.593052633396458306e+00,-1.358444648796434340e+00
-1.519017862408166053e+00,-1.513950335999894925e+00
-1.350010042031868807e+00,-1.462062836519244291e+00
-1.299170403249889416e+00,-1.265048219601587087e+00
-1.314874721922878686e+00,-1.283129241238015972e+00
-1.411244938243522595e+00,-1.381207964514467923e+00
-1.210977860491109892e+00,-1.506931217518553190e+00
-9.668353721613184293e-01,-1.327876160564658736e+00
-6.272471547308111628e-01,-1.098748178558661692e+00
-6.023060302463414395e-01,-7.213954301462716101e-01
-7.592570744282145512e-01,-6.677427115476450847e-01
-1.151905396825458228e+00,-1.631008310140229234e-01
-1.218057269286335176e+00,-5.616672071451479786e-02
-1.028172502560315671e+00,1.462840578468040109e-01
-6.287947514656005987e-01,-1.838721638366209998e-02
-3.574721856506793416e-01,-2.506703366534920319e-01
-1.695202406141200491e-01,-3.497931603290952429e-01
-2.633451850266040895e-01,-4.936333278869479146e-01
-2.681819593530234136e-01,-2.796346728327440689e-01
-2.091618976850490308e-01,-2.476245013879428136e-01
-3.096380705718477788e-01,-3.063699220483957486e-01
-2.492076416522757132e-01,-3.194279507204720314e-01
-3.101860697146254786e-01,-1.886480327412040636e-01
-2.631476795627347709e-01,-8.694726023118436176e-02
-3.254554770213727299e-01,-3.225124067870156486e-01
-6.066462722132056617e-01,-8.591567337156599260e-01
-7.398954375212877244e-01,-9.971882540199202838e-01
-7.145445271774938378e-01,-8.950422083951208307e-01
-4.948325099725434661e-01,-7.333566179910301353e-01
-4.538914512211847940e-01,-9.180723462715464356e-01
-7.250720493958048296e-01,-1.156958919962224996e+00
-7.291046038022304110e-01,-1.005173618329758822e+00
-8.666357365418885239e-01,-8.387945305556715470e-01
-4.008103258756030018e-01,-1.851514867850751200e-01
-2.826619859021775594e-01,1.687283985591020719e-01
6.544390856138639773e-03,4.782313933834017594e-01
-1.402900453076829090e-01,2.436624567550534637e-01
-7.809241262375152259e-02,1.245692922034734862e-01
-1.576354739273433114e-01,-9.982730460930083760e-02
-1.146191862228096991e-01,-2.375345920789005139e-01
-1.591959991005880148e-01,-8.092426390528824065e-01
-1.910725622919351718e-01,-1.348858041448705469e+00
-5.180249281740603173e-01,-2.055618903527500763e+00
-7.490927749500914112e-01,-2.334120592273750017e+00
-8.317713960867405554e-01,-2.242123820061836081e+00
-7.730177902073942509e-01,-1.877747788760869563e+00
-6.303636393090136236e-01,-1.423670000379028577e+00
-5.656911930028094559e-01,-1.304128928331484305e+00
-4.743970570585065438e-01,-1.323784957074568114e+00
-4.946687621320049466e-01,-1.376666263001470103e+00
-5.347226431754699139e-01,-1.550318759575865846e+00
-5.036591028458882180e-01,-1.368474430637476091e+00
-5.026854501904111094e-01,-1.455952825269709150e+00
-7.667676356199327747e-01,-1.394981868993925511e+00
-8.348050212288921079e-01,-1.417291681645897139e+00
-4.942131192943958751e-01,-9.421457523365365239e-01
3.397061567925822867e-02,-4.070333880962536122e-01
3.845464288630924266e-01,-2.035580871597426345e-01
4.591585429775909555e-01,-1.134705871887971007e-01
2.422343244782131089e-01,-6.493233082620665231e-01
-1.722301335049381543e-01,-4.262066171279794702e-01
-3.643721511896912957e-01,-5.519473832241255096e-01
3.145169080279757584e-02,-3.557361414393016286e-02
4.006371722033167937e-01,-1.561300538386908021e-01
5.901039286107075954e-01,1.638612522349709071e-03
6.197758490123329578e-01,8.073985623918734644e-01
5.686421970318942254e-01,1.164323730388924449e+00
7.079231185813635863e-01,1.129896149321905074e+00
4.725318970495014925e-01,4.420494654787280875e-01
1.821085348150170979e-01,-2.265263728306852464e-01
-1.454511711770619109e-01,-6.543035915484690657e-01
-4.535359522502840357e-01,-7.928470717382072319e-01
-3.913488973084734424e-01,-4.815824136759637164e-01
-4.071810150936236994e-01,-6.835084348392575504e-02
-2.673434556065568124e-01,8.805506236011037546e-02
-4.848057582327415238e-01,-1.448870123114518425e-02
-4.753297971988545423e-01,7.849660840279931717e-02
-4.400094125598639216e-01,2.989022418981835405e-01
-1.230672016428206450e-01,6.260126564701172791e-01
-1.206140091839916634e-01,6.514091566648028131e-01
1.279644851838729336e-01,2.567488480440555665e-01
3.070764620530659905e-01,-9.202069604477587650e-02
9.794521989015532171e-01,-5.432313935497045110e-01
1.664865550340495659e+00,-9.355882287536658737e-01
1.674840979412069331e+00,-9.356003958634091511e-01
1.136926039110548681e+00,-6.532097794848035210e-01
4.127499305259978990e-01,2.066609425364017427e-02
1.815529702434863224e-01,3.599345592283627049e-01
5.023643925853075176e-01,3.987233084491053625e-01
9.578292186499284266e-01,8.869323853674170033e-02
1.693687995187685758e+00,-4.122020919824344043e-01
2.180308121973697499e+00,-8.558943272854284690e-01
2.646987600616141467e+00,-1.484710750064552220e+00
2.788414289148796854e+00,-1.909744877086868575e+00
2.860692021505236493e+00,-2.319848971812642269e+00
3.023145921851471130e+00,-2.998174861968216032e+00
3.250662444016627184e+00,-3.605083330486054560e+00
2.928754862082140864e+00,-3.238162100064365667e+00
1.786774673551465353e+00,-1.869686763139804420e+00
1.293367159153733903e+00,-8.636283050875267486e-01
1.841880853410660324e+00,-6.785396574016849813e-01
1.921687383603014831e+00,-1.228837678096642710e-01
1.808885167091220492e+00,-5.055395207060120466e-02
1.358743278614774175e+00,-1.686025872160785630e-02
7.043846699824594104e-01,-2.475512899179264370e-01
1.075533261693357029e-01,-4.175001430595621232e-01
5.071834795938422874e-02,-3.791268381513092089e-01
1.883361182901557018e-01,-2.187551818960625782e-01
4.778210304651284157e-01,5.280785502886201632e-01
8.094448892464422007e-01,4.044247635517045358e-01
1.035595281036790549e+00,4.304979836622227496e-01
8.915676590712986460e-01,-4.606586969350912053e-02
5.098989178915025455e-01,9.156375585816865781e-02
5.359697377850447531e-01,2.646700148452162393e-01
7.850148871540997275e-01,4.995055954277706767e-01
9.103622895946562599e-01,1.180953292587953340e+00
9.859194175910176439e-01,1.771013420652493009e+00
9.514257978080203904e-01,2.235282867244742899e+00
7.772436731769036822e-01,1.865917348146441279e+00
5.068886961206973130e-01,2.139426633919768506e+00
2.369978679727627047e-01,2.435984437466423014e+00
-5.845402307967836192e-02,2.487942145697519702e+00
-3.245115998605888757e-02,2.010744187110637959e+00
2.654106307162412692e-01,1.116502184375681717e+00
6.445565863150711783e-01,5.815970118532365341e-01
1.482451609148835114e+00,-6.724782478961508492e-01
2.120310106423757279e+00,-1.726277258422795446e+00
2.059267888096674604e+00,-1.551218654428957677e+00
8.504192101697987116e-01,-1.306892304337535560e+00
-3.312331162276528351e-01,-4.263211171757591567e-01
-4.935223459274805657e-01,-5.857255755746204606e-01
-2.847238355619843286e-01,-1.399044192676604792e-01
-5.581605856297052609e-02,2.290073708405102049e-01
2.781554287439669815e-01,7.080426953125876777e-01
2.781554287439669815e-01,7.080426953125876777e-01
3.457059374576948452e-01,7.439564554678638197e-01
3.183605387578682805e-02,6.100895501561163226e-01
-1.078729641492094521e-01,9.158770634173361014e-01
-1.078729641492094521e-01,9.158770634173361014e-01
-7.304923426092389815e-02,4.433588951077790385e-01
5.207536262192550419e-02,-3.114826045952900913e-01
6.513970945565726589e-02,-8.953734352881954628e-01
2.395081607840878757e-01,-1.174074608918974860e+00
4.956088592801038972e-01,-7.269154119984102547e-01
7.888252780977906831e-01,1.317539818868647683e-01
1.043195477123150638e+00,1.129700213305630196e+00
1.113343825705580326e+00,1.899967804502270763e+00
1.023424233461348143e+00,2.204887661011594169e+00
7.118710819582332316e-01,1.764787006427422922e+00
5.293560703867756789e-01,1.129648746601474407e+00
4.894283942909089663e-02,8.956178667194796272e-01
-6.422025038921073126e-01,1.526818399558671491e+00
-1.590925561765158980e+00,2.425307390192318557e+00
-2.274139377195729672e+00,3.040842801147009666e+00
-2.400304675611288019e+00,3.006860053639044406e+00
-2.001599017806363623e+00,2.407352285021431726e+00
-1.275321287672939619e+00,1.356419731898100611e+00
-8.493530157228579291e-01,4.589798289301492695e-01
-5.830790585601963727e-01,1.596516058295302243e-01
-6.068948729501322248e-01,7.160478821414127948e-01
-4.140752229250018179e-01,6.803114768611244756e-01
-8.314127432081627744e-02,4.930529939222743629e-01
1.821183827642676167e-01,1.492991711847968805e-01
3.765025941022066003e-01,3.197026489292041918e-01
7.772546466673482812e-02,-4.572231395776692880e-02
-1.707955883840519828e-01,-2.579460095270379449e-01
-3.240716190691451670e-01,-6.144657180369110794e-01
-4.973573749839602653e-01,-6.185046808759336878e-01
-8.125680317028024513e-01,-1.026305856984397247e+00
-8.274226419186777592e-01,-1.141119934069057207e+00
-6.893622645902288681e-01,-1.097883233121478508e+00
-1.762422973884379962e-01,-4.822909726534703179e-01
-2.885969074244587596e-01,6.494990047474326345e-02
-3.436493154034854225e-01,4.399840152865048259e-01
-5.306969798374341352e-01,3.657639711678685734e-01
-3.817077928996260305e-01,2.095811686784669614e-01
-3.549190206417467408e-01,-8.079026230419927845e-02
-2.683394070513024920e-01,-1.037155754846084826e-01
-1.602550372156170966e-01,-1.828942233820443353e-01
1.041428066296673643e-01,-1.719096847753226187e-01
1.859907067337972508e-01,-2.342441069822457922e-01
4.079083888893877963e-01,-3.283457111297057723e-02
6.018422842123795080e-01,1.811647939741932167e-01
5.397890489756328458e-01,2.845449364369805889e-01
6.548980899850157522e-01,4.539972344579462082e-01
5.167440004179312263e-01,5.621569131045498491e-01
4.368107795649835978e-01,6.334461077715229926e-01
3.466972812329928710e-01,5.849651543198569614e-01
5.107173762255541316e-01,1.036874982291629665e+00
7.428645843164426166e-02,1.102267581664149620e+00
-1.476632718641851250e-01,1.230028525437217191e+00
-5.185932012209952813e-01,8.269046506241267691e-01
-2.418675063205894815e-01,8.469879466051830619e-01
-2.837390428377910556e-01,8.375318592523347538e-01
-2.830108708150266272e-01,9.248830083928498702e-01
-2.709009431044133720e-01,7.533219139735245484e-01
-1.454917663319546250e-01,5.241134137312742913e-01
4.052225796959229437e-02,1.822047177399277740e-01
-3.146304127602271850e-01,-2.125880248275220930e-01
-3.793676178903027663e-01,-6.477761385972381492e-01
-5.274790060062857222e-01,-9.818777531678843928e-01
-3.394402336919536967e-01,-9.028898300718694037e-01
-3.452042746754010460e-01,-1.290926050695753391e+00
-3.469340160143866703e-01,-1.644107473441774214e+00
-4.324267693313558203e-01,-1.326117291346556648e+00
-2.810478102398001332e-01,-5.937922354324645102e-01
-4.208391591740967552e-01,1.541527598806548660e+00
-4.904138288236501442e-01,3.715973168306786700e+00
-6.756715708322120761e-01,5.397126121359097084e+00
-4.565381006619984028e-01,6.273316592754999199e+00
-1.611895660832778354e-01,6.025060129473391868e+00
2.959368958700017357e-02,4.923280915885928977e+00
2.899052324578079744e-03,2.989119049787798854e+00
-4.683528732269007233e-01,2.264770028761323051e+00
-1.233374802135718484e+00,2.412339724833878485e+00
-2.165745329475142089e+00,4.159757577809451767e+00
-2.866999691427644326e+00,4.941257050126094619e+00
-4.212684130954428952e+00,7.698174017031630179e+00
-5.570837260505772548e+00,1.110537484524294349e+01
-6.963832243719530801e+00,1.537050046739951270e+01
-7.148521808800157196e+00,1.750005335853578714e+01
-6.385012026691793352e+00,1.773674423488252927e+01
-3.888105275937078442e+00,1.427631331174423934e+01
-1.333025559185476272e+00,8.427785696033941676e+00
1.215738484714359080e+00,6.910871531042714011e+00
3.630000333371849131e+00,9.744693193369956319e+00
5.876603323025911152e+00,1.018817096843066849e+01
6.100475351002839552e+00,8.745311703581471363e+00
5.296026794503416291e+00,6.430122497688121719e+00
3.707664775689168746e+00,4.063942990473047523e+00
2.314303892250574091e+00,1.463130031813128840e+00
1.552814935015648601e+00,-3.802410716401693480e-01
1.859861670430920988e+00,-6.714550627475439626e-01
1.628480130716565055e+00,-9.365950763747005192e-01
9.898103081426008476e-01,-7.018092173949830315e-01
5.736396272991814982e-01,-2.882640544764829560e-01
3.779344724390921728e-01,4.984584800493696566e-02
8.108190800939955034e-01,9.448938164353132274e-02
6.666846524304790300e-01,2.384082161847124459e-01
2.785002761892409473e-01,3.268025576434958612e-01
3.826118223319940198e-02,5.390717042333277309e-01
-5.819272876225974750e-02,3.162502303543852089e-01
1.709921622448444811e-01,6.582477534504105332e-02
3.517510904579830289e-01,-2.035024604945500915e-01
6.666668760656572212e-01,8.549631255076858838e-02
9.433416976632162942e-01,9.403129911591162626e-01
9.859194175910176439e-01,1.771013420652493009e+00
5.527069738179224423e-01,1.870177045798187221e+00
2.944645777770097880e-02,1.212687611523098008e+00
-2.916898144058192588e-01,4.820506194490004059e-01
-2.246200912304367470e-01,1.935513769543131812e-01
-1.209797192007811689e-01,-1.940807854318218201e-02
-2.105723646901282997e-01,-6.120148914373208654e-02
-2.520970163142527976e-01,-3.071419348056981247e-01
-1.372253270943061820e-01,-4.387607136160273646e-01
7.413105374349414356e-02,-4.464112441406125620e-01
1.897341598838467591e-01,-2.489925282977553667e-01
1.892242832842604972e-01,-6.634670314143105430e-02
-2.145371235082798797e-02,2.129786105355887735e-02
-2.145371235082798797e-02,2.129786105355887735e-02
-1.100708604445804761e-01,-1.639303611400021732e-01
-2.091192227052033337e-01,-6.436920553322356131e-01
-2.700297786339366235e-01,-7.821344488408676909e-01
-2.543624118635675613e-01,-1.073651344818404185e+00
-1.228648033680699581e-01,-1.057442164060521606e+00
-2.732595949860948045e-02,-9.170444119204900213e-01
9.687799971729486870e-02,-8.556915479999105401e-01
2.340292294646691140e-01,-9.144349070651500710e-01
4.202818141574534150e-01,-6.280833076433648410e-01
4.336142937988796686e-01,-3.636151177189930195e-01
5.902595337098642814e-01,2.240758043740058714e-01
5.491926687446900823e-01,7.361389627785320799e-01
3.041009790127898182e-01,1.108741338258841358e+00
-1.421203669226460131e-01,9.548374162133571597e-01
-4.482947009924060366e-01,8.807074907717146184e-01
-4.317719469266349530e-01,7.086060494745496374e-01
-4.405072909346810506e-01,8.029861980951698008e-01
-1.820430967758628615e-01,4.117652577516397461e-01
1.128748059872525245e-01,3.900555643890217250e-01
4.133855099950572431e-01,9.312039811870026496e-02
3.989159997802512736e-01,9.558950356575937612e-02
3.452027462592292539e-01,-4.785280346564083076e-02
2.248134993201759690e-01,-3.661361028086333735e-02
2.248134993201759690e-01,-3.661361028086333735e-02
2.248134993201759690e-01,-3.661361028086333735e-02
1.627841173131740482e-01,3.491842301483251442e-04
3.957722060614815573e-02,4.435473577970211467e-02
-4.590482025741641353e-02,1.403815823112494754e-01
-1.752313114690586815e-01,6.010313845331074489e-01
-2.652641317209976091e-01,1.004335688282858685e+00
-3.416752802193078198e-01,1.320046090672151617e+00
-3.771661732402737943e-01,1.296699292082867494e+00
-4.096676350537192257e-01,9.580009925528071291e-01
-1.068497139594664636e-01,5.941205167625989159e-01
3.084332462911735240e-01,6.591662399946046635e-01
7.624130287751352819e-01,9.658397507487794797e-01
9.110832873738100579e-01,1.204621036832959957e+00
7.961742881887222678e-01,1.243928269391179287e+00
5.235636680721844627e-01,1.162127467388745616e+00
1.692356157201814759e-01,1.117302579772944116e+00
-1.312985182896402869e-01,8.761789380907403224e-01
-4.323485856690899021e-01,4.283515417392773084e-01
-4.284064744345583708e-01,-3.163517159662858260e-03
-3.001279394949081247e-01,-2.473977581722645314e-01
-2.914355046137891148e-02,-4.532505641947605635e-01
2.014654506432448366e-01,-4.331160307636738316e-01
3.532054026570730088e-01,-3.196698113019110776e-01
3.790631710997909853e-01,-4.464252296273261700e-01
4.254602496350241569e-01,-3.701629598335479110e-01
3.436469183369122993e-01,-3.701761062065842545e-01
3.436469183369122993e-01,-3.701761062065842545e-01
2.383337499662986914e-01,-3.603443722742539768e-01
1.667739452595488614e-01,-3.182867154019962674e-01
1.528575295508264632e-02,-6.601015972399759679e-02
-1.380507991649084221e-01,-2.598390532123874552e-02
-2.756890073795595919e-01,1.092342909699067360e-01
-4.114149183910138508e-01,-1.635683330657337620e-01
-2.570233237085077782e-01,-6.760978398359807073e-01
-2.204656557280204876e-01,-1.589652333508410731e+00
-1.763458357762480999e-01,-2.200009349280783955e+00
