1.388628226443979319e+00,2.149905499635894834e+00
6.704201647502295858e-01,3.596411954783883314e+00
3.780947477889990971e-01,3.858650807948775352e+00
1.967364003207946743e-01,3.423656701478150044e+00
1.243996706433368321e-01,3.055714349871150759e+00
2.042052430679064112e-01,2.688785017725416893e+00
4.394380836951877756e-01,2.446966161649047677e+00
6.746328479249469323e-01,2.224136382954132518e+00
8.899191358754559023e-01,1.578227502111194447e+00
6.757906868976278902e-01,2.708506003268539963e+00
3.516641547685198099e-01,4.001283075700485803e+00
-1.429457796535697767e-01,5.734527787216499028e+00
-5.936502634717891747e-01,6.028227351572749804e+00
-8.821088364763449707e-01,5.195868339750487230e+00
-8.984541712468915309e-01,3.177596489558828008e+00
-6.646229682867178523e-01,1.333300982951560520e+00
-3.053578869637110227e-01,-2.015238279892235182e-02
7.087293548121507969e-02,-1.103005384387266835e-01
2.400751857253804467e-01,6.859817047897867059e-01
2.825057213034030124e-01,8.132431702600033674e-01
6.861155018896607505e-01,1.568120080734981325e+00
1.329903025667844796e+00,1.641696805057050623e+00
1.845742498612896076e+00,2.252284455732199930e+00
1.815782808698748196e+00,2.103009362843984320e+00
1.226307365168943342e+00,1.545687603950258948e+00
6.489795286363312377e-01,6.495440168026913597e-01
2.725533390307727788e-01,-1.023821994622062942e-01
3.946734288701529425e-01,-4.076936997717602318e-01
7.328807683594938949e-01,-5.785021190456368645e-01
1.461758538254370743e+00,-6.569575572746455538e-01
1.966273806299442706e+00,-7.727110257377729496e-01
2.189083313766314376e+00,-7.331656748594389539e-01
1.863390437526995402e+00,-6.478129208205301026e-01
1.637517205847842217e+00,-4.807242021167486556e-01
1.234477992177407835e+00,-2.432098875748563704e-01
9.946341472973587727e-01,-3.248813634588617605e-01
8.156848027793677236e-01,-4.897004519662892519e-01
8.377077043389958844e-01,-7.345302024397238894e-01
6.556136003172263749e-01,-4.117703482425404404e-01
5.299574023042721294e-01,-3.333652861468401896e-01
4.323253691819675115e-01,-1.878780880097224160e-01
4.025052402285678177e-01,-6.285261965734392220e-01
3.231288056894489613e-01,-6.781288122620630077e-01
1.721687751024226776e-01,-7.239659359444721165e-01
3.546461192014543351e-01,-2.607313998067264382e-01
3.610949167278910688e-01,1.155713424541744416e-01
4.198519616677854893e-01,5.012490880440469976e-01
3.658015251763788861e-02,2.358210053453141664e-01
-3.361854848740032653e-02,7.103704654802532603e-02
-3.203142502968421845e-01,-3.744914690149906966e-01
-5.629434365351735359e-01,-7.039673367965244566e-01
-8.889695643208535003e-01,-9.412872404924589320e-01
-8.936113682227445620e-01,-9.188801672544841814e-01
-6.831136857059245671e-01,-6.059483961517532213e-01
-3.307745743175244391e-01,-3.066963087863390225e-01
-1.640985995014565546e-01,2.104844487138985976e-01
-3.808151456297115267e-02,6.950718262212024490e-01
1.089318739636868129e-02,1.257981523982022454e+00
2.049170888032198767e-01,1.283228390557523912e+00
2.695974315362398843e-01,1.246692586825252969e+00
2.422268090941260554e-01,7.765636796452142221e-01
2.353398297320969113e-01,6.907093411401769023e-01
6.930177979730897109e-01,-1.865806548477624283e-01
1.038232892047392664e+00,-8.278534654511350288e-01
1.438849013888245043e+00,-1.008672391508553368e+00
1.354262266056742048e+00,-8.361587578260127884e-01
1.482253804388770302e+00,-7.583310986560428679e-01
1.202359879594598668e+00,-6.456815962284446764e-01
7.007968708280160053e-01,-1.076111121392691716e+00
1.486364202566498038e-01,-1.576772112862686814e+00
2.091849579063035595e-03,-2.077206616584672982e+00
5.526966284354681985e-02,-1.774048711721978533e+00
2.303389652100673035e-01,-1.372099942205807555e+00
4.347739043438890727e-01,-7.612588493386666100e-01
5.673522492721425614e-01,-2.977327954219288197e-01
6.859555330969210329e-01,2.273418993302467050e-01
6.869506738029803605e-01,6.279829402659330428e-01
6.701512340346648111e-01,7.242196101921225537e-01
3.289258985947795533e-01,5.929846374017311295e-01
-1.157506837882681106e-01,5.188659905429908736e-01
6.142344369989118785e-02,4.934677026731882354e-01
5.849406806326431507e-01,5.758723781473890080e-01
1.643526568561496815e+00,5.409245159205998688e-01
2.338667083380178369e+00,3.177073415306056470e-01
2.789471440474725394e+00,1.708104535096159615e-01
2.513541116334383041e+00,2.391524149986510531e-03
2.448705322483877733e+00,-1.655334567945937196e-01
2.212174947251403623e+00,-6.111078157298511782e-01
2.169674756971108565e+00,-9.982854591679114487e-01
1.699342303166854640e+00,-1.439685563079654118e+00
1.232738364744767390e+00,-1.689593262866047274e+00
7.399395490801958797e-01,-1.732162583603611861e+00
4.302540243849613533e-01,-1.525879556615526322e+00
1.513873729578323890e-01,-1.085908993176876169e+00
1.790322435233551723e-01,-7.894556797063149167e-01
1.024144539843644258e-01,-4.299957059178797780e-01
1.445602215651632383e-01,-3.529494386856847910e-01
8.302693507013078067e-01,-1.489838825718293736e-01
8.497954124440624257e-01,2.085478420936248412e-01
8.120662321369462866e-01,8.346380360460132763e-01
2.585376916391615154e-01,1.467864442932829583e+00
1.490323793959403773e-02,1.803888313341831529e+00
-9.336844559062079663e-02,1.698804221605852982e+00
-1.452059541322972200e-02,1.167457693507441441e+00
5.968209772848192401e-02,5.434216167958667576e-01
-3.027899949974407340e-02,7.256492930206158432e-02
-1.656952294929758540e-01,2.815720722724755418e-02
-3.870070483808950024e-01,-1.717153463200601360e-01
-5.435168257023884619e-01,-6.314951733500124842e-01
-8.184884129939410391e-01,-1.015478457301554949e+00
-9.481054835817233073e-01,-1.060828076923908458e+00
-9.412313919807436813e-01,-8.385017720947361974e-01
-8.636063765558319449e-01,-6.062561325684402425e-01
-6.935523781075397798e-01,-5.528250361566375837e-01
-7.000048048909807141e-01,-6.695354355064263574e-01
-1.072332694694218214e+00,-9.058550679882868550e-01
-1.591936913635858986e+00,-9.259449710814895429e-01
-1.890749871714677566e+00,-7.736828501782024858e-01
-1.732391284320316638e+00,-4.831943853465412442e-01
-1.333551150784581418e+00,-1.777875298352205591e-01
-7.119587527604444022e-01,-2.605078577756795091e-02
-3.853921509943489254e-01,-5.353805420006781945e-01
-1.055005569552071309e-01,-8.021270524975914196e-01
3.217663799109362482e-02,-8.519672533078095356e-01
1.494856183375509184e-01,-3.835696695747228269e-01
3.168278557049443167e-01,-1.418596150744102224e-01
1.648242782015665875e-01,-3.707771649273526593e-02
2.944400999127300689e-01,2.672643829334717461e-02
3.151619385808571705e-01,-1.093861853853040356e-01
2.317287903045806285e-01,1.416272981982823476e-01
-1.144984164203540281e-02,3.790573707116043356e-01
-2.316785608628179338e-01,8.088916268282075883e-01
-2.499592880555940588e-01,7.440077999381798923e-01
3.902329675739682480e-02,3.856244164414097120e-01
2.015619759532622512e-01,-1.871344352989644244e-01
2.263953409395699501e-01,-2.589000729953789270e-01
8.956849834159116841e-02,-2.390400475035592831e-01
1.764043075631640256e-01,-2.777196312098007547e-01
9.224249481552935226e-01,-3.420575075822503974e-01
8.078141681236424843e-01,-3.728740466033209078e-01
7.923196488151028616e-01,-9.722748935468152887e-01
2.661536163238042429e-01,-8.992588077671143099e-01
2.769545774502261137e-01,-9.424723134816793690e-01
2.052525994962147160e-01,-3.188596698767277027e-01
9.435794139422169768e-02,-2.976234859308964364e-01
1.274999378351332757e-01,-1.413240462652445850e-01
1.685747781360800723e-01,-1.733443902700196049e-01
2.014123550182492506e-01,-2.357576969654673615e-01
1.577099633951440372e-01,-2.032699650829240257e-01
1.764043075631640256e-01,-2.777196312098007547e-01
1.087265760090049133e-01,-2.616161853224516776e-01
1.496862757504326472e-03,-6.862530948398011255e-01
-1.244592487929012670e-01,-7.815426688198726657e-01
-2.851367900497093211e-01,-1.160878971775350710e+00
-4.415535303637527775e-01,-1.412396440992326641e+00
-6.632402651196103172e-01,-1.490449951604716716e+00
-8.247509732284232786e-01,-1.400071907393939385e+00
-9.567171468176639548e-01,-1.315951020871571453e+00
-8.113732397116759643e-01,-8.978194870334221811e-01
-4.082930634301616957e-01,-5.770564852770700970e-01
-2.966286695769514425e-01,-7.246165367543642155e-01
-1.677900349423322723e-01,-7.244743339948124250e-01
-2.075673701188892606e-01,-8.546161310791013932e-01
-6.917218941109649129e-04,-5.517636289729351828e-01
1.979618258028050578e-03,-4.463364353120543582e-01
1.517753860890567186e-01,-2.391242124129936142e-01
2.866768188286234476e-01,-1.954985646553488998e-01
3.304775953682353440e-01,-1.364840431237821228e-01
2.240922281317214992e-01,-2.365829225112867085e-01
1.974610040056831023e-02,-4.927545934158307217e-01
-2.083952651222538421e-01,-7.925685683227232659e-01
-5.747433194344737650e-01,-1.007695635483335073e+00
-6.835058521988496283e-01,-1.165716630490625683e+00
-6.393719023051649408e-01,-1.107922986387493758e+00
-3.082669699517610051e-01,-8.922252193343030990e-01
-2.586546219532679936e-01,-3.528642688404448058e-01
-7.676867778513579710e-02,-8.622783738261088904e-02
-1.140169823180617846e-02,-1.485040897832780489e-02
1.093264129766658016e-01,-2.199292854572145461e-01
-6.299948532601082340e-02,-4.568403132722432813e-01
-2.301064900538769831e-01,-6.591718720661021713e-01
-3.164141024935172020e-01,-5.949274360271945561e-01
-3.717908271026428291e-01,-4.559271515231889671e-01
-2.754885050090674636e-01,-2.435224464204529260e-01
-2.305627392556966748e-01,-3.171558334869873375e-01
-2.325862930770872805e-01,-1.601574975155798386e-01
-1.517571214342198771e-01,-1.852731385258817864e-01
-6.139739183137027378e-02,-1.199529415429338441e-01
1.764043075631640256e-01,-2.777196312098007547e-01
1.087265760090049133e-01,-2.616161853224516776e-01
-8.470889815405940881e-02,-4.714637468776612939e-01
-2.537553524888673806e-01,-4.599661851653480960e-01
-2.848561119430772504e-01,-4.383680379952501482e-01
-2.420859355495084686e-01,-2.493042501666405397e-01
-3.504691704510333738e-01,-2.057079911087762447e-01
-3.161679161007724392e-01,-2.507938503134927166e-01
-3.615456772146685704e-01,-4.255717211835658986e-01
-1.322334119199521374e-01,-1.412295254938540912e-01
-1.527157885607011156e-01,-7.674422140600269115e-02
3.008981546257587236e-02,-3.014792825092643593e-03
-9.677009203032270121e-03,-3.372235686840528435e-01
2.998469549779160248e-01,-3.506693838235279692e-01
5.183461384101449854e-01,-1.440448481146635040e-01
5.183461384101449854e-01,-1.440448481146635040e-01
1.896248284801135275e-01,-4.529780979707300620e-02
-1.165527252816125903e-01,-1.107374209673644139e-01
-1.621277750465114909e-01,-1.666212191749824600e-01
-3.194189556059511270e-01,-1.349289253625336749e-01
-1.721705629125659665e-02,-7.112528636960238626e-02
8.423568596783237439e-02,-1.244851807997088833e-01
2.146270928133983402e-01,-1.728397817624242050e-01
1.503529432816881617e-01,-6.861983897157439283e-02
2.572353323362917554e-01,1.641629074935207488e-01
2.895137490114867984e-01,2.354478205359697429e-01
2.890943538730146312e-01,2.004984336830321900e-01
1.374563494981024536e-01,-1.178441976287008808e-01
9.399020378831267342e-02,-2.175254720190106794e-01
-5.482332552897462019e-01,6.924259263301982825e-01
-6.703246080168462351e-01,1.593288922025257959e+00
-7.392103677180343890e-01,1.749739787546949810e+00
-3.533787700683438948e-01,1.273028738303230822e+00
-9.848908948568443900e-02,6.293200262652209886e-01
1.840933876464900532e-01,3.850569353367181979e-01
3.396891463609287287e-01,9.129203194623530804e-02
1.404647925536070263e-01,9.497750385844681842e-02
1.714464035174592116e-01,1.333659899334342647e-01
1.937205012990808606e-01,-6.674290997667667313e-02
4.129833770060213349e-01,-1.169111527947976487e-01
4.129833770060213349e-01,-1.169111527947976487e-01
4.325001967241726697e-01,2.921811963636052056e-02
8.590402039924949218e-01,1.012568187564620581e-02
6.620578184500803820e-01,-7.107047694386944836e-02
5.944389802921008492e-01,3.037097383924540830e-02
1.489448299177396351e-01,1.365062819571364883e-01
8.113982841691363967e-02,1.581222607735006114e-01
1.394357590349859788e-01,-1.885431390924566242e-02
2.109618047853434875e-01,-1.198031688843346765e-01
2.654952304377720118e-01,-1.639462270984690939e-01
1.384704692717071972e-01,-1.819157507706785915e-01
3.216529404086641009e-01,6.512298237681835023e-02
4.236968750225988400e-01,-1.428182877031589082e-01
7.704602446551179762e-01,-2.020876017344239162e-01
6.429461792531544484e-01,-4.245742012448243674e-01
5.149695625378788444e-01,-4.402727039180475699e-01
1.013960015623192185e-01,-3.543638298502349571e-01
-9.960604247377316534e-02,-4.495190327630665950e-01
-1.832846363493143560e-01,1.019075183830136788e-01
-1.423297877003298351e-01,2.220446576125686966e-01
2.300698621738196947e-01,-7.276668953745750457e-02
1.057255799565247401e+00,-8.488752642993672159e-01
1.884058721551625792e+00,-1.481078645708105102e+00
2.168086759892326576e+00,-1.498805264399008408e+00
1.847056783450289341e+00,-8.047689398689377160e-01
1.098423565553714454e+00,-2.892802001636748388e-01
5.449797652653785018e-01,1.599615060836695746e-01
3.148899557876683741e-01,-1.124141196528849335e-01
3.617267456702033535e-01,-4.241861426570185667e-02
3.924492862811770899e-02,-4.096533017123785703e-01
-1.102727193004089841e-02,-5.318765646479695075e-01
-1.602229210645042534e-01,-6.800660377158990189e-01
-3.721468510651937400e-01,-6.781114865114837853e-01
-5.230575191416370062e-01,-6.226701164333658944e-01
-4.461858440631812361e-01,-4.640900482588728448e-01
-6.087739899778814301e-02,-7.821868078883574549e-02
-3.124779702945392201e-01,9.135693758561161393e-02
-7.463256302760236105e-01,7.133751239712730896e-02
-1.230950981905332808e+00,2.920911326345621353e-02
-1.241942020359512178e+00,-3.545046938436889616e-02
-9.174461890755946092e-01,1.738836869614940051e-01
-4.419283632605455758e-01,1.122325659770996159e-01
-2.353087031189270706e-01,2.575978845886551238e-01
-5.559894964748863383e-02,-6.085922717254406422e-02
-7.431282072987818732e-02,-1.991099179760017490e-01
-5.994653395475500399e-03,-3.567007106147162543e-01
3.560268645898125722e-02,-2.810275791621860142e-01
-1.017441404311415359e-01,-3.387523693509786327e-02
-7.693386896522015628e-02,-4.963571119705960377e-03
-1.313628070341696374e-02,7.305818970155758540e-02
-1.518763716709968081e-03,-8.473933071523970240e-03
-7.805295588885101388e-02,-2.975426575188602416e-02
5.197477388856635433e-02,2.737146918565515619e-01
4.820264606387359985e-01,2.459676380817676644e-01
8.427552412012906391e-01,1.467345985041499656e-01
8.063107151887177748e-01,-2.453926076438892323e-01
5.383641425031608918e-01,-2.561766498242165069e-01
3.051894161043321452e-01,-3.620462877918321221e-01
2.273397282446016354e-01,-4.889601363999030448e-01
2.513270123006206558e-01,-5.480473275185790971e-01
1.373675609229101924e-01,-3.366826330153964708e-01
-2.888750146286066939e-02,-8.476590078576624887e-02
-2.860312504209195361e-01,2.908838009348844178e-01
-1.121026957092377430e+00,3.821643758908435662e-01
-1.930899815121645879e+00,3.212222098531749004e-01
-2.867410775471598061e+00,-5.493742577780452024e-02
-3.189994888421753050e+00,-5.883045167319578272e-01
-3.004162986149200520e+00,-1.163647701685272429e+00
-2.536100131244929390e+00,-1.573069826323522102e+00
-2.066167914642800252e+00,-1.664514251676922463e+00
-1.789511811438903255e+00,-1.372184811173059238e+00
-1.613190432054387724e+00,-8.090721950585120226e-01
-1.779029895730242838e+00,5.411397087608365436e-02
-2.000229549568489418e+00,9.727481231270654893e-01
-2.255935888370637077e+00,1.760862564734155589e+00
-2.183317566277503285e+00,2.260158954631319439e+00
-1.973823971381235554e+00,2.349606312575234224e+00
-1.543386759464306479e+00,2.127897324322413741e+00
-1.104920608189476461e+00,1.722563074726779275e+00
-7.532810046426346995e-01,1.195393457511263247e+00
-4.585683327034381085e-01,1.143743676087855432e+00
-3.377428678270026352e-01,1.444662651096859651e+00
-3.058296867837839716e-01,1.920048500255100654e+00
-3.280614534575507224e-01,1.865323820542479361e+00
-3.673004520491394143e-01,1.369485676704853772e+00
-5.687374299649278209e-01,6.888743946971929155e-01
-9.614887737491132347e-01,1.085082212711178939e-01
-8.931699154309007405e-01,-1.102531844092852764e-01
-6.302176835691954970e-01,-3.883066898444498816e-01
-1.119314773062918961e-01,-5.610627268762017339e-01
6.365663504003240547e-01,-6.049590302900067496e-01
7.883921211909925564e-01,-4.906986411152742256e-01
7.480906074606774592e-01,-3.197016176638718954e-01
1.744093958680836276e-01,-1.288289793677945272e-01
7.096384693410204281e-02,-9.775046306752599445e-02
2.603014150178952768e-01,-1.811630007639589424e-01
3.868255398248914845e-01,-2.608807663757767292e-01
3.452263908821501803e-01,-4.519361339488215945e-01
-2.446315505149608896e-02,-5.248151068462826307e-01
-1.385356676178098601e-01,-6.046598792822523993e-01
-8.326715007123437762e-02,-3.692608195447170116e-01
2.520309851925960909e-01,-1.477179997393765487e-01
1.001790133739179245e+00,2.898911748203437666e-01
1.728998402520189659e+00,5.546513541355901911e-01
2.074286679284617740e+00,8.655914966920084108e-01
1.650795365006721749e+00,9.474143381116169049e-01
3.395528171315074784e-01,1.573774678780092806e+00
-1.438246791078806375e+00,2.455157370741903211e+00
-3.087611666286029344e+00,3.593870512867642919e+00
-4.158579382535949165e+00,4.101518175124040155e+00
-4.344088333103011124e+00,3.919160015015247467e+00
-3.650058614267931656e+00,2.809715412063451989e+00
-2.597255022455540185e+00,1.558724682570640230e+00
-1.561450695012117640e+00,4.312358173047280419e-01
-9.098899845395982400e-01,5.842191839424937597e-03
-7.479093994660801492e-01,-4.431364078390714889e-01
-8.084794651236786311e-01,-8.433742442566667386e-01
-1.368417172612881760e+00,-1.316679990869868977e+00
-1.904016949903611033e+00,-6.492914041460352559e-01
-1.956544683384305872e+00,-1.497992475164559856e-01
-1.519167466727414428e+00,6.987106376725442658e-01
-7.947752135315016009e-01,5.715156234345668551e-01
-6.710668753207488235e-01,4.917075946763271310e-01
-8.210051221748208006e-01,7.436353074459098322e-02
-1.412141117562558223e+00,-3.003779333887021119e-01
-1.678230200612873979e+00,-5.723243583289225889e-01
-1.621713291807549640e+00,-6.105470599157452050e-01
-1.078684917209146610e+00,-4.899322812313839370e-01
-4.400171561845562240e-01,-6.288263835271638014e-01
-9.809105250412782084e-02,-4.909543957797124492e-01
-3.042078451098885195e-01,-4.307364488033583738e-01
-6.163481232657032072e-01,-1.534587786408526944e-01
-8.750091937999022740e-01,-2.547172788524387776e-01
-1.331677369867745098e+00,-8.038355165185849804e-01
-1.211086724032048201e+00,-9.501123731215571633e-01
-7.766140195954718273e-01,-9.032653625629590843e-01
-3.036236029121828772e-01,-3.452752459702244647e-01
-5.777881531022787120e-01,-5.518576159443954604e-02
-9.297847108570259644e-01,-1.899113207932596470e-01
-1.272686545226707322e+00,-6.618257723103199153e-01
-1.524107285945822010e+00,-1.342991770168560972e+00
-1.946273113601878713e+00,-1.551960092121269952e+00
-2.143564382970851945e+00,-1.566320862636999767e+00
-1.802299520127907728e+00,-1.341340247398889796e+00
-1.439380168050508502e+00,-1.177561022383665001e+00
-8.061067800366338298e-01,-7.327046412848133849e-01
-8.929963219178225220e-01,-8.364956178886245874e-01
-1.201041359730649072e+00,-1.153581901937096532e+00
-1.073183897282886656e+00,-1.439917397870871030e+00
-7.840154932426361967e-01,-1.489018209271459225e+00
-3.569102461029518558e-01,-1.610108923420573213e+00
-1.891094325467738702e-01,-1.569316080474419728e+00
-2.562949072215103818e-01,-1.398709133851677500e+00
-3.819540771664827750e-01,-1.075267592294109731e+00
-6.084709334064835051e-01,-8.403797650386708451e-01
-5.873025164996162895e-01,-7.013759081216497382e-01
-4.704536293033056982e-01,-4.432438931960334672e-01
-1.325078977368334410e-01,-3.425060527518038467e-01
-1.485378281377528475e-01,-2.688274817461381305e-01
-7.283538754839692653e-02,-1.488086313330241606e-01
-1.081177403351341049e-01,9.331319721044976923e-02
3.443108155254428343e-02,2.846989009993177167e-01
5.774202810182711698e-02,4.865029998316585669e-01
-7.800685061673944508e-03,6.733975484721109739e-01
-1.414227471573085149e-01,4.139961055191662131e-01
-2.835610251841153562e-01,8.257883416042244296e-01
-2.569118318133248313e-01,5.799978848945144261e-01
-2.085476816668611344e-01,5.455491297596807287e-01
-9.310855578588959902e-02,-2.019073940770748921e-01
-9.310855578588959902e-02,-2.019073940770748921e-01
-1.053024464043828164e-02,-2.779161574370546117e-01
-4.720802591564230398e-03,-2.628716690181260307e-01
1.515240748094300871e-01,-5.319040556466030079e-02
4.296910770734266305e-02,7.334411112472548622e-01
8.198262036608111591e-02,1.014519134017272339e+00
-1.270426172036302759e-01,1.058875734624188381e+00
1.616552181900521579e-01,4.561517172181012714e-01
6.020213781333416669e-01,-1.241989461226282454e-01
1.218121697202534381e+00,-8.217100118199777148e-01
1.510898008378693369e+00,-1.285918429313191114e+00
1.349094552270580838e+00,-1.404340944152785209e+00
1.168045709933592580e+00,-1.229381782551267843e+00
9.237235002391118721e-01,-8.021804475607412499e-01
8.290215755662911912e-01,-4.323193097335619184e-01
6.402211425111263843e-01,1.410996285200111743e-02
4.763146552889269136e-01,3.209183486144120412e-01
4.516919177785652106e-01,4.519118926959573290e-01
1.376143615674524645e-01,9.826079293726031061e-01
-5.474470778444177066e-01,3.673865881534079669e+00
-1.367441294570423072e+00,7.492437735514599240e+00
-2.016929933009445897e+00,1.157280650180064896e+01
-2.385063690837365247e+00,1.472241600826200703e+01
-2.389150511155041734e+00,1.646873593641833722e+01
-2.111369077024368490e+00,1.670264770296207502e+01
-1.702287734126728846e+00,1.569016341987568630e+01
-1.270845900177481003e+00,1.357044602228669561e+01
-8.880155748722418085e-01,1.047925028279663451e+01
-5.579117411806068239e-01,6.987720212505376338e+00
-4.082841713298373532e-01,3.796891625236550549e+00
-7.807179630107935475e-03,1.213637666477971999e+00
5.773122364028447917e-01,8.352956887701529221e-02
1.211980296286258696e+00,-8.935265138396748796e-02
1.912788746559989095e+00,-3.341481045850987486e-01
4.340436036802505448e+00,1.441354369217101583e-01
7.595618944943364426e+00,1.103154715137756536e+00
1.117301172848049085e+01,2.242770136541891723e+00
1.349589234721219277e+01,2.992210587457935667e+00
1.403896097944531363e+01,3.136119074326222389e+00
1.256253746478328992e+01,2.588606843548480363e+00
9.589000781558773667e+00,1.520768081576999498e+00
6.137985338257328394e+00,3.696785836142283954e-01
3.944451111040156999e+00,-5.355040787832201499e-01
3.431780681716395609e+00,-8.598272374925067796e-01
3.523353875208292241e+00,-9.428377769631429706e-01
2.980692141780550308e+00,-9.657658733843512699e-01
1.935573350462421072e+00,-9.495554842851258170e-01
1.284349817669057536e+00,-9.954611270314169813e-01
9.142495726927689637e-01,-1.090686885070236478e+00
1.174179847677442989e+00,-1.134874728185613524e+00
8.189047151817273607e-01,-1.091511379443019347e+00
4.269883642954741543e-01,-9.040066067412859674e-01
-1.578015824483312846e-01,-8.236830525408133097e-01
-7.530769713817406785e-01,-9.308146663230441042e-01
-7.608923458907901338e-01,-8.361425550903960335e-01
-2.380275298175015930e+00,-1.442983844055022002e+00
-2.756336231872769105e+00,-1.567417174667636637e+00
-2.764245624556180392e+00,-1.583023029130470771e+00
-1.270186498916661799e+00,-9.717826196420235041e-01
-3.621397975825987325e-01,-3.697151442694878165e-01
3.844988034494341289e-02,6.474978989332993984e-02
2.865772117588458734e-01,2.190899741175584003e-01
1.631000299025624489e-01,1.280633263283482981e-01
-1.145336222338198540e-01,-3.158694584954754858e-01
-4.540831395640045343e-01,-6.856103192836285887e-01
-5.488326616972080130e-01,-5.729991204738700272e-01
-6.018269565258380638e-01,-6.400326132556743985e-01
-3.014909874249668831e-01,-3.421883522167062930e-01
5.365308486342625950e-03,-4.172444828769476532e-01
1.331706366201449443e+00,1.291521470879133604e+00
3.152435221312965385e+00,3.499810446332273450e+00
5.227613244813960058e+00,5.908605843316523831e+00
6.946909139413723899e+00,7.432296486101678035e+00
8.090274613782549196e+00,7.912131916786654173e+00
8.451338606355875527e+00,7.280869927087156412e+00
8.171295274839705414e+00,5.945813677706174971e+00
7.468076735874580763e+00,4.322780345797645474e+00
6.617711239604201268e+00,2.772102658306294654e+00
5.838299642498166797e+00,1.535046740926001130e+00
5.419757122186271481e+00,6.765499695088598164e-01
4.884683453267818720e+00,1.707291036032728970e-01
4.357269694263247395e+00,-8.688554086326565062e-02
3.558919792961171780e+00,-1.587261038097718957e-01
2.983371554682481275e+00,-2.463938742932332560e-01
1.985538069421795004e+00,-2.583320027542078678e-01
1.580916505180772091e+00,-4.180767097494919038e-01
1.622236023922745574e+00,-4.522133109898651138e-01
3.215848163971683604e+00,-3.808152241438360064e-01
3.162640491346734972e+00,-3.801907950389613600e-01
2.185024729220964801e+00,-5.231520462446579423e-01
1.606977114209951762e-01,-8.590485641421686802e-01
-6.018304523364567116e-01,-9.952948953362524831e-01
-3.094108099071903872e-01,-9.820183619708513501e-01
2.687233383749845772e-01,-1.030121894370132907e+00
3.341620609477952142e-01,-8.586938048149402869e-01
4.607700016790235997e-01,-8.095531394088161248e-01
-1.573745536514714258e-02,-5.568124298811681916e-01
-2.606965470510637650e-01,-8.716934330061550940e-01
-7.276552064778654128e-01,-1.053020917735627560e+00
-9.534215156068017727e-01,-1.217512907003819755e+00
-1.175246646724849242e+00,-9.900750551900013852e-01
-9.499437812891349253e-01,-6.352346039508490749e-01
-7.032361006479226351e-01,-7.696212473558780576e-02
-4.918590451862221435e-01,4.613751033894807341e-01
-9.488677155515504724e-01,1.252700465537245567e+00
-1.363949040942748159e+00,1.887223501213896482e+00
-1.645957162850198774e+00,2.361832734988414284e+00
-1.471565640168233768e+00,2.180667808290927656e+00
-9.552712190150272065e-01,1.444502239150734058e+00
-5.718867865713950227e-01,7.424268823580010279e-01
4.987134726171137122e-02,2.342946841131502145e-01
2.919216012224627455e-01,-6.124225856894474629e-02
5.428913629584714018e-01,6.004367264447298125e-02
5.514101232771263517e-01,1.339731916315645976e-01
5.008153416406748715e-01,4.661583083756952739e-01
4.301103535848854742e-01,5.122564625922548798e-01
1.450916953303387769e-01,5.558782854654576999e-01
-8.256783308032672464e-02,3.601622554334594772e-01
-2.925490462659383062e-01,1.774006235184952818e-01
-2.891982623479806280e-01,-4.255788192660505537e-02
-3.465933923471344880e-01,-2.374514281771123933e-02
-4.449474618787133684e-01,-2.322339546795625376e-01
-4.552533248350845163e-01,-4.485041491999301466e-01
-4.278907673355482055e-01,-5.196320884597989131e-01
-2.443659582885994164e-01,-4.031152874318721935e-01
1.341709372415285928e-01,-4.247348198704706951e-02
5.715180032957346556e-01,1.857449634040201913e-01
9.609372826269030332e-01,3.764719775508705846e-01
1.126217622608589597e+00,5.297831317368317805e-01
1.105732629662255384e+00,5.547660776904512758e-01
8.038806702933668502e-01,4.491425422817265645e-01
5.149639605358035110e-01,4.360375464951889990e-01
3.215687894481741860e-01,2.848597873801808622e-01
8.974765224435042599e-02,2.250759400210313732e-01
3.225165981077714183e-02,-2.028115997415380969e-02
-2.541758391351078838e-01,-2.158903947015728547e-02
-2.118754141809585656e-01,-1.045345119295295888e-01
-1.896289915717910557e-01,-2.744127080826359033e-01
-6.050698762492768418e-02,-3.139083875484277031e-01
7.103512104697688734e-02,-5.185931544776064550e-01
1.063586092134475442e-01,-6.955622962231284845e-01
1.765628997792764027e-02,-1.033035436781383432e+00
-1.199921623920100627e-01,-1.140646204518249052e+00
-1.893253539836078359e-01,-1.135676271465752007e+00
-1.889647302267313533e-01,-8.243482258309187127e-01
-2.621889872885836414e-01,-4.792157037679521392e-01
-1.832268614056682676e-01,-2.661537606276912493e-01
7.509926881397167853e-02,-2.555171583364784227e-01
2.550943636439446660e-01,-2.316001185004058771e-01
2.970915243855601351e-01,-2.135625154854700614e-01
1.804345207603818002e-01,9.197001618517906818e-02
3.361839860286118965e-03,4.213268537760300192e-01
-2.032600742303946606e-01,8.635523958107058640e-01
-3.844420838736339885e-01,1.357695816520524623e+00
-4.247987010328752033e-01,1.405157822754406372e+00
-1.743837592178276996e-01,1.242273771833269258e+00
-1.482246299596412797e-01,5.204340996077619907e-01
-1.977811006927270854e-01,5.119551653026093233e-03
-3.172084950212082921e-01,-6.948208835595588440e-01
-3.032949364956107896e-01,-1.453733690126272959e+00
-1.476615292152382714e-02,-1.591662556931595418e+00
2.539834471245412950e-01,-1.324669738800303698e+00
3.351612677523747585e-01,-8.385752096253322740e-01
2.784745067449982958e-01,-7.703219288923315311e-01
2.122597661496413157e-01,-7.580170796181471271e-01
3.993794607234285587e-01,-4.408364584494930405e-01
4.322791808598955843e-01,-1.934515028896117428e-01
4.954968618758915366e-01,4.222365443516371691e-02
3.857345486248537902e-01,8.284243399841056954e-02
1.346657061488808482e-01,1.481017220904195242e-01
-1.619558747588675240e-01,3.768397217773321040e-01
-4.739595337487857996e-01,-4.981209530149997150e-03
-6.398414619646689561e-01,-3.787192690763769298e-01
-7.335767974907339006e-01,-9.436343047803400497e-01
-5.119131476884457577e-01,-7.863496332364442454e-01
-6.348970069430425189e-01,-8.806770307047920854e-01
-1.136999128956543315e+00,-1.230270966791747966e+00
-1.747385500537550485e+00,-1.652849485660329965e+00
-2.800377104626602165e+00,-2.230902579149099729e+00
-3.993574392188248279e+00,-2.621126212908064357e+00
-4.838028281827810417e+00,-2.680230682817760446e+00
-6.061878115824756108e+00,-1.965844731247082144e+00
-7.235837850483762601e+00,-6.163965843167100722e-01
-8.735651141910571127e+00,1.013861045756280665e+00
-9.434145687632195632e+00,2.713751154498929452e+00
-9.794566015220748767e+00,3.973902514479445092e+00
-9.801154881883832104e+00,4.472816285508692147e+00
-9.462810485774998170e+00,4.133284652725078168e+00
-8.616939593760445604e+00,3.134067763848330745e+00
-7.004617512520785461e+00,1.838350714211721915e+00
-4.743784731605336979e+00,6.294971862890565983e-01
-1.642360190260143460e+00,-9.255810412165894896e-02
3.875038510699370109e-01,-5.893132647528442902e-01
1.261501869747107651e+00,-6.178874747543575685e-01
3.563560743897214445e-01,-5.257935901653995048e-01
-5.702081887224377116e-02,-1.731023442069209162e-01
-2.686527358338118288e-01,-3.227428467097475107e-01
-4.891814809248244966e-01,-9.161070302082345851e-01
-4.754963464922806748e-01,-1.478903526630230392e+00
-3.537392031318843388e-01,-1.695297446962114041e+00
-2.971504545010074660e-01,-1.569928687093961717e+00
-4.044795261281930454e-01,-1.113643962245842278e+00
-4.665547714267043733e-01,-6.771720220518558930e-01
-5.617854566543103445e-01,-2.144329362383742277e-01
-1.587955607546499004e-01,5.407941241138371213e-02
-2.080039799753545804e-01,-1.865523067585892480e-01
-2.566839298089604315e-01,-4.653738811943318732e-01
-7.502828489261308409e-01,-7.314647788403058071e-01
-9.110213898637860019e-01,-8.405417290461698610e-01
-7.179494045780325795e-01,-8.527414643659525506e-01
-6.485699818365350255e-01,-8.632024473371654461e-01
-5.266205353913853138e-01,-8.456459884747469236e-01
-5.351327662652337613e-01,-5.607084924235139489e-01
-3.698758955496448952e-01,-1.511171460505182640e-01
-2.571172443897372095e-01,4.763383348872667900e-01
-2.887376658214778624e-01,1.051175083603830274e+00
-3.715411697890819709e-01,1.094460976868058655e+00
-4.086694946997563860e-01,1.024087474546506726e+00
-8.555813965548790812e-01,1.105822898189854575e+00
-8.637694848568510109e-01,1.402732110639415275e+00
-7.878233986756982832e-01,1.473329115935151368e+00
-2.108177719772556524e-01,8.368634082953655406e-01
-1.192358944034169754e-01,5.516217335885648110e-01
-2.911627753371302529e-01,5.170541157710260016e-01
-6.725950109521573461e-01,7.276328986610267613e-01
-8.243102101269489390e-01,2.648621504968791673e-01
-1.115459886983961368e+00,5.993746035240359316e-01
-1.855905779804590372e+00,1.048236496156081721e+00
-2.571778457307797972e+00,1.886189843539898936e+00
-2.828459053560597347e+00,1.591282584416204182e+00
-2.370206006325340287e+00,1.015606873725851234e+00
-1.111747542547599332e+00,2.560303434030014036e-01
-3.603132120186748333e-01,-3.659411849229318725e-01
-4.928680365170247379e-02,-5.454369653331571088e-01
-5.908996219903190905e-01,-6.879615821299059908e-01
-3.351267537945086805e-01,-5.195424728120106028e-01
2.673706619417426933e-01,-1.731114853809977983e-01
4.083987826666266585e-01,7.318172526509471310e-02
2.978160490227078072e-01,2.998033901789579625e-01
-3.036722192991886393e-01,3.088545812428830084e-01
-2.877696188882892803e-01,3.159285394759016596e-01
-6.225557766603403431e-01,-2.126169255049997486e-01
-1.133118760345186216e+00,-7.053045599777407748e-01
-1.820922880866929772e+00,-1.013827589127342277e+00
-2.015099638989500175e+00,-8.969579281841372209e-01
-1.909484937081030731e+00,-7.637362113217079918e-01
-1.431328179087898445e+00,-5.381812660932431269e-01
-9.970976764643345591e-01,-4.791162211683301364e-01
-7.279886948810105896e-01,-7.507961532292398710e-01
-3.243651472469030184e-01,-1.082137216353006970e+00
-2.243691694896863820e-01,-1.369430079729811789e+00
5.680543324769881525e-02,-1.470483254190556366e+00
-1.715640683629774954e-01,-1.813643768167115811e+00
-2.691168495665969829e-01,-2.476667400755223181e+00
-4.463326374234597438e-01,-3.187113298929834304e+00
-5.148295924174598470e-01,-3.432933540132914629e+00
-3.966344175482870438e-01,-2.970926701706747775e+00
-1.614524996586377825e-01,-1.807633652159835291e+00
1.131387844880526183e-01,-1.004500772002500764e+00
-1.634799104845204576e-01,-5.220126303077718966e-01
-4.323042656648077853e-01,-5.399234178697615016e-01
-8.148438288937410734e-01,-2.039689787519620989e-01
-7.526653810311093595e-01,2.480485933127780096e-01
-6.374705360790970943e-01,-1.135203133981874633e-02
-5.544828278742559569e-01,-5.659516845545491115e-02
-3.328865850379105762e-01,-2.898136492976631229e-01
-3.240294599739984571e-01,-3.660443450432410845e-02
-1.844810179678219308e-01,3.781864942470489904e-02
-3.309998551798700728e-01,5.835378660438911291e-02
-1.174476961246379292e-01,1.605368379465212658e-01
1.145223389620600579e-01,1.475510150954554012e-01
3.069758278947662955e-01,1.382537286047050284e-01
2.127595801078573934e-01,3.154765935806085886e-01
7.371471950396218942e-02,1.795428636562862446e-01
1.054239708314505392e-01,-4.055247960084829885e-03
3.147193000765231147e-02,-4.979327714730171772e-01
-9.396644165200623844e-02,-5.831912125238472022e-01
-2.426998917140989476e-01,-4.605466299585403434e-01
-3.151267343422189393e-01,-1.951710454488308211e-01
-3.445581664409770872e-01,-2.059352989919840671e-01
-1.092783476564790079e-01,-1.786699992521593450e-01
-2.770618182596418580e-02,-4.544701087222351443e-01
8.082165531244586698e-02,-7.283473597406855404e-01
-7.277237754026279204e-02,-1.070671545271030922e+00
-7.277237754026279204e-02,-1.070671545271030922e+00
-1.629768472188012907e-01,-1.164240060801450261e+00
-1.629768472188012907e-01,-1.164240060801450261e+00
-3.973569484385627848e-01,-1.222182845605519708e+00
-5.550470480495360848e-01,-1.273164930029386133e+00
-6.743685606446364611e-01,-1.200201240133782488e+00
-5.081660693891351110e-01,-1.154701442286454549e+00
-3.614998872732678170e-01,-7.937559194276955221e-01
-9.597960868241160737e-02,-6.237884962372894915e-01
2.238848674335993105e-01,-5.559780696070404371e-01
1.705193897145880766e-01,-9.707036918460040242e-01
1.648582706192341929e-01,-8.644547084796673220e-01
-3.531143436120984941e-02,-9.706781088682107095e-01
1.647356288898257082e-01,-2.965721837317972231e-01
1.967623663509218135e-01,-9.663553298247061496e-02
1.953622551270067786e-01,2.538489222038527449e-01
-1.279073824574616935e-01,1.371573984254330358e-01
-3.816935011395464761e-01,6.199930857633601661e-02
-5.465283726925864727e-01,-2.758280735760319513e-01
-3.949338593725618685e-01,-1.248393360623077236e-01
-2.512341815488479679e-01,-3.984432358610147662e-01
7.074743990704203400e-02,-1.373954264095927913e-01
2.926020891042172001e-01,-2.228593362444283577e-01
2.607790184280149859e-01,2.727105651884433740e-02
5.436757228749250492e-02,-5.726353553597173657e-02
-2.752215161285980760e-01,-1.990612662616282613e-01
-4.099358370521391515e-01,-4.345526869593282493e-01
-5.429610185231206199e-01,-6.630413204714713515e-01
-7.004993465964417521e-01,-8.702694994802417927e-01
-5.523149990103352058e-01,-8.510218985949714599e-01
-4.423884938913900111e-01,-1.142994421297904628e+00
-2.375737727199220273e-01,-1.421889249657019016e+00
-2.800755110013346538e-01,-1.849220117874083469e+00
-2.481269119411685375e-01,-1.615701636139125874e+00
-4.222379160859399683e-01,-1.314924664389806708e+00
-4.976492067037525113e-01,-7.703939338402978620e-01
-7.077120743931433200e-01,-4.252930335633282044e-01
-6.229351195877089742e-01,-1.492058755132048831e-01
-7.109901968825439456e-01,-4.475916826076430100e-02
-6.250441187326217785e-01,-5.746796746917061383e-02
-5.668755815332873205e-01,6.457159517552563122e-02
-4.937424171473731027e-01,2.934739170380377127e-01
-4.120494924373401813e-01,1.582952272653731784e-01
-1.445225491394181716e-01,-7.112159833689019571e-03
1.308079754182117083e-01,-5.360698920741874263e-01
3.439953123168820182e-01,-6.801844500913957203e-01
3.404299369119856977e-01,-1.101884339608970809e+00
4.019629367019180166e-01,-1.219971628455783774e+00
2.237592242456913627e-01,-1.317010925306156599e+00
7.228814766801844316e-02,-1.170878028632853285e+00
-3.083261235370556852e-01,-7.337957013695917130e-01
-6.085715456706083382e-01,-2.094009299493779508e-01
-8.321947733242313072e-01,1.184176156609261510e-01
-8.048429411925296373e-01,1.411733778024768793e-01
-7.348775788532206921e-01,9.753739733115873722e-02
-6.983749983738252176e-01,9.404603772598028877e-02
-8.332116969870232426e-01,1.255968303865765134e-01
-8.614071870671764497e-01,1.439746760857571750e-01
-7.935982406221437913e-01,8.969116122589212980e-02
-7.109901968825439456e-01,-4.475916826076430100e-02
-6.250441187326217785e-01,-5.746796746917061383e-02
-5.691643927523635238e-01,6.539134446228202224e-02
-5.053175458744619819e-01,2.344436494305984220e-01
-4.775460294063204603e-01,3.788139439288317201e-01
-3.885236639074022835e-01,3.700894801399997602e-01
-3.232101316647786882e-01,1.218667946611809438e-01
-2.145412258320797683e-01,-5.138530833577209522e-01
-3.971682386817734084e-02,-6.360511576705479841e-01
1.851538237254808927e-01,-7.912187861545100231e-01
5.792851576897577459e-01,-4.643703453694764116e-01
3.843465582538472258e-01,-4.944949333722068463e-01
6.757747037381437068e-03,-1.725608162950570956e-01
-6.028656982943558784e-01,-1.372963053243021203e-01
-6.028656982943558784e-01,-1.372963053243021203e-01
-6.035284700024529103e-01,-4.253014440919997696e-01
-5.453268826386167278e-01,-5.193885020946927833e-01
-2.703849078607354350e-01,-5.855103480799744853e-01
1.385591341925506703e-01,-3.647524564461293028e-01
3.806766097148104322e-01,-2.560363125261860828e-01
1.169912289189355553e-01,-1.673078125360520085e-01
-3.372964465355194896e-01,-1.095941379878610095e-01
-6.028656982943558784e-01,-1.372963053243021203e-01
-6.028656982943558784e-01,-1.372963053243021203e-01
-5.491748772751526841e-01,-3.487924381854545230e-01
-6.582879728571220390e-01,-5.221215248740499471e-01
-8.664276488895947814e-01,-7.482530155633279056e-01
-9.162815944862328088e-01,-8.189302082852868425e-01
-7.907748756542432034e-01,-9.901756477014992397e-01
-4.853025529774098734e-01,-1.061124240335190372e+00
-3.130010711723599237e-01,-1.046095073408501719e+00
-8.466823170916339516e-04,-7.185584585109231481e-01
2.190811718977092315e-01,-5.874593287883664861e-01
3.994323156046902246e-01,-5.924560750782240648e-01
3.012282971766201412e-01,-6.696236327093239016e-01
7.516900113481045365e-02,-4.409211967372905772e-01
-3.118589513342587827e-01,-1.905685239494272487e-01
-6.426996180397821501e-01,-6.567367455553352329e-02
-6.513807720141848723e-01,-7.641606308106550782e-02
-4.410468475944969158e-01,-3.319853465167524331e-01
-3.695033264948297536e-01,-4.192082661063669113e-01
-1.256012528838799380e-01,-6.421803555839162847e-01
-6.656106637161378348e-02,-8.519972954962251599e-01
-4.752258798664069084e-02,-1.039985272372525582e+00
-3.370941490467571633e-01,-1.014947827958548432e+00
-6.242880971512437815e-01,-8.716068333894920750e-01
-6.577941837462364383e-01,-6.694076441759324592e-01
-3.580158555550542743e-01,-4.449669382454216060e-01
-1.865316340736754286e-01,-2.723700146766616093e-01
-2.661551327120852961e-01,-3.487906921073949396e-01
-5.609470065705164377e-01,-5.956281842016889483e-01
-6.469172658248196761e-01,-5.379796508984222569e-01
-6.504012944852366473e-01,-2.847617883404798822e-01
-5.702006458856029303e-01,-9.502836114845199245e-02
-5.773514120031004726e-01,-2.140401446602459012e-01
-4.310052324837650439e-01,-4.630942205954443613e-01
-3.182802892194052657e-01,-3.904190962796992292e-01
-1.683075700537554065e-01,-3.414724562372037919e-01
-2.415026192680226336e-01,-1.618877571332477672e-01
-2.303044012771942595e-01,-4.318147483845740653e-01
-4.677586264021454387e-01,-5.421331943659112307e-01
-6.153157513929671252e-01,-7.127487075484997270e-01
-8.220738874426886111e-01,-7.256876528499061063e-01
-8.935506426115644718e-01,-1.367161123634081932e+00
-9.623119153314557694e-01,-1.953770081702490780e+00
-8.460340018177076038e-01,-2.196460572770920106e+00
-6.012012470331934422e-01,-1.869554137777438951e+00
-1.061835539448638399e-01,-1.040823827044311312e+00
2.905458882769565432e-01,-2.217455388549849082e-01
4.754847964463602694e-01,1.228933910806547791e-01
2.589084675297901317e-01,2.236560925188896543e-01
4.389588697638611980e-02,7.436529946731410545e-01
-2.121835239364218417e-01,1.361900788304823529e+00
-2.980625751087971342e-01,1.845211131499957080e+00
-3.801745037607932587e-01,1.986006883471147733e+00
-3.760116129313825772e-01,1.651379181785158190e+00
-3.410242824679620699e-01,1.201563638903868414e+00
-3.358995819390009907e-01,5.294587534318542232e-01
-4.709970723250710978e-01,6.382717910780002502e-01
-4.807224414149603997e-01,7.072988934864299360e-01
-4.317182987222148993e-01,8.121021556961623977e-01
-4.317182987222148993e-01,8.121021556961623977e-01
-5.565208963638318407e-01,7.047853923838304224e-01
-6.912714548297682615e-01,8.289170973463716452e-01
-6.937585875549031611e-01,4.671861483070640642e-01
-3.824300006606479174e-01,3.137969717020928639e-01
-2.541487103298495365e-01,-1.155424868429630325e-02
-1.880653771756167839e-02,2.476815278062679399e-02
-1.357394627767827822e-01,3.607025715985943265e-02
9.514207647142287894e-02,1.085115678661998095e-01
-1.313629388496045762e-02,8.252208047038477046e-02
1.681553189316219998e-01,9.850920755449305011e-02
1.919848681330065254e-01,1.252881188044261684e-01
4.239994016195673399e-01,8.019487404634408068e-02
4.709533283644176116e-01,1.034810511687691698e-01
4.754847964463602694e-01,1.228933910806547791e-01
2.589084675297901317e-01,2.236560925188896543e-01
6.584531919812977585e-02,-1.229479880200962938e-01
-2.202297690414948550e-01,-4.242283364698735681e-01
-2.936228401604780158e-01,-6.500112974431737634e-01
-5.720432716546640650e-01,-6.351947937760765717e-01
-8.347701568144381135e-01,-6.207120365814985385e-01
-1.093022045558809108e+00,-4.674393499782481531e-01
-8.478038110104709757e-01,-4.733475715363353875e-01
-4.627346916400019161e-01,-3.146648491192471919e-01
-5.179379463244165871e-02,-4.456682897978570534e-01
-1.836822158272828631e-01,-3.923163833808343548e-01
-4.135410616894992231e-01,-4.655530261309070994e-01
-6.495407809883639860e-01,-3.813340347498608285e-01
-7.472693186407406429e-01,-2.823793233124227697e-01
-8.361685290535676440e-01,-3.176545728146902836e-01
-8.794372628057198771e-01,-2.630111535740048412e-01
-9.026448858157609667e-01,-1.067811248820100534e-01
-8.437374983444022591e-01,8.006746350812836421e-02
-6.016021689233125302e-01,9.281110217343765956e-02
-3.459400555608861394e-01,1.367344648136164728e-02
-2.792078072640431508e-01,-1.960772228820752416e-01
-5.618781752648905892e-01,-4.483826639936011049e-01
-8.051025245143039744e-01,-7.810026889268155692e-01
-1.299239736490373387e+00,-8.537301926063659563e-01
-1.389404564964093369e+00,-7.254398438472720034e-01
-1.291514127538094803e+00,-4.197101252093614621e-01
-8.653621905918488233e-01,-1.560379950004746608e-01
-6.426996180397821501e-01,-6.567367455553352329e-02
-6.513807720141848723e-01,-7.641606308106550782e-02
-5.507773863077117804e-01,-1.343709194534005169e-01
-1.026166140901255408e-01,-8.345043285972525426e-02
5.484138005895254908e-01,-8.052678009938147863e-01
8.409765560764924652e-01,-1.402619082950560259e+00
7.309388814299903059e-01,-1.909815877919959437e+00
1.143037871776435427e-01,-1.657337579556248830e+00
-3.000839287191037208e-01,-1.054642491493039458e+00
-5.509349354899198969e-01,-8.371075921248457563e-01
-3.418520589725690950e-01,-6.606231736623739970e-01
-4.178082338323853562e-01,-7.136453367897017674e-01
-5.239795990560527361e-01,-4.890428753389823857e-01
-7.279886948810105896e-01,-7.507961532292398710e-01
-1.247386561379981940e+00,-1.502914553051715840e+00
-1.973035504757909120e+00,-2.239964152805262732e+00
-2.577927342769450014e+00,-2.690896367189322458e+00
-2.648034755838571286e+00,-2.596057530270905911e+00
-2.122143059420116273e+00,-2.020631259879407171e+00
-1.459236000856663829e+00,-1.361595066545068677e+00
-7.285960986870287925e-01,-9.473583709969257693e-01
-6.441027578671325582e-01,-8.229278722208167585e-01
-4.562880468345220653e-01,-5.428053912093477873e-01
-6.107968024674096386e-01,-8.781403740141838221e-02
-5.444990634312675271e-01,2.884081609628058041e-01
-3.192358778120736318e-01,3.897439205812500695e-01
-1.294436885782722368e-01,2.862354307668386055e-01
2.875369334307701918e-01,1.747713665293833818e-01
4.596322495081863191e-01,4.291791393187179837e-01
8.322881858789551446e-01,8.043295972057377119e-01
9.298287293654348140e-01,1.191751681020873033e+00
1.046350920559353748e+00,3.593843849437676763e-01
1.002190009907057533e+00,-9.389540231443680440e-01
8.811839997820117842e-01,-2.451895339669225571e+00
6.173941383155625573e-01,-2.674562483574585592e+00
2.310051228230698972e-01,-2.458605089955329337e+00
-1.385727772351183495e-02,-1.739501295538546932e+00
-2.275105526764362451e-01,-1.178924650543624386e+00
-2.839405842949428993e-01,-4.984634460065138772e-01
-2.849528998562234072e-01,-2.034328298580526384e-01
1.148523351500276291e-01,1.317760045420834740e-02
5.238743301590186308e-01,-4.834052510331657282e-02
9.252139375116581466e-01,-1.540078071813730520e-01
5.735385270661430557e-01,-2.282443682114194128e-01
2.317085152714930540e-01,-2.176611540961209679e-01
-2.533737707097422076e-01,-1.091058900233370654e-01
-2.260668553192735908e-01,-2.299844238089763515e-01
-1.461077346534073451e-01,-1.709174549180170477e-01
-1.296310852924965375e-02,-1.446873511044249327e-01
6.018337591323552616e-01,1.894935792385223361e-01
1.310021130728153071e+00,2.219158779463963338e-01
2.044397067942458790e+00,1.685052728740903394e-01
2.351797404601704056e+00,-8.058165259049926421e-02
2.301072469039592505e+00,-2.851065864449712772e-01
2.089603613384036773e+00,-4.234672499405165436e-01
1.735333990423484796e+00,-4.314937547272099660e-01
1.187478532139244924e+00,-3.968057380016137836e-01
6.630638994073300152e-01,-2.289959819507139394e-01
1.779933796873579555e-01,-2.855392104273195980e-02
7.229010322038259551e-02,2.096664609044874006e-01
-1.585511365582148169e-01,2.520255436461023013e-01
-2.646239729200872137e-01,5.289968259552877416e-01
-3.616144425214402602e-01,6.421220298246440583e-01
-3.358995819390009907e-01,5.294587534318542232e-01
-2.191514272002242636e-01,5.823519988854595347e-02
-4.204104772103979260e-01,-5.018149536050824366e-01
-3.451198625966269140e-01,-6.276210479328790948e-01
-4.279241179233059800e-01,-8.830360101563242692e-01
1.378302256373530876e-01,-6.120527701144126143e-01
9.321500085495088017e-01,-5.786026235821597474e-01
1.654217435092481425e+00,-5.003205394289655938e-01
2.205149363704977272e+00,-6.705081004230558639e-01
1.992470720649454963e+00,-6.018904255836403649e-01
1.278124179727035736e+00,-5.082847447451097622e-01
4.679031718083991320e-01,-3.625606708923277965e-01
6.633956766948233275e-02,-7.011489996892051879e-01
-1.209901396355138603e-01,-9.524633503546314772e-01
-2.254813898280351447e-01,-1.032468518744801500e+00
-1.808566055745649270e-01,-8.943610096959535571e-01
-6.339331938428026392e-02,-7.275343343152789188e-01
-1.578015824483312846e-01,-8.236830525408133097e-01
-3.821498560473225448e-01,-5.905290224496778650e-01
-5.686840793844415431e-01,-3.799609063111676899e-01
-3.565220790421600450e-01,-1.492424882465169245e-01
-6.097653753240992597e-02,-1.720389468330785210e-01
2.627083818322830111e-01,-3.983456654174156175e-01
4.609879183734978958e-01,-6.968892658762427805e-01
3.040395124143858152e-01,-7.255168971509624587e-01
2.176658245579667361e-01,-6.680495155953259934e-01
1.001593029071342761e-01,-2.214538558223041465e-01
2.994594991182311094e-01,1.470561999263427866e-03
3.816632339717957456e-01,1.637506735717537965e-01
4.353392776204728087e-01,3.538359768253062643e-01
6.488408518586247231e-01,3.660320489294283108e-01
1.024756612140444778e+00,1.506731424733904479e-01
1.485997727987673933e+00,-1.613656022032985693e-01
2.044169168186916519e+00,-3.670119466603711245e-01
1.746593959596491663e+00,-4.604644199026280971e-01
1.746593959596491663e+00,-4.604644199026280971e-01
1.288711364692129546e+00,-4.963570097814049564e-01
1.288711364692129546e+00,-4.963570097814049564e-01
7.505658893160301881e-01,-5.671171731912516556e-01
4.581672665211818374e-01,-3.794819164006124623e-01
-5.298884176897562803e-02,-5.120327965102323686e-01
-3.463077213301181678e-01,-2.590383275841848243e-01
-6.305589037820723552e-01,-2.342049933485688407e-01
-4.131440359915020677e-01,2.346897203058264172e-02
-2.901852027361984110e-01,5.416941582808165213e-03
-2.792078072640431508e-01,-1.960772228820752416e-01
-3.076035454703021088e-01,-1.608910878523388821e-01
-3.815593223372227838e-01,-1.387045186630607163e-01
-2.735696745903473670e-01,8.000085263278332304e-02
-2.419064715452955705e-01,4.948576681526128951e-02
-1.781648634595445480e-01,8.559378890958622282e-03
1.370554270390012333e-02,1.633490438842602477e-01
1.880171226481136826e-01,3.350637608486433106e-01
4.316285812573684710e-01,1.941377744612275968e-01
5.725033453964865071e-01,-6.586445495355002233e-01
7.333646071628959762e-01,-1.701514214885652576e+00
7.639850127493762466e-01,-2.443912251880833164e+00
6.123086143931467662e-01,-2.730457974164987256e+00
2.860200287959241416e-01,-2.350599056687428856e+00
1.924158011948872565e-02,-1.617019015945869498e+00
-1.634963031625273622e-01,-7.636518337266247070e-01
-1.566424019024806047e-01,-3.654711341955447779e-01
-2.792078072640431508e-01,-1.960772228820752416e-01
-3.076035454703021088e-01,-1.608910878523388821e-01
-2.044410943743226461e-01,-1.815695403084082449e-01
2.805318615525473347e-01,-2.134543056402531669e-01
7.036291647963934803e-01,-5.022388490069887856e-01
1.238963655135307151e+00,-6.849892808973626623e-01
1.557686828563844994e+00,-7.888217530824264134e-01
2.019506893665155012e+00,-8.067938813921299301e-01
2.172441482452953654e+00,-8.424727414491726130e-01
1.649898063849233321e+00,-9.742368606903334394e-01
1.132919160844015449e+00,-9.422631659566590434e-01
8.490265862251341611e-01,-8.841196031637348351e-01
1.008744354893910566e+00,-7.445036676101595141e-01
1.298428694633776637e+00,-7.024181265000125629e-01
1.589044826652173725e+00,-5.729972388970872021e-01
1.794905840675532271e+00,-3.151641217457898381e-01
1.699267440025218789e+00,-1.610622328597461905e-01
1.278275930351034484e+00,-5.505403523586476638e-02
8.477457930614866743e-01,-4.425713798696051526e-02
4.510829888560165535e-01,7.692449358703297435e-02
4.754847964463602694e-01,1.228933910806547791e-01
4.877367314806195231e-01,-1.670821483769387855e-02
5.206118886518227296e-01,-6.691600250182085097e-02
5.283221750000696160e-01,-1.603369390595515143e-01
4.988481629465670864e-01,5.862864555994619087e-01
3.800123957895836235e-01,1.285655083330997650e+00
1.548052265784797821e-01,2.171388261979537493e+00
-1.447097350605011656e-01,1.868238667150086796e+00
-2.928404351131297378e-01,1.305782863843139463e+00
-5.513200193883511374e-02,-1.204890319113093855e-01
2.934956689947376685e-01,-7.292772264230156232e-01
1.000575528186057328e+00,-1.076211847889700257e+00
1.542892339929359924e+00,-9.385519330789076076e-01
2.195019768751781175e+00,-8.900111489184943103e-01
2.190868854711084168e+00,-8.317704460319135240e-01
2.049127450052594668e+00,-5.905620479451926252e-01
1.578644735178138969e+00,-3.983277888278793921e-01
1.112305751454058189e+00,-1.007292197859256111e-01
8.026531371992989827e-01,-2.798678789001776690e-02
5.940959894660968743e-01,-6.398631076353682168e-02
6.005348241278075649e-01,-1.520798646625867168e-01
6.753686044513947939e-01,3.283497602176860958e-02
3.457148885668460125e-01,1.997030858363010031e-01
-5.187398730605946584e-03,2.578280643708539821e-01
-4.969511303461445206e-01,3.329359454640867539e-03
-6.413473366004422971e-01,-6.496066875235843863e-02
-6.121764311414135129e-01,-1.922795613040650387e-01
2.874977005451404555e-01,-4.308769746535453526e-01
1.269199911127008029e+00,-6.730218000892775887e-01
2.195019768751781175e+00,-8.900111489184943103e-01
2.190868854711084168e+00,-8.317704460319135240e-01
2.049127450052594668e+00,-5.905620479451926252e-01
1.328183291834174051e+00,-3.218742399900347273e-01
1.079244639228492231e+00,-2.025081917516434182e-01
7.190054741725701026e-01,-3.204537546418946281e-01
6.122514187000853703e-01,-5.826614396863841749e-01
2.466719829337247483e-01,-6.644536465526773572e-01
-1.578015824483312846e-01,-8.236830525408133097e-01
-4.286791682397146919e-01,-7.045342079537556534e-01
-6.522365586340711507e-01,-5.589437045758635092e-01
-5.471933841388556541e-01,-2.484270494153246189e-01
-6.180391455675305901e-01,-9.439771047695928730e-02
-4.784131297086978707e-01,-1.072393179543025543e-01
-3.489140409802040654e-01,-1.204294517828723432e-01
-1.958274374479365143e-01,-1.299508394501849573e-01
4.291447326260414835e-02,-3.458805133096681805e-01
9.815487222841431381e-01,-6.082293960570813729e-01
1.057182962699902529e+00,-1.237054518698377681e+00
7.484468053330978199e-01,-1.809484004779686517e+00
-6.599492608020228746e-01,-2.169018626776403114e+00
-1.212424425177767828e+00,-2.275228962197950899e+00
-1.337537985662347717e+00,-2.107471894667397372e+00
-7.649537370709581507e-01,-1.963476625538578713e+00
-5.848034998313752370e-02,-1.464293493434581706e+00
2.250915361512438873e-01,-1.124232243013783439e+00
5.001973990339003695e-01,-8.184200886013228704e-01
5.508615921442062691e-01,-6.418244069520063766e-01
1.090191117148169742e+00,-5.317461692759548608e-01
1.584228420937783044e+00,-5.904450540130823377e-01
2.000114364733832861e+00,-7.658689226511706805e-01
2.172441482452953654e+00,-8.424727414491726130e-01
1.690784940958890648e+00,-6.362803864946262600e-01
9.597451839682048513e-01,-2.966640431103055864e-01
3.737569869171751269e-01,-1.010574470473543235e-01
4.134112569092363021e-02,6.637053140785301175e-02
-1.555640674724636519e-01,-2.421232527550881974e-01
-4.606353221213286830e-01,-5.515055390055911833e-01
-6.159370599465756602e-01,-8.308213407571187759e-01
-6.888189577077828973e-01,-8.182994904470477504e-01
-5.821931461639006100e-01,-6.686227614673371233e-01
-3.872710580375403056e-01,-4.555276203466871454e-01
-1.639441740593384766e-01,-2.007640154530164825e-02
-7.529184423105882151e-02,5.835512615982036966e-01
-1.996289364496760255e-01,1.213879452601129838e+00
-2.830645257930320402e-01,1.929640390331604838e+00
-1.577733250323253011e-01,1.896849185507003321e+00
7.386784243095875779e-02,1.482247909143370679e+00
1.580801645029249192e-01,5.994171194452655449e-01
3.301095338138559931e-01,4.356967415310391001e-01
-5.393395712154059468e-02,-1.173787397776414471e-01
-2.198383887007838433e-01,-3.612429742881254624e-01
-9.007227100585696311e-01,-3.431979055135901402e-01
-8.643379612639001675e-01,2.372602159713193062e-02
-8.358838615726962296e-01,2.228888830320484293e-01
-5.084765604628947999e-01,4.536712538625975455e-01
-2.943300028986703953e-01,4.686208437432670681e-01
4.697068182743187326e-02,2.675856955724842390e-01
2.381705146073105628e-01,2.573514635836901890e-02
3.878349669951530188e-01,-2.698611970845120681e-02
3.573035598483976782e-01,-8.243413949599937007e-02
2.977604741750577433e-01,-1.271817424416386288e-01
2.243986562087751935e-01,-1.266381859389818787e-01
-1.508355815823481383e-01,-5.682645475730536619e-03
-1.306629849071984928e-01,-1.669857027340355959e-01
9.397847012953935986e-02,-1.363210610930248590e-01
3.018595368643217092e-01,1.317668581223974400e-01
3.280346330567471824e-01,5.168241080330817638e-01
4.524906639923305662e-01,5.619266527733352001e-01
9.167805679853358036e-01,3.184760428443265678e-01
1.145515129790374953e+00,-2.711563166285911944e-02
1.858725833197928168e+00,-1.290408185187669754e-01
2.179210258188684968e+00,-2.941390416057809709e-01
2.495722340295388975e+00,-2.120127861836211547e-01
1.835514129731564026e+00,-2.296321291311462787e-01
1.165695903334828198e+00,-5.123368782321183895e-02
5.647037877676428508e-01,-3.065386760592456877e-02
4.338090225397263633e-01,-5.376895654647573936e-02
2.363703922477097541e-01,6.478448436264544474e-02
1.721061017512837688e-01,3.030399751998432700e-01
1.244054624634884226e-01,6.115490726900792984e-01
6.826337796908807376e-02,6.806369784590481364e-01
-3.849620439260970084e-01,1.267997834264575241e+00
-8.527232019818283826e-01,1.781852798962875406e+00
-2.152642082275179281e+00,3.207638580864074385e+00
-3.602157274996176994e+00,4.538425392771801903e+00
-5.068035141558151935e+00,5.848253176486480243e+00
-5.819840748565886734e+00,6.367046707419229179e+00
