-3.157897950080245097e-01,-7.352175491271594199e-01
-4.389401302828181972e-01,-6.289004836695176737e-01
-4.505895462822330222e-01,-5.105964542600942568e-01
-3.486366129747794917e-01,-6.338062228067418979e-02
-2.398437166003159204e-01,4.269859710726920943e-01
-2.645677785591299958e-01,1.012139785250139035e+00
-7.376304610714626286e-02,1.199258345216742683e+00
-7.175993476461371701e-02,1.158931996427989386e+00
1.287641208286366412e-01,8.026745367825429689e-01
9.372108862255867923e-02,9.539025712610716967e-01
2.245498743525138896e-01,7.909526915235798317e-01
2.191809196368780521e-01,6.772092330710980379e-01
4.123591769561635867e-01,5.638357139985399336e-01
5.271477829360855516e-01,1.923376249880112132e-01
5.898903606859188242e-01,-2.244621775934666774e-01
5.297320916972265703e-01,-4.378429976089817099e-01
5.459811856551863851e-01,-2.810975030784755857e-01
6.584132455907492076e-01,2.359947051037731280e-01
2.980493226693785025e-01,4.038630794544455505e-01
-3.408575074685389339e-01,1.736189399793344468e-01
-8.576453000174054653e-01,-1.058785936491291602e-01
-6.256475723058068095e-01,-6.741616359115178148e-02
-5.132636675976982171e-02,2.833164123256427525e-01
4.679469253895935932e-01,3.781126391981033397e-01
4.908166831541023734e-01,4.282151019641561862e-01
4.844090629420252925e-01,3.810807070396250440e-01
3.173854389549033428e-01,6.598508465668180278e-01
2.317719763627285878e-01,5.272231280308101731e-01
4.298698500311255999e-01,6.790552136395635596e-01
8.711587558807220022e-01,6.347409737094181770e-01
9.211559649390040905e-01,5.759612198428356589e-01
7.582719564486356534e-01,4.612212061963140708e-01
3.762345936925297063e-01,3.467121123056736698e-01
1.007393437587922186e-01,3.558330853118720216e-01
1.563888740298108593e-01,7.590906875569414236e-01
2.908196858456064682e-01,7.782331241844034908e-01
5.298635377048285244e-01,5.507236366647704218e-01
3.845867786497398355e-01,-5.100633104809718654e-01
3.264440991287983485e-01,-9.641394262962901252e-01
2.324073138451150933e-01,-1.026258970136769255e+00
2.786928997838522548e-01,-9.428038541520578075e-01
3.196663394615380516e-01,-6.988003695427625894e-01
5.526916431911707006e-01,-3.269157110523468468e-01
4.391853879182308074e-01,-3.057261047214602789e-01
4.237161885373405545e-01,-4.650436688421818454e-01
2.115183893624749678e-01,-6.340987358739850199e-01
5.499186634299829679e-01,-9.021491548372770897e-01
6.119482314181278193e-01,-9.049757722967497475e-01
6.005705321076273417e-01,-7.768942087676549146e-01
-1.667787207233487889e-01,-6.609294815171219417e-01
-1.327354968112866684e+00,-8.669782091974066462e-01
-2.176935671250360915e+00,-1.289403125456665800e+00
-2.573557848950887905e+00,-2.095428527277703790e+00
-2.765407647106199907e+00,-2.768867306194816802e+00
-2.678938086823559495e+00,-3.835222915119909537e+00
-2.117715998845233649e+00,-4.268011786770584237e+00
-1.315941993317254477e+00,-4.093748877645238871e+00
-5.497236288703039042e-01,-2.752235334582020077e+00
-2.782249722408522419e-01,-1.430134677082581351e+00
-4.318321984974979877e-01,-4.828040227657897643e-01
-1.377874677877672260e+00,-6.495537527839033709e-01
-1.406957620622179883e+00,-8.082357271451762193e-01
-1.089267152657908744e+00,-7.031020035660279222e-01
-1.989205626498525836e-01,-7.280980874919270596e-01
-4.942619627439804875e-01,-6.841521522030793445e-01
-1.366322820151914197e+00,-1.083842209760796926e+00
-2.271533423228790483e+00,-1.407111460718199814e+00
-2.669869332965294273e+00,-1.928769233082512802e+00
-2.855771574339189378e+00,-2.586347847244018894e+00
-2.909110189079623598e+00,-2.774091759179849070e+00
-2.321977414973742437e+00,-2.397738750731929436e+00
-2.765719928690928864e+00,-2.226582196912050282e+00
-3.105054371128885382e+00,-2.141573065651477314e+00
-3.810822135119166010e+00,-2.360531563974045177e+00
-3.206949317046059900e+00,-1.861654895553897404e+00
-2.307049206584508294e+00,-1.295566451287193388e+00
-1.066855883658139437e+00,-5.696075057133129782e-01
2.270727930016317730e-01,-1.660559835464539280e-01
9.592179645792680009e-01,5.635382411952174486e-01
1.222572376754281764e+00,8.130589955166774851e-01
1.077554097175321468e+00,1.250069256748812307e+00
9.952827428080973649e-01,1.051633459902870937e+00
1.233827970240109595e+00,1.804767416276010339e+00
1.365986545291600462e+00,2.619788356927319928e+00
1.533600258334699928e+00,3.144983488451386311e+00
1.533600258334699928e+00,3.144983488451386311e+00
8.987960558119795218e-01,2.547146896357740609e+00
5.406029322001741910e-01,1.957992624270287196e+00
1.180678535111435029e-01,1.022016560587198475e+00
4.123348189530631203e-01,5.649907160262784833e-01
4.944314917822822952e-01,2.365717772240154559e-01
6.757340308468083867e-01,5.612981414217788068e-01
6.757340308468083867e-01,5.612981414217788068e-01
4.418576850565401615e-01,1.957062218224404349e-01
4.056862510013941048e-01,-1.981549477758350053e-01
4.415819583842873763e-01,-8.179600023948775667e-02
8.720942914260487733e-01,4.249827551495593547e-01
9.326944781601679280e-01,7.510592574446952607e-01
8.494621434557755313e-01,8.959054823444845272e-01
8.821916997563457041e-01,1.087644913662328516e+00
5.690662032363763556e-01,8.055024286067382633e-01
6.126016838066263848e-01,9.455391250415441373e-01
3.544266678877795451e-01,5.447192735802535157e-01
2.731070625921767081e-01,2.316499820957897415e-01
1.951516824403993766e-01,1.104227043661697993e-01
-1.613336826725440265e-01,4.526833207631381084e-01
-3.388598043160692685e-01,1.188699085379495868e+00
-8.618402973447161219e-01,3.214034422963553794e+00
-1.071233200685318465e+00,3.797743188327705077e+00
-1.142642324139299115e+00,3.474030930657148630e+00
-5.309431393146835099e-01,1.731929844385170725e+00
-6.299095182249143665e-01,4.105827482768064640e-01
-6.136151163063841008e-01,-3.490828559932050712e-02
-6.485388223585772938e-01,-3.736256052840927211e-01
1.010803307252088890e-01,-4.573831508993532191e-01
4.081628105280019070e-01,-4.727359716874129369e-01
1.535106568319452025e+00,-1.609712781384039948e+00
2.135811395552151382e+00,-2.672625709320108012e+00
2.366182921905088943e+00,-3.846261715632718126e+00
1.379622720711930706e+00,-4.117868920362965035e+00
5.137754214436356381e-01,-4.019176965768972210e+00
-7.296974103039625126e-01,-4.298277587331809535e+00
-1.987431777695307211e+00,-4.482368507615456465e+00
-3.125337567691113261e+00,-4.931611251382675754e+00
-3.897828337618091776e+00,-4.330756614630550061e+00
-4.706535679884451540e+00,-3.650616409506758142e+00
-5.179264720451197235e+00,-3.000423309217970846e+00
-5.742196979745043173e+00,-2.744367408456344748e+00
-6.021467975766991110e+00,-2.763722976696695532e+00
-6.347290242715653008e+00,-2.897003599293626053e+00
-6.201176116691354601e+00,-3.094028136499512360e+00
-5.862140535094951588e+00,-3.002328247654349358e+00
-5.742196979745043173e+00,-2.744367408456344748e+00
-4.681722141602788767e+00,-1.914061744470380022e+00
-3.363138595727067859e+00,-9.008725235960314270e-01
-1.501211709752306112e+00,2.029513891523637148e-01
-1.335031835557612068e+00,8.833558535687550117e-01
-1.404098265745246099e+00,1.473086406790909519e+00
-2.325127019198303557e+00,1.507633417598773784e+00
-2.526497851445359100e+00,1.625521600607120032e+00
-3.456725375637943909e+00,1.284718712352134640e+00
-3.602988314235370026e+00,5.625086845440060435e-01
-4.524618350279496326e+00,-6.630731980711092044e-01
-4.708102676340599757e+00,-9.417413803130808558e-01
-5.586904445937678432e+00,-9.645909400007830481e-01
-4.430399792745631338e+00,1.371243635364806923e-01
-3.539641950223880951e+00,5.630249954472277274e-01
-2.158822361708310211e+00,1.075885933741352662e+00
-2.135334838601937069e+00,1.200234516582147748e+00
-2.289993631929212459e+00,1.376648115721236687e+00
-3.426071909213518563e+00,1.187064192926803541e+00
-3.808382925248164685e+00,8.130477687701236356e-01
-4.440229931016107301e+00,2.471494471071679078e-01
-4.440229931016107301e+00,2.471494471071679078e-01
-4.272772550234391176e+00,4.012529730675247763e-01
-3.418247335212045268e+00,8.420439942184542170e-01
-2.064725721125770797e+00,8.649499395329421914e-01
-9.233104810756882497e-01,8.106194753891650118e-01
3.850266893969316734e-02,6.633714227606958280e-01
5.254237838117776782e-01,7.096571669311645403e-01
1.685182855094387866e-01,5.561964865798552093e-01
-1.899121261540905048e-01,4.381564313932667654e-01
-1.379241260073183817e+00,-2.984534632757450678e-01
-2.937806738955989871e+00,-1.366603983136803091e+00
-4.453897081858369411e+00,-2.275533139633551194e+00
-3.816222265903238764e+00,-2.261017081599179246e+00
-1.922148358699816040e+00,-1.332610585992739738e+00
-1.933189723686705996e-01,-4.245319380706735202e-01
-7.184056391727720869e-02,-2.394471173645106865e-01
-2.634593305970813204e-01,-6.105403895345492549e-01
-2.346463740090954653e-01,-5.328458113845537802e-01
-5.114351642181301782e-01,-7.145434753300878850e-01
-3.975331424203229491e-01,-5.200413007084369044e-01
-1.797291169588599025e-01,-5.110253111448875840e-01
-2.062570775402534640e-01,-3.768868263273844055e-01
-2.014028002550670160e-01,-1.146870250066247821e-01
8.241869371243885911e-02,-5.967287935038851909e-01
5.769646512042149178e-01,-1.142191310488511080e+00
1.167259367228083544e+00,-1.894298250274399908e+00
5.528938088388336558e-01,-1.907047742047736083e+00
-1.304541340299623986e+00,-2.363366351445523428e+00
-3.354880437631526213e+00,-2.114731842998428757e+00
-4.795555866597992711e+00,-1.797944648158545933e+00
-4.329765703903527552e+00,-1.133843127411139795e+00
-3.290202551266057984e+00,-8.897227766027554496e-01
-1.614792164825975762e+00,-7.242855763352225029e-01
2.422965061275480780e-01,-9.876058206130797767e-01
1.768574222016731312e+00,-1.788668665419374637e+00
2.765222070283125166e+00,-2.491668546035113785e+00
2.690543679968843360e+00,-2.797928516325689952e+00
2.114738650675827891e+00,-2.020656392578473071e+00
1.815737539829741953e+00,-2.284348508427698210e+00
2.215870932780454883e+00,-2.471993566353106075e+00
2.368238515014488677e+00,-2.928660436898175234e+00
2.130851950251020810e+00,-2.396477547059107316e+00
1.726865599942572160e+00,-1.966928842379666920e+00
1.182515512220137621e+00,-1.090283887066628488e+00
7.953895088667266577e-01,-7.580943691454908873e-01
3.341952804336301153e-01,-1.922702820794807421e-01
-5.526880691206684931e-02,-1.773281055102802484e-01
-5.580280527412079250e-01,-1.306247187350792205e-01
-8.912252295083388232e-01,-6.151712072077641230e-02
-9.016357020073103579e-01,1.073421488333414359e-01
-8.034574484256328253e-01,2.909964348031575110e-01
-9.006613288819430574e-01,3.095207944254433907e-01
-6.182268020161837407e-01,3.488219770572534850e-01
-8.314326544848989198e-02,4.164602044935563074e-01
6.927825439593330303e-01,5.752817017385143394e-01
7.913151397837336898e-01,6.676101543434679320e-01
8.262320084275607268e-01,1.082120826532414704e+00
3.974893335393325233e-01,1.053633812864658070e+00
2.103405756998557863e-01,1.126203691683711705e+00
-5.581398000747307409e-01,9.585139127965334183e-01
-1.367412592618414635e+00,1.262084649498024680e+00
-1.777634671311674630e+00,1.357281931992471824e+00
-1.699383709616625548e+00,1.019895840984457625e+00
-9.849860715566944869e-01,4.649740611213486474e-01
-5.614648126517584048e-01,-5.591744887835037314e-02
-1.057608656202843056e-01,-1.487567387076535463e-01
8.975516182927237296e-02,-5.178090732229576054e-02
5.276638942047011671e-01,-3.718493692710647114e-01
7.093845617677169146e-01,-7.770699708522320615e-01
1.019014435341458080e+00,-1.304513409286180758e+00
8.801103373729132207e-01,-1.275314168498127954e+00
4.696431676814906142e-01,-1.072864458297527079e+00
-8.532350645668548839e-02,-5.306260181640818363e-01
-5.771129346230583490e-01,-7.542651589265400025e-01
-7.305930735065957471e-01,-6.834181261686279596e-01
-6.793049264259831688e-01,-7.417805596256882295e-01
-4.677983284408891440e-01,-3.304236894284016124e-01
-1.057608656202843056e-01,-1.487567387076535463e-01
-2.062570775402534640e-01,-3.768868263273844055e-01
-1.824360740764328914e-01,-6.755315794170607679e-01
-3.128615381947083551e-01,-8.900796577450104108e-01
-2.485786496839399728e-01,-7.648915598930300375e-01
-2.996145325702582185e-01,-5.481935861044617830e-01
-3.467379933221634292e-01,-2.674005094602491805e-01
-1.057608656202843056e-01,-1.487567387076535463e-01
2.148827829005139634e-01,-3.448639410751852541e-01
3.507760762991943837e-01,-3.039076221384560683e-01
4.253887095349680458e-01,-1.335342115906827665e-01
3.685826753389499499e-01,3.242013583379399488e-01
5.432188962979138669e-01,6.344811313423739385e-01
8.118178024639507440e-01,9.080195414966628631e-01
9.259828103315372871e-01,9.029451326850164161e-01
1.597800377239462666e+00,9.960619085930492167e-01
2.196859222370235898e+00,1.032817115232531391e+00
3.001308961125718877e+00,1.509271522761719275e+00
2.951243298010945093e+00,1.800411344648779277e+00
2.445890699403923563e+00,2.071713565962004289e+00
1.430704059064837441e+00,1.842693111125175198e+00
5.590451216409119128e-01,1.466065791140799712e+00
2.165413666917878344e-01,8.714172149419676661e-01
-1.914207931564959331e-01,3.290227104250636470e-01
-3.605015775576009829e-01,-1.833612395378577398e-01
-5.703563015807417980e-01,-9.924118587875199737e-02
-2.664948137536735095e-01,-3.305754662987881454e-01
7.515550031902493155e-02,-4.873794928594890608e-01
1.500658270538100525e-01,-8.503778141297420046e-01
4.344444524572710908e-01,-6.063124463990617885e-01
5.034071470074383825e-01,-2.921751274836736356e-01
7.671086479098736532e-01,2.704747415361103968e-01
8.287055487775961682e-01,4.751960170339334932e-01
8.477900782118357181e-01,4.903633140629470311e-01
5.817752385597610987e-01,-1.872772505516994423e-01
3.782270092651698334e-01,-4.905180951468688932e-01
2.132539562169902814e-01,-6.464651167542424526e-01
1.363283533162621963e-01,-1.913363930048534167e-01
2.223850539236365831e-01,5.765741554708271321e-01
4.758312075656307427e-01,1.168085571807675027e+00
7.941427142968128239e-01,1.781158437822702334e+00
1.125075555847854680e+00,2.099526772783027351e+00
1.103635443497136492e+00,1.897727414682489622e+00
1.036801850940364256e+00,1.254114605532825388e+00
6.743947700388039923e-01,3.992172727792356324e-01
2.872467266140391606e-01,4.240275821225418518e-02
1.174881829544650730e-01,-2.347669796758569405e-01
5.136194890996001461e-02,-3.498853990059431207e-01
3.114122249414683630e-01,-2.258670182374359625e-01
3.184072906416270943e-01,-4.547024309669386172e-02
-6.837355079250520551e-02,8.588969054120801361e-02
-2.657039295878597662e-01,1.092251533593393970e-01
-1.170013401179646750e-01,3.406273448561015771e-01
3.533028714957688332e-01,4.511666425388276558e-01
4.716361427209321278e-01,1.077811047524575849e-01
4.883946436067209129e-01,-1.350238967077651842e-01
4.576070295476507011e-01,-4.564938126576792987e-01
3.521733005050000642e-01,1.724215453867644632e-02
-1.749615629654460019e-02,3.998282039863939458e-02
-4.884050227992964288e-01,2.128087793231972502e-01
-4.098470944676847472e-01,2.139010457127413223e-01
-4.151653480085962800e-01,3.733374915383557147e-01
-1.844997815856861401e-01,8.793223313870095481e-01
-4.361892115566279315e-01,9.673512254147571543e-01
-3.679531994699644093e-01,9.739513495634770646e-01
-1.952529150277679815e-01,5.081675120973013771e-01
1.821362097985303463e-01,2.775189627408668480e-01
1.134209547975557397e+00,-3.214852650073712903e-01
2.308111738406574798e+00,-7.554592513205392601e-01
3.802414844024037066e+00,-2.200303520419875980e+00
4.544003569047358582e+00,-3.176012185274445176e+00
5.095343244481434830e+00,-4.264962687630326599e+00
5.095343244481434830e+00,-4.264962687630326599e+00
4.967021354951735468e+00,-4.031316647443587975e+00
5.545475878897979882e+00,-4.536010559457237967e+00
6.212297260383989439e+00,-5.495318024837910542e+00
7.103007549706279455e+00,-6.646982767256496061e+00
7.103007549706279455e+00,-6.646982767256498725e+00
6.284666120874845774e+00,-5.542580458851358749e+00
4.850718745815737698e+00,-3.778652808761564952e+00
2.972697308495925839e+00,-1.647486645807295202e+00
1.383988062678159103e+00,-4.050689486202715961e-01
7.670212450469511278e-01,5.348042318617923091e-02
1.049062218504992705e+00,6.420880680350803393e-01
1.522335041390312504e+00,1.352775085052198456e+00
1.682740527655017804e+00,1.553910813133496660e+00
1.872529196564133303e+00,1.130917713648838863e+00
1.947058376448137507e+00,6.093780337703511574e-01
1.905865898550878512e+00,4.239206234125900696e-01
1.340521108448540444e+00,4.131002580435999549e-01
1.482320170965084616e+00,-1.526191656809696429e-01
2.038610134846053690e+00,-6.257145920251743210e-01
3.802414844024037066e+00,-2.200303520419875980e+00
4.115929574829561233e+00,-2.981571270899583848e+00
4.815327233305897181e+00,-4.239495061398444342e+00
5.392652664549078878e+00,-4.917236910505542902e+00
5.556997404268639862e+00,-4.589480260870190342e+00
4.735093837020533769e+00,-3.547427344772590807e+00
3.078639103272397204e+00,-1.284538545322135183e+00
1.932325857686506776e+00,-1.144176240556759455e-01
1.342459057070284789e+00,1.518495568788596761e-01
8.639970899272788607e-01,-3.360657462492760428e-01
2.940044429947469284e-01,-6.486217658386422835e-01
-1.216367246868004792e-01,-8.384104786326459502e-01
-5.679959327081853804e-01,-9.424866236559682475e-01
-7.146371356646672446e-01,-7.257140985516262743e-01
-7.285069072808595392e-01,-3.946845907272324983e-01
-6.984130284430106750e-01,-1.948250099392550005e-01
-7.740710780071645702e-01,-5.052014416562651544e-02
-1.100502353872274242e+00,-1.937872413792607051e-01
-1.235687094781027895e+00,-1.077106072200981618e-01
-1.192651361771572160e+00,-2.443859741456065604e-01
-7.418504034730242225e-01,2.270815825893170992e-01
-8.955633809727815697e-02,2.719700027695038935e-01
3.453725751415918643e-01,4.061262777273066393e-01
5.251480074774129703e-01,-1.301668036259803485e-01
6.509832610676959119e-02,-2.215430847293467231e-01
-1.950805270196083185e-01,-6.385017137115148733e-01
-2.327764942562881301e-01,-6.151086580595668263e-01
1.488229387604840248e-01,-7.360102896798662586e-01
2.827013274277198063e-01,-5.252441455441221319e-01
-7.273971392598073415e-05,-7.600823912249385916e-01
-2.226005633741596490e-01,-9.032623855341694874e-01
-5.700801542901576813e-01,-1.249601289277290972e+00
-8.025391587124601767e-01,-1.356416558382181448e+00
-9.275222377386462824e-01,-1.172537578643362721e+00
-5.883963726556981078e-01,-6.737000909631405410e-01
-4.239840619146916234e-01,-1.466358331061421716e-01
-1.562256173906358125e-01,-1.320530125408784783e-01
1.802094055016439100e-01,-1.229582516827690680e-01
8.067474700158833167e-01,-1.519551893478162385e-01
1.096953918940295258e+00,3.866949573312438923e-03
8.369229066779926285e-01,-1.559521219472544407e-01
2.919775660473628021e-01,-3.194662665325522788e-01
-1.877318825185077533e-01,-4.361602427809806448e-01
-3.879657654684699475e-01,-4.140141304032124991e-01
-3.414552655333489839e-01,-3.088592872961971603e-01
-1.613672186782207363e-01,-3.321092297765071422e-01
4.062503797089118962e-02,-2.243887255712728457e-01
4.580075417177263686e-02,-4.012178044107525543e-02
-3.483857631061611920e-02,-1.929120025488294810e-01
1.882897917768080742e-01,-3.539853383047658619e-01
5.716164125430857057e-01,-4.990198516144154217e-01
7.451945184774236841e-01,-2.021134688210106944e-01
8.046576091846378009e-01,3.095006750583493838e-01
5.429603131290590134e-01,1.254357130659444097e+00
1.516563102115455475e-01,2.063857297613722164e+00
-2.294658191083156773e-01,2.370796256169352301e+00
-4.197861662970251984e-01,1.854029650912662586e+00
-3.367384467596208353e-01,1.161627597945018353e+00
-5.103753071562768806e-01,2.388559250915055221e-01
-3.367367439217507918e-01,-1.507602674098827700e-01
-6.349959471322450533e-01,-7.958205642575258976e-01
5.008884418251658976e-01,-9.796423460000179828e-01
7.011454239339834915e-01,-1.074707195256016323e+00
1.443352774445145981e+00,-7.093437272767824098e-01
9.470009618868282519e-01,-6.756316614216389960e-01
8.492121616085525071e-01,-1.087015703075683293e+00
-1.495556943435911446e-01,-1.248959397473918598e+00
-1.466049037159029345e+00,-1.570733712128017601e+00
-3.348634476665553361e+00,-1.873197064250183841e+00
-4.834958768175135368e+00,-2.128784785397116242e+00
-5.300588997693598259e+00,-2.075075168160495309e+00
-4.202443880863399706e+00,-1.629708736090579313e+00
-3.417582973765765253e+00,-9.854356599900189195e-01
-2.472646148083821327e+00,-1.760336031347230767e-01
-2.003679340887335680e+00,1.336189969884423422e-02
-1.247744244758035803e+00,-1.271957797167630466e-01
-8.560655213256179730e-01,-5.106478191067947980e-01
-6.934480575763651844e-01,-3.855423493360897735e-01
-5.452401905011634575e-01,-3.005868326909012789e-02
-1.746215936078877318e-01,3.094500544556666455e-01
2.319112035248000470e-01,4.861099474407546972e-01
4.310855831685507233e-01,6.891903464925427381e-01
1.074638390303167101e+00,5.941865562626000297e-02
2.376166473226147158e+00,-1.226492587033137349e+00
3.024692513539559702e+00,-1.749591541968219754e+00
2.949892397119639131e+00,-1.522731604488287704e+00
2.023829523505645156e+00,-7.302671169294435716e-01
2.023829523505645156e+00,-7.302671169294435716e-01
2.420634360076232117e+00,-8.356649597820169362e-01
2.995204913935835211e+00,-6.050826767978829679e-01
2.995204913935835211e+00,-6.050826767978829679e-01
3.243363012983993876e+00,-5.707939447288559176e-01
3.243363012983993876e+00,-5.707939447288559176e-01
3.386607932147933209e+00,-5.238686104997135606e-01
2.845750241979918993e+00,-6.188305940350175005e-01
1.880466646093506222e+00,-6.047285897452318038e-01
7.574997330812436314e-01,-1.942313800772486609e-01
-2.313358591075660720e-01,-7.567043103441822849e-02
-5.182676338396551285e-01,-8.814193408797273144e-02
-5.757075127455421049e-01,-1.369929217577755098e+00
-2.170135533813047357e-01,-1.453302190966907936e+00
-4.048691222117006272e-01,-1.640779757834824215e+00
-2.442884512514060524e-01,-6.291390676071133559e-01
-2.786910374282896008e-01,-4.499545537333449752e-01
-1.265794998316161768e-01,-1.279393042830621885e-01
-1.751824627936426071e-01,3.877344811154767590e-01
-3.128249391298403848e-01,8.614768856208402381e-01
-6.334648165955271137e-01,1.418754280789177757e+00
-5.292259829365221213e-01,1.137738863763621433e+00
-4.669110165384394717e-01,1.372739369798140485e+00
-9.379620191696723397e-02,1.197509603048559912e+00
-5.081498199387667059e-02,1.153849050443508384e+00
-2.920174976279157342e-01,1.250527554103457950e+00
-4.088067225379466429e-01,1.010570365794903225e+00
-5.325581822020281075e-01,1.032398223545967664e+00
-4.565160394488366191e-01,1.153741417569517091e+00
-5.832474701537376793e-01,9.749286741458756955e-01
-5.005749864397744942e-01,5.006898489852329437e-01
-5.995612452692468120e-01,-1.343512674519059882e-02
-7.384388331481217538e-01,-5.470429447878544238e-02
-7.384388331481217538e-01,-5.470429447878544238e-02
-8.361241438895592459e-01,1.245460503834877053e-01
-8.355048855224262994e-01,2.770949503080620269e-01
-5.856370559098442730e-01,3.760849929138246339e-01
-4.233303731437241257e-01,5.531520176809321399e-01
-1.789801686331050357e-01,4.584743402060137418e-01
1.751313857559108067e-01,-1.263402355235636321e-01
5.220080874227759349e-01,-6.489665577891565729e-01
6.498075240046470302e-01,-9.148969211401267732e-01
7.695685430598524224e-02,-6.280923025987188435e-01
-1.372285151893440913e-01,-5.649744205281597154e-01
-8.033228741245176385e-01,-5.651510336048521932e-01
-7.643205052066497363e-01,-6.266288443775096528e-01
-7.457194490923907404e-01,-4.372140512401064827e-01
-5.123999523165914116e-01,-1.713367066062397581e-01
-9.090360691621507394e-02,1.575498064110892882e-01
1.347081692357148253e-01,2.118482317145204408e-01
7.071696054262250897e-01,-9.007726524636337773e-02
9.715669084860221183e-01,-6.165099852216555654e-01
8.055097186522980346e-01,-1.561140106821845341e+00
3.272076395844680796e-01,-2.254945736831612368e+00
-2.844879883104919904e-01,-2.521134118803039392e+00
-8.728330064442469949e-01,-2.017365333483626788e+00
-9.674399361929485464e-01,-1.232928063519341144e+00
-6.791277699842859228e-01,-4.354842687566647386e-01
-1.830543375352713942e-01,-7.004470858245062659e-02
-2.709765583933551047e-01,5.722143419667434783e-01
-7.421305873177067580e-01,1.004205550882260045e+00
-1.120888839193635578e+00,1.328819560245176667e+00
-1.139784553654823895e+00,1.274282687555512217e+00
-8.763914180114719121e-01,1.408117541089274560e+00
-5.553825956838497335e-01,8.909681808487743826e-01
-9.508412634385156048e-01,7.258741609960207564e-01
-1.107141814802907742e+00,1.510371711412191176e-01
-1.689130476629217226e+00,-5.874229514690161302e-01
-1.597714614953052781e+00,-6.819181278648169808e-01
-1.559680760127345245e+00,-9.715314676924996506e-01
-9.839660259108057305e-01,-9.075886483803438098e-01
-6.984796439138510893e-01,-6.570459504994933253e-01
-5.576824117517527046e-01,-6.400353883404162891e-01
-1.159686924509704675e-01,-2.375184764250649616e-01
-3.208442115089690239e-01,-3.412552685239089723e-01
-1.077238434208359852e+00,-6.132790886386277895e-01
-1.696412348042321883e+00,-8.387495721267030913e-01
-1.554961492742866325e+00,-5.943949147751058648e-01
-9.991567406559738185e-01,-1.207542390488669654e-01
-7.144265999697693159e-01,1.341832619178629782e-01
-9.562125499255326178e-01,-7.284149303718298607e-02
-1.199024999436563377e+00,-4.362128083193175243e-01
-1.238246452633991579e+00,-8.471096399780615460e-01
-1.088108485778514600e+00,-1.076615298360281470e+00
-6.909167744077024942e-01,-8.891326107139596591e-01
-3.212859731107353123e-01,-3.685657446977549934e-01
9.786553221530747138e-02,1.090949400132728564e-01
1.810035505367969116e-02,3.519058210231280071e-01
-1.504792432961086501e-01,2.302877957109150941e-01
-6.933692312357875309e-01,4.359854665179621613e-02
-9.562125499255326178e-01,-7.284149303718298607e-02
-7.871481603319517850e-01,4.671788516739416863e-02
-9.957288128674660621e-01,4.160699218439831704e-01
-6.675170504800356230e-01,9.407750065703687214e-01
-7.398780539507118226e-01,1.418275168190518354e+00
-2.833451581517429374e-01,1.183768507761435274e+00
-1.986493591180009399e-01,7.316569560562682373e-01
-3.525876990784137521e-01,-3.064767716083513158e-03
-6.062901003922120946e-01,-5.853124521788578144e-02
-9.196205260056192765e-01,-8.705656630070002233e-02
-9.176085221413216031e-01,7.016991393311365621e-02
-7.887037908030331002e-01,4.228487674071618879e-02
-7.853958117997197341e-01,4.865035025114421846e-02
-4.098470944676845251e-01,2.139010457127409892e-01
-3.679624152423337513e-01,2.497804008921521990e-01
-2.780916296586309344e-01,1.943237757200532434e-01
-5.219976741256177055e-01,-8.120145060266277526e-02
-3.928766071410427219e-01,2.134231759198424241e-02
-1.955726217959879720e-01,4.826154759033794983e-01
-3.855707700211973704e-02,1.013110180307684072e+00
-2.908195067187780980e-01,1.655792141995258593e+00
-5.826304858143354082e-01,1.960560794056818823e+00
-1.011737306989581198e+00,1.863644858777560476e+00
-1.116178144684604634e+00,1.188652073755237737e+00
-1.160382997265827276e+00,8.906057484143237168e-01
-9.320404237918151757e-01,8.934525820187356748e-01
-6.721961880426289282e-01,1.276830776170195803e+00
-9.322236207230835126e-01,1.631678843799852396e+00
-8.972341849763609822e-01,2.038777689305431018e+00
-1.126777231457299022e+00,2.313417848687796763e+00
-9.216138538275104874e-01,2.290122695442569523e+00
-1.253316569009979231e+00,2.184034666673602132e+00
-2.308334979792704189e+00,1.686343476157190491e+00
-3.696612788134741479e+00,9.464651394570674503e-01
-5.196674248144411479e+00,5.560623365095819226e-01
-5.884589894606148341e+00,5.756133130286830157e-01
-5.636990605453417125e+00,1.085953106415452174e+00
-4.343255480445993300e+00,1.078454023852197574e+00
-2.890790603191584651e+00,7.506309980411381977e-01
-1.557715949361737851e+00,2.041622601367547862e-01
-6.916868217084345405e-01,-9.044268079879890232e-01
2.430010300471561191e-01,-1.929830278844805624e+00
7.961205790413277139e-01,-2.717268955135626385e+00
7.961205790413277139e-01,-2.717268955135626385e+00
9.553246732842387567e-01,-2.958920340006081506e+00
1.040168769713598174e+00,-2.941888816019141206e+00
1.040168769713598174e+00,-2.941888816019141206e+00
1.195374267853968941e+00,-2.434068305464525572e+00
1.034058690696713523e+00,-1.989136332227914750e+00
9.826538708925151022e-01,-1.671989532484727148e+00
5.551877602076552565e-01,-1.309120756412717190e+00
7.663652451410298827e-01,-2.018131114251051628e+00
7.335304181758389719e-01,-2.303500901838502202e+00
6.819757224609092061e-01,-2.594039559271800854e+00
6.819757224609086510e-01,-2.594039559271802631e+00
6.182534119613593004e-01,-1.822815695281658099e+00
5.283871016743750815e-01,-6.253668182831227940e-01
2.739543864292224851e-01,6.200546065475879276e-01
1.385884375937846691e-01,1.408893182855252002e+00
1.385884375937846691e-01,1.408893182855252002e+00
7.630753559992525803e-02,1.103912848636163568e+00
-2.494506444120417332e-02,5.865765068913659785e-01
-2.349375547086262617e-01,3.640264957259138900e-01
-5.771658876337788513e-01,4.138183126884399932e-01
-6.563638240803136847e-01,1.921691501021556281e-01
-6.969782463136042772e-01,1.531276404196016683e-01
-5.934590151587911810e-01,8.952921995504882491e-02
-8.530303024354148889e-01,3.818625801876916748e-02
-7.691706823609314458e-01,5.972562824457256642e-02
-5.808000937466367697e-01,4.789195013439008219e-01
-1.784887196488756378e-01,7.380395647925537261e-01
-1.484651281995567895e-01,5.926188733127728536e-01
1.523243791252760770e-01,9.995382155741480701e-02
6.632073018229768246e-01,-2.977138895914475669e-01
1.214416977964200450e+00,-7.344952922367147252e-01
1.666105592221931664e+00,-1.132825218739557549e+00
1.826986892031243537e+00,-1.380033171668518799e+00
2.373840197091396931e+00,-1.554588836365713211e+00
3.178165795843104657e+00,-2.373762370674635580e+00
4.300168161616544360e+00,-3.494474644456758927e+00
4.632107770761054510e+00,-4.106135479122156262e+00
4.495869154222490671e+00,-4.236402743466062049e+00
3.162440113264525010e+00,-3.373073137084133144e+00
1.479322835323079177e+00,-2.377103606328145879e+00
3.740404365484267246e-01,-1.241483757836171486e+00
-2.243808801301904604e-02,-4.096275054922207115e-01
3.423059032483898867e-01,4.960804036780930293e-01
2.300873792257011885e-01,1.332375764214534630e+00
-2.533745608730665344e-01,2.522337374041571767e+00
-8.683787542138931004e-01,4.235356971321028396e+00
-1.352033625476912970e+00,5.559146952209283121e+00
-1.664617765180699482e+00,6.976431879647331691e+00
-1.580080049844079459e+00,7.303703826616326111e+00
-1.226191105132849568e+00,7.034635620885652862e+00
-5.297001130804595004e-01,5.125125399916257152e+00
2.467906433848076828e-02,2.991311914562260643e+00
2.313874048430509811e-01,1.113926807109154593e+00
1.115474622081280426e-01,8.014959859567730716e-01
2.313874048430509811e-01,1.113926807109154593e+00
3.012411732572982670e-01,8.161518334042360268e-01
9.539901793106490002e-01,4.022333623079231146e-01
8.440268049616727053e-01,1.559518035970951233e-01
3.923585395131253817e-01,6.967866681087873104e-01
-4.600767975524208686e-02,1.029041135564393805e+00
-2.299167181544289340e-01,1.192876465743651249e+00
2.172484407571309839e-01,1.298713440362349925e+00
-2.387919487194723953e-02,1.391718806014728083e+00
4.447928923455880812e-02,1.586937064847314671e+00
1.273927693949879203e-01,1.528178157245597690e+00
3.413062111490736683e-01,1.443137754696585562e+00
7.214467049163678647e-01,1.310133371427846249e+00
1.089320718175757152e+00,1.290638122422572254e+00
1.327975418929026485e+00,1.304545224795097713e+00
1.186846309313220438e+00,1.403546926752186952e+00
9.156531015024618192e-01,1.361422437108004813e+00
5.026827729442012727e-01,1.202787300278141513e+00
2.126124061173772228e-01,1.002661865214974135e+00
-2.722578308563168847e-01,8.416091246027570527e-01
-6.750197380804749958e-01,5.733105659591125614e-01
-7.680060618555423213e-01,6.259460412883361968e-01
-7.792634161594008679e-01,4.088686537095486129e-01
-9.344035874083186366e-01,2.282741255241759748e-01
-9.344035874083186366e-01,2.282741255241759748e-01
-1.088303317830794148e+00,-1.542967584384277446e-01
-1.306728836554875484e+00,6.162395101438394168e-02
-1.210935850107732970e+00,-1.194118496784762617e-01
-1.290141082368659431e+00,1.746508905239574361e-01
-8.582761529360598551e-01,-2.128632874517519605e-02
-1.093879380356121533e+00,5.071093610859052359e-02
-1.120036539556995336e+00,1.532343213088478429e-01
-1.069968769113724294e+00,9.124936299134815687e-02
-1.257061215176873414e+00,3.390059738413718216e-01
-1.144999709302557234e+00,5.844320155358476709e-01
-8.837363138508533833e-01,9.519574299246179594e-01
-9.315173429060513710e-01,8.098937611342471588e-01
-6.317331527579878037e-01,5.259441639288631176e-02
-2.056544324918368194e-01,-1.091728902431746917e+00
2.768208504715780061e-01,-1.835345229619577134e+00
3.920224394755231212e-01,-2.152465848676104798e+00
2.046106059794165488e-01,-1.640339007570759566e+00
-1.321955629341947103e-01,-1.118536674799054609e+00
-5.529553305952730202e-01,-4.794952040919619463e-01
-8.419887155185655780e-01,-5.462328538839920089e-01
-1.114265882307272859e+00,-1.928495550226656252e-01
-1.384130682449713712e+00,-3.572719245919164788e-01
-1.739580565340819840e+00,-4.335875561870031758e-01
-1.669145656702722524e+00,-5.175680354740184175e-01
-1.509338843948598852e+00,-2.839748960553876156e-01
-1.215989567163048735e+00,6.760780589368189930e-02
-1.161182216608386497e+00,2.697996198388917244e-01
-1.066991184466387077e+00,4.028253952030595997e-01
-7.940653742819312466e-01,3.501240009065608727e-01
-1.121115687068505506e+00,3.624981055151797471e-01
-1.416686176933915409e+00,2.791125515076749997e-01
-1.532945749972590033e+00,1.927876819890377291e-01
-2.260451758686654600e+00,2.787388326900937519e-01
-1.681890818178268354e+00,1.816139505565171341e-01
-1.856203859445881399e+00,1.670180470833379227e-01
-3.407874071428847462e-01,-1.322502427728111940e-01
1.635649589862450959e-01,-2.434694988347091693e-01
4.835818000702979957e-01,-2.178142073544830359e-01
6.704843926427916934e-01,2.748705460537789400e-02
9.768377254638132001e-01,2.681153651377487512e-01
1.365665813972537723e+00,5.769536313223407875e-01
1.456995899750748169e+00,9.956062844587387772e-01
1.663232295238328051e+00,1.783580902361511678e+00
1.617714170589069411e+00,2.617319280984409247e+00
1.689538801953535341e+00,3.117395885424097290e+00
1.346117387198359383e+00,2.460243918167302368e+00
1.150318872593526720e+00,1.678425237194635544e+00
1.034034317399412872e+00,9.367738467723538687e-01
1.189264451672799705e+00,1.070985713893631397e+00
1.047645873533707972e+00,6.481156208382979900e-01
1.086334406572859734e+00,8.410708192561239249e-01
7.457240749196709650e-01,4.834598286232301145e-01
9.813686578466559451e-01,1.525572136568327020e+00
1.002965326046045824e+00,1.807233349642336062e+00
1.497536142727690756e+00,2.722716552274575541e+00
1.504390587068047846e+00,2.163804444421808526e+00
1.458392204379443280e+00,1.503152396171478777e+00
1.144940763909902293e+00,6.635016488516328748e-01
9.633310522888461902e-01,-1.613177950927297821e-01
8.260319882487213716e-01,-6.998354222804380464e-01
7.702489314372502616e-01,-8.480205084483249944e-01
6.290578277654161887e-01,-6.935718982958929413e-01
4.157674329080495723e-01,-3.867178931813219922e-01
3.708931595452212848e-01,-5.694122557683716640e-02
4.534229841673504402e-01,1.068165834436256151e-01
5.603434652826828621e-01,1.031427992011427729e-02
8.209399213082148039e-01,-3.327281262513953619e-01
8.954244221577254415e-01,-5.394504812375841007e-01
1.017730282155384414e+00,-5.897023291158633995e-01
7.440108634783836328e-01,-5.107965077932831166e-01
3.756103224505322191e-01,-7.551947019319795729e-01
3.277979519273792053e-01,-4.279501645274593757e-01
4.764697716791072013e-01,1.753924753266275782e-01
1.329358955892506522e+00,7.362326779676943156e-01
1.640006177111229757e+00,4.746340324782938325e-01
1.568389659590434748e+00,-3.106282590425742396e-01
1.207572481984695800e+00,-1.270416506342694207e+00
9.917086473039631311e-01,-1.631523104436914728e+00
9.391987132665388094e-01,-1.412949801334113076e+00
8.784817812278548077e-01,-8.421111565853929282e-01
7.100899034260179654e-01,-1.791945375397485385e-01
5.978832758147119009e-01,4.721718447866752877e-01
2.816787860032636259e-01,6.827842648720289231e-01
9.504308189949098318e-02,9.191852838616231258e-01
6.963366956765225380e-02,7.772254871192466608e-01
3.483727284425011672e-01,1.161137460548655076e+00
5.691999652516290809e-01,1.163905621602206342e+00
7.099778587951941500e-01,8.343301267420768497e-01
7.288360359712999781e-01,4.330981625862744822e-01
8.076897000603234789e-01,8.183119842931693144e-01
1.015281079194849445e+00,1.550936666828589106e+00
1.362938625269614290e+00,2.293979488811363598e+00
1.524991089978241732e+00,2.405509346667729087e+00
2.217845387412463953e+00,4.419843744236506389e+00
3.006208598499134688e+00,7.140093809139570702e+00
3.884362501049453797e+00,1.023932792984570916e+01
4.275503801700933693e+00,1.199653798165523888e+01
4.087480108199887496e+00,1.197111957650255754e+01
3.374541025280386908e+00,1.011387691168979330e+01
2.284152287224042510e+00,6.778756531639774430e+00
1.439097588989040721e+00,3.802169919665997710e+00
8.451523140922196919e-01,1.340991248154046023e+00
6.138264431752852301e-01,1.223787604369255488e+00
8.001475838747523772e-02,6.188494212334914035e-01
-1.156122913880092001e-01,4.347128290211920154e-01
4.925868786423137635e-01,-8.290150097047045696e-02
1.241378245204875830e+00,2.319968052745044473e-02
2.233274549758362593e+00,-1.960067329296906191e-01
2.341727433026848715e+00,4.685809090084555595e-01
2.130927552208090159e+00,7.868353873098914431e-01
1.229329801836489988e+00,1.702686850678963637e+00
7.663812504480576049e-01,1.257812607537811767e+00
6.380619228102922813e-01,1.377322678110875387e+00
1.048913709626257962e+00,1.817554203209047259e+00
1.080517429659264339e+00,1.607032513818551056e+00
8.936730503363857769e-01,1.631403101155745938e+00
-4.194747343945232076e-02,1.555425423830608000e+00
-5.916168628680997799e-01,1.488389931492504203e+00
-3.573123169924198872e-01,1.592493306441923107e+00
1.507993429706312727e-01,1.515592143650294155e+00
6.038798863272604178e-01,1.730638284048345632e+00
-1.649538492463062042e-02,9.951018617236074837e-01
3.739259809927783507e-01,6.574440266454415482e-01
4.415222435119333100e-01,5.695563932450886657e-01
1.026566420667332391e+00,1.255706390428356301e+00
9.428314180403615241e-01,1.624533815976188400e+00
8.232501584821154683e-01,1.871842500996094616e+00
5.215060266232498520e-01,1.661656568722238880e+00
3.911597899021995728e-01,1.595869267885777765e+00
6.693150980666849881e-01,1.743025732844413644e+00
7.904343930432903287e-01,1.548799982047883272e+00
1.012814041858902225e+00,1.101216878211501937e+00
1.012814041858902225e+00,1.101216878211501937e+00
1.651418498838087556e+00,1.088412351972915193e+00
2.531518280786722030e+00,1.337506944431975597e+00
3.153010204982488407e+00,9.435467006947216850e-01
3.463674708834412641e+00,6.911386950672725460e-01
3.033521539913544451e+00,4.354701670542670544e-01
2.915462861059251676e+00,-1.085398263789329465e-01
2.478338719853043326e+00,-2.755242020933723612e-02
2.393694691231049276e+00,4.846695272902349361e-01
1.716390910824772131e+00,1.270957419768755203e+00
1.196068407599726102e+00,1.541960854720686447e+00
9.458297768437274877e-01,1.405106476512698155e+00
5.421516657056820732e-01,7.839866364265245524e-01
5.069209465626143274e-01,7.928820877854219074e-01
7.870681881374260724e-01,9.486315362898136705e-01
8.712120189404516379e-01,1.649357796537386900e+00
7.581583597945754649e-01,1.581201933021885830e+00
4.581074994576540549e-01,9.984864953307324154e-01
3.195186917586131381e-01,3.636867981878442180e-01
1.393682343689657821e-01,-1.829567825738384057e-01
1.393682343689657821e-01,-1.829567825738384057e-01
2.764014884197857347e-01,-2.221745445863842761e-01
2.764014884197857347e-01,-2.221745445863842761e-01
8.196224884251068765e-02,-2.423584996183378859e-01
1.066177596992032434e-01,-8.382983346176649253e-02
4.277948734402483577e-01,2.129094818657263910e-01
8.713852336929617248e-01,4.774709450182857418e-01
8.713852336929617248e-01,4.774709450182857418e-01
7.703484822681117006e-01,3.081744177709602739e-01
1.894019695881398180e-01,-1.007917494328422897e-01
-4.016246131750166870e-01,-6.128947685584331673e-01
-7.862776808274363205e-01,-5.164240688929430112e-01
-9.260799577124767534e-01,-4.511369645320105759e-01
-6.118634828933500192e-01,-1.238606592770101766e-01
-3.927380377822200508e-01,-1.507874313431172286e-01
-2.498018401482157980e-01,-4.521938975327859794e-02
-2.233228854300703392e-01,2.149384813647765499e-02
-1.197186948504217752e-01,-3.267882808886090479e-02
-8.165689763172845339e-02,-1.798713571730424232e-01
-7.693876149613704252e-02,-3.166643549482754394e-01
-2.335772551779425887e-01,-3.847738830238878749e-01
-3.920594498479476053e-01,-2.973685524870944841e-01
-5.917281980820756626e-01,2.120415572415489947e-01
-3.687810890149834098e-01,3.291719349001064332e-01
-5.446280858803055624e-02,2.732561350374819731e-01
2.993860453542414035e-01,-2.774724438012168282e-01
1.919479829473455246e-01,-3.930862234183702397e-01
6.668520148465272024e-02,-4.544485570839824073e-01
-7.648227769881318361e-01,-7.105233425949563086e-01
-1.826587588318495436e+00,-1.141497253315895799e+00
-2.578352595018100768e+00,-1.429119358497878078e+00
-2.563429521952245160e+00,-1.341790166293393760e+00
-1.713773301417945039e+00,-9.191958021787102195e-01
-8.440074326105522218e-01,-6.506795219860540547e-01
-1.880457599466689445e-01,-4.813150680518550328e-01
3.538048003199409930e-01,-1.991312512327562123e-01
4.881243370028613415e-01,-5.783178780077519177e-02
4.052528975140087253e-01,2.120216424250093157e-01
3.118931057006646412e-01,1.535659600530182023e-01
2.598502768612956926e-01,7.493362989086894688e-01
2.346834205323671541e-01,5.778073679947003383e-01
2.350535121535098637e-01,5.039156474590403834e-01
3.946558019899676362e-01,7.931574452773638290e-03
3.105250917012726264e-01,-1.283481433241629444e-01
3.806397714430097001e-01,-2.537636208951929984e-01
2.846643547396127821e-02,-4.434568111334458718e-01
-1.652951739131898468e-02,-1.215702850878663949e-01
-1.368966877774469570e-01,5.301737393508821894e-01
2.721688497901021964e-01,1.368271486986597729e+00
4.695881653602088091e-01,1.737588062920331300e+00
6.847525018964499832e-01,1.360136517616950647e+00
7.451250931019676171e-01,1.177126404853948261e+00
4.002923734200204975e-01,4.995728601807143399e-01
2.317905646746233894e-01,5.583847806302224548e-01
-3.470691428094060949e-01,3.303965606604465921e-01
-4.630373594462988129e-01,2.992916404623575666e-01
-5.846925242703711056e-01,5.720144789050577439e-01
-5.121064690253359641e-01,4.827783288284826502e-01
-4.882229240762218647e-01,4.468366888157632166e-01
-1.466010101344209060e+00,-1.197014209841209403e-01
-1.580533492005620877e+00,-3.514674604953347270e-01
-1.352519765053721290e+00,-3.094419961362250282e-01
-1.579946509189622816e-01,-1.928291075153072687e-01
1.543607417352448608e-01,-1.634951337610002220e-01
1.397231663152132819e-01,-3.005048906773454265e-01
1.397231663152132819e-01,-3.005048906773454265e-01
5.180474836526062499e-02,-3.874613391405230534e-01
2.808670653204667911e-01,-2.090764402572646841e-01
1.103129768668656530e+00,-5.851157558737404285e-01
9.720853212935341991e-01,-5.074822372255730629e-01
8.778922293704718438e-01,-1.430005237341576363e+00
4.450715177460426442e-02,-2.026099749010485063e+00
5.837346400791795786e-02,-2.560246473300955561e+00
-4.438727330549595562e-01,-2.181084427216298582e+00
-8.066375399978135130e-01,-1.214708010581412312e+00
-9.260799577124767534e-01,-4.511369645320105759e-01
-4.135965252410038762e-01,3.039406222506423755e-02
-2.746441852209943191e-01,-9.641176578325091895e-02
1.321651189726754938e-01,-8.543902278707919962e-01
4.450715177460426442e-02,-2.026099749010485063e+00
2.277272884927270813e-01,-2.972843783443950727e+00
-3.878726970120593975e-03,-3.094142626833315646e+00
-1.943488308616342641e-01,-2.648716602454897817e+00
-4.261887896323935387e-01,-1.655548875202554227e+00
-6.443449479977307881e-01,1.793417131353831559e-02
-7.857832484332095691e-01,2.005984235261676574e+00
-7.266775968774791261e-01,2.823716081923973498e+00
-4.683636493362184905e-01,2.742673407651281980e+00
-1.952004273276502500e-01,1.745920428170464112e+00
2.655747874456816371e-01,7.503618633490730661e-01
7.508935358159106732e-01,-7.455314649127112170e-02
9.828117198492151152e-01,-3.376948356222994052e-01
9.835758243241696785e-01,-2.563345720454117127e-01
6.735002037425716903e-01,4.013615175911430799e-01
5.997413003444646007e-01,4.641163737604477868e-01
6.252723090335581269e-01,3.920427223309754239e-01
2.390285637655421291e-01,3.541253764196201637e-01
2.163071951950016059e-01,2.167756586451704826e-01
1.914569224840396711e-01,-9.099984010396850245e-03
5.153467455780155193e-01,-4.418937274921492242e-01
4.560081037771945844e-01,-5.953592507226566077e-01
3.914899071047741042e-01,-3.897792236025952040e-01
4.937275934104691233e-01,-4.219541086049458795e-02
5.993563482909578521e-01,3.351787458402301079e-01
7.482581783370783057e-01,4.685174408992412998e-01
7.217975387412676191e-01,4.695809984466708942e-01
4.004484193196424791e-01,3.082789125747423808e-01
2.793676753357018233e-02,1.547355651798896503e-01
-1.818721047281963987e-01,2.195151580014993165e-01
-2.147414459430669886e-01,2.636870884040959928e-01
3.076479043924880072e-02,4.069291711174665149e-01
3.076479043924880072e-02,4.069291711174665149e-01
2.108158556139901607e-01,5.920361373263676175e-01
2.108158556139901607e-01,5.920361373263676175e-01
4.495225867476529413e-01,8.504188476455468715e-01
5.642742130973807946e-01,8.887410398827929603e-01
5.100828321995670711e-01,7.628896457271823195e-01
5.192880064759433090e-01,4.313850194610880928e-01
1.222915902547208722e+00,-3.887310698337594350e-01
1.424101459033020101e+00,-4.545676275333642158e-01
1.213731174820960934e+00,-4.861457927226923714e-01
2.789222971499532022e-01,-1.130493479947249358e-01
-9.555705119268417813e-02,-1.171207149247387586e-01
-3.207442976671099899e-01,-1.205942140062560286e-01
-1.694062827807889526e-01,1.856293900906054173e-01
2.021162654135340297e-01,1.909555401542952224e-01
4.356663151693579983e-01,1.878051084556894290e-01
3.399803816663843903e-01,-1.604270429606996506e-01
2.480319404411638617e-01,-3.075396490147572215e-01
2.969617844451886285e-02,-4.369614158819202787e-01
-5.151033470075516013e-02,-4.396890331756601010e-03
8.607384206008619754e-02,1.547009574796774645e-01
3.451625558530030391e-01,1.896786524119076223e-01
9.169592845475497134e-01,-4.922868780613366413e-01
7.192691797184919134e-01,-5.622922480327563477e-01
1.670063419898110690e-01,-4.561185523820299181e-01
-2.259993977548797883e-01,-1.035075538456152466e-01
-6.130213145806732988e-02,3.311973924646514078e-01
5.717589257424028348e-01,7.092747691013481237e-01
4.585678909718568508e-01,8.954195174848409433e-01
1.331395100021171674e+00,9.864726105636716369e-01
2.001109991725133153e+00,4.420784647277709589e-01
2.934314398271496760e+00,-4.069425788949016520e-01
2.184252435159542038e+00,-8.142379712080628495e-01
1.386472216831156734e+00,-7.014633995053701776e-01
3.620328919931468659e-01,2.554804672531023058e-01
1.226326917211117556e-01,3.397647857808573923e-01
-1.699680306154378040e-01,2.495700395634075086e-01
-4.268618423008092855e-02,-9.378910379056885557e-03
2.305060729436189670e-01,-7.377907759150360151e-03
6.329051978667863398e-01,-4.543868556484201987e-02
7.567210734398678307e-01,-2.170048571278125615e-01
1.088547001538545889e+00,-6.472217557620888462e-01
1.040711923802141170e+00,-6.367085176613904718e-01
5.205820147688969834e-01,-3.969137595348599112e-01
-2.260004938098302829e-01,-3.171388467811013800e-01
-4.655178750733797166e-01,-3.466222787605656164e-01
-4.609441449997765394e-01,-4.517314925267604253e-01
-6.390117613386352424e-01,-4.619783530390902948e-01
-8.555764601499331601e-01,-7.641562507678325566e-01
-7.742182564240022158e-01,-8.578838401964669069e-01
-4.952856880618060620e-01,-5.485300514745466982e-01
-2.568690504786549922e-01,-2.960031663380323086e-01
-2.037364015768445835e-01,-2.300489125360628828e-01
-2.114085254671768388e-01,-3.478752033429012847e-01
-3.407182657473602494e-01,-6.729980415982923514e-01
-3.896645471090979251e-01,-7.480390233155406188e-01
-4.130489357127212768e-01,-5.706864731689551551e-01
-3.229682894437119756e-01,3.817611600731645183e-01
-3.751300305712569338e-01,7.410607433657443455e-01
4.077224490326575301e-01,1.120686366500265763e+00
7.860004311311687974e-01,5.485910181996515034e-01
1.237992984601886892e+00,4.064116737126758361e-01
1.210833722876486052e+00,-1.693675526274700249e-01
1.173631500221742341e+00,-2.532984566290197859e-01
6.520417151101419728e-01,-3.202228629404685334e-01
-7.265268388527086341e-01,9.522420309847837161e-02
-1.802187626318308311e+00,4.168826406318539013e-02
-2.563818766890952894e+00,2.932231270841677562e-01
-2.889684848285020813e+00,3.780323814265769689e-01
-2.575521887701843760e+00,1.606165987881194024e-01
-2.236446803361172186e+00,9.936115315085326805e-02
-1.783587712315581220e+00,3.837214150318954964e-01
-2.251385252384254798e+00,8.015929251894270413e-01
-2.481401240294458965e+00,1.045118909687463793e+00
-2.899405739616863542e+00,1.013068828579839042e+00
-2.890899026781233339e+00,1.026003091744240203e+00
-2.268338556129941175e+00,5.739313228460641847e-01
-2.272153937262426204e+00,6.591326644500064003e-01
-1.957376936830621972e+00,8.676986650827805958e-01
-2.725421071805082640e+00,1.359898754674250032e+00
-1.867531252247068396e+00,1.240081175758738885e+00
-1.374896619256886332e+00,7.848218986896799976e-01
4.158539831758190086e-01,4.571387410489654024e-01
9.501104996499890598e-01,2.282442284932997556e-01
1.450583892245973949e+00,4.573520027562039125e-01
1.053072753171559572e+00,4.224314169573001321e-01
9.236355935847346821e-01,5.039496075870256719e-01
6.297831448798427711e-01,5.080819845911941357e-01
6.706817969329793572e-01,5.141176907420628162e-01
4.993600454476552208e-01,3.565981541752362149e-01
