2.793600577953201866e-02,-3.750907182162396269e-01
2.165855370873530639e-01,-2.389123563120787441e-01
6.668961702652628776e-02,3.449942666291892085e-02
-9.982959682205738705e-02,-1.246111870102657171e-01
-3.853721238907883428e-01,2.233927541004164866e-02
-5.908797422851896908e-01,6.750406665655546423e-02
-6.381982867269966331e-01,1.074400531312811741e-01
-4.103897798386380580e-01,-8.237667618660640678e-02
1.249850666127018672e-01,-2.885854284464473007e-01
2.657050475288127434e-01,-3.412264881916184378e-01
4.423614299371952385e-01,-1.987543622434451429e-01
3.046893996263898563e-01,2.424396891781561980e-01
6.052068091025361030e-01,4.023153016892913048e-01
7.697538909171344201e-01,4.576883761306353993e-01
9.300882428392214241e-01,2.208096499996489437e-01
8.167534899830952710e-01,1.044487261270052730e-01
8.703899434952714342e-01,7.574597321569460917e-02
8.777750014347993623e-01,1.867951543709971685e-01
7.446620967310692008e-01,3.458358616025420385e-01
6.565564306297698716e-01,7.876728909626725672e-01
4.885996214661568748e-01,1.366239782656812451e+00
5.069387076764894084e-01,1.777001177196011250e+00
1.697210991933983115e-01,2.006093774658971540e+00
-1.464434666729381163e-01,1.885185335879474122e+00
-4.052367300139317341e-01,1.513387749938568394e+00
-3.108570587940015506e-01,9.859893158392732948e-01
-1.105351212131745892e-01,4.866923410914995585e-01
-5.505557343628517467e-03,5.137297747572130424e-01
-1.129601724480870095e-01,4.379683567543888323e-01
-2.073130993136406142e-01,6.434422422561041355e-01
-3.166956691569805526e-01,6.225684489466108973e-01
-2.038453124129775418e-01,9.648552999498629656e-01
-2.783691614719366325e-01,1.125044367656407696e+00
-4.407930658974485438e-01,1.477191629087656555e+00
-5.838292092138800404e-01,1.492281004590043425e+00
-4.945311258278487498e-01,1.562057685206482915e+00
-2.706924972593305889e-01,1.629690594324220587e+00
-9.952217426601832340e-02,1.607552105078188909e+00
1.678628384671795523e-02,1.323953891034649111e+00
-7.944887068068545721e-02,1.159742940266697886e+00
-1.844941852967299512e-01,5.763041293431417911e-01
-3.886957944455851077e-01,-6.822049382470389556e-02
-4.562692212782090140e-01,-9.171532371481286861e-01
-6.443427999963544650e-01,-1.460453342661558684e+00
-7.034228132463559158e-01,-1.677384489730294526e+00
-6.595492682702024378e-01,-1.551075234614232023e+00
-4.846752854066444516e-01,-1.153117787168528086e+00
-3.593070734194040994e-01,-5.652872260253980485e-01
-2.251671020805773860e-01,-1.511130488203661082e-01
-5.926464918812955895e-01,5.842567823800662863e-01
-6.462683672679139235e-01,9.294887111370870869e-01
-9.770080745875583395e-01,1.418902302466591436e+00
-7.754407294913421289e-01,1.291658119163652252e+00
-6.974524767284422389e-01,1.344345962802236061e+00
-6.974524767284422389e-01,1.344345962802236061e+00
-7.119314469165480830e-01,1.792165473440270107e+00
-8.185036831398699864e-01,1.564509876385595577e+00
-2.381542859885506791e-01,3.740870719851459469e+00
1.088857557008575450e+00,6.260519742872882709e+00
3.005481274581866646e+00,9.549221128128614566e+00
4.867989535735129714e+00,1.185944980990478470e+01
6.406138767022155456e+00,1.325520255270822290e+01
7.236232615484794906e+00,1.347300827995163708e+01
7.241932463798749886e+00,1.273259539461779255e+01
6.451885947136769772e+00,1.122145666151229371e+01
5.023097557263288770e+00,9.111734328621453827e+00
3.280605045606540759e+00,6.716356187442071857e+00
1.566669100992593933e+00,4.333199554348768245e+00
1.313303264366712519e-01,2.466231663284230713e+00
-7.138316202639459762e-01,9.972993172903746872e-01
-1.369907262636663514e+00,2.316562429062926087e-01
-1.798963833064638251e+00,-2.031890217331260573e-01
-2.282505574595576014e+00,-2.632518235889309555e-01
-2.121970697156332797e+00,1.052939787858264697e-01
-1.959989489721395861e+00,3.000598651662351180e-01
-1.614856988452174180e+00,3.828347317522973747e-01
-1.392976940843621003e+00,2.572626061107849416e-01
-1.099550969536164713e+00,1.917975198315477747e-01
-9.560133728202215853e-01,1.845986112646018640e-01
-1.021588147775061017e+00,1.394869681823520113e-01
-1.403146398095487912e+00,3.028567095511408014e-01
-1.929416710135046342e+00,5.456793503484166363e-01
-1.648761490318523704e+00,5.839292472216839336e-01
-2.087602066633840181e+00,6.589411933581064140e-01
-1.642661262347358875e+00,2.392837204188646982e-01
-9.472437983006782858e-01,-3.682386262568587143e-01
-6.697453066099744445e-01,-4.894362669743333449e-01
-6.697453066099744445e-01,-4.894362669743333449e-01
-9.116242427924892144e-01,4.980645391597397775e-02
-6.244088892264666457e-01,2.518481553219830138e-01
-4.044418899244148213e-01,3.695717221539412956e-01
-7.838589567332784891e-02,9.028350136243901147e-01
1.636245835518259084e-01,1.559561569021435057e+00
3.502686444242271713e-01,2.334899100335098954e+00
2.485203119338296740e-01,2.536275660902903795e+00
1.879929169179405529e-02,2.258750748901208194e+00
-2.309902933720721918e-01,1.605315848311506421e+00
-3.661042140489475516e-01,7.262077161716099516e-01
-4.615759924735934883e-01,2.694361179428684250e-01
-5.765697702859069462e-01,-3.103133623301820854e-01
-5.913805670793595981e-01,-1.804345142287005210e-01
9.721027922853143766e-01,-1.085550229961704805e+00
3.624160189577973146e+00,-2.077906259145543277e+00
6.674826386314705928e+00,-3.392221398989856418e+00
9.652220648341723219e+00,-4.346184285070023634e+00
1.218660829963292080e+01,-4.900325313998386889e+00
1.389741022476288812e+01,-5.019842924545307561e+00
1.470684895541490000e+01,-4.948709309410979529e+00
1.437690869060789822e+01,-4.838939899703899705e+00
1.297867987852549554e+01,-4.863837496161021789e+00
1.025152803331584828e+01,-4.696847809126548867e+00
7.845150598347577997e+00,-5.062553212461731178e+00
5.568040863668353602e+00,-5.209252175540794561e+00
4.385971828760034441e+00,-5.220816322924161312e+00
2.534100467750922903e+00,-3.831690025845476022e+00
1.290711661200282023e+00,-2.515931607578869134e+00
3.816406384811549257e-01,-1.169057869232194680e+00
3.167078264996320836e-01,-9.523152009241969695e-01
3.996497825000382143e-02,-4.007008576086800167e-01
-3.464084712105334196e-01,-3.583034929700414373e-01
-7.009662172669876012e-01,-1.987522365209584141e-01
-9.511810026603090273e-01,-1.846025659288843823e-01
-7.628669060352222253e-01,-8.523887921518927269e-02
-7.398031166918971335e-01,-3.681834715293581806e-02
-6.482929555863227167e-01,6.766680636248159630e-02
-6.886700779404837380e-01,1.716737542333011957e-01
-5.390113220547735340e-01,1.585499178661102238e-01
-2.870862856472181091e-01,-2.829414147708287849e-02
-2.517667140037495588e-01,-1.918349470641687038e-01
6.859191994108575496e-01,-7.181147766413832345e-01
1.879799032885101528e+00,-1.309963026803035113e+00
3.156900546002376018e+00,-1.881212414556756807e+00
3.597983654098992456e+00,-2.060462827086792625e+00
3.354042142725655928e+00,-1.969672523910898088e+00
2.398687351568904891e+00,-1.446773652007951494e+00
1.661448274672759240e+00,-1.544162890742010852e+00
1.224074555558849919e+00,-2.074859589786175462e+00
1.425596295033761507e+00,-3.240965703977838341e+00
1.509375446590185854e+00,-4.092818802365536968e+00
1.590658330201631498e+00,-4.631877527494535407e+00
1.538530067967614601e+00,-4.589619199300147834e+00
1.343825746410859834e+00,-3.987820200677070659e+00
1.030918514958023557e+00,-2.812227051314027282e+00
6.323174122997532454e-01,-1.725920563630392257e+00
3.845708020675034922e-01,-7.563205040752494224e-01
3.576727935948162407e-01,-4.996317387073364591e-01
1.745895828945820960e-01,-2.946018640696931312e-01
-5.672628592576445944e-02,-4.294446266364988496e-01
-3.314673311789993471e-01,-3.984744465550021930e-01
-4.357937095296244845e-01,-6.148191637682032251e-01
-5.432667394576951025e-01,-1.109175287742585114e+00
-5.892254117539392766e-01,-1.663813826942360130e+00
-4.824459873733384363e-01,-1.741979566984109606e+00
-4.003306884991664760e-01,-1.781373610687571496e+00
-2.202361034817487684e-01,-1.151792777231269937e+00
-1.105509154843260927e-01,-1.051615045047884500e+00
-6.013122176517783635e-02,-6.172765304074900872e-01
-2.017036100188387138e-01,-6.687659588963260626e-01
-2.862399961222102940e-01,-4.626763890998881190e-01
-5.567508186520874203e-01,-1.138527018506733102e-01
-6.990914822304515885e-01,5.156766473379444798e-02
-6.674457973304571690e-01,1.721593503163328931e-01
-7.081559434458052360e-01,1.889241148122021985e-01
-7.875102021148325804e-01,4.467689834075735944e-01
-4.897243491459501441e-01,8.675680846619420183e-01
-5.840027495453680162e-01,1.032353714674540957e+00
-9.719875530540721398e-01,9.474543791118110736e-01
-1.502338868468366062e+00,6.005345124908353371e-01
-1.614856988452174180e+00,3.828347317522973747e-01
-7.896684591846848678e-01,-1.139293796329390700e-02
-1.451222049954419835e-01,-2.629625950059027994e-01
1.850090097486880858e-01,-2.479612911946570686e-01
-2.917912124334932078e-01,4.807307940415128655e-02
-5.026492363417189857e-01,6.415532062904621968e-01
-7.580497284613022524e-01,1.029592573119358256e+00
-7.639477237578597979e-01,1.142774779605418622e+00
-9.678583556456564763e-01,7.040567779417281624e-01
-9.484748077029019342e-01,4.049282852584149550e-01
-8.805030811184290096e-01,2.309561108279831743e-01
-7.196473310881419394e-01,3.077631205133585235e-01
-3.973850894109904885e-01,2.107142697579012236e-01
1.223515650228922114e-01,-6.343128547321806587e-02
7.087087880794926686e-01,-2.260179732358834626e-01
9.665776448483286432e-01,-5.807816544781380097e-01
8.937208777180492003e-01,-7.781065807024158953e-01
2.466576769364623167e-01,-8.530549339294137834e-01
-4.208454129539705713e-02,-5.555795889222138184e-01
-1.855099466737193115e-01,-4.260049106950012376e-01
2.101788205985476166e-01,-5.718688085537310117e-01
1.572725709675764083e-01,-5.534323988782887671e-01
2.130483648157222021e-01,-7.404400396912126370e-01
1.606213259795712667e-01,-5.665729186756195412e-01
1.164076161962485506e-01,-4.004334568952263584e-01
1.379422134032034196e-02,-3.414941427755249226e-01
4.186680135011253689e-01,-3.162321277180636381e-01
9.039646141969039927e-01,-3.622200880564925840e-01
1.506178310014891331e+00,-2.010117648935919876e-01
1.642578449163394572e+00,-1.052977382365361397e-01
1.568085955613292004e+00,8.075604997483400160e-02
1.158584756222865053e+00,5.506498455433703754e-01
1.059586408484087583e+00,4.675418004014518791e-01
1.167921360480065784e+00,3.742620154700125323e-01
1.642578449163394572e+00,-1.052977382365361397e-01
1.603491919173065661e+00,-1.193180396186927367e-01
1.542609450146338324e+00,-1.812048665957805282e-01
1.018303555213436740e+00,-1.675386637269208126e-02
9.736808287208836843e-02,3.167034297743643312e-01
-9.746520476295053026e-01,6.319865212500643814e-01
-1.646671709862943089e+00,6.621831738193073580e-01
-1.602662513356869933e+00,4.811403219348520111e-01
-1.065445815222963777e+00,1.086642242603410857e-01
-3.626203916504436298e-01,-2.043626569357425149e-01
7.946217869808376300e-01,-9.033534127243120215e-01
3.057615571452573455e+00,-2.250920502385370892e+00
3.844405707934672733e+00,-2.769275185723667487e+00
3.277791854857644349e+00,-2.357191556861701009e+00
1.320385781474934017e+00,-1.098107923052029866e+00
4.043164918130514596e-01,-3.357608313122703581e-01
3.132568536337296816e-01,1.853985539426221060e-02
3.185185674254716326e-01,2.773723982681243760e-01
3.800428564375229468e-01,4.490882584330414540e-01
3.583617140735949058e-01,6.311326531812680996e-01
4.461489324621888408e-01,5.667538063652516334e-01
3.621335296096110379e-01,3.521392844146055690e-01
3.868768201066436485e-01,-1.124598173493983333e-02
7.433978019347990962e-01,-1.462424764853420545e-01
1.258356350794570977e+00,-1.455908994545098978e-01
1.326615061639776716e+00,-1.102978148105278160e-02
1.054598731412139445e+00,-1.036380426490256662e-01
7.088803782855024327e-01,-4.746849929847876681e-01
5.347036158530701355e-01,-4.898578813134245036e-01
4.424574684598707452e-02,-2.686307059653143536e-01
-3.688618145882575639e-01,3.612378488892080131e-01
-7.822631287939787459e-01,9.694464317713096246e-01
-9.205499335163273011e-01,1.435575687156151359e+00
-9.200110658587108414e-01,1.592749796462287870e+00
-5.310918588226827275e-01,1.082241953441228421e+00
-2.559177118175872678e-01,3.126279175478979266e-01
-1.221933177584411806e-01,-3.166717784634831556e-01
-5.658069560677740917e-01,-6.738528415444151598e-01
-4.470377114314891265e-01,-7.639784793947161923e-01
-4.177172788806772785e-01,-7.979081926348119413e-01
1.682479515311631479e-01,-7.425952354769175257e-01
1.171210958463716340e-01,-5.681314288287240277e-01
3.490327801331521984e-02,-4.515399407081369110e-01
-3.204775365703300127e-01,2.950431052862974649e-02
-3.390342890140310983e-01,1.654494047227978160e-01
-5.047415457468386324e-02,1.183088515923353410e-03
2.987451948355656084e-01,-4.167881717933437646e-01
6.065021485753036012e-01,-6.167068926819055941e-01
3.447925339527838640e-01,-7.303863573877091842e-01
2.624344427042575867e-01,-7.654890889706947865e-01
3.075895580730667045e-02,-7.439041009439584240e-01
1.692224170830917696e-01,-5.216024352260101304e-01
-1.471715979867569205e-02,-4.606085782602786227e-01
-1.031585545611532068e-01,-3.978526363073504046e-01
-2.046243354906121525e-01,-3.520092409200319961e-01
-1.620922163428646923e-01,-2.584095729214286874e-01
-2.453193704144486231e-01,-1.797822880279789926e-01
-2.705469089601814647e-01,-2.693541509042036708e-01
-2.435458263700067405e-01,-4.219574904425170137e-01
-2.728145808673335115e-01,-4.488346841775907592e-01
-5.394100889746351601e-01,-3.290915229214969595e-01
-1.056503027182108534e+00,1.470275484902340037e-02
-1.262168042142218338e+00,3.311534265453979220e-01
-1.152285077788756329e+00,7.235386990552454822e-01
-6.608370360271633714e-01,1.024742059959529605e+00
-4.078087527818892166e-01,1.131864082640656965e+00
-3.082497666201051700e-01,1.070410784471176102e+00
-4.053945557378363374e-01,8.348773975705875428e-01
-5.609813324886392394e-01,6.963264913456723715e-01
-4.213510315121980487e-01,9.138466722524686281e-01
-5.183457284983574720e-01,7.731017353729570107e-01
-3.067127911707156485e-01,5.289510449262637692e-01
-6.610765504172465556e-01,-8.983621071983803084e-06
-8.093105915180175414e-01,-2.371649611541476466e-01
-1.084769228500120475e+00,-3.293210906936237525e-01
-1.087884564700725143e+00,-3.303846225135904091e-01
-8.110477341264202833e-01,-1.792243955012218781e-01
-4.196886707590042898e-01,1.592850640558980124e-01
4.988927136782396188e-01,2.355750214067580950e-01
1.334400190074314985e+00,2.522301277118688678e-01
1.386115091754056783e+00,2.100827899660933917e-01
1.018989744603104652e+00,4.928699409926393660e-01
1.114689402954864850e-01,1.129226409470821091e+00
-6.235475950435954706e-01,1.510092371687875801e+00
-1.357288306869951056e+00,2.164203565947216301e+00
-1.823357102639236782e+00,2.532962595829149066e+00
-1.875518817096516910e+00,2.555059629755654260e+00
-1.672790048727605949e+00,1.847044623205372105e+00
-1.241309069759740646e+00,7.777214602155489986e-01
-1.297908602431827374e+00,-1.784707783187506058e-01
-1.483627100857477732e+00,-1.107032712421569753e+00
-1.576464821614343315e+00,-1.593097065120768319e+00
-1.611070957699057615e+00,-1.972508441212474484e+00
-1.002506002790743089e+00,-2.058283500934420029e+00
-6.687787159733769027e-01,-1.995602970801990006e+00
-3.935180362258455244e-01,-1.572779900770397754e+00
-4.041822872824748503e-01,-1.203261498200464130e+00
-5.889968469504683890e-01,-5.750724026371782927e-01
-5.648171688978319560e-01,-2.890564667966080692e-01
-6.498328696894895007e-01,2.101133684869853080e-01
-5.526530526819068978e-01,4.637895716481484354e-01
-6.326766466376789744e-01,1.036027214873619151e+00
-7.208480626187930840e-01,1.602876132879452520e+00
-8.342809070642343006e-01,2.066761979573636054e+00
-8.002297598037154680e-01,2.091790669032303374e+00
-6.519583621652907945e-01,1.709679511514274219e+00
-4.446334324875464983e-01,1.154321431325343816e+00
-1.301142382937711117e-01,3.349911042735291278e-01
-4.086558271136304238e-02,-2.984908601234439671e-02
-2.011539966850094396e-01,2.539569519334998193e-01
-2.992448479480796508e-01,5.777647604721211083e-01
-2.399960705634121838e-01,7.759135091083663172e-01
-4.576004174511147382e-02,9.652592835493993828e-01
1.061399109264355434e-01,8.888908847617958964e-01
2.396807326988625031e-01,6.229528895387000942e-01
2.620735772185175394e-01,2.142327130694686166e-01
2.579661046306762628e-01,1.140626089646730040e-01
1.964535140346017894e-01,1.419552752362840120e-01
6.277506134378506297e-02,8.207562417864325277e-02
-1.828692854485374775e-01,-1.275674604936911094e-01
-3.722561642661199044e-01,-4.524968384756105633e-01
-8.729958474132519797e-01,-9.369868187777813384e-01
-1.417604122564362301e+00,-1.362088470103119953e+00
-1.856927521521337221e+00,-1.518458964569232572e+00
-2.166181885399208973e+00,-1.392175164231153728e+00
-2.298927251932889604e+00,-1.024516211308304170e+00
-2.345019462424401624e+00,-5.413482708541215160e-01
-2.184058818044658068e+00,-2.953449813787080158e-01
-2.000349372972990647e+00,-3.444534317066114681e-01
-1.759457800865350530e+00,-5.537761734962115545e-01
-1.409481181343185563e+00,-5.711208873660253982e-01
-1.174787400463204179e+00,-3.457653669876737945e-01
-7.057753927091988677e-01,-9.400577989598112028e-02
-7.243647471934205884e-01,-4.577019984564630328e-01
-7.677235053923916475e-01,-1.227408969413887663e+00
-1.071883235700883619e+00,-1.879997529917737165e+00
-1.075457462802754449e+00,-2.210209205908339136e+00
-1.178516912250572313e+00,-2.230412797409744297e+00
-1.048749068575866472e+00,-1.906683670626579508e+00
-8.578697126213776780e-01,-1.312138451043228127e+00
-3.427522601046957273e-01,-6.932673855174107391e-01
-9.102610673361374860e-02,-2.515427028119591735e-01
1.730487545849629383e-01,8.830185140853702430e-02
2.867520313905725371e-01,4.668300646721631475e-01
3.713242501899010617e-01,6.786272595804562213e-01
3.015587675533831225e-01,5.451616767489489979e-01
3.019709899108599660e-01,4.895123463648358153e-01
2.666297580794831923e-01,4.125641559372090761e-01
2.719672428143872223e-01,6.719872717081286639e-01
2.142337654552868287e-01,9.339359109298086548e-01
-1.775610485047307910e-02,8.174524498539240680e-01
-3.089376296451638582e-01,5.684663582028394169e-01
-2.374469755739058441e-01,6.649755394026654609e-02
-1.921031196316400624e-01,-3.249038692629816621e-02
-1.761700314516463639e-02,-2.018760140382062362e-01
-9.314444709778582632e-02,-2.813476683636068065e-01
1.207265444048485556e-02,-2.074247832660897350e-01
6.356949374721430901e-02,-1.816492930369144609e-01
1.395964988054508304e-01,-2.059039239068552463e-01
1.310103310277407340e-01,-2.107882252715936877e-01
9.450279835345896939e-02,-7.705049241729369780e-02
-8.468778021890899232e-02,4.551464275619336863e-01
-1.030480318219686442e-01,5.464333027910186491e-01
-4.396095443391919710e-01,3.296213263711283425e-01
-6.499400758937554645e-01,-7.376493333383605799e-01
-1.033944231606316766e+00,-1.158802236232196359e+00
-9.359373138405067127e-01,-1.293391781786215500e+00
-6.661313851532090213e-01,-1.011668502780283418e+00
-7.033950369353658694e-01,-1.368686341459055322e+00
-1.271877404337954154e+00,-1.629158283808064933e+00
-2.290352849314591044e+00,-2.040191255823159189e+00
-3.084115216720361374e+00,-1.779842166165757078e+00
-3.508819450558674724e+00,-1.593245000289195357e+00
-3.408722205910752479e+00,-1.283125652784332882e+00
-2.857454682532659440e+00,-1.006081092149832434e+00
-1.898556242918572723e+00,-7.055114635327194295e-01
-1.164015914577076760e+00,-6.918724061615083576e-01
-5.622598813852993649e-01,-4.680701441404400143e-01
-4.123231981895910114e-01,-2.836831389369482981e-01
-1.374180028263692066e-01,1.055442470247853204e-01
-8.465484037520117772e-03,2.402562443478656884e-01
-1.559451756098085007e-01,6.050423625883551149e-02
-6.290485977831307418e-02,-1.803530830403231033e-01
3.059752989014506430e-01,-3.742884573302562301e-01
6.292503870593543214e-01,-5.455227180871321524e-01
5.685956853968708868e-01,-1.170602732725505968e+00
1.027865034682279854e-01,-1.636045022890791678e+00
-2.970723925845064617e-01,-1.810006427125571360e+00
-7.151824182384080020e-01,-1.539714625925375113e+00
-1.099620009630695394e+00,-1.783831380237779651e+00
-8.042395547833519620e-01,-2.070266870192467579e+00
-4.000728858826400614e-01,-2.309294658824233348e+00
-1.339323171623801878e-02,-2.088479391357514814e+00
-2.308161654239475336e-02,-1.732222901543290172e+00
-2.652318747872720595e-01,-1.126668839145040346e+00
-5.385615869014349633e-01,-4.925916132789489033e-01
-5.850908536963532747e-01,-7.858474399781589792e-02
-8.091448780252835649e-01,2.982646516675040507e-02
-8.905496291983140411e-01,1.329854949942201880e-01
-9.238545457309148556e-01,8.873583898345906162e-02
-4.583222012407295876e-01,-6.591049259053472116e-03
-1.583894194249227949e-01,-1.487056408627941972e-01
-1.727764228444963676e-02,-2.946061070754062983e-01
-2.060163225599417613e-01,-2.459323334068708733e-01
-5.177724946845635445e-01,5.771615626390574731e-03
-1.049685952170843484e+00,3.341075382746631628e-01
-1.516917738037755203e+00,5.959739410027781181e-01
-1.643511012762683299e+00,5.724800354013354076e-01
-1.282405211398250922e+00,4.103163459369485455e-01
-3.999292295921565987e-01,1.851438738065735168e-01
1.578798980115121986e-01,1.660748992573051613e-02
3.704749514236743146e-01,2.748070078419763695e-01
2.831508546128765347e-01,-5.106694388487398317e-02
3.357398952412384285e-01,-4.965696173381934364e-01
-4.269219275491042270e-02,-6.705817622017453683e-01
-1.418271656123308855e-01,-5.182985928411845133e-01
-1.282612837017692298e-01,-1.515600296841398964e-01
2.443047821423344479e-01,-1.929078863607180949e-01
3.032190552952082618e-01,-1.205037999963879947e-01
3.733388017679253879e-01,-2.125175686265959596e-01
2.219420298201653721e-02,-4.192721127495598887e-01
-3.074362497903942448e-01,-1.869535750685605013e-01
-7.738410444028059887e-01,1.423208114062890217e-01
-4.014076054715209896e-01,5.925816386909864564e-01
-7.580487492883808409e-02,6.449156797760345894e-01
2.794280486221946136e-01,8.340837495832988946e-01
5.462001324736264207e-01,1.464966309880657125e+00
4.663230977413201361e-01,1.544189799941724228e+00
4.979484717873567945e-01,1.542066570349634791e+00
1.976083828399068654e-01,1.206249802824459927e+00
4.704907092612392594e-01,1.538462770216171949e+00
3.962346913721628283e-01,1.612229544006861470e+00
4.421352124735244415e-01,1.748885169362123015e+00
1.446874944548239561e-01,1.404566924779503845e+00
-2.621746607816710650e-01,1.004881086237778831e+00
-2.344672361905442981e-01,9.362558976589356874e-01
-4.161405042364572648e-01,5.258978409270215204e-01
-1.590318180566275830e-01,3.238802565873458716e-01
-4.212216549179932934e-01,-3.459432011109989658e-01
-6.838783072325212986e-01,-6.174784196423962479e-01
-6.138418516929365909e-01,-4.372860627921896781e-01
-4.112673176322143020e-01,-8.974023766449371053e-02
8.251567966543792154e-02,3.574381740083776293e-01
-2.666603985612898964e-02,2.886418795129633286e-01
3.389732977117743823e-02,2.068427349826006678e-01
-1.372001514202489947e-01,1.112651517270460966e-01
-3.388523072260411495e-01,1.644224347164238015e-02
-7.368496888897084762e-01,-2.198492028140143495e-01
-7.961699590257274028e-01,-1.879367367541258105e-01
-4.702588241037768402e-01,4.836220063332469926e-02
-1.054532341483275792e-01,4.726928909614466767e-01
2.381133984078436239e-01,9.248046948103225695e-01
2.461245227192081220e-01,1.066685388399054357e+00
3.166118884777754938e-01,1.378312986720972466e+00
5.274440610177967281e-01,7.156755823527494176e-01
4.013845727610711456e-01,6.600258625332128259e-01
3.602445944063853989e-01,1.796755163722187076e-01
3.353353867693970591e-01,8.649937872017837703e-01
6.352365729062884325e-01,1.356901486746448615e+00
1.190171632713421301e+00,1.945769471988933574e+00
1.572503627030129580e+00,2.205853926853663438e+00
1.685909638747782324e+00,2.028739831387230463e+00
1.243234710126826403e+00,1.841872730727568408e+00
5.891548695895169052e-01,1.234958585861086755e+00
-2.700913301499218225e-02,7.451782350065362381e-01
-2.130006107100406720e-01,2.049944434601721210e-01
-2.915415276281259072e-01,-1.776282105783017666e-03
-3.799344098695662253e-01,-3.885664592332918055e-01
-4.865844470652502252e-01,-1.464156789199260400e+00
-5.103234260074547279e-01,-2.589032290718168206e+00
-5.470093259867654378e-01,-3.284763945595578605e+00
-7.698337268125319266e-01,-3.201685702696730473e+00
-9.407488274168975817e-01,-2.535426592905216214e+00
-1.141992589684218684e+00,-1.412051367765918108e+00
-9.614245201875474267e-01,-8.765446899862470165e-01
-9.261675009962135885e-01,-2.162942559597521019e-01
-4.395275138092578082e-01,-3.734069784940909353e-01
-1.282612837017692298e-01,-1.515600296841398964e-01
3.123832840112333309e-01,-2.552880408904971143e-01
3.722372759116538421e-01,-1.515257475588288327e-01
1.959554450723425267e-01,-2.061141919201813222e-01
-6.385073174457435441e-02,-3.348207112434729016e-01
-3.388490096193931822e-01,-3.407493002421593808e-01
-3.332271027018699483e-01,-6.620651724049948783e-02
-3.410125987580614471e-01,5.942717878972434420e-01
-2.618084610993958727e-01,1.207607475559696164e+00
-1.720348884929553401e-01,1.534104245259144017e+00
4.097793716864849001e-02,1.354938683383398734e+00
2.067831189481851017e-01,8.079815300482587892e-01
6.499764100032578984e-01,7.878969765524820867e-02
7.608346755536864459e-01,-4.064122780100754007e-01
7.272420888636530467e-01,-1.790939512580578818e-01
4.839880140911222428e-01,6.324232447319182160e-02
5.849716666849688051e-01,2.378948892184764852e-01
5.537225792798849966e-01,4.559681349763174130e-02
3.243863826934758610e-01,-1.951847957349678586e-01
-1.701997766882201168e-01,-5.070577047818743965e-01
-6.687305164722683326e-01,-7.948212402335231852e-01
-1.299462126419355101e+00,-9.977080374409248442e-01
-1.839460172565373197e+00,-9.581825432191279912e-01
-2.347108198614264563e+00,-1.276836259723453715e+00
-2.516954039601292603e+00,-1.194206085118416416e+00
-2.598038364234077857e+00,-1.429774965965413092e+00
-2.106647197936525995e+00,-1.098547347926651874e+00
-2.084802152273154352e+00,-1.041849122966607810e+00
-1.865796385762851672e+00,-6.313831810561137958e-01
-1.850833535059730695e+00,9.347002172733272218e-02
-1.356233502050242512e+00,2.375066003551270788e-01
-9.645034141366187752e-01,3.185269827632098427e-01
-8.760477192997262463e-01,-2.198540879767938161e-01
-7.775948837928327029e-01,-8.818492536427861850e-02
-8.412969557685964217e-01,-1.959225410818269397e-01
-1.084703027298953959e+00,-8.729510982950645648e-01
-1.457020083734245963e+00,-1.298315340313960009e+00
-2.034639774499862330e+00,-1.848055272047558262e+00
-2.356635737996040536e+00,-1.966014772637152630e+00
-2.586106031279133077e+00,-2.291838122661043808e+00
-2.217002563593832853e+00,-2.348952374561815493e+00
-1.813813745089010165e+00,-1.993080672982175061e+00
-1.242983263315744713e+00,-1.397131614498784202e+00
-1.059531857372879138e+00,-6.657956435572693898e-01
-1.361886152798083449e+00,-4.584400198015762262e-01
-1.664933291101858837e+00,-1.634010609581480478e-01
-1.686658493573500506e+00,1.254361941578648887e-01
-1.133696169021130462e+00,5.845727985238539093e-01
-7.424756034151804851e-01,5.927896199552951106e-01
-5.187336403064355395e-01,3.511877904188581700e-01
-2.949990345296702454e-01,2.155769932567063174e-01
-9.260932189231939338e-02,2.592934282633331255e-01
-1.522304658520449300e-02,3.589205870288929984e-02
1.482205547989346242e-02,1.876740951962144882e-02
3.354156868005527675e-02,-1.275722814738063093e-01
2.668676174374325430e-02,-7.736745679235587647e-02
-2.822541593594564135e-01,-2.406415334563428154e-01
-6.674521904534777006e-01,-6.452108456893868027e-01
-8.026308979982610392e-01,-1.014106262730775754e+00
-4.671114552933492980e-01,-9.663441462204455101e-01
-2.529022379374861740e-01,-6.304937745953858030e-01
-5.567120488500244130e-02,-3.988925307487136696e-01
-3.480823985530297204e-02,-2.810490855856642156e-01
-1.489779445508967667e-02,-2.094489750509753445e-01
-8.313200095436329429e-02,-1.468446565847095486e-01
-2.436945069036285938e-01,-7.795142750121668296e-02
-1.635899250374450997e-01,-5.303327557789720009e-02
-2.654175936939024427e-01,-2.960222824148798712e-02
-1.934902479890960314e-01,-1.562647248758633478e-01
-2.619601161043786375e-01,-2.368925750824188714e-01
-9.255080373296183105e-02,-3.749792438551897700e-01
-2.292634358901063651e-01,-4.061727290174734772e-01
-4.082769548591355657e-01,-4.972034630140326206e-01
-5.716310023325812395e-01,-2.753152743602856334e-01
-6.226270613291938760e-01,-1.220872306946719187e-02
-3.181527229799098744e-01,5.113431569245704272e-02
-1.956421646186632668e-01,-3.451553564337029451e-02
-3.877944644657700668e-02,-1.476091725669392840e-01
-5.808531602074518824e-02,9.611711355018320510e-03
-1.037875056873668739e-01,5.856694845032484054e-02
-1.982704591203164612e-01,1.098887732558178482e-01
-2.589895195013757201e-01,5.907763620624580103e-02
-3.236382860237226322e-01,-7.303317553657289428e-03
-1.967725204047711396e-01,-1.218767279674138476e-01
-1.798388652580343028e-01,4.579920986420007306e-02
-1.913221481744151464e-01,1.412282728634028650e-01
-1.529127024756382902e-01,4.280164613426642450e-01
5.162480541738560802e-03,5.329550376759328856e-01
3.737000472583911215e-01,5.201979734636158481e-01
2.934077558084846604e-01,3.920047150444613826e-01
2.897938771098033661e-01,1.190157470820492475e-01
-4.910752893587712331e-02,-1.076521915723714640e-01
1.252209595630804362e-02,1.111729821804481738e-01
-1.465015756855311269e-01,2.686619998241758234e-01
-1.835784293598040906e-01,3.685816286198517200e-01
-2.328211230549165900e-01,1.098415582936241863e-01
-1.703015501732644543e-01,5.848178055005095327e-02
-7.005501680135096942e-02,1.814097491892163738e-01
1.665689505617287125e-01,5.650176816719265638e-01
2.678839869740597401e-01,1.112177539097285450e+00
9.480302276655512284e-01,2.258286990293922436e+00
1.652181278737847370e+00,3.348472565083085328e+00
2.299205344367384107e+00,4.161570109482720881e+00
2.306101092836621902e+00,4.221075634637942997e+00
1.854458704871570385e+00,3.581989021215342905e+00
1.000920340375364370e+00,2.420929871924364818e+00
3.383719899577444790e-01,1.895853175001472879e+00
5.173181918920589234e-02,1.839604960274091594e+00
7.495093347289345787e-02,2.749337419494576551e+00
5.477787849570950329e-02,3.409113478895203997e+00
1.050203166976595159e-01,3.990843563615209089e+00
1.909658307297361080e-01,3.753185059060832884e+00
2.196489528472604091e-01,3.024156932513409224e+00
2.565842936029025245e-01,2.128585745335428214e+00
1.256555234990812953e-01,1.222447282684501646e+00
-9.016670672437478162e-02,6.329223692507602861e-01
-7.238740645967460807e-01,-3.444328275159616037e-01
-1.108948919540465816e+00,-1.005639879468684939e+00
-1.272426802021082937e+00,-1.343632172480563103e+00
-1.083829682601787914e+00,-1.310682113784821468e+00
-1.033944231606316766e+00,-1.158802236232196359e+00
-1.084833284941424836e+00,-1.070119478209660968e-01
-1.339262566217764183e+00,3.473451426181191071e-01
-1.685663912776065088e+00,3.777961159322495988e-01
-1.931910576554108250e+00,-2.746199742228473406e-01
-1.953810668706495557e+00,-5.081202075018130815e-01
-1.777063357467699500e+00,-6.950010943914753936e-01
-1.446334523096598934e+00,-9.065634127917163720e-01
-1.352946677907119089e+00,-1.374603663211800608e+00
-1.183356693603276444e+00,-1.361761185145560882e+00
-1.205721506317387615e+00,-1.448604889414714103e+00
-1.060312945127656503e+00,-9.941398859050839532e-01
-1.140680969518677479e+00,-1.062481974956857256e+00
-1.108533379358293658e+00,-8.736006035765474520e-01
-8.793284634938745015e-01,-7.626802104805748828e-01
-3.524642520473004748e-01,-5.809893885965754512e-01
-1.188539146112667505e-01,-4.421436074165448482e-01
-2.093793470906810117e-02,-3.538518357757424737e-01
-1.985617241891247386e-01,-3.579536155506463646e-01
1.843545573351731970e-02,-5.511637883080132694e-01
4.130737715343877348e-01,-8.366396664669363270e-01
1.470801514061034487e-01,-1.164395732552632179e+00
-3.398412264408552930e-01,-1.367600140204082937e+00
-9.735946786142248843e-01,-9.621636117752027095e-01
-9.197140088155671966e-01,-3.523422047341965291e-01
-5.227049566899494293e-01,3.058026031933278044e-01
-6.409537775498379275e-02,8.769882609205001955e-01
2.769940744204893446e-01,8.745201207330633997e-01
2.629353888408318407e-01,6.131632090388832168e-01
-7.262696052234790534e-02,3.377044183636536134e-01
-2.969986581799570757e-01,1.247624212937889221e-01
-6.014705319600579525e-01,-3.194438644163443697e-01
-5.370814357605609990e-01,-9.638850030888712617e-01
-5.236431344602513471e-01,-1.377410258298693124e+00
-4.170086420299194963e-01,-1.366662004003515785e+00
-2.835929289851569224e-01,-1.033761258027596774e+00
-1.318028700960935939e-01,-4.835507782699643431e-01
-3.716950153296037090e-02,-3.237535529250956667e-02
-3.716950153296037090e-02,-3.237535529250956667e-02
9.644800121766458276e-03,6.880648060790323095e-02
-7.702092089476415826e-02,7.185595966122471090e-02
-7.702092089476415826e-02,7.185595966122471090e-02
-4.378812711379415079e-01,-1.725876143349679148e-01
-5.398654691000683847e-01,4.014912342045779542e-02
-5.854491564772390522e-01,5.059018861250100807e-01
-2.750423876169464377e-01,1.333399729628714558e+00
-9.110993712399394207e-02,1.285374820755456948e+00
3.457685284911628520e-01,8.207612864460988034e-01
8.105416776007926538e-01,4.822526790244621026e-02
1.094533358154734737e+00,-8.118979630691261495e-02
1.267262531032213868e+00,-4.170126608564377058e-02
1.203028299093924280e+00,-6.623704195340571199e-02
1.247155878524975670e+00,3.260338966141418937e-01
1.098762108049865960e+00,5.494728382258642352e-01
9.792736621818065590e-01,7.206205629968566173e-01
6.307136631565689600e-01,5.959020901921829871e-01
4.030216303586800497e-01,3.820098150888551203e-01
2.290167896644501044e-01,2.337130353035628272e-01
2.519521092377335902e-01,-2.339729031815045712e-01
4.356479935461216590e-01,-7.620859133406845398e-01
4.580859772834566801e-01,-9.071274942468728897e-01
3.801543329875948785e-01,-4.520758477548548204e-01
1.892377304150412720e-01,-3.844906557841320811e-03
4.575878429017227189e-01,6.757340435572296855e-02
6.924791876057532214e-01,-1.597759747029936783e-01
1.383299226014081063e+00,-9.031595273857695449e-01
2.050908228671204814e+00,-1.801608729601831049e+00
2.776929348227572980e+00,-2.501445651804956594e+00
2.915011565612430910e+00,-2.668103238532184118e+00
2.331369198198125936e+00,-2.244164720528853518e+00
1.534102467255150648e+00,-1.490383407691287632e+00
7.562563118451173239e-01,-8.049580595875932554e-01
3.421607531068204255e-01,-3.145621022082924489e-01
8.274431416742961121e-02,4.745447446642327041e-04
3.856238266729599129e-01,-4.201705753556859296e-03
4.376161808777352946e-01,-1.628097372162414513e-01
6.084187760196776429e-01,-3.624541899579540871e-01
3.686836579081910203e-01,-4.463387884075136203e-01
3.457002167080177046e-01,-4.888244565824337307e-01
8.552659249697108779e-02,-4.065222333189590365e-01
-3.708285688897349636e-02,-4.381867636736418437e-01
-1.305951819433882610e-01,-3.916790983112693469e-01
-2.609610150767098791e-01,-4.657948738068580785e-01
-4.793115029575818475e-01,-5.044010974312135298e-01
-5.993013523406989229e-01,-7.461550587103163990e-01
-3.983124139613606896e-01,-5.274564190724569945e-01
-5.282750150390200933e-02,-1.270815867394293752e-01
2.676770210505894365e-01,6.302991675291198526e-01
3.579660421507602219e-01,1.057480680468580791e+00
1.961903978267049431e-01,1.089036169737876536e+00
2.739747846019964239e-01,1.306630891645982118e+00
3.062741728549971398e-01,1.397443259114100389e+00
4.523998283250055819e-01,1.484443963269954869e+00
1.309193116869993012e-01,1.124430173088489360e+00
-1.250220637999339135e-01,6.302066302447469903e-01
-3.243674115438635597e-01,4.895371189893187036e-02
-2.839553843325559601e-01,-1.782749982748829398e-01
-4.731099079365765347e-01,-5.936408570469142720e-01
-6.562337005137156565e-01,-5.490708846686395139e-01
-6.693950479106300921e-01,-5.057784298756113905e-01
-8.177943687675222062e-01,3.696068584212133801e-01
-6.170296730978896971e-01,8.667216200291973927e-01
-5.669815090159814330e-01,1.100466191303241414e+00
-1.769670374767171594e-01,5.776679436976586146e-01
-2.498031104375136313e-01,1.677722670357690016e-01
-3.477836527899768604e-01,1.484626297119544525e-01
-5.409145988918366843e-01,4.003728296401802556e-02
-6.035526576380648711e-01,-1.770750114281568338e-02
-5.954696736244683430e-01,-5.416615160966164327e-02
-3.881559800766372637e-01,-9.263450349305418774e-02
-3.689696358558701150e-01,-7.858441327732657022e-02
-3.456556636168174323e-01,-5.389199044140124961e-02
-3.944362057298164137e-01,-4.372452838599594910e-02
-3.944362057298159141e-01,-4.372452838599621971e-02
-3.443365092479286349e-01,-7.220723335592459102e-02
-3.498403214578620357e-01,-8.036314110594108828e-02
-3.697412403757330823e-01,-9.480923436126423298e-02
-4.318746705375864914e-01,-5.771324524309317389e-02
-6.035526576380648711e-01,-1.770750114281568338e-02
-5.951774593668587299e-01,-3.628089164657200688e-02
-5.132067884307645045e-01,-1.574195861613874037e-01
-3.854105315728451608e-01,-2.417194942942947622e-01
-4.032703881597996531e-01,-2.763485919472510877e-01
-4.618198697897697436e-01,-1.796799601274431946e-01
-6.655676991189406477e-01,-5.221983192701940696e-02
-8.749726438887742708e-01,1.693247842560615390e-01
-1.160294027590919042e+00,3.466052073341567841e-01
-8.750425846798721707e-01,7.833965428900868666e-01
-7.918702037632372459e-01,8.408280637155348680e-01
-4.446515484255537110e-01,5.963750039870157060e-01
-1.074900688725284548e+00,2.516509916356945986e-01
-1.285202137622438290e+00,2.590316361675344403e-01
-1.485976821710442985e+00,4.720872359241601313e-01
-9.955723548573700565e-01,4.668737180094322259e-01
-5.004433543629218661e-01,3.923013039175603511e-01
6.939180007902243097e-02,5.285798830531722725e-01
6.274770251329277182e-02,8.314405619447978735e-01
3.213047144551351431e-01,7.922415964787207221e-01
5.209604673659966600e-01,5.260282165678377142e-01
8.167534899830952710e-01,1.044487261270052730e-01
6.013766050211597491e-01,1.032171420432661801e-01
3.906784603677524448e-01,3.080409863731577852e-02
6.814873486282356507e-02,-3.194401480235779800e-02
-3.393937627376970856e-02,-1.863607432368274142e-01
-1.249223041964857006e-01,-1.253984338313358649e-01
-4.878772340263311247e-02,3.421430655267592574e-02
2.699215648723926608e-01,1.195675167981632564e-01
3.474515463880885613e-01,1.164522909650568400e-01
5.725028637387726826e-01,2.465627002082755315e-01
3.258174588886586509e-01,3.178836447775710283e-01
1.156375791946725601e-01,1.484192380877313033e-01
-4.000002607591559567e-01,-4.752295192768501986e-01
-8.289321241671189222e-01,-1.046110302571512829e+00
-1.033944231606316766e+00,-1.158802236232196359e+00
-9.571829929052775299e-01,-9.407082704226362724e-01
-8.369629595160865687e-01,-7.697443025316791365e-01
-6.767080461178115458e-01,-9.278718808312793609e-01
-5.602304442700413167e-01,-6.529135381550225103e-01
-3.315706740523567397e-01,-6.915494097703223098e-02
-6.141619498954880019e-01,2.714657271082185908e-01
-6.482899837639362062e-01,6.142600054082917455e-02
-8.996349060434376543e-01,-4.449420193499488141e-01
-2.396097684916107806e-01,-4.660527794189493478e-01
-1.577338352643749449e-03,-2.218769183203638806e-01
1.989892715217170260e-01,-2.804999352072142307e-02
-9.327089782364239579e-02,1.998251496789230086e-02
-2.793407903957242921e-01,1.428766946348727640e-01
-3.968372621800033140e-01,-2.584593954459158960e-01
-6.186263680730739178e-01,-4.882025583565041127e-01
-7.281256680641610135e-01,-6.855377745639845699e-01
-7.510023471630804526e-01,-2.218163192600441924e-01
-6.227423300103605008e-01,-1.174866794938164982e-01
-2.004931154794526715e-01,-4.787454270909131948e-02
1.426390708074453673e-01,-2.249282525973106683e-01
4.006042423996649671e-01,-1.436378691186671053e-01
2.350589428507909862e-01,-7.610377615242366889e-02
4.221774315061917193e-02,-2.208307504571157820e-01
-2.952255971643890087e-01,-5.756377181731610060e-01
-2.534670688390007198e-01,-9.475596161891948199e-01
-1.768738574997200386e-01,-1.198745350692224321e+00
1.494050407942714709e-01,-1.206307739534760781e+00
3.547183445558122483e-01,-1.090305944589453402e+00
6.408669801687658651e-01,-1.090116905232048516e+00
9.366461889060989643e-01,-8.857651257441946369e-01
1.287054654538583254e+00,-8.281386048068545280e-01
1.265676829542611737e+00,-4.025595500926115178e-01
1.317238533704946368e+00,-3.925261832645713378e-01
1.234484963634660648e+00,-3.617993942231310101e-01
1.126323924153766587e+00,-5.298250925032839120e-01
8.658620211010097378e-01,-3.939355338101126480e-01
5.743439761488965400e-01,-8.350544135952184255e-02
3.964213067329426243e-01,3.431053944128955036e-01
4.015529514172812287e-02,8.578029095575548935e-01
-2.785149304445038165e-01,1.293536715125623182e+00
-3.829273868400470127e-01,1.433645773979384863e+00
-4.981605050199235940e-01,1.516222046212750474e+00
