-1.768299751546264509e-01,9.277367933159731683e-02
-1.455219230701448319e-01,1.294965412180992370e+00
2.023512510226105898e-01,1.993209278626196568e+00
3.047570379904713800e-01,2.673216285371649459e+00
3.308205497009537033e-01,2.562429374209778121e+00
9.162718161683398865e-02,2.448693056587339267e+00
-4.751220319685876825e-02,1.737449047051112139e+00
-1.981780115961151723e-01,7.107207317027602889e-01
-2.890558010232981423e-01,-1.814877694357969473e-01
-1.975668707794364654e-01,-4.713196663909254847e-01
-7.648537367169044865e-02,-2.088254474723487963e-01
-1.352533555923360852e-02,-1.615974518542491467e-02
-3.729604718172487288e-01,-8.873624721173743735e-02
-8.534395187808186956e-01,-2.012785346269026776e-01
-1.057578654247879113e+00,7.485814973373805525e-03
-8.327997151720739621e-01,3.206314282402462079e-01
-6.423848482897044354e-01,8.489978104852146101e-01
-3.430497290555810097e-01,1.388447799232589208e+00
-1.898520013681229412e-01,1.697725365087010552e+00
1.248061316199949727e-01,1.788151747011246684e+00
-3.840108190450042952e-02,1.097356663371893637e+00
-1.085951260106045035e-01,4.589628114089766564e-01
-1.732333419054598034e-01,-7.226990825729794413e-03
1.340414762033731444e-01,3.430166577822637564e-01
1.974434739310891307e-01,5.793511118997370923e-01
2.761638510624945253e-01,8.360422992208399462e-01
-5.353685968236185366e-02,9.730865535705466307e-01
-2.778628895161749934e-01,1.159265729808698575e+00
-4.865627706630917260e-01,1.167201499966495470e+00
-3.925689960623100494e-01,6.870078110274010497e-01
-2.142883406341398456e-01,1.158139645623445235e-01
-5.652561010762996441e-02,-4.405552147721393808e-01
-2.077762525601504207e-01,-5.929515287118651834e-01
-2.009076061661431711e-01,-8.148687077507761334e-01
-1.966225286814657636e-01,-7.736027940845577877e-01
-1.526796117539420614e-02,-7.138749506794206390e-01
1.032984042771360328e-01,-4.518570319689537151e-01
-3.647668226480781789e-02,-6.454440285361444651e-01
-1.949192531500029135e-01,-8.017815905905854024e-01
-3.428735092445940325e-01,-1.136339488701252565e+00
-1.676661234995612815e-01,-1.029911131914733158e+00
1.524643346433020852e-01,-1.091200325428227647e+00
1.737588199427288482e-01,-9.810151604437169492e-01
3.845970182749059579e-02,-1.017712664697738134e+00
-3.521627273688757720e-01,-8.623936957565216943e-01
-3.836718729317176169e-01,-7.262937462401711786e-01
-7.318751434208176088e-01,-7.327694922810429334e-01
-6.627913122508026778e-01,-5.712010464334479343e-01
-5.671885662838435094e-01,-3.521407855692835209e-01
-2.127593463073140789e-01,1.321881572238863545e-01
-1.492662143579515655e-01,6.207000634528658800e-01
2.357694998902692962e-01,9.929475132943432758e-01
8.620687929872183908e-01,1.693547437006403422e+00
1.583182735827372012e+00,2.325450477961142681e+00
1.738509730454365521e+00,3.008744759045911099e+00
1.816157991121260862e+00,3.408478174544636641e+00
1.577657946167405623e+00,3.290316217704590596e+00
1.363082223531223436e+00,2.915942443504377035e+00
6.800535659863619076e-01,1.696448396664889557e+00
3.385436514136643676e-02,5.315324611138201316e-01
-2.034915778529139407e-01,-3.974253943369993047e-01
-3.073339603433672962e-01,-9.367781840755755596e-01
-2.688320373222650161e-01,-9.095233174937634724e-01
-4.355343511196647643e-01,-1.055716482488578523e+00
-3.949126562408780128e-01,-7.813634256660791921e-01
-4.375231607252474397e-01,-7.812327742031865974e-01
-3.180405610862898080e-01,-4.976284865128941526e-01
-2.361174435245955161e-01,-2.930271477413601833e-01
-1.362306449544532783e-01,-1.277039222142489772e-01
-4.425693009213158002e-02,-9.961861069401284352e-02
-3.393425423155804754e-01,-5.426853034098008122e-01
-4.610221337510029271e-01,-6.591784870189743017e-01
-6.550237095569535484e-01,-8.376213570215846893e-01
-7.013542352188476547e-01,-7.621702095144414768e-01
-7.057059266762902849e-01,-4.430138638645735871e-01
7.099417321873904840e-02,-3.757607793751726044e-01
2.445816535313435902e-01,-1.453216590032657962e-01
4.365915227814320398e-01,-1.794088921656877000e-01
3.130845454425744585e-03,1.102507149513549077e-02
-1.881947547981687244e-02,-1.727435289314676603e-01
9.151237290939677471e-02,-4.711527665675373511e-01
3.681018325481494879e-01,-8.500137810080149459e-01
8.214762377131864524e-01,-1.085395240632706981e+00
1.449005210351732353e+00,-1.247196715979813408e+00
1.929170476015302782e+00,-1.194585704526933689e+00
2.255714530770354109e+00,-8.223756636398111830e-01
1.795102324092939128e+00,-6.032639406461448583e-01
1.094312261898350069e+00,-4.591486080694834326e-01
2.365633511082497198e-01,-5.839966458337942923e-01
3.520287695344029993e-02,-6.502694829827547762e-01
-2.827362271448952136e-01,-6.664390301543194894e-01
-5.075023470888224697e-01,-6.892895391985190967e-01
-5.640782673422162219e-01,-6.923784269197316155e-01
-2.158537126858776911e-01,-2.810763614920224751e-01
3.601816020944954011e-01,3.753991794142553795e-01
7.109662799221001528e-01,8.010424526541850554e-01
8.249082353694353609e-01,9.708079311466464301e-01
6.600640835689316477e-01,7.354543198478700194e-01
3.686199193475431790e-01,6.087871356291966185e-01
1.662651279591065845e-01,4.774343531305643706e-01
5.225096495677167274e-02,6.650047045196963991e-01
-1.923156603359415517e-01,6.071543475088492237e-01
-4.073973612204748185e-01,4.678036729997615550e-01
-4.827713142881588926e-01,-1.029600775036841782e-02
-4.927745031303621404e-01,-4.041845715141842432e-01
-3.710433794484623848e-01,-4.267084174590042300e-01
-5.010813276373883296e-01,5.312049900923587753e-02
-8.226176461675440699e-01,3.474736734142282457e-01
-7.622266708935728774e-01,8.067281453418840842e-01
-6.451641985951485081e-01,4.445909995539024107e-01
-3.724708893324137904e-01,6.294868170852246925e-02
-4.563033183346730803e-01,-7.795147595881637415e-01
-2.809098114670817159e-01,-8.705045134174922428e-01
-1.656833640524013607e-01,-9.010092354094767497e-01
-2.147132851332772541e-01,-6.026758289336001662e-01
-2.745710436663266196e-01,-3.127642113608132823e-01
-2.362197864392455715e-01,-2.234817896530051917e-01
7.442027340837609195e-02,-4.712962582179158755e-01
-1.921654666680282925e-02,-4.246616343628174528e-01
-6.755601306785008475e-02,-5.084490083538346639e-01
-5.526966102611893250e-01,-5.249790682703912026e-01
-5.651102199157110872e-01,-6.651588479487807737e-01
-5.041177067746495100e-01,-4.966475783994108162e-01
-2.899234474014793506e-01,-4.358847544968260102e-01
-2.034915778529139407e-01,-3.974253943369993047e-01
8.940864277886733102e-01,2.420767574482550200e-01
1.379312019463984518e+00,7.784524375234909144e-01
1.351533076517531740e+00,7.643783398454531142e-01
1.453305155594710518e+00,1.956898034053144109e+00
1.763845699002294154e+00,2.908601485504104911e+00
2.401862868888164915e+00,4.076975989642370735e+00
2.072758990818126090e+00,3.658536408978456222e+00
1.425749463043570531e+00,3.173873015422584931e+00
9.033903600810987422e-01,2.852503392081766620e+00
4.700935704674240601e-01,2.411540097304657682e+00
4.805559768669802057e-01,2.128981189320032552e+00
1.652148036366394845e-01,1.175837852012599383e+00
-3.634891017039126870e-02,2.264409783602315818e-01
-2.290259526121905531e-01,-5.100296358920445305e-01
-5.663456117521190741e-02,-2.560840734858966794e-01
-2.413155492982606287e-01,-4.301195283849328921e-01
-1.470586689029396432e-01,-2.101024050527710851e-01
-1.302761864683397719e-01,-1.718315439875243711e-01
-1.230338295629944054e-02,-4.830324019665283020e-02
-1.855639158645154274e-01,-3.978469700063061998e-01
-2.396755103197977799e-01,-5.470027827610703941e-01
4.548617610706551240e-01,-2.235600873014866041e-01
7.792859897613647613e-01,1.399247770119359247e-01
9.169984375779269836e-01,1.207321639510152977e-01
5.840626409599096736e-01,6.739437603552216327e-01
1.538253975858261680e-01,1.286052740427942487e+00
1.312947519780671979e-01,1.938315765628064513e+00
-4.472278537241959791e-03,1.475384497259555561e+00
5.417137546638679524e-01,1.971586204633663630e+00
2.927614111294910559e-01,2.548055965817482615e+00
2.517046450557883785e-01,3.272325930155697282e+00
-2.888481007594213001e-01,2.717910919868554487e+00
-3.058136807017612369e-01,1.785610987669465244e+00
-3.356080534643350877e-01,7.340523448496141246e-01
-4.475073443532784356e-01,-4.916270511499212792e-01
-2.689499763125099419e-01,-9.223445506148094664e-01
-3.527396287408890996e-01,-7.831119625678262253e-01
-3.513616578378833677e-01,-3.501371077810976895e-01
-3.871743477231194275e-01,-1.918168364651304247e-01
2.853750317178845031e-02,2.395723783417591235e-01
3.947360434417433450e-01,5.250949965805795649e-01
6.024771442125076426e-01,8.143492593572519977e-01
4.547831331309031277e-01,3.482279849702832331e-01
1.649539532545694076e-01,8.129103792470714074e-02
-1.969850384456663384e-01,3.953184380565447076e-02
-6.562099190839749685e-01,2.618916608686772673e-01
-1.009607852415187246e+00,2.119516425958846151e-01
-1.089415528071087769e+00,8.805576060271314703e-03
-8.090960573059209349e-01,-2.607233427135360326e-01
-4.524640974975100982e-01,-4.685334752381216661e-01
-1.237880154548344769e-01,-5.409961637907606535e-01
-4.183039925576326895e-02,-2.783791681582386546e-01
-3.055573173023126698e-02,3.672350789010462302e-01
-3.599021881686590429e-01,8.187087220446438440e-01
-1.079832485620363602e+00,1.598576479381657034e+00
-1.580468158274031643e+00,1.907468834361677024e+00
-1.505139699241920148e+00,1.859597522990231511e+00
-1.246674302620448982e+00,1.133167859981605519e+00
-9.731930221733778863e-01,2.605587099225455394e-01
-1.107101349187175732e+00,-1.260436881788999375e-01
-1.102882804060961508e+00,-1.637705332322944018e+00
-1.206381955902031677e+00,-2.969052353324265425e+00
-1.206439498250595266e+00,-3.905757873167380101e+00
-1.045971826571137075e+00,-3.507918849671146866e+00
-7.448107907040545372e-01,-2.696476038684401555e+00
-5.232054391032593399e-01,-2.175822084067100981e+00
-4.499446970897603149e-01,-2.284241320035638179e+00
-5.080945459067840453e-01,-1.860268289969595923e+00
-5.091790323704372678e-01,-1.272095822374685659e+00
-4.055688090143869662e-01,-5.845432133739222325e-01
-3.010924790082808999e-01,-5.906663155206943738e-01
-3.297571348935032232e-01,-6.518143048911176907e-01
-3.232127381037922520e-01,-9.628091857481310134e-01
-4.611042804731342315e-01,-1.108421532411705712e+00
-4.289692209136241052e-01,-8.338982906538369155e-01
-9.622590314734370542e-01,-4.397513512237232192e-01
-7.515528108983380307e-01,-6.572839260241606363e-01
-3.496935418713261190e-01,-1.452834690994678102e+00
6.590240494696789630e-01,-2.265686358779644305e+00
1.174212034041179686e+00,-2.464695623149891990e+00
1.165540647775425098e+00,-2.054941468458915121e+00
8.948525648676750599e-01,-1.423968088760685591e+00
3.250320497865060720e-01,-6.913774012838100891e-01
3.959163867850381754e-03,-3.253520820452978080e-01
-1.008743914253351193e+00,2.769876768793587685e-01
-2.015133364723102005e+00,7.652584037275539375e-01
-1.903094887268090618e+00,6.803696833619484741e-01
-2.730055599520383680e+00,8.479143768843010465e-01
-2.589071255914604741e+00,5.407110731582212004e-01
-2.281553024650686989e+00,6.792180682676556003e-02
-1.510794452270893373e+00,-4.199270401507577688e-01
-9.013387554174425720e-01,-4.053044110380895071e-01
-6.422484057244722822e-01,1.668229145981871553e-01
-6.594416613661191473e-01,6.179741771292495134e-01
-4.786650237914630845e-01,5.364782664218388231e-01
-3.041953937667926655e-01,2.532671982627105467e-01
3.988786070291510111e-01,1.351901847786486366e+00
9.408489940899522619e-01,3.533830671689349057e+00
2.013492477991158491e+00,6.593888077974407125e+00
3.384614843552129937e+00,9.624282615592198553e+00
4.936608284156767112e+00,1.222962783456263658e+01
5.843166810935385591e+00,1.394899887148663176e+01
6.171314163707393163e+00,1.462971820170482928e+01
5.874677267701843064e+00,1.401469494126819271e+01
5.149398372647754130e+00,1.221149750657210120e+01
4.073502509798448301e+00,9.093691670643799796e+00
3.017913553854547182e+00,5.945938770814504615e+00
2.027416343765314988e+00,2.769174431555296856e+00
1.328352829240419419e+00,1.506736770418158899e+00
4.665191310579681616e-01,4.264082750570220570e-01
3.583161454461973334e-03,4.798898624732807483e-01
-8.121682068231650398e-01,3.952587592396574756e-01
-1.543218963034800106e+00,5.600315206548819313e-01
-2.036357600566568671e+00,8.130466669306125604e-01
-1.724399653192919324e+00,1.025150688848458502e+00
-1.317861878954095012e+00,5.268989206324465879e-01
-7.386827375147806407e-01,1.454552465624436020e-01
-8.617253807511577879e-01,-1.892107036313981139e+00
-9.440886266011545569e-01,-3.882199941324511627e+00
-1.206226990431611190e+00,-5.475446143922772180e+00
-1.153152753942828790e+00,-5.504458290048965807e+00
-8.945452387896767332e-01,-3.995882999792409240e+00
-5.894153166847122538e-01,-2.393710915490017577e+00
-3.592985598489517041e-01,-9.342379364495599914e-01
-4.518031428132930905e-01,-1.077293971297515363e+00
-5.001346608983062714e-01,-8.674747417347901113e-01
-4.209713928497347268e-01,-8.841226382336914158e-01
-3.366638809757226958e-01,-7.537431697781451501e-01
-1.589000840866386932e-01,-3.932811681518097457e-01
-3.746586488846258001e-01,-3.962628049526482621e-01
-4.691545915468744998e-01,-5.579853213333094697e-01
-6.132450227004627719e-01,-1.140689984204128482e+00
-5.738161926213100061e-01,-1.296439395195525979e+00
-5.414210745629477461e-01,-1.330762882690408322e+00
-4.645175303846910131e-01,-9.863167522719887836e-01
-3.037515070568932996e-01,-7.142549037117464916e-01
-2.764819010464389937e-01,-6.646139498346742558e-01
-4.000964394288007431e-01,-9.399841450006652943e-01
-5.795651414581496352e-01,-1.018783902660930440e+00
-6.430550429557393421e-01,-1.038147426562047615e+00
-6.430550429557393421e-01,-1.038147426562047615e+00
-6.036262128765865764e-01,-1.193896837553445334e+00
-5.717314854458599438e-01,-1.226499046956657235e+00
-5.219235922515675918e-01,-8.477940049787323629e-01
-5.204237351690249591e-01,-8.510530822717183863e-01
-4.791834228889087499e-01,-9.183032378424729192e-01
-9.097505251711916763e-02,-1.231684181610815942e+00
1.149104410412503663e+00,-1.772923928623055811e+00
1.834996171474522653e+00,-2.006283746413221714e+00
1.969170171892790089e+00,-2.305181199334066289e+00
1.288812146404479941e+00,-2.002071368031565157e+00
7.563011700110743307e-01,-1.631698399711447589e+00
2.112669605076895052e-01,-1.259539802472978920e+00
-4.633188348577687438e-02,-6.797918493362757886e-01
-7.951030912222195601e-02,-1.940976880924998038e-01
2.169304326816546002e-01,-3.199858179401780522e-01
2.681632970635376978e-01,-6.156708333015954437e-01
3.020291055415995352e-02,-1.092926012460882834e+00
-3.311538512044889249e-01,-1.177731166348017222e+00
-5.522015731213634204e-01,-1.205493140721303424e+00
-4.800433835058123822e-01,-1.291925677640363368e+00
-4.691033180603215724e-01,-1.258146909123346147e+00
-3.162023877567761154e-01,-6.762038533693208731e-01
-7.203935214129789100e-02,-1.411963960561328502e-01
2.213484855725652012e-01,6.500765220479053086e-02
3.986174923506849432e-01,-3.423367444244006519e-01
1.260607942000551984e-01,-7.664611292029919198e-01
-2.238305901798156583e-01,-7.816786415504651808e-01
-6.396985831847050719e-01,-6.326361260462608493e-01
-6.885272776104809367e-01,-4.505712636736962651e-01
-6.912388656604283588e-01,-5.914592723581558742e-01
-7.556711491893419730e-01,-7.609134668527666179e-01
-9.036563695406102381e-01,-7.974056011600175742e-01
-8.462544629819254149e-01,-5.496772561362130993e-01
-5.822151988162677094e-01,-5.027082775045271790e-01
-3.012434055127600208e-01,-5.256108389488381993e-01
-3.770920000516118642e-01,-6.444521550148128997e-01
-5.843332379403481935e-01,-2.940673950911719126e-01
-4.425963630642446023e-01,2.649587233473194026e-01
-3.680238284200060828e-01,3.694757750202765645e-01
-1.507772896847166255e-01,6.070502103119416182e-01
-1.308924754222349496e-01,4.025112366666239727e-01
-6.043712709731977051e-02,1.208382948621850916e+00
-4.207062733475207955e-02,1.806560782432132362e+00
-7.773383731997431101e-02,2.443173153006062304e+00
-4.123226928135801522e-02,2.056813818523781645e+00
-1.725413259565015678e-01,1.749410848559552978e+00
-2.752287618998585650e-01,1.306656909754839724e+00
-3.349922415890455030e-01,1.343590958275604041e+00
-2.878862285120657449e-01,7.373598504581482249e-01
-3.260157209239661902e-01,8.797577543149231322e-03
-8.556305835246967861e-01,-2.140903395282515720e-01
-1.821065529914932757e+00,1.800185891981996855e-01
-2.762889512238416945e+00,7.249964007072262628e-01
-3.381973430148388804e+00,8.616768519387221215e-01
-2.992290082235315563e+00,6.006365577942024414e-01
-2.266970230309532042e+00,5.411171278078952263e-01
-1.231310925052313987e+00,7.233467291105302177e-01
-7.411272944053832745e-01,7.168730099023694624e-01
-3.448957853761160375e-01,3.455290788413321601e-01
-2.343460661375864340e-01,-5.454738006208625922e-01
-2.052694079643254399e-01,-8.037602252912506851e-01
-2.037959195547004582e-02,-8.693198327851863194e-01
1.721974939615583955e-01,-8.485320526413375752e-01
1.721974939615583955e-01,-8.485320526413375752e-01
1.464135219533681531e-01,-8.223998599399091614e-01
-7.154803800650620660e-02,-8.299027705665510402e-01
2.175343633795219778e-01,-9.597144134479392852e-01
4.362541538932039886e-01,-9.108967551215422231e-01
1.351057229292787598e+00,-1.734970227630256989e+00
2.195086453575940677e+00,-2.353568238721973405e+00
3.045281610714831722e+00,-3.028753677737091365e+00
3.423106100142287556e+00,-2.749307524340924402e+00
3.007032132993035844e+00,-2.095111995861038690e+00
4.389559698421202860e+00,-2.006031385418689084e+00
6.469888203020011552e+00,-2.221226726226961823e+00
1.040792237810962639e+01,-3.387846441947139908e+00
1.340066145873988290e+01,-4.198706391152216000e+00
1.521606596178753001e+01,-4.751933416400645704e+00
1.545651244704245109e+01,-4.757458128858590207e+00
1.369256289750894062e+01,-4.204394172424235521e+00
1.176728330827647362e+01,-3.500713852612679755e+00
9.548750006626294251e+00,-2.758437311661539049e+00
7.565883900173285603e+00,-2.265607747950870277e+00
5.194352983360345455e+00,-1.861170395441318348e+00
2.662604946463928091e+00,-1.742925184648226766e+00
1.789543381423189361e+00,-1.733083055482079748e+00
7.235301926914459170e-01,-1.564217659887201295e+00
5.563336453363713074e-01,-1.252568257108256367e+00
-2.689989992763844873e-01,-8.622880548062901163e-01
-1.075358073456334385e+00,-4.257001539450838701e-01
-1.717997806029488705e+00,-2.870557419327060891e-02
-1.938985120166754506e+00,2.912595976025263989e-01
-2.453697445632025076e+00,5.290421521289470075e-01
-2.507562438952406936e+00,4.511495761346929756e-01
-2.902265869494980333e+00,5.371972355457662607e-01
-2.341011944838395475e+00,3.418752885405621500e-01
-1.879652185221813987e+00,-1.544722598152769577e-01
-1.559359107850170290e+00,-1.055975018642255847e+00
-1.745380322718633748e+00,-1.810943566389848991e+00
-1.650851395009868217e+00,-2.259379196226684705e+00
-1.360992364102236118e+00,-2.251852753714640887e+00
-1.002878595635548820e+00,-1.824940512733911557e+00
-7.255457384374370822e-01,-1.427199727140018526e+00
-6.315643003463584648e-01,-1.389138046899616175e+00
-6.500650147684415847e-01,-1.007043807449482520e+00
-7.101198402195426640e-01,-6.745407551940251212e-01
-7.034604122415147875e-01,-2.139013232672310263e-02
-7.015845813754607585e-01,2.524014259335831054e-02
-5.012171930205291392e-01,2.644696796799048122e-01
-2.354728445420747607e-01,3.547785813700044533e-01
-1.814760289147475947e-01,1.256488111104419603e-01
-3.096236712964686721e-01,1.699797978610724167e-02
-8.398927811721795811e-01,-4.011039904243861032e-01
-1.279653900183618243e+00,-2.074218417401526848e-01
-1.674036877988948513e+00,-1.281397939691313048e-01
-1.589167060707521451e+00,5.237541227709165970e-01
-1.243918127142314090e+00,6.437845686484137131e-01
-8.062455121270024616e-01,4.761020812479378472e-01
-5.266380593946897726e-01,-2.460356982554647576e-01
-3.850962011692321552e-01,-5.537546883440324086e-01
-4.338682036556351096e-01,-5.059460981563632664e-01
-5.393364464834181637e-01,-5.667187128333708301e-01
-5.088854021827741159e-01,-6.497436933359341804e-01
-5.266481770040701837e-01,-9.589561247572896407e-01
-6.043977407876626184e-01,-1.206298748802191900e+00
-6.764713651904781244e-01,-1.466209177178915635e+00
-7.086752928310283695e-01,-1.527276036201907994e+00
-6.691634840404915296e-01,-1.329852802558936897e+00
-6.853363950389511627e-01,-1.430589214956641930e+00
-7.577319577874944700e-01,-9.576890596932782218e-01
-5.481190601993428668e-01,-8.882633054601701827e-01
-1.576835016297099545e-01,-7.592172329206515746e-01
6.978295776429064290e-01,-1.608084002730343798e+00
1.484426093002196856e+00,-2.476412446157032932e+00
2.185647551505085939e+00,-3.093937233243307716e+00
2.500634273685815590e+00,-3.269202160797896273e+00
2.447739194021972597e+00,-2.933796927435103896e+00
2.027560073457904455e+00,-2.124028976953800552e+00
1.354389617179132754e+00,-1.319642742147450143e+00
8.814671912448628355e-01,-7.072233791466615571e-01
4.255128068975873035e-01,-6.507011148354869823e-01
6.798918905959071557e-01,-6.038452037715001941e-01
6.189734326582675417e-01,-2.716563805049183045e-01
1.158284132664551880e+00,-2.000921336208467613e-02
9.666075623856387189e-01,7.025223677212181217e-01
9.346384833888281563e-01,1.295179623908555788e+00
3.436867759482062357e-01,1.728003351288009748e+00
-2.107640908715883721e-01,1.750974650964983947e+00
-4.893162553234397527e-01,1.309271323970473411e+00
-4.857176900520134843e-01,7.409942376416240872e-01
-4.078626870190227849e-01,3.432007144500796858e-02
-3.325005712127222512e-01,-5.812661706166907249e-01
-4.114107915789092518e-01,-9.133893838369411267e-01
-2.386283322173970156e-01,-8.640468230588810306e-01
-1.988534133661529479e-01,-7.083904162741746502e-01
-1.005006607892578868e-01,-4.656661958612275387e-01
-2.157079555614436206e-01,-1.714479754281384993e-01
-4.479010502961176532e-01,6.719395985150417028e-02
-4.582058613680812797e-01,-1.329581307911869778e-02
-1.223290841885197544e+00,2.311980143202168325e-01
-1.329910322181271809e+00,8.567605332572081345e-02
-1.539761793985491956e+00,5.794818193456618971e-02
-8.688766053374538112e-01,-5.063374143539151051e-01
-6.818754261767415725e-01,-6.228149232937513213e-01
-3.098050685406223970e-01,-7.083729577523437682e-01
-3.055886235068678292e-01,-5.549694714872193124e-01
-3.545310192026924212e-01,-4.816731442005862118e-01
-5.271846693825255059e-01,-4.873156978946066586e-01
-5.238401844393268947e-01,-5.934073664273760151e-01
-4.710028956200403849e-01,-6.234953433173426873e-01
-4.022996642710379711e-01,-5.028505722508849196e-01
-4.052922528090934784e-01,-3.168259358718000795e-02
-4.572117161043196543e-01,3.935765885757058768e-01
-5.224291670015702715e-01,7.033532860592759395e-01
-5.146451957145143918e-01,6.251137741677884607e-01
-4.482982745462683605e-01,1.924232662942891026e-01
-3.769114274375865437e-01,-5.770175248432677512e-02
-3.324264772248767263e-01,-9.729716682988477638e-02
-5.076064323199976913e-01,2.350236119489284431e-02
-4.207560464120315147e-01,-2.579355565470419220e-01
-2.901068222905459071e-01,-5.216312801222491302e-01
4.114712174591982075e-02,-7.769100915097240101e-01
1.377257027778807208e+00,-1.058268598064664889e+00
1.717870837307678533e+00,-1.178843417636679103e+00
1.543916472860927147e+00,-1.101937685606227513e+00
1.363061993131360894e-01,-9.818160328640402890e-01
-4.549059183261420225e-01,-7.838185732050336751e-01
-3.932220884107893721e-01,-6.808424789931518673e-01
-3.174471552616081604e-01,-2.735092868980486536e-01
-2.804267083268589533e-01,-1.443727972366949386e-01
-3.329702263895955028e-01,2.415133551182335747e-02
-3.567792374473956474e-01,-9.506298964413423258e-02
-6.164568427421523999e-01,-1.485619457145249678e-01
-8.441049007018913697e-01,-3.079443012230335674e-01
-1.195688620630119159e+00,7.666486790032005227e-02
-1.158541016853092742e+00,8.534006759220164051e-02
-1.478823923912249816e+00,6.099287894536692400e-01
-1.754338951240513866e+00,9.162817137928772615e-01
-2.114336537925012749e+00,1.324173928060850436e+00
-1.965998094780019967e+00,1.281150395335549197e+00
-1.567987102272490496e+00,7.879739760759020273e-01
-9.373942934744450284e-01,1.164076853623511459e-01
-5.980483759575460079e-01,-4.801116337794154032e-01
-4.210113364454230456e-01,-4.308049984276398625e-01
-5.079400444052193375e-01,-2.649182849830197806e-01
-4.453842577554570914e-01,-1.442886323584887942e-01
-3.495615739610917760e-01,-4.463437543677580277e-01
-4.004929115645495807e-01,-6.610088913723973780e-01
-4.888892462627326130e-01,-9.330435227794603437e-01
-4.919065547122940529e-01,-1.000643639604304358e+00
-5.477867518098711308e-01,-1.275215513782325560e+00
-5.196240695889594585e-01,-1.153912034826080513e+00
-5.158369405466791680e-01,-1.123567590908989278e+00
-3.933134257870341544e-01,-6.892421011916990414e-01
-1.877937944647244117e-02,-4.672739841489880752e-01
6.087348003744440517e-01,-6.686879238190571173e-02
1.041102490280463533e+00,-1.038376186662474075e-02
1.053742607873030313e+00,-3.956587283334476735e-01
5.491156046561623816e-01,-1.066370971316967342e+00
-1.532384618644612971e-02,-1.491894048501528625e+00
-4.227483160390994588e-01,-1.642577045345089637e+00
-5.973530835030971264e-01,-1.490971197765034617e+00
-4.952126086978864139e-01,-1.234108293412874424e+00
-3.187614381931602736e-01,-8.842570000630733951e-01
-4.579702275942180156e-01,-5.616709023147469226e-01
-6.871777658126793087e-01,-3.317794639067708773e-01
-9.238189700960042217e-01,-6.555013762458947735e-01
-8.381647766534714439e-01,-1.094474587023684942e+00
-2.573952856508565090e-01,-1.335916641519902193e+00
-1.582237850075098040e-01,-1.216009582174117476e+00
2.366730734296922101e-01,-9.628801604962075045e-01
3.061839070436315202e-01,-8.067493751666877655e-01
5.617443455550835685e-01,-4.492274567551821085e-01
1.080627260931976252e+00,-2.782772333705778034e-01
1.603567395422154984e+00,-1.798963754846799601e-01
2.027299619286658139e+00,-3.135190597316677708e-01
1.612838371818970051e+00,-5.418274903538622400e-01
1.061880479219100115e+00,-6.979210227888137386e-01
5.003479447999426011e-01,-5.971719115270541778e-01
3.026892289222766763e-01,5.434322809419475098e-01
1.767141005497357975e-01,1.279131342684278749e+00
1.568779044912698151e-01,1.764226981805796513e+00
3.112014938546562859e-01,1.681712336198472491e+00
1.483377756135346726e-01,1.862046042694679215e+00
-7.650613116041034001e-01,1.526956367845492935e+00
-1.925541846453809436e+00,8.034115740020827401e-01
-2.758605889902935093e+00,-5.941434694614102646e-02
-2.755021907876406217e+00,-8.980205663530984594e-01
-2.135520100866519666e+00,-1.163953677735741099e+00
-1.317984159387265874e+00,-1.202307175829727681e+00
-1.317984159387265874e+00,-1.202307175829727681e+00
-1.609415564732168402e+00,-1.846661368897354771e+00
-2.157060620824746699e+00,-2.541072965090078295e+00
-2.052094353679054795e+00,-2.652436337154128854e+00
-2.286137838700995406e+00,-2.632005642863531225e+00
-2.254153254215834679e+00,-2.199756119346645722e+00
-2.340240226853933514e+00,-1.697101126133224946e+00
-1.873114148339527718e+00,-6.231811820960252435e-01
-1.160321551668299866e+00,6.546083548997546631e-01
-4.502386429736823237e-01,1.919219342353154278e+00
-2.091903450661446867e-02,2.729726053534735630e+00
-3.013804505502283571e-02,2.536042186042160473e+00
-1.964756190848426232e-01,1.622959045748779250e+00
-2.557405261109807482e-01,1.256676789592593657e+00
-2.543549687482652422e-01,1.397945147536227450e+00
-9.172317488066093760e-02,2.290696638419567499e+00
-2.091903450661446867e-02,2.729726053534735630e+00
2.148845946096112833e-03,2.656004363058058093e+00
3.752394896777760253e-02,2.284936096010121265e+00
1.287704685384584158e-01,1.365481452291319897e+00
2.047510761965378734e-01,5.995697377859580124e-01
3.576776925980668653e-01,-1.386025729109113293e-02
6.352283855354209918e-02,1.833932972563277475e-01
-8.483012583789371897e-02,-1.414300533276469443e-02
-3.690598369363586873e-01,-2.240812944820783081e-01
-3.322804014779045523e-01,-3.860412441450488119e-01
-4.646362060317525411e-01,-3.421970976198467906e-01
-4.724071465516873625e-01,-2.147539523733861810e-01
-4.716567589372052116e-01,-2.590605055296270609e-01
-4.497184502245505922e-01,-3.084473327151783795e-01
-4.400771895830802860e-01,-4.518161991385676868e-01
-3.259979502684604014e-01,-4.693962260190955860e-01
-4.916317846074473308e-01,-7.035445016394662465e-01
-5.573333105569884260e-01,-6.273840323672454922e-01
-7.057059266762902849e-01,-4.430138638645735871e-01
-3.675961607703546741e-01,5.662477661824516506e-01
-3.690318273993714593e-02,7.288259020999198201e-01
3.180615643508711288e-01,6.323705076018432125e-01
5.143324419479883280e-01,-1.546200430085019062e-01
6.166283588862412346e-01,-1.654144476321742219e-01
6.986533968899087954e-01,-3.300948587848500093e-01
9.550356060269812319e-01,-5.321352963382146584e-01
4.659350664200740955e-01,-7.110866398753270534e-01
3.967983011840508500e-01,-2.608046770875326881e-01
1.462511355185659168e-01,1.324503837825825370e+00
7.607264342360613441e-01,3.333582483283065390e+00
7.836725162440488779e-01,4.689658090207064589e+00
6.188236430553313294e-01,4.780244089446151534e+00
2.100910332384444551e-02,3.711726886493156741e+00
-3.118210496771344209e-01,1.963821944172441158e+00
-6.148737081829038775e-01,3.215361519194134821e-01
-7.854233975823626812e-01,-6.280544124776820114e-01
-1.387971652742690409e+00,-8.566819167878677588e-01
-1.627689844317634194e+00,-8.971996984621146698e-01
-1.475117835791463161e+00,-1.044599081924964423e+00
-9.630311345179566329e-01,-6.881537365234099424e-01
-5.287533513879671965e-01,-1.096732630926701701e-01
-3.562652211857832985e-01,4.731844797581526985e-01
-1.858824045072625664e-01,7.495707853818869282e-01
-1.732791221117671865e-01,3.690805125687462440e-01
-1.682996669120767341e-01,2.966893543052374627e-01
-2.446885688123411617e-01,3.264625691305046429e-01
-1.783812351469332980e-01,6.790762965929629802e-01
-1.858824045072625664e-01,7.495707853818869282e-01
-1.732791221117671865e-01,3.690805125687462440e-01
-3.832886570426463635e-01,6.549204940875543723e-01
-7.382046144041397584e-01,1.011012351284324762e+00
-1.078197246696223299e+00,1.539406003474702578e+00
-1.411055497538140191e+00,9.773340323623698200e-01
-1.440392040519150818e+00,5.566722411900368872e-01
-1.145094741488861700e+00,9.546155826935619204e-02
-6.223548954459453553e-01,3.400059258764811521e-01
-4.951853668039522538e-01,3.900810732532506986e-01
-6.707533700170079660e-01,1.879027012238494165e-01
-9.988421960639588537e-01,-6.931044610448454379e-02
-8.990947180446767772e-01,-4.788855650054397173e-01
-5.235066022794983009e-01,-5.606757418648407043e-01
1.596302029680072079e-02,-6.959628374687201191e-01
2.412771830883081725e-01,-6.927493377100176764e-01
3.956343849872664964e-01,-6.925341725766654966e-01
4.037274612758057213e-01,-6.377414919320291142e-01
1.259942002671616545e-01,-4.696693733176406926e-01
-2.454477003058342377e-01,-2.928279745651543031e-01
-7.404663589157736148e-01,-1.672163234080040750e-01
-1.030264757234820472e+00,-2.024998961828309851e-01
-1.407837050731935324e+00,-7.802114802344476407e-01
-1.617606594560837774e+00,-1.412236138891001413e+00
-1.611987667446012740e+00,-1.827052860066685991e+00
-1.307364802632372536e+00,-1.643279668492632739e+00
-1.061264436072805628e+00,-1.057144760424322039e+00
-9.744267341447213626e-01,-3.317425136902682481e-01
-1.091657154849126066e+00,-2.091454444436261773e-01
-1.087498357121278403e+00,5.103229232295451723e-02
-1.020896697685064192e+00,6.224646098312420356e-02
-9.070068865273904768e-01,4.578986873310872396e-01
-7.315915310610356936e-01,7.108276789281612329e-01
-5.356468754774241781e-01,9.330061105238441899e-01
-4.216543253428310378e-01,6.089460494222880271e-01
-2.695286234681357751e-01,2.777458646722535396e-01
-2.494945145036550904e-01,-2.357019807182141602e-01
8.949721176520723798e-02,-1.446438195886273204e-01
-4.469993123381175992e-02,-5.806998808033585480e-01
-8.195866148333054435e-02,-8.157378273971471749e-01
-5.823933332383447459e-01,-1.278470941938501637e+00
-5.268699932478319026e-01,-1.057179675052297485e+00
-9.807365102659090228e-01,-9.546295773033974807e-01
-1.461963815268296996e+00,-8.924661432329248356e-01
-1.963517292892572819e+00,-1.030218486177518766e+00
-1.871196434435733913e+00,-8.886777709940895109e-01
-1.269679627225409169e+00,-7.475583000562060487e-01
-6.137170042636844736e-01,-6.019911145245531170e-01
-1.612709946706475106e-01,-5.320520273286611923e-01
-3.606167658161656409e-01,-4.818925108617209130e-01
-1.560006045242771366e-01,1.997327529967762166e-02
8.427086847005615944e-02,7.205701167747177172e-01
4.651403331407817920e-01,1.764898799195855794e+00
4.323082900764046443e-01,2.059449746416896598e+00
5.363108658128593609e-01,2.740849411761786314e+00
5.223558761832225450e-01,2.895402574789842642e+00
7.908719221863059756e-01,3.369114984536889956e+00
8.943498127312217161e-01,2.885440715358077668e+00
1.194738421849236953e+00,2.489063219969886109e+00
1.490031840438121424e+00,2.194474408163295198e+00
1.609272880810078465e+00,2.125476199104500363e+00
1.405609810054602837e+00,1.967941476134180245e+00
7.907752042625915134e-01,1.224024571681393114e+00
3.473037039109099222e-01,8.611057383814034738e-01
1.192457091354293258e-01,-1.560139305054770165e-01
3.641763918099673591e-01,-5.301344371369156594e-01
5.064958625073402443e-01,-1.305555505367840707e+00
5.749099091518881099e-01,-1.509298556299393690e+00
5.024160710413176911e-01,-1.377298950546489209e+00
2.605134321526985652e-01,-8.820317630926532981e-01
-1.068183554141670794e-01,-4.942184602827103257e-01
-6.630783869330589830e-01,-2.600723292071774884e-01
-9.631981840459268307e-01,-3.118987797285648345e-01
-1.114153061528888378e+00,-3.168612659030003442e-01
-9.351733142115083997e-01,-4.188981771840920021e-01
-6.398619274030491466e-01,-5.032247741692410514e-01
-5.656768954072385336e-01,-5.431587437807302576e-01
-6.002515477348558948e-01,-4.510080293628597747e-01
-7.181877970615060391e-01,-4.975624106187648277e-01
-9.466511885853242658e-01,-4.710227028748799061e-01
-1.418398868112862532e+00,-1.109806131845820915e-01
-2.052643549366615972e+00,2.773736364465650417e-01
-2.445586988502317372e+00,1.188836485476597149e+00
-2.471407659859432560e+00,1.929512202466911130e+00
-2.285789765169642607e+00,2.700519385226552327e+00
-1.969092483763384527e+00,2.599543033168672412e+00
-1.817002493291441700e+00,1.936839411310900871e+00
-1.346179923273401302e+00,8.336879003898988172e-01
-9.129755719236284373e-01,8.025019413611092500e-02
-8.622468104976139802e-01,-4.395004031979400372e-01
-7.081434040913021644e-01,-3.471145026214939588e-01
-4.099566460059855255e-01,-3.992983757759721586e-01
-3.830372614207682158e-01,1.016112375225778353e-01
-4.722580417332697955e-01,1.795817362614856860e-01
-5.718988720067350595e-01,2.689639734200827137e-01
-7.792172693397162453e-01,4.021705453815160869e-02
-9.988421960639588537e-01,-6.931044610448454379e-02
-9.995555096923918192e-01,-3.411720132162637809e-01
-1.013528476957570978e+00,-4.900157836728168959e-01
-1.071862028576343828e+00,-4.116507224422382150e-01
-8.292640614461823656e-01,-2.070005128224170765e-01
-4.618480384731309396e-01,1.978398727953296909e-01
-6.294276080113114791e-02,3.968310658505517785e-01
1.642971120249121231e-01,2.193344732135036335e-01
-1.856642075228494559e-01,5.906969286511658535e-01
-4.654499501543045703e-01,5.724256920739668741e-01
-1.081595718280434548e+00,8.439557874011368588e-01
-5.735058981731302463e-01,-5.520793186906750721e-02
-5.019892173769686661e-01,-5.873178316720543135e-01
1.372191404224465949e-01,-9.742931946607679139e-01
1.372191404224465949e-01,-9.742931946607679139e-01
1.342246215405409782e+00,-1.102591058410384850e+00
2.461890201126480715e+00,-1.641725947664408825e+00
4.015691101595566082e+00,-1.780389262999126476e+00
5.142962851857896922e+00,-1.597397948471469764e+00
5.277308880603387209e+00,-9.561462796933118957e-01
4.365394939954263087e+00,-4.385995557705008041e-01
2.532870977041117744e+00,-2.385489900050897366e-02
8.264275785557432252e-01,-4.892085833573300846e-02
-1.016146500868124053e-01,-4.199761731943576493e-01
6.557460754878320641e-02,-7.173064893596947655e-01
2.639748029112005123e-01,-7.340097587610756591e-01
2.639748029112005123e-01,-7.340097587610756591e-01
3.707674285693205452e-01,-6.164409423903606244e-01
9.416481410523057649e-01,-5.634584969990462655e-01
1.483967746548057631e+00,-2.200403348194494846e-01
1.967584366992476630e+00,-1.825509345750338519e-01
1.966448177568899114e+00,-2.790267203943752258e-02
1.421856408260505411e+00,1.275077448263536861e-01
6.128309119119602633e-01,3.369100820833948462e-01
-7.328740100596616847e-01,6.280397716997482283e-01
-1.874326174258593936e+00,7.707658459195519951e-01
-3.378786117947722545e+00,1.300032406078545755e+00
-4.831843973372564882e+00,1.717180053930882133e+00
-6.005352373299711388e+00,2.024385593956949503e+00
-6.132050759580643273e+00,1.975974955758918128e+00
-5.657611144343617227e+00,1.748731088491277452e+00
-4.265621634089521663e+00,1.372842524989577484e+00
-4.446035587935466715e+00,1.336581366956347106e+00
-4.726645115100836847e+00,1.091358294466928447e+00
-5.903210692753920519e+00,1.131469951315021039e+00
-5.336534780100097741e+00,7.565161189788448537e-01
-4.169133640529234519e+00,6.983094296321534777e-01
-3.109074717905013774e+00,6.998362844239818248e-01
-2.157650579543468172e+00,7.036423872687221914e-01
-1.904025954027362522e+00,5.095955984153123230e-01
-1.271380734471790008e+00,3.486690152584579483e-01
-1.006469272727223752e+00,7.105886410342733550e-02
-8.097918903707577165e-01,-1.644481701917753502e-01
-3.034496675997549464e-01,5.473396402927341864e-01
4.503622732151799646e-01,6.871274061465251215e-01
9.154720565573386537e-01,5.538513713729460441e-01
9.412801090544273830e-01,-3.933337805805020015e-01
8.034351919476558912e-01,-1.671898438951673060e-01
4.545724712940091283e-01,1.591713316847372106e-01
1.184586883544700708e-01,3.518749588835757836e-01
2.671214253563886087e-01,2.468133724937706941e-01
5.316309229915591184e-01,5.218513000574511729e-01
1.012773451220416732e+00,1.482118608137906302e+00
1.268831016419329938e+00,2.277633333880742850e+00
1.264441888411774961e+00,2.784831916765120319e+00
1.135009293168438793e+00,2.582203740103215406e+00
5.581501604797125538e-01,1.758596287307782502e+00
5.919327150576074725e-01,1.638401035076396450e+00
4.976776457982483026e-01,1.707581787960948949e+00
9.285742358628348292e-01,1.978288699641909565e+00
8.037177079211772490e-01,1.264245722801699889e+00
8.730472291219574243e-01,4.638129408513367857e-01
8.981535202385889649e-01,-3.358258859517714301e-01
8.520135639312790277e-01,-8.602034038293265850e-01
6.919787414805433912e-01,-9.305984719811492001e-01
4.335912815227388473e-01,-9.170079044178708338e-01
1.517081139789961675e-01,-1.043983963627303835e+00
-5.598451623815073330e-02,-1.085089644095247330e+00
-1.113353301709674344e-02,-1.991295732042651645e-01
9.525357075693606512e-02,8.109072697252888151e-01
2.833294128977569826e-01,1.459787623989571959e+00
2.086880560424753395e-01,1.301419533357911051e+00
1.528889662438212005e-01,8.675606356942490160e-01
1.580704324643852077e-01,3.929026404714361376e-01
2.904850168928410081e-01,-3.270243502804124347e-01
2.630115626085138270e-01,-8.189870624600636972e-01
5.424210145500258928e-01,-1.261786227141367123e+00
5.483313534467330053e-01,-1.452344286646412685e+00
4.972801646444580670e-01,-1.313182481107755706e+00
8.744164770214526983e-02,-1.166303271876907743e+00
-7.294384678020181256e-02,-1.066250342525235650e+00
-1.783342552216058419e-01,-9.751113700035936027e-01
-2.983701491405637007e-01,-8.977266574646759478e-01
-9.812951194798560928e-02,-7.360686355585359664e-01
3.919678424810388861e-01,-6.675865607389314116e-01
7.552872050559442663e-01,-6.059010122236935247e-01
7.688102710159662179e-01,-5.509919758573622595e-01
6.869188650047840516e-01,-5.421871500182151582e-01
6.221015710046745584e-01,-6.865664050790073469e-01
3.133585740819838650e-01,-4.635947826927926396e-01
-7.077460667298743346e-02,-5.586340989276116220e-01
-7.265760224345845231e-01,-3.695390206631631314e-01
-8.506097229084692568e-01,-3.706123865399191253e-01
-1.060072360713498085e+00,-1.563418825079073426e-01
-8.488567393464605537e-01,-2.333288720253384463e-01
-7.132268542124409194e-01,-5.425713554844988629e-01
1.011154071721795215e-02,-6.227941578032367698e-01
6.497011366727374337e-01,-6.110829016152047322e-01
1.162743293989630944e+00,-2.823142332556320411e-01
1.344996270705330232e+00,5.892095817287626991e-01
1.009584297855678825e+00,1.502957349808102583e+00
7.494852900307514831e-01,2.025818783152876001e+00
5.840733859677570416e-01,1.725802122938613570e+00
7.749840859270162863e-01,1.745724921966072429e+00
8.534376509237208142e-01,1.649549504017983725e+00
8.768855336062776340e-01,1.780125941128354095e+00
4.803676419451279878e-01,1.083888331721396980e+00
2.174002571610460510e-01,5.447628706545027955e-01
7.448626159516479051e-02,5.013419358912857282e-02
1.254581075222497843e-01,1.196874060623349251e-01
-5.932280829673831218e-02,-1.526790828979402159e-01
-4.346883812827521121e-01,-2.194475147085895861e-01
-7.972408615971254831e-01,2.840217866456788611e-03
-7.478263230298415332e-01,5.086168741346404065e-01
-6.189732744246894125e-01,6.149455771243869107e-01
-6.317113179768052422e-01,9.234082545121011787e-01
-5.958134414509522747e-01,9.860203170431556252e-01
-4.707545213529273909e-01,1.078413624526825876e+00
-3.210624549479288437e-01,1.044820402170258955e+00
-8.102784984298065651e-02,7.113278099854721814e-01
-5.577930656112704833e-02,3.565940821622877177e-01
1.234663634731247711e-01,4.589075097895336519e-01
2.380707751187044752e-01,1.045680165973615017e+00
1.020449955526881336e+00,1.849480932395789257e+00
1.676364487732525888e+00,2.183983306534639013e+00
2.185276729614768154e+00,1.966311960591513364e+00
2.087558953412817608e+00,1.582919736010533818e+00
1.682048627775229566e+00,1.208831039571272470e+00
3.598344964239493238e-01,5.722499160111569338e-01
-7.069367735724964019e-01,-1.755486589907394035e-01
-1.570424937971704127e+00,-8.712208601816937570e-01
-1.236551986334843312e+00,-1.081499838776975420e+00
-1.032023010399232721e+00,-8.025379164718591252e-01
-7.507079943554473278e-01,-2.207942823885637729e-01
-1.022779697807976840e+00,3.071267962015685193e-01
-1.130358403166518144e+00,4.413091348297532579e-01
-1.284216577316959373e+00,3.708919883793152517e-01
-8.844780126944676857e-01,1.268636083393113456e-01
-8.939269130754321502e-01,3.277972054660058254e-02
-5.759722035366210413e-01,-2.919035514046972382e-02
-1.080329834943298817e+00,1.408752701312053213e-01
-1.065774894472782508e+00,1.740042434668974403e-01
-1.519263729347779757e+00,-7.819566655459357640e-02
-1.603271305049183582e+00,-2.949981788520179005e-01
-1.936548169333053293e+00,-6.356197685699471744e-01
-1.839018198905245649e+00,-6.178879275186581754e-01
-1.741874956069143998e+00,-6.255715143847730975e-01
-1.179479411347412521e+00,-5.069495070266121228e-01
-8.358523213971333909e-01,-4.121118663209769606e-01
-6.209423792487660521e-01,-3.180633526032620728e-01
-1.009740645408607529e+00,-2.908507727767279394e-01
-1.258570793522523878e+00,-3.775837623759933370e-01
-1.313597142661251604e+00,-3.505300185725412354e-01
-1.054874344570702061e+00,-2.566631420851362977e-01
-7.282769245508665668e-01,-4.357410828256007562e-01
-5.482992652486112783e-01,-7.922482431411328463e-01
-3.366115455259538480e-01,-1.206566450002387825e+00
-2.774128995870071557e-01,-1.470619771251372221e+00
-3.018431478613801677e-01,-1.327475504858917521e+00
-4.353901415392361085e-01,-1.164354951644465785e+00
-2.660965641977199869e-01,-1.966889784502759142e-01
-8.204809366897521106e-02,3.913673741564984709e-01
-1.963963492531596300e-01,4.773686153779609365e-01
-3.789838003969338565e-01,-6.871754487086674523e-02
-5.749383822823382895e-01,-4.381872558460044309e-01
-4.680593538448241109e-01,-6.530255147877088717e-01
-5.632877047813633631e-01,-1.203143383917267162e+00
-4.143265111224387898e-01,-1.058337660602667540e+00
-2.343487866801264030e-01,-1.014918064414120469e+00
-2.858202597174834547e-03,-6.721782829883999888e-01
1.248582736746823574e-01,-8.148550420516845749e-01
-1.920827932030593488e-01,-6.462825281379948050e-01
-1.642221620396373538e-01,3.583983021081885156e-02
1.437596037642861063e-02,1.687678656740914107e+00
5.720300587738064158e-01,3.364497980416851330e+00
9.370755852059544644e-01,4.110107017107750949e+00
1.251649226755265021e+00,3.226036463007420974e+00
9.943798788544673251e-01,1.855777632026989199e+00
-6.770309524267720779e-03,1.558587112972465771e+00
-1.437988044811739918e+00,2.677044862939916836e+00
-2.768681621980427998e+00,3.734742942531043219e+00
-3.682573698069881551e+00,4.306812513054270042e+00
-3.954282318286767239e+00,4.379401541089981365e+00
-3.556304607812291074e+00,3.993580829367014751e+00
-2.763776068464941726e+00,3.266386206432621453e+00
-1.635200734734458816e+00,2.382331066546357956e+00
-1.188579523205295141e+00,1.595840821206215843e+00
-1.063436209599692095e+00,1.288137963866887059e+00
-1.436502109779413283e+00,1.465696036154412463e+00
-1.247733048894738905e+00,1.594591868191809869e+00
-1.056199723901819709e+00,2.455748405919696786e+00
-6.450705471389450718e-01,3.488216225637796430e+00
3.338167806276057248e-02,4.914738840185309598e+00
4.017138499262095097e-01,4.946840192251906743e+00
3.985184403251983976e-01,3.893452811830243832e+00
-3.152875123276663305e-02,2.081370054226441280e+00
-2.539059907810697903e-01,7.009156375652824122e-01
-1.668588277692463206e-01,3.513012004729097054e-02
-6.991233641112949704e-02,-5.792847660069775362e-01
2.049603810715399099e-01,-5.819926876495624679e-01
1.937416550235462054e-01,-8.075433477455952191e-01
2.829755488781598438e-01,-1.277859044474916272e+00
-1.801404141521101288e-01,-1.456793132072167873e+00
-7.198805311760390069e-01,-1.231100515812618257e+00
-1.181212568027444343e+00,-8.649135658180695518e-01
-1.118321289996076162e+00,-6.404416970311407331e-01
-6.078570609892888221e-01,-6.447503620858748841e-01
-3.616384673127604615e-02,-1.060920739938186141e+00
-2.025386038782794537e-02,-2.101635273162244744e+00
-2.322590327552409850e-01,-3.370640352433291742e+00
-6.196613083421302903e-01,-4.043015951632839666e+00
-7.435049432380033130e-01,-3.886568947855145506e+00
-6.975807100115032355e-01,-2.788660456320457559e+00
-4.690056443892680060e-01,-1.580179623321792404e+00
2.933347736844820752e-01,-7.330239839533133628e-01
4.378952530191166925e-01,-5.532611224270542749e-01
5.771537243093100011e-01,-4.402767692771667463e-01
-5.904949595302249471e-02,-3.002062821189851460e-01
-3.590746971453241398e-01,-2.630430833627155351e-01
-1.038615804162639211e+00,-9.598288990998427028e-01
-1.205823202563099716e+00,-1.168832837399467417e+00
-1.060952319567726843e+00,-1.513024132712042613e+00
-4.067885377859054574e-01,-1.053529579324116394e+00
-1.179673930380153168e-01,-1.405342680085426954e+00
1.068750636792590164e-01,-1.333659039831076809e+00
1.974436246538653628e-01,-1.234837229183793239e+00
9.300753229699120980e-03,-8.727324187848866099e-01
-3.921732898771418396e-02,-8.639503322158369469e-01
-2.030159504295344086e-01,-1.127188490545445454e+00
-3.993157492277140674e-01,-1.156790506065648261e+00
-5.439762282786334557e-01,-8.586227385368025988e-01
-5.115483822413247061e-01,-6.443202449860878644e-01
-3.437110887920818425e-01,-3.360659514875953269e-01
-1.067707705187439932e-01,-1.939057655110877076e-01
2.616393048133060506e-01,2.568485995094893504e-01
3.658154630739211544e-01,4.840223444870401792e-01
5.847961341426926030e-01,6.125826450697263725e-01
5.820086679133898988e-01,4.210688040062013915e-01
8.900423734116555963e-01,2.305186981089801523e-01
7.054063956107852196e-01,7.833371138106388909e-02
6.639317719283661656e-01,-2.149856043293427166e-01
2.200017686455257859e-01,-2.736161069503553755e-01
1.363166682480228820e-01,-4.488394538883960228e-01
-2.615650881471747735e-01,-3.797859813641132343e-01
-2.570945313190561854e-01,-7.236266998226917879e-01
-2.637466688706004980e-01,-1.219405606333568093e+00
-8.761912216338305082e-02,-1.638251142911012037e+00
2.167658233983503213e-01,-1.854380401556371405e+00
6.279335779879001711e-01,-1.363115869896574850e+00
8.107588549956705748e-01,-1.206985776803360055e+00
6.251973573571799614e-01,-9.604829093106901361e-01
3.379982935222310414e-01,-1.328124472140373769e+00
-2.862594718545679977e-03,-1.039397539355091160e+00
1.380202205360057943e-01,-9.122594917835507022e-01
2.813745315549989745e-01,-5.466464359884878332e-01
5.336340015156190164e-01,-6.033487867454576659e-01
1.249501903995942298e+00,-7.474722173339444220e-01
4.392004966939819788e+00,-1.698857025445529967e+00
4.783897542168913830e+00,-1.397041811556261504e+00
4.785866733677853091e+00,-1.310912015778004092e+00
1.694296127953234921e+00,-5.549048864466982200e-01
1.131264798825491136e+00,-8.144559164719125111e-01
1.727718163522652395e-01,-7.472940137775861968e-01
-2.480655713099037263e-01,-7.153908412102851777e-01
3.049437038131193323e-02,-7.854760519291925647e-01
3.705797293974455453e-01,-8.052820295183127364e-01
8.826247789560831558e-01,-4.798622839123374284e-01
6.338442157762606000e-01,-6.104024700568579931e-01
2.678705382954433278e-01,-4.370471641263476981e-01
-1.958905706534034008e-01,-3.785271774078450280e-01
-4.123408951948297207e-02,6.207216967753353964e-01
1.120297430357405366e-01,8.858653526486257590e-01
2.797088102847298807e-01,8.192907285304007470e-01
1.500937394393422018e-02,2.894664876803671461e-01
-1.249686628669921112e-01,-9.655076125757657002e-02
-3.928827603694300397e-01,-3.342420164135760929e-01
-2.245259597518407813e-01,-4.785289557333702870e-01
-2.777384636132087387e-02,-3.861715581834705424e-01
-1.749308816292511337e-01,-4.413597784254918444e-01
-1.382143879276226950e-01,-3.350325779550189509e-01
-1.025756089144884697e+00,-9.456509928415007815e-01
-1.661393034232574450e+00,-1.492867878942412352e+00
-1.740208013987359470e+00,-1.628162215645838184e+00
-1.727043939938486927e+00,-1.945713942745439073e+00
-1.709503591161569469e+00,-2.181117662995171624e+00
-1.589532836353340528e+00,-2.244061879179414021e+00
-1.323610961201632241e+00,-1.821416965946416111e+00
-1.183609252705513537e+00,-1.234690003071265973e+00
-1.088149404737806414e+00,-8.005216151731814334e-01
-8.885153662572423672e-01,-1.299876756707215031e-01
-4.761241773261598587e-01,5.461717849553288442e-03
-6.626720286161507101e-01,-3.112959473864149174e-01
-3.604713677032308494e-01,-8.397185694010469437e-01
-3.047551678029191691e-01,-7.821246355838259445e-01
6.962071604403227698e-02,-5.016840307850799485e-01
2.060021413844112803e-01,6.230573779660020239e-02
-1.142960985942149121e-01,2.911314121023031998e-01
-4.091279340667172693e-01,1.073099400950327104e-01
-4.834462024229027044e-01,-2.570312111489460594e-01
6.193603188086279632e-01,-6.956230139706024440e-01
8.043275893850224678e-01,-9.749079862508751582e-01
1.087557522607394800e+00,-8.973006312309899091e-01
2.238823160743552421e-01,-5.376986273158239626e-01
-2.154936627878090497e-02,-3.931949857289514516e-01
-6.629090330285206667e-01,3.467641226291846568e-01
-1.071416110452283021e+00,1.366327665531040347e+00
-1.043172470052097456e+00,2.634717057967108200e+00
-8.891408420442170613e-01,3.107782004181074864e+00
-3.896048521092903560e-01,2.878178100428443020e+00
-3.875362418186880098e-01,2.061037624722758643e+00
-2.487177641835282005e-01,9.930780621448078715e-01
-6.446297099213698090e-01,1.888971231748659274e-01
-8.516246559916630376e-01,-3.858881104955645958e-01
-9.856888488141017923e-01,-2.699201429876036951e-01
-8.706755317385012072e-01,-4.298085674025797775e-01
-4.897416882261432791e-01,-4.804797421787687095e-01
-1.050749053910356307e-01,-5.914906914990031295e-01
-3.512858962806501405e-03,-5.277256264991370127e-01
-1.108034201833707627e-01,-4.883770515898566700e-01
-1.450360237614682080e-01,-4.594035581590760198e-01
-5.508531524447939781e-02,-2.766054650401327253e-01
-1.466046264897579166e-01,-2.531365576454368549e-01
-7.208557936037235381e-02,-1.081166431455607424e-01
-7.018068736706339905e-02,-6.329552688735429200e-02
1.976127212160936897e-01,3.859671270094634510e-01
1.183420949082349405e-01,2.930275666041440297e-01
6.474590475816599522e-02,1.343670128881788717e-01
-3.559196120211585157e-01,-3.225213026607859357e-01
-4.396251954318088351e-01,-5.651629755752748951e-02
-6.638749709695277446e-01,1.000081268554885439e-01
-7.101645879219965485e-01,1.937127413536463283e-01
-8.731920408578079940e-01,-1.761941621609646180e-01
-8.082808958386007436e-01,-5.629974285822829660e-01
-5.745129417906043034e-01,-8.198055675424038569e-01
-6.126358335637078351e-02,-8.915017319563796061e-01
1.403615791612724262e-01,-5.465191841254871674e-01
3.849976262812142280e-02,-1.492544293259898125e-01
-3.656125992503015537e-02,1.060009233366285553e-01
1.315782459109806624e-01,-5.882427363461388559e-02
8.596808023231299056e-02,-2.588664319716710294e-01
-1.179407011002747349e-02,-5.538057506561437915e-01
-1.104175219206327968e-01,-5.006414150383056150e-01
-1.289431994610218124e-01,-5.655400955973326482e-01
-8.035486812922855437e-02,-5.324738068184426965e-01
-8.035486812922855437e-02,-5.324738068184426965e-01
2.006454906591549625e-02,-5.931844560294958768e-01
2.006454906591549625e-02,-5.931844560294958768e-01
2.006454906591549625e-02,-5.931844560294958768e-01
4.257247019253187353e-02,-7.346632352752160422e-01
1.968127055196143560e-01,-7.598606311487906551e-01
1.642016317815482573e-02,-8.125535202746639873e-01
1.475116104169107156e-01,-7.901550539448134458e-01
-1.053882238489293847e-02,-6.294786263956260175e-01
1.363166682480228820e-01,-4.488394538883960228e-01
-1.241648251307566342e-01,-2.272800571120538182e-01
-5.281787602794336262e-02,-2.521504482465541375e-01
-1.685095133147384017e-01,-4.276193669747854198e-01
-4.916253125622742082e-01,-6.746983438391035426e-01
-7.705080567976683170e-01,-8.173423208375425464e-01
-8.133634203316861822e-01,-8.133049252315216471e-01
-6.357863749128177533e-01,-7.156950877036820646e-01
-4.693538339556809769e-01,-6.628826083640331213e-01
-3.079061401769640494e-01,-3.727977234924880201e-01
4.197797895626804721e-01,-7.011662085261417543e-01
1.785244659432178693e+00,-1.220751494146687266e+00
2.970742572296303674e+00,-2.085400318462149905e+00
3.723315729269886187e+00,-2.699119139492844877e+00
3.344606646279821405e+00,-2.794161643692578245e+00
3.525229357569798605e+00,-2.693024729469326140e+00
3.910133639610643641e+00,-2.753759625928337229e+00
4.586276767311605163e+00,-2.871988133631575124e+00
4.518908988713881136e+00,-2.883362614024130188e+00
3.713780312714354714e+00,-2.346213529128953645e+00
2.452173484188257202e+00,-1.636765129654329298e+00
4.913776565211605551e-01,-5.887938541845488816e-01
-7.671680827246428747e-01,1.876166365982580575e-01
-1.054691312553619253e+00,4.660053808981132750e-01
-1.054691312553619253e+00,4.660053808981132750e-01
-9.935709340880722884e-01,4.127166130780837716e-01
-1.090018615991841022e+00,3.038670795890267562e-01
-8.586012491623710163e-01,2.420462303119662872e-01
-9.469700507050063942e-01,4.437242329729411128e-01
-8.340579136470621657e-01,7.095540575880583400e-01
-6.745353596271236318e-01,6.403295273816339561e-01
-6.739962756129552757e-01,5.970914234988244917e-01
-9.233872038227198820e-01,4.195250051365449484e-01
-9.929312098453615398e-01,4.331995608823416277e-01
-9.624734517868844819e-01,4.685541383799122356e-02
-5.471736968968279324e-01,-2.493385177855919899e-01
-4.361414092249589203e-01,-1.075610310472999709e+00
-2.224880213132723050e-01,-1.006379935267439851e+00
-3.175710878208072574e-02,-4.838244936629214621e-01
1.579855750191631047e-01,3.837246199732869401e-01
9.360220120050074533e-01,7.662749374003980929e-01
2.024502838042621544e+00,1.179254090725275761e+00
2.936194023774989503e+00,1.782511031557446834e+00
3.003425199555207037e+00,2.147153564342170196e+00
2.308559239601227553e+00,1.601484556143603299e+00
1.463004531194285196e+00,8.695304360936756405e-01
4.791767158379689473e-01,9.426636609039017525e-03
3.227758627844314332e-01,-4.040513457624052562e-01
-2.438518978251175140e-02,-9.514465949154011781e-01
1.831606565995902436e-01,-1.083511832815869491e+00
2.164066709788212695e-01,-9.714403833395628407e-01
6.960501781710670688e-01,-1.813657449033032887e-01
7.094641909821626236e-01,2.159955940547715614e-01
5.085135121574130279e-01,1.735312568425703972e-01
-1.432420997575242771e-01,-4.283069005461588863e-01
-4.301550451163202449e-01,-6.889076153524783530e-01
-5.986415003707358240e-01,-7.082667732966441143e-01
-2.221996935958890085e-01,2.296993536510322786e-01
-8.008323407451597986e-03,8.831064719787268258e-01
2.910499350840307642e-01,1.260474825069142213e+00
3.625218542825928147e-01,7.549953527122431618e-01
4.984010396500714313e-01,2.831432849408096475e-01
4.033721785707925500e-01,6.815311623374888106e-02
6.790411158128982494e-02,2.529103083682732178e-01
-2.173238104607223276e-01,-7.609741574976670864e-02
-3.700225949428090910e-01,-3.768981935382856863e-01
-2.505977166251251997e-01,-1.220858825027411720e+00
-2.542758914579840712e-01,-1.867937639322394761e+00
-1.259294700960278124e-01,-2.238308818141812928e+00
4.559318142013361712e-03,-1.984609239230544775e+00
6.221066550741351231e-02,-1.511833176145424895e+00
-4.182897440574106368e-02,-9.986565291711690939e-01
-1.318140531620831668e-01,-7.977927895735730246e-01
-4.920697218743601553e-01,-4.909513243817389405e-01
-2.434052143428879766e-01,-2.486853039756261319e-01
5.654280742430765547e-03,-2.145711171578380261e-01
7.523275531192259447e-01,3.474043187795701204e-01
1.097402349985428405e+00,7.491850508348345539e-01
1.233194367332200780e+00,9.869314111612502716e-01
1.001272840084535209e+00,4.875264247915789273e-01
1.157813828727795258e+00,2.612246697063955181e-01
7.910516584958393604e-01,1.937450246783531116e-01
6.349055711732450868e-01,6.314805454455439948e-01
1.765679311097814452e-01,5.002021050169940253e-01
4.378043959627883619e-02,2.194143676879619365e-01
-1.170901324560746776e-01,-2.998779031616754520e-01
-1.684261814249411182e-01,-7.989688018695775273e-01
8.900885149927768858e-02,-7.908045955404053862e-01
2.037340519141865591e-01,-8.537798672992075177e-01
4.580874928415131220e-01,-5.695563216584476063e-01
2.917282044725445500e-01,-3.901377112783941392e-01
2.244103675467739312e-01,-5.453565681006405930e-01
-4.091298813956915081e-01,-7.577262155010542344e-01
-4.091298813956915081e-01,-7.577262155010542344e-01
-4.091298813956915081e-01,-7.577262155010542344e-01
-1.966567041416852624e-01,-8.817200602406057852e-01
-1.005814330754121466e-01,-1.223104180647144323e+00
-2.702814736923697669e-01,-1.363975016738560253e+00
-3.922356715490193241e-02,-1.220359679859840174e+00
1.828224163484166165e-01,-8.638917636497613906e-01
4.118510407441486887e-01,-4.441572562588549933e-01
4.678971008862877201e-01,-1.076967966290996587e-01
1.646549712552809464e-01,-1.177847780374861736e-01
1.163021600021869328e-01,8.195745037475320183e-02
-6.215238886385738432e-02,5.367061790477393179e-01
9.861184186698214449e-02,7.402725714249366318e-01
1.422229624644642809e-01,6.218939658431201778e-01
8.405499414238939981e-02,7.422598720593691357e-02
-9.033060449915190915e-02,-2.363085931380749516e-01
-3.167585670289287392e-01,-2.310527603908638650e-01
9.753905976501950348e-02,-3.922412517534165644e-01
2.676594552942777594e-01,1.092500894924703370e-01
4.405943675076055555e-01,3.683561847567410341e-01
5.092665339921775836e-01,1.290921903259031778e+00
3.693152581753538222e-01,1.364139470280367306e+00
3.855761951529536047e-01,1.121541346256060390e+00
7.130073886796087224e-02,4.209505651148652272e-01
2.687435941950310631e-02,-1.406920376219834845e-01
-1.159700296934519509e-01,-3.478937307807060675e-01
-1.828967473469303440e-01,-3.966820829533556636e-01
-6.818017409747643975e-02,-2.191164559214433538e-01
-1.656156622241733989e-01,-8.104137113823109417e-02
-1.443119816853813409e-01,2.812184749746078349e-01
5.504270555706471113e-02,9.031997952571950705e-01
5.267720476513160222e-01,1.658536932636842431e+00
1.024572168816450191e+00,2.289786305421946278e+00
1.442425613187650502e+00,2.399929336706649874e+00
1.502728624722422079e+00,2.020438620926332973e+00
1.434843085057054379e+00,1.474234116170648701e+00
1.377667546133101606e+00,1.428208317540352823e+00
1.312083218693538056e+00,1.797546853273580103e+00
1.177035573519706890e+00,2.363794213623640950e+00
7.171998775888203115e-01,2.469470822451524494e+00
4.202327135011031389e-01,2.185455821627960926e+00
4.093261005516088957e-01,1.531542401145945087e+00
4.361373081542056496e-01,9.582218351468766437e-01
1.683795247592685840e+00,-3.501987823944569533e-01
2.783458406102304217e+00,-1.404341139787335768e+00
4.088594736873359281e+00,-2.111957684427545612e+00
4.350212249294212796e+00,-1.937440605933187676e+00
4.722820217011467925e+00,-1.702453947544322110e+00
4.494637537894235813e+00,-1.140594066476395163e+00
3.717599815462597324e+00,-2.935704820769319268e-01
2.364326493076058799e+00,2.076416837809787752e-01
8.006792913448218529e-01,3.256954935926358874e-01
-1.609286743803397257e-01,3.444092100476268126e-01
5.219688712547904466e-03,1.081832722714828110e+00
5.838303331037771882e-01,1.482163785871914996e+00
8.575010457821846677e-01,1.332957023943361463e+00
3.808602899979858791e-01,3.520965681408154135e-01
-9.593791378417770854e-02,-3.260980583022581314e-01
-5.340482041092224907e-01,-4.927816721748271567e-01
-5.135594877543592229e-01,-3.507019163294768371e-01
-3.055198077577234717e-01,-4.228602756428199161e-01
-2.892998958227456785e-01,-5.146535210426371743e-01
-8.696246097700711664e-01,-1.367242369064439744e-01
-6.473130833117737293e-01,6.841777229008073613e-01
-6.950805763142082518e-03,1.468646095246944006e+00
1.442196181252258791e+00,2.019511808950153142e+00
2.189101381890046216e+00,2.275923835424165986e+00
2.838676659659550516e+00,2.247864432561022419e+00
2.891715070997077142e+00,1.930026638547722717e+00
3.189407601358829947e+00,1.726990585916867715e+00
3.276237066707208268e+00,1.696325967110763555e+00
3.382290998672830895e+00,2.012874943212521917e+00
2.640332061125904684e+00,2.270568422920342666e+00
1.881323664922202266e+00,2.747316238259634780e+00
8.137925311793525740e-01,2.346088502122764208e+00
5.075809650079339264e-01,1.791443169859487261e+00
7.123982148609251698e-03,6.550956601321029638e-01
8.431942537440993701e-02,5.373324132285501875e-01
