-3.574977931067650494e-01,-1.356145037231071618e-02
-3.989629893266999905e-01,-1.521852320397966939e-02
-4.488349615321008401e-01,-7.717464679055492660e-02
-4.937175862969887530e-01,-1.577755317184161565e-01
-5.662033053093583623e-01,-2.018104410626207212e-01
-6.675837529977722840e-01,-2.504971807933606409e-01
-8.218854623849990437e-01,-3.130535142875642274e-01
-9.058288223838882880e-01,-3.151392275311649671e-01
-1.029127507548462939e+00,-2.975817966731013064e-01
-1.165475199678520868e+00,-2.936509208705535001e-01
-9.473442513874033022e-01,-2.256746041661480406e-01
-7.946072216866182369e-01,-1.818758566762181950e-01
-7.014691286591839825e-01,-1.483493962724732329e-01
-6.068193277545972375e-01,-1.114431003317992996e-01
-5.132025204377030914e-01,-7.218570769244464502e-02
-4.473994350214501869e-01,-3.505432188480888528e-02
-3.651849601060649375e-01,6.291016970504181849e-02
-2.759013200159001200e-01,2.591616116600914954e-01
-3.637426916097813434e-01,2.452382232826814390e-01
-6.217151167328424100e-01,1.864014085830168269e-02
-7.019901647072567252e-01,-1.026226965602350522e-01
-5.705005418943204232e-01,-1.105346903526315538e-01
-4.951842489798225500e-01,-1.266122521290215797e-01
-3.667219169603426199e-01,-1.659791768548065094e-01
-2.108947904318858868e-01,-2.332850808003640863e-01
-1.790456180710010003e-01,-2.804798143168604208e-01
-2.640198997646177603e-01,-2.935693554177459252e-01
-3.716710218317483827e-01,-3.131373401508184551e-01
-4.866772029618168238e-01,-3.247321332915493186e-01
-6.059464514676666802e-01,-3.280305375717815219e-01
-7.262721612235206736e-01,-3.229406121315355760e-01
-9.026715960270997874e-01,-3.353118903095627656e-01
-9.222278337036644569e-01,-3.233968311561576381e-01
-7.830858125541322323e-01,-2.883374886495709832e-01
-7.028965977827438261e-01,-2.690200135655898550e-01
-6.211572969999119564e-01,-2.429590884859371969e-01
-5.400655072047771954e-01,-2.108811446361430197e-01
-4.618014167792232061e-01,-1.736803337008657744e-01
-3.884691901657210678e-01,-1.323936039310275592e-01
-3.404087909391762534e-01,-9.440860827754940510e-02
-3.240753648178160695e-01,-7.848907004334143567e-02
-3.406131990723993974e-01,-8.576604025902551109e-02
-3.814742663034017545e-01,-9.546660437443377223e-02
-4.294268280644161218e-01,-1.032614061568290220e-01
-4.831816586730789398e-01,-1.089331706094595065e-01
-5.412935359008725911e-01,-1.123238010112742880e-01
-6.279602746440577921e-01,-1.186717344723363377e-01
-6.479481446702940461e-01,-7.578930000295022729e-02
-6.292304141791937866e-01,9.751062341679441262e-03
-6.701466004421252620e-01,-4.120128533574449192e-02
-7.695966538221671316e-01,-2.272260797002116084e-01
-9.041006724602648204e-01,-3.485861565335427459e-01
-8.255168082133061969e-01,-2.906049731579246065e-01
-8.272553799500006466e-01,-4.157700876998091655e-01
-8.462802521506134212e-01,-5.087970436626122472e-01
-8.089935934510308346e-01,-3.752477651801143232e-01
-8.334714530541521560e-01,-3.366411792926720659e-01
-8.223244218145223661e-01,-3.511782888375238887e-01
-8.454209568618614723e-01,-3.733181372312793789e-01
-8.631355759112364634e-01,-3.858072937120334833e-01
-9.159766448712481912e-01,-4.066140500233700883e-01
-9.669684573573521513e-01,-5.251841044400991088e-01
-7.704084027927790013e-01,-6.316690153503023986e-01
-6.120282240050720635e-01,-5.417040783947110194e-01
-7.416613238558567023e-01,-4.701891243143381249e-01
-8.081887712592148443e-01,-4.627124094987008496e-01
-8.460036839663021002e-01,-5.388635375898601643e-01
-7.704084027927793343e-01,-6.316690153502969585e-01
-9.304009836679734413e-02,-7.773627407478679308e-01
5.931063150359422442e-01,-1.055640444488381346e+00
1.277920053386379928e+00,-1.444409326718953945e+00
2.192037091191095577e+00,-1.990636243242909664e+00
3.132827904353078008e+00,-2.575932744988608913e+00
3.972043665744345642e+00,-3.090182114595056095e+00
4.687121691059959794e+00,-3.519049987543249713e+00
5.258836793547170707e+00,-3.850581952637656347e+00
5.671818161594432972e+00,-4.075536773392157919e+00
5.914962609751989397e+00,-4.187643981447268793e+00
5.981733092748923397e+00,-4.183778661770623408e+00
5.870334456826138414e+00,-4.064048557617725876e+00
5.583761703233546925e+00,-3.831791067259228800e+00
5.129719466306175590e+00,-3.493480216189055021e+00
4.520414870986407152e+00,-3.058546197902030528e+00
3.772229338908839491e+00,-2.539112513423753992e+00
2.905278166685413055e+00,-1.949658036656308324e+00
1.942869717321901168e+00,-1.306613425246973437e+00
9.619888213202336669e-01,-6.622807772455361341e-01
3.246799215403546879e-01,-2.361174814494781116e-01
3.604078892781188426e-01,-3.179315253453081080e-01
1.694144334883564973e-01,-2.918155124893489494e-01
-3.111288281864453900e-02,-2.798810189401256809e-01
-1.300674131112412035e-01,-2.546994522565600994e-01
-1.205166002788977814e-01,-2.180599118792615754e-01
-1.307981265429035145e-01,-1.864767404236594428e-01
-1.549106854442905690e-01,-1.504509586733883408e-01
-1.922060002474304252e-01,-1.109867617100712134e-01
-2.416813700347893168e-01,-6.918418818841273743e-02
-3.135440093402693806e-01,-2.944615238282641267e-02
-3.450781819420799534e-01,-4.287159019428336132e-02
-2.670100966839462631e-01,-8.050514604186868872e-02
-2.551876351064344406e-01,2.882970088425362495e-02
-3.412261233107116709e-01,2.150780621564178929e-01
-3.493536437726321164e-01,2.049460565873082452e-01
-3.617242055916781718e-01,7.723210949781932066e-02
-4.557676612804343885e-01,-1.984982562298733336e-02
-5.821575938556270424e-01,-8.871089746313778890e-02
-7.377117149905013660e-01,-1.599867219061173740e-01
-9.957310716311505994e-01,-2.506172260274490693e-01
-1.165475199678519314e+00,-2.936509208705548324e-01
-9.305160859991922218e-01,-1.777551079620819097e-01
-7.828393933935037241e-01,-1.183515527594401900e-01
-8.073840921772457158e-01,-1.566037554930184705e-01
-8.658271239500306971e-01,-1.986305451257089072e-01
-1.040414480875836434e+00,-2.640999032370425770e-01
-1.029127507548460940e+00,-2.975817966730990860e-01
-9.058288223838862896e-01,-3.151392275311630242e-01
-9.035051879587054913e-01,-4.132904821555947183e-01
-8.583457713569940806e-01,-4.261462915504714011e-01
-9.361814473106767620e-01,-3.963013603667440155e-01
-1.034872359120838414e+00,-3.787360513507141424e-01
-9.150440679978010250e-01,-2.980575066580700150e-01
-7.622159516532794887e-01,-2.147482799626278804e-01
-7.033619092943002027e-01,-1.536414022047984385e-01
-6.301186637898261722e-01,-1.198889369427078022e-01
-5.476174908977188283e-01,-1.158889286458798101e-01
-4.937965320259914970e-01,-1.149133657101080869e-01
-4.674333712016651154e-01,-1.169410563086677041e-01
-4.818354672445191444e-01,-1.861155247699470550e-01
-5.403545781658045666e-01,-4.289079118491943565e-01
-5.940074530434771294e-01,-5.382574514465356952e-01
-6.627852568330157013e-01,-4.362401890664228676e-01
-7.835750840557615948e-01,-3.577963428008980040e-01
-1.011727052957102524e+00,-3.196322210584015000e-01
-1.155844799234931886e+00,-3.452845355524475357e-01
-1.018575340571411081e+00,-3.511197898629166425e-01
-9.607455065048127185e-01,-3.519264767850454612e-01
-9.856345339596117583e-01,-3.770798908727114318e-01
-9.856345339596106481e-01,-3.770798908727134857e-01
-9.607455065048103870e-01,-3.519264767850494025e-01
-1.018575340571409749e+00,-3.511197898629174197e-01
-1.015987438002854182e+00,-3.551265442947650897e-01
-9.531631020936957022e-01,-3.636620682727274012e-01
-9.273244225471348745e-01,-3.800507727781262668e-01
-9.378845347799165122e-01,-4.046486641467271217e-01
-1.096772190859948592e+00,-3.827337522972351636e-01
-1.147435436364082850e+00,-3.457287283053925853e-01
-9.178668436042395351e-01,-3.136882722878779894e-01
-7.704165161862424061e-01,-2.601423737931451430e-01
-7.177513552822329945e-01,-2.332436849785809729e-01
-5.611638983473207221e-01,1.694221889703808465e-02
-8.809995437561694842e-02,4.858376946847203226e-01
1.991314287745035438e-01,4.712952315847530604e-01
2.634092385123649738e-01,1.658003990607496425e-01
3.156784676589605154e-01,-1.368801410190230439e-01
3.421129448531031181e-01,-4.365005435436148939e-01
3.582414694504165720e-01,-7.457402030334944198e-01
5.931063150359419112e-01,-1.055640444488386454e+00
6.808540043887499893e-01,-1.015835087996689978e+00
4.426682012437915814e-01,-7.353628609238492819e-01
1.964804408455333995e-01,-4.703195663534099347e-01
-6.330085036721033731e-02,-2.149477576189447736e-01
-2.215286513623092035e-01,-6.502174032396161596e-02
-2.671178378545980281e-01,-3.119345511400449522e-02
-3.482434315575793082e-01,-2.122754165950258877e-04
-3.832624001505179345e-01,3.365486403492418295e-03
-3.708428477089962261e-01,3.379069691146893012e-02
-4.095636427593069007e-01,1.160335093043321081e-01
-5.068429392691305990e-01,2.091980516797590783e-01
-4.985249819843193819e-01,2.530537188026794060e-01
-4.224141366510048567e-01,2.620454925484045350e-01
-4.060779835718923425e-01,2.957725273485169448e-01
-3.681574408603510706e-01,2.233305470566651629e-01
-4.107460884519924527e-01,1.836792581178268990e-02
-4.818354672445189779e-01,-1.861155247699477766e-01
-4.574541261198011299e-01,-1.786883035958779509e-01
-4.133417023276859670e-01,-4.856900888359252239e-02
-3.951111580172481097e-01,7.970551158605884701e-02
-4.150724654498796351e-01,2.117276538949904585e-01
-4.366485806878633302e-01,2.917761896301293567e-01
-4.060779835718927311e-01,2.957725273485174444e-01
-3.722130981466483801e-01,1.895184759608837255e-01
-4.128942810337250524e-01,2.372768446251589253e-02
-5.103776024279982337e-01,-1.394297875214608740e-01
-6.114867955498386465e-01,-2.994560522231182187e-01
-7.900005395727704993e-01,-4.900549803705183671e-01
-8.442588554501767595e-01,-5.786986111437636415e-01
-7.675579817340321132e-01,-5.543465233909999901e-01
-8.190377933961996426e-01,-6.100561428779961437e-01
-9.130241023017171553e-01,-6.475413782845014232e-01
-8.447116262628939776e-01,-5.890853606190229463e-01
-7.688603531155943083e-01,-5.842131189326870144e-01
-8.213721713558894688e-01,-6.635560587190237891e-01
-8.296170385454275653e-01,-6.821700156365317902e-01
-7.930173357263807787e-01,-6.387325056504810084e-01
-8.277271647378271480e-01,-6.388671243064973915e-01
-8.270213109116186789e-01,-6.404490703742062863e-01
-8.284134809472376570e-01,-6.723451799994006883e-01
-8.024177914637035114e-01,-6.787763679940410633e-01
-7.133251195056770078e-01,-6.287926745320946420e-01
-6.563220739916129087e-01,-5.919067180967335640e-01
-5.990211189924445900e-01,-5.392770561580944033e-01
-5.429628158482856515e-01,-4.723707060881611186e-01
-4.896543166583900986e-01,-3.930526385941788825e-01
-4.405288438350736246e-01,-3.035337928811275843e-01
-3.969071572897198696e-01,-2.063094481688020621e-01
-3.599620452225137934e-01,-1.040896694171123960e-01
-3.306867931966496199e-01,2.762339604893466636e-04
-3.098684792197074489e-01,1.038791307316053181e-01
-3.363960672454296974e-01,2.173928612859448162e-01
-1.628712440570282693e-01,4.797547527794796540e-01
1.892665298470306845e-01,8.582880550495671779e-01
5.398715729184242473e-01,1.315230290224443044e+00
8.586143339431574484e-01,1.734756035323064438e+00
1.136925273808224057e+00,2.105171284847771940e+00
1.421538783894920721e+00,2.516416108671495788e+00
1.796389352592629107e+00,3.046421123018675292e+00
2.235215696383269890e+00,3.657530542345692748e+00
2.702114761471630988e+00,4.338705228067981423e+00
3.079018686792716064e+00,4.898186039171413597e+00
3.355794244788676384e+00,5.320377814316506360e+00
3.525000203030753898e+00,5.593512234163383390e+00
3.582087385021115900e+00,5.709975855569154213e+00
3.525520976800866180e+00,5.666522331331265150e+00
3.356821791097381880e+00,5.464362899990544697e+00
3.080525379606229741e+00,5.109132623349799118e+00
2.704060092691952466e+00,4.610733312815139762e+00
2.237547364926218307e+00,3.983057522885364854e+00
1.693529595874259330e+00,3.243601305290157111e+00
1.086632942174334371e+00,2.412976518002167392e+00
4.331740868930949451e-01,1.514336283189742671e+00
-2.167580925095777822e-01,6.906823394752429346e-01
-5.050287524153945773e-01,2.540531785586520597e-01
-4.417505912199014007e-01,2.650160125299240721e-01
-4.366485806878635523e-01,2.917761896301300784e-01
-3.740037411319957483e-01,2.394768505593879715e-01
-3.434184286720844415e-01,1.788012915624345167e-01
-2.802766152120096388e-01,1.960920191991497585e-01
-1.628839653476978344e-01,2.765498653222797643e-01
-6.630980322044145725e-02,3.615702996139010250e-01
1.469952937545108279e-02,4.357568917439235689e-01
7.796606095612475251e-02,4.970417390237668598e-01
1.217888430351508622e-01,5.437165664562825240e-01
1.507958658918145400e-01,6.003230083413580997e-01
3.950243651175299187e-01,9.605643793459305302e-01
8.373641789653228917e-01,1.598846257826282535e+00
1.319297478268042667e+00,2.343547101761721763e+00
1.432695890415596640e+00,2.532549311743048204e+00
1.169614948730900661e+00,2.152424662576776004e+00
9.134845471918894289e-01,1.814019513926699467e+00
6.154471147125778474e-01,1.424294452127256250e+00
2.835155185548223211e-01,9.941128081384817960e-01
-6.031321592169559820e-02,5.821597602630714796e-01
-2.580790229254011914e-01,3.460941489039072172e-01
-2.959268242955651607e-01,3.026879588440392066e-01
-3.809315088553902884e-01,2.885082673744137627e-01
-4.078052035625670535e-01,2.748168552003518728e-01
-3.739987288362149331e-01,2.629260390749498799e-01
-3.773142150912751069e-01,2.638865803190876824e-01
-3.878330406801597241e-01,2.567361491272899809e-01
-4.052724023573383016e-01,2.416740590879189188e-01
-4.291634352252448603e-01,2.191201561002646958e-01
-4.588638183729599751e-01,1.897031154449684842e-01
-4.935750439559733471e-01,1.542429178721231586e-01
-5.323638854302961132e-01,1.137279931746733308e-01
-5.995031927655627424e-01,7.463821454576217984e-02
-6.216818753345776383e-01,1.587776007614110640e-01
-9.028071469719393116e-01,-1.025800196957999191e-02
-1.165475199678519536e+00,-2.936509208705548879e-01
-9.439275276570338047e-01,-2.285144407785651699e-01
