1.197265975701367752e-01,3.526703982585362440e-01
1.179095200372287239e-01,2.751905940847989562e-01
2.819979863264890918e-01,2.879184826913470663e-01
6.765766041034435574e-01,1.555871854238475516e+00
8.322332673900735278e-01,3.597267097906944322e+00
5.256419669754424095e-01,5.343381651247505637e+00
2.704918048057962723e-02,5.507019612063535519e+00
-2.316877160886843534e-01,4.172971584503978093e+00
-3.827761958864962510e-01,2.777681399625428149e+00
-1.430971833452353570e-01,2.515416716720254797e+00
2.123383921440240851e-01,2.317218382538872135e+00
2.220314730389351676e-01,1.576518022012721731e+00
6.094118804701326164e-01,6.881031290710890591e-01
1.172465550927947131e+00,1.506671918378395814e-01
6.996916254256724255e-01,-6.991457642844331466e-02
3.266493940807020380e-01,-4.511040856564064727e-01
1.013194879311970720e+00,-1.725121120078310533e+00
1.168248980310219620e+00,-3.052019985515949774e+00
1.461335222099890974e-01,-3.634289193607519231e+00
-1.832389959761308251e+00,-2.659277732628870794e+00
-4.071772998612170014e+00,-8.363461808107238715e-01
-4.674167931462285708e+00,9.484179297422384858e-01
-3.510696488661185111e+00,2.862450618521635626e+00
-3.044789960521338212e+00,3.555298134777041152e+00
-3.472926542814248396e+00,2.582641516011023874e+00
-3.918001371605654981e+00,1.292579566306274907e+00
-4.406331262768246937e+00,2.317315304953667110e-01
-4.947941702230412631e+00,-9.769418169542185004e-02
-5.633990781333819697e+00,2.400998599642293618e-01
-5.763181580673204962e+00,7.141295604276052256e-01
-4.615032072404953389e+00,8.060251458190466067e-01
-2.631983977000913466e+00,2.798116760099414457e-01
-1.002527533539867344e+00,-2.167711316709905189e-01
-5.888947770671151272e-01,-6.456329547315320383e-01
-8.957593656977792529e-01,-1.442610104269351545e+00
-9.207133724963038057e-01,-1.937236212206430164e+00
-5.897651790725803034e-01,-1.205246099075450772e+00
-4.833714059698684951e-01,-2.515600526579431923e-02
-5.750064763019140796e-02,1.248232154694405571e-01
2.089426578398209111e-01,7.554420286334298518e-02
-1.871251562305658034e-01,-6.199282824286600491e-02
-4.833714059698684951e-01,-2.515600526579431923e-02
-1.834780389166633663e+00,1.856477471218051234e-01
-3.087621022836974038e+00,6.074051121536915288e-01
-2.494485883444070851e+00,9.163611755713645390e-01
-9.435361058907816290e-01,5.994186428675556400e-01
9.700517499206066929e-02,1.472734277950979442e-01
-3.950395227417167338e-02,3.512344581194418863e-02
-3.130443887642812562e-01,-3.117671479850543936e-01
-8.850994335656878764e-01,-9.266588945354983231e-01
-5.113106322099231216e-01,-7.883873389496200978e-01
1.727936667517940561e-01,-3.519759703006297702e-01
-2.002537795462344672e-01,-4.988200813418081636e-01
-2.544328743574036378e-01,-4.388679775650087822e-01
1.164884238679334549e-01,-2.896711684888574334e-01
9.237786021423467497e-01,-1.906871924304290311e-01
1.395320718771402291e+00,-7.038216802497663238e-01
1.201793606148735538e+00,-1.414914932640915168e+00
8.399806065269510569e-01,-1.585144593749360453e+00
6.534042194452717167e-01,-1.328378742086109954e+00
5.647978038750782748e-01,-1.061545301978940037e+00
5.306734294036470623e-02,-1.498182288697676334e+00
-3.397053526399390622e-01,-2.219192680031110143e+00
-3.546532003397316890e-01,-2.409069456229055106e+00
-6.772096834079821548e-01,-2.038928033181672816e+00
-1.200927717886298041e+00,-1.613286253331767561e+00
-1.393539601362157931e+00,-1.590432749077171470e+00
-1.128246592126128656e+00,-1.627099442168939980e+00
-3.372388289520634741e-01,-1.004050305259989839e+00
3.964753407357994308e-01,-1.054930376959715144e-01
4.566349371923752454e-01,-4.936884484631390985e-02
7.503238204902809572e-02,2.395743263299436876e-01
-7.899419027622004430e-01,1.395982390719302080e+00
-1.468622817473334896e+00,2.691402481461886875e+00
-1.798151120969039729e+00,3.454318013995067993e+00
-1.629308487271911021e+00,3.476238095087318403e+00
-1.084977383830344255e+00,2.738764223997183223e+00
-3.908847610260023919e-01,1.520806121098043251e+00
-5.665673836547976266e-02,7.219058963826444630e-01
-2.483537656118136872e-01,6.307048575102616184e-01
-5.221791925947320001e-01,5.094771804051779762e-01
-6.263810450132429875e-01,3.564565331844622431e-01
-3.520530824548197546e-01,1.663422472245331962e-01
-1.198839472860647598e-01,1.863732474921626359e-01
-3.271501306546086285e-01,1.236633935029920889e-01
-7.894635617196574806e-01,-5.085961380225914041e-01
-1.216759067966066477e+00,-1.152579967612552547e+00
-1.760266848629184810e+00,-2.153753141810978988e+00
-2.042711969815711015e+00,-2.959696957747504964e+00
-1.065143786158144534e+00,-2.682456920697377623e+00
2.142664289842943492e-01,-1.560977077515057765e+00
8.117250258584920442e-01,-4.911848918614413750e-01
8.117250258584920442e-01,-4.911848918614413750e-01
1.098948029620511635e+00,-2.295030869289083897e-01
1.537341769743341802e+00,3.180061730962727151e-01
1.485295145665096017e+00,7.713520204553254711e-01
9.394534999855170820e-01,1.040505541660171396e+00
4.676686595628005705e-01,1.037290258601953008e+00
2.099138682597824490e-01,1.100640621040631650e+00
1.404848724083151423e-01,1.191503291595100711e+00
4.245738604571923092e-01,7.789568365020331786e-01
5.113837572638160189e-01,9.023763813439432402e-02
1.361065617618705155e-02,-3.900115436813312852e-01
-7.020923409557675576e-01,-2.281567532085841399e-01
-1.933950513567693985e+00,7.643709496377663060e-01
-3.627652968364029284e+00,1.908328282194578174e+00
-4.712747278475648116e+00,2.632937072190327576e+00
-4.682333050178939082e+00,2.616050793372068473e+00
-3.680609983909306493e+00,2.077005565806080867e+00
-2.218407585364303714e+00,1.419029960667109735e+00
-8.955204562760203935e-01,8.351925059256546380e-01
-1.078392090800845138e-01,3.042619168438555621e-01
3.568392365936369406e-03,-3.880611924916278488e-01
-2.080665876528905445e-01,-1.297657138052872750e+00
-9.159897598146125863e-02,-1.893266402315369801e+00
9.654761981592250297e-01,-2.703623010757097767e+00
2.651258834826643707e+00,-4.086454551049058637e+00
4.379410098437863219e+00,-4.823874736274373909e+00
5.562755337968915192e+00,-4.677086336958228507e+00
5.885496204748664972e+00,-3.879096668352838062e+00
5.336365219858458353e+00,-2.624223160116105458e+00
4.510837091144101585e+00,-1.216475457618331202e+00
3.893013153339227816e+00,-4.499245857619090239e-01
3.893013153339227816e+00,-4.499245857619090239e-01
2.624491057973383334e+00,-2.493329189887717456e-01
9.412454063114611413e-01,-6.265137840842789629e-02
-1.670723086656854817e-01,-3.373636555393914604e-01
-5.268099357127659088e-01,-6.473255019818767719e-01
-1.106282320639323302e+00,-8.032559942339196901e-01
-1.319008277649532879e+00,-6.717948025864624029e-01
-1.003984577876767981e+00,-3.611565764682451163e-01
-5.683392072609430024e-01,2.091205578455344327e-01
-3.194485917761268334e-01,4.840278917553447191e-01
6.601106882611677829e-02,7.293701871695457140e-01
4.676686595628005705e-01,1.037290258601953008e+00
4.391977706582583796e-01,8.600915843509308045e-01
1.075705586497132243e-01,1.605434708347646400e-01
-3.842173982734601312e-01,-6.340186312560306403e-01
-3.471047355689803604e-01,-1.916363474770352626e+00
3.923369835321027788e-01,-3.187690451991732399e+00
1.299224515183705186e+00,-3.739641586515157545e+00
1.821588786144636263e+00,-3.081833996489558913e+00
1.686775320679548162e+00,-1.502085427496869796e+00
1.018496051026493321e+00,-3.611312847029431450e-01
2.144556035249257864e+00,8.758054645463439480e-02
3.282081219325376331e+00,1.145543969185809585e+00
3.869620435555983118e+00,1.943736772373842125e+00
3.719112633820951697e+00,2.330087357864743858e+00
2.764682017572350325e+00,2.163420829095820785e+00
1.376732456903278168e+00,1.569099379696250463e+00
-5.716186955810614867e-02,7.070427654152863228e-01
-8.367214343447268998e-01,5.251125764778828697e-02
-1.216073396662918471e+00,-3.209661577983362601e-01
-1.113181735306682851e+00,-1.639913406723817746e-01
-1.734823513657970939e-01,7.734516464222734866e-01
3.465328997220400442e-01,1.263421020517705440e+00
-1.167614198942995979e-01,3.819331163858485367e-01
-2.290913600749819035e-01,-4.774850069956148579e-01
9.079296482436567672e-02,-9.499263669040560742e-01
1.446890078259816526e-01,-1.204386354416791427e+00
-8.804229862401239393e-01,-1.181281806563615921e+00
-1.978329565494158615e+00,-1.436719270838229923e+00
-2.114371366455891632e+00,-2.823165550865939899e+00
-1.477948893613601156e+00,-4.426398612795392040e+00
-9.345726549708404107e-01,-5.240137987845806755e+00
-7.120607153521603117e-01,-4.985195967865760913e+00
-6.428837624095165015e-01,-3.921653846393530429e+00
-4.530300254580799102e-01,-2.618651792576133452e+00
-9.159897598146125863e-02,-1.893266402315369801e+00
-5.526461275033038578e-02,-1.826902705733452592e+00
-4.515163610973787489e-01,-1.810748657975533860e+00
-3.975438351766347744e-01,-1.404394933710624072e+00
-8.061202039993936933e-03,-7.052451875586001062e-01
6.277428294428018252e-02,-2.438283792452537180e-01
-9.572142707619921143e-02,-9.554300053065968301e-01
-2.938331793484993404e-01,-1.031882170659748077e+00
-6.507061266959784929e-01,-3.972846197368555821e-01
-6.210092781045777333e-01,2.554284600024908092e-01
-7.527583540684509300e-01,-2.303938095893304783e-01
-1.240419235090480132e+00,-1.321238204821213458e+00
-1.041547630819194881e+00,-1.698532610226661799e+00
-1.229301625867283754e+00,-1.441836041819455794e+00
-2.049886722395568572e+00,-1.096571600331262886e+00
-2.650959493939474498e+00,-1.331054939472630316e+00
-2.535714707982313687e+00,-1.378166467114088301e+00
-1.986209732881787593e+00,-1.018347604696247855e+00
-1.542446778703796761e+00,-7.907728678847271153e-01
-1.116920022990075312e+00,-5.648142206706175950e-01
-6.282221320786195440e-01,-3.027927616447783632e-01
-7.239419043586470259e-02,3.065593194749640649e-01
-6.736910368239791558e-03,7.304366503293574509e-01
-1.905482833680942900e-01,1.784677328228611470e+00
-7.342351225184858832e-01,1.493349890905355970e+00
-1.142220034877000856e+00,-2.203857953004312864e-01
-1.686178514147986585e+00,-1.785489505638762964e+00
-2.181902151456906136e+00,-2.655716945728222811e+00
-2.250896313066725440e+00,-2.998659475169640043e+00
-2.042711969815711015e+00,-2.959696957747504964e+00
-1.849586403504604792e+00,-2.347667872901836095e+00
-1.761359195169599490e+00,-1.361056281513064237e+00
-1.320898847273735965e+00,-4.124266691151735609e-01
-6.558916716708459438e-01,5.918300429295637183e-02
8.064305540529641547e-01,8.830252723836573558e-02
1.831889883357251447e+00,1.977193069328375408e-01
2.606597354241189990e+00,3.003486688647794001e-01
2.292328206358202447e+00,3.417080771406098005e-01
1.639086530432935174e+00,3.592423888889713091e-01
1.089863025094808258e+00,2.366707514312550165e-01
6.116709473334094316e-01,-2.662997714182625472e-02
5.392768457399058635e-01,1.053477362721134264e-01
6.579018270403507174e-01,4.066347009285692926e-01
3.538759400863246141e-01,6.423041505506239535e-01
3.114570758670879846e-01,6.336662599373078519e-01
5.439604967573365979e-01,7.230056921391396774e-01
2.953564125777066729e-01,9.029656678518718227e-01
-1.275390877756329422e-01,4.012191700420507656e-01
-4.228694131189921213e-01,6.033209985394914418e-03
-2.350038955641111094e-01,1.940592665560284535e-01
2.435988138069943021e-01,3.219739051210762093e-01
6.334970301178245444e-01,-5.347677753659431099e-01
6.215777204212178386e-01,-1.623459353198495991e+00
4.419297668543297752e-01,-1.588937443525307636e+00
2.021691074074049854e-01,-8.205292485290747173e-01
-3.049277513673296913e-01,-5.381171590032470808e-01
-5.957557274802098846e-01,-1.046248911507050794e+00
-9.411517547141775575e-01,-1.458550466221308684e+00
-1.412416668644112416e+00,-1.644074058392593463e+00
-2.000765429158279929e+00,-1.655943496719006980e+00
-2.228675621238860760e+00,-1.122105577443346158e+00
-1.678012036956593178e+00,-2.624573872507047767e-01
-6.120600704492591415e-01,3.597909461759403738e-01
3.473856626825517213e-01,5.035973416652494983e-01
3.142603174960242884e-02,1.023322001300525363e-01
-6.181561436957911937e-01,-2.185736803327859579e-01
-5.860507550004947497e-01,-2.348899847402703411e-01
-2.365133173842798031e-01,-1.003200712339317735e-01
-2.365133173842798031e-01,-1.003200712339317735e-01
-7.239419043586470259e-02,3.065593194749640649e-01
-6.736910368239791558e-03,7.304366503293574509e-01
3.739963462464663269e-01,7.351397045626311133e-01
6.032479047393737304e-01,3.100799758463000377e-01
5.425041133002372895e-01,2.201503328924777902e-01
4.646594852275754417e-01,2.668350625199482629e-01
6.196260619270167469e-01,1.898051142153860671e-01
7.435215131295518365e-01,-1.695175997306462568e-01
3.259644890290295249e-01,2.617009391011694830e-01
-3.467012855093664497e-02,6.690232721006661443e-01
-1.657052980733767986e-02,-1.078092274198309830e-01
8.707853739961828043e-02,-1.786969285545099428e-01
3.702137045730123366e-01,-6.987518304367325295e-02
6.530482622093669587e-01,2.954434639240204330e-01
7.574272024452171070e-01,6.560839093755839180e-01
7.390576834129796158e-01,7.691834488406497083e-01
4.267157347066903306e-01,4.801092374815223440e-01
1.316870196920665037e-01,1.859977182544700902e-01
1.643518932936823274e-01,3.741032527555662734e-01
3.006064965207023154e-01,6.361760923764079312e-01
1.404020439499293060e-01,2.649248010715675172e-01
-6.796885168870039351e-01,-4.440516046017738139e-02
-1.277038022438150122e+00,1.057943195537300457e-01
-1.166944305460303033e+00,5.414360881723726676e-02
-3.179155892176597775e-01,-1.217216639169128867e-01
-1.155246350837028507e-01,-2.501798951955783168e-01
-3.233821587862710234e-01,6.078117523978955605e-02
-6.736910368239791558e-03,7.304366503293574509e-01
3.294054662042926185e-01,5.628390057525525236e-01
5.624525846063576084e-01,5.850555522907942979e-02
5.992368898721247561e-01,2.006413797864909643e-01
9.871945713146825785e-01,4.587390560626475322e-01
1.578023291582852705e+00,5.154528531243657286e-01
1.829558586804547859e+00,7.344346672518821117e-01
1.470878491184085979e+00,1.131500009024823505e+00
8.463530460575363623e-01,4.763942065852052044e-01
2.353548037345085109e-01,-7.824088211387068004e-01
-4.590893649306198587e-01,-1.770013434689166276e+00
-5.012698315324405351e-01,-2.995737952795289427e+00
-5.902019666547846793e-02,-4.018977526639528008e+00
2.585935012503037811e-01,-3.574996768027353777e+00
3.844887607764279625e-01,-1.701932745835454064e+00
1.531790446769791814e-01,-2.746741662882224433e-01
-6.853907644592105441e-02,-1.097780784973980267e-01
2.324440346578467986e-01,4.523864281638630136e-02
4.867392668077346607e-01,1.381079257589304665e-01
5.235235720735010867e-01,2.802437503163427435e-01
2.128446370949113597e-01,8.842950928266732347e-02
-6.100985842247398649e-02,-1.373772279268317409e-01
1.128240386414017769e-02,-7.314064925908168868e-02
5.145120305594812482e-01,1.113898913997962009e-01
1.296213981030232665e+00,2.637898778590094806e-01
1.931017158289364932e+00,4.484274661575793908e-01
1.671844034437899751e+00,1.789269595269489532e-01
1.200238387673361329e+00,-3.138789733641023094e-01
6.792994067996289687e-01,-5.573093371759152426e-01
2.832501253992490003e-02,-7.793524616444716946e-01
-3.227805230544767423e-01,-1.015910354080446609e+00
-2.696822921570211640e-01,-1.227353440677061425e+00
1.593726386910246373e-01,-1.211817444112820663e+00
5.410127209565441797e-01,-8.121865485959034459e-01
1.150924923138456180e+00,-2.410438032887674831e-01
1.707707440888413641e+00,1.476626828452296536e-01
1.931017158289364932e+00,4.484274661575793908e-01
1.128311252883209548e+00,3.420254181372087143e-01
2.524024310488428013e-01,1.212273768819756153e-01
2.524024310488428013e-01,1.212273768819756153e-01
1.058404114488567388e-01,3.021948703954591697e-01
-2.449588983396679687e-01,5.556188948472970957e-01
-5.590059911405069748e-01,6.935344048229423741e-01
-8.909964365424858368e-01,5.870948912025122368e-01
-7.588763389595869491e-01,5.756815144435537546e-01
-2.413259829770501852e-01,7.082113550266492252e-01
3.533247551267775233e-01,5.126651773999456596e-01
8.644842529873273396e-01,2.120715821365794229e-02
7.736724057288625334e-01,-1.907998751938479176e-01
-4.479879186949255535e-03,1.151844205029192193e-02
-4.479879186949255535e-03,1.151844205029192193e-02
-3.286942770252238577e-01,-3.932183861064866282e-01
-9.652064491165061044e-01,-6.732222169944639401e-01
-1.094359240561006974e+00,-1.318382727216941497e+00
-1.079584845331212073e-01,-1.990717840181615017e+00
6.086225611333716534e-01,-1.779713860497923461e+00
6.402373623926852497e-01,-6.201692853891742629e-01
2.475639569061615503e-02,5.518718774278474903e-01
-6.255148191554191772e-01,9.082639229489946064e-01
-9.139098145928225003e-01,1.145866749840393384e+00
-8.986024697538942396e-01,1.021859485710141735e+00
-5.468529604582836878e-01,4.302763080251734151e-01
-1.960473218323163236e-01,2.081832505039646064e-01
-6.736910368239791558e-03,7.304366503293574509e-01
3.294054662042926185e-01,5.628390057525525236e-01
5.246611235327152123e-01,-1.844116179564022490e-02
3.126904918871024619e-01,-9.596919779057546673e-01
-8.734570476595758526e-02,-8.881936335306648278e-01
-8.053010239619851074e-02,2.408710545189579055e-01
3.006064965207023154e-01,6.361760923764079312e-01
6.173539086161204947e-01,7.783701136648761842e-01
3.661740090628866073e-01,8.073798826671232387e-01
6.063609611723227988e-02,1.046737922459222592e+00
4.417845515424843050e-01,5.130605282238781539e-01
7.901109296028032691e-01,-8.369985807369931807e-01
2.381833283992810801e-01,-1.286268243024795366e+00
-7.197372809514277492e-01,-1.177971778014087478e+00
-2.105909258939276107e-01,-8.830923375872228309e-01
5.962754930592435443e-01,-1.011039722839281590e-01
2.286927381390633784e-01,1.288420082909430275e-01
7.523399878265707615e-03,1.143651066499501712e-01
2.525453945114407017e-01,1.290816274862645052e-01
6.380651926421507802e-01,-2.141394573750581565e-01
8.560120168291084353e-01,-8.896406030513781538e-01
7.513212974586851445e-01,-6.029188993711925848e-01
4.646594852275754417e-01,2.668350625199482629e-01
1.136767387621192595e-02,1.077691257136648012e-01
-2.094212876137405144e-01,-3.968070371983590389e-02
1.910868749807330680e-01,-3.474287771858906027e-01
6.359697855279234924e-01,-1.075563516926333119e+00
9.618796764263360943e-01,-1.606264683458492160e+00
9.363096374990872439e-01,-1.642443174734121047e+00
8.998841212284885982e-01,-1.410445855520134462e+00
8.642031113721437841e-01,-9.941142554863588998e-01
6.377479091352888929e-01,-3.282038838041582696e-01
1.035249214185256950e+00,6.462916925761467146e-01
1.799966840232537502e+00,1.100315418518727828e+00
1.893612653517081634e+00,8.434680278358804850e-01
1.081219573109175380e+00,1.119307790922756674e-01
1.234847034201986965e-01,2.018831342339298396e-01
-2.469436778434473401e-01,8.822783118075373521e-01
-1.695531951301517959e-01,1.217105866745020526e+00
1.317844041859826329e-02,1.383971172028767516e+00
9.858088592845457715e-03,1.168948620486049972e+00
2.831481541278347419e-02,7.707983588085663973e-01
7.515896270568990234e-01,-1.110995177858339483e-01
1.727935401458389419e+00,-1.008460133732179020e+00
1.826622120371388380e+00,-1.353017856952090980e+00
1.093696576638508722e+00,-1.279725273822109433e+00
2.386798526159133182e-01,-1.206248448602114776e+00
2.195462431349917698e-01,-7.184175218031505494e-01
7.868060184280064595e-01,2.582632584968121425e-01
1.114781106400295707e+00,3.071552681442458188e-01
8.617737055010892266e-01,-5.869511768783336469e-01
-4.587573965970759282e-01,-6.223996652007747210e-01
-1.580082697913651968e+00,5.056990643714348702e-06
-1.414338285544859852e+00,3.329820723510200642e-01
-6.323409421545209685e-01,6.623650220455901128e-01
6.063609611723216886e-02,1.046737922459222592e+00
3.455338173445883787e-01,1.350304131596106183e+00
8.136532769903450646e-01,1.133567964236221526e+00
9.784196523054918826e-01,6.027910273387518947e-01
6.569442499305678806e-01,1.550036332901531533e-01
1.609175903415264730e-01,-1.502256690056887334e-01
-2.721760942592801186e-02,-6.105513922211210781e-02
-1.064683504985163703e-01,-1.271451844176354484e-01
2.296130603210066456e-01,-6.492358056864706572e-01
7.533829744191248290e-01,-1.166618851861739081e+00
9.255202556185582186e-01,-1.204119976377378665e+00
8.369928105928085005e-01,-7.311501181918026449e-01
5.001119983366588695e-01,3.054915411664317279e-02
6.157046879971980052e-02,4.786863046131189514e-01
-2.559508276850704922e-01,6.001612691077521378e-01
-2.636087492726143511e-01,3.202926150308886832e-01
-1.403381859524638342e-01,1.102706470447456094e-01
-8.349728404136423920e-01,-4.016508208583119965e-01
-1.577466989973282496e+00,-7.732413435638632038e-01
-1.848677920871492741e+00,-8.605942038352409895e-01
-1.382077034991342712e+00,-4.453156964002388807e-01
-1.043038945813518303e+00,1.918124005540212951e-01
-1.249582132837209425e+00,5.156349763220515747e-01
-1.164643425172531277e+00,2.279131957165546341e-01
-1.043038945813518303e+00,1.918124005540212951e-01
-1.249582132837209425e+00,5.156349763220515747e-01
-1.709388498953319013e+00,-5.583888686399778728e-02
-2.174249803721172825e+00,-1.066285457633039613e+00
-1.368457778798693791e+00,-1.829316824380100348e+00
-4.136999075332372100e-01,-1.639387495238762593e+00
-6.617417731660744096e-01,-7.332406085401822482e-01
-2.786347609048099860e-01,3.959064906031509179e-02
4.646594852275754417e-01,2.668350625199482629e-01
1.136767387621192595e-02,1.077691257136648012e-01
-5.433258119390934615e-01,-6.036948091402051242e-01
-9.023191956604516006e-01,-2.801558116834215184e-01
-9.127198654037872450e-01,9.055452193496086322e-01
-4.424234474936861172e-01,1.467117620297063274e+00
1.680134812524854415e-01,1.718435737280469500e+00
6.292901205182359625e-01,1.684535317203946336e+00
6.878844684176735891e-01,1.527316902116522934e+00
7.543396379194545753e-01,1.921588743421300594e+00
8.827863478509452300e-01,2.479365036658662813e+00
6.612457677122850486e-01,2.131869146514192792e+00
4.770593935360925575e-01,1.085670192890956676e+00
5.721456692096118513e-01,2.689744939852218297e-01
7.291775444247550197e-01,-7.967052470243313200e-02
7.393339718265207194e-01,-7.751535086038234823e-01
1.699713785792398291e-01,-1.812883695375590021e+00
-6.160152984570350654e-01,-2.293605501208971553e+00
-1.019099606048629703e+00,-1.661400404395891428e+00
-1.307708129052686852e+00,-9.136223677763067874e-01
-1.152246632556458428e+00,-3.869828709672996636e-01
-8.344858280331572953e-01,4.733614447442255901e-01
-7.127125220153693874e-01,1.285809258084735784e+00
-4.699500342595391844e-01,1.582706628480945232e+00
-1.693852209291233368e-01,1.223104969504870132e+00
2.479594977886035723e-01,5.221133081634703466e-01
4.646594852275754417e-01,2.668350625199482629e-01
4.303560725928731179e-01,-7.414541619653589911e-03
2.145678180254468603e-01,2.199791270432547297e-01
7.279104024011616436e-02,6.411866060788109500e-01
3.006064965207023154e-01,6.361760923764079312e-01
6.173539086161204947e-01,7.783701136648761842e-01
6.457320269185619077e-01,4.156796494321747248e-01
2.536452538820135882e-01,4.894673155725404179e-02
-6.605727683401856065e-02,1.176133722085526689e-01
-2.125239539198632011e-01,4.035625623485676328e-01
-3.247946799656645928e-02,5.591680909011327305e-01
2.936236881403962440e-01,6.049032060350016948e-01
2.829119362958323891e-01,7.717093128207416219e-01
-8.970992834782795522e-02,6.739556852565379286e-01
3.293283728544587480e-02,4.714430948602320592e-01
4.200794820401188012e-01,2.287511671166256588e-01
4.488640418665552079e-01,9.440805594524108446e-02
4.921793592809291518e-01,-3.075744722636160056e-01
3.695088209336503948e-01,-6.671954390201635388e-01
-1.685517338443157931e-01,-8.878050215524614375e-01
2.023731472256319885e-01,-1.635539813691949007e+00
1.682066766068234909e+00,-2.478509719045612680e+00
2.696645110654556365e+00,-2.756824955749632711e+00
2.438225752702183335e+00,-2.051247716053613335e+00
1.340322253152016696e+00,-8.003042103053468193e-01
5.996951114444422082e-01,2.013143453451003151e-01
8.780867594290980849e-01,4.968530175674886751e-01
1.785930678319868514e+00,3.663717549390285155e-01
2.398240222960285717e+00,-8.242085324021666826e-02
1.796118507325737079e+00,-2.486686422938087504e-01
8.976386331597087098e-01,-7.433945231689826905e-01
7.896869004834290440e-01,-9.892745552364442529e-01
8.424571419541869721e-01,-5.614804843405979407e-01
6.697676341371984199e-01,-2.214764167335236955e-01
8.269925926991494869e-01,3.156704359131045079e-01
6.989957261437557134e-01,9.612384032386902533e-01
2.543544886220076018e-01,1.520892619900926501e+00
4.432043901132873276e-01,2.043603830145758860e+00
6.104810512797984590e-01,1.598427193059603457e+00
3.456308816619747537e-01,5.613706157149576104e-01
1.078812032724382232e-02,6.001666022746920959e-01
-3.229402479442470275e-01,2.391170556570192118e-01
-3.432098880662480811e-01,-2.062779570059864176e-01
-2.721760942592801186e-02,-6.105513922211210781e-02
3.771860757767112604e-01,9.044982325963892011e-02
1.199070570047980899e+00,2.413706417222574174e-01
1.639086530432935174e+00,3.592423888889713091e-01
1.062164280031321573e+00,3.773084764380544853e-01
2.745280847682107228e-01,2.078528642875947796e-01
-6.087609039301656866e-01,-6.516233191913094469e-01
-9.742082631639163992e-01,-1.200277246877744952e+00
-7.780494329626095329e-01,-9.935661044530716968e-01
-5.140998834649641580e-01,-9.612721712921251660e-01
-2.929156287422133853e-01,-4.174328169503518371e-01
-4.120516289353507583e-02,4.556426920130851044e-01
6.810941719710121188e-04,4.088656473880991626e-01
-3.723852674045865507e-01,-6.614852140957108717e-02
-8.811705676339273152e-01,-8.046151714971057078e-01
-1.676117984474210898e+00,-1.344354212453986452e+00
-2.237846163345313499e+00,-1.291296382468413606e+00
-2.028862146544180955e+00,-1.046259733604660624e+00
-1.198191940377083542e+00,-6.843547891109823533e-01
-4.551244420824496761e-01,-3.903129371278140636e-01
-1.075668132392007953e-01,-1.892244367019337847e-01
-2.721760942592801186e-02,-6.105513922211210781e-02
3.771860757767112604e-01,9.044982325963892011e-02
5.748329564826131222e-01,2.467618605709883672e-01
8.362725347931360131e-01,2.641036993953400080e-01
1.002514202590399695e+00,3.078987702217702085e-02
2.541160919879449920e-01,-2.709278261048713235e-02
-2.094074521849135229e-01,2.829063975129262332e-01
3.006064965207023154e-01,6.361760923764079312e-01
6.173539086161204947e-01,7.783701136648761842e-01
9.811648683079703392e-01,1.087064843754400378e+00
9.961874213969948988e-01,2.666187333047657315e+00
5.267328536575494047e-01,4.912780871587835385e+00
-5.456272052962160002e-01,5.668208495490413057e+00
-1.998530756806420117e+00,4.663921161098208756e+00
-1.952400589893225291e+00,3.232874559395760627e+00
-5.294924798124046594e-01,1.831897914455227205e+00
4.122292027274963022e-01,4.891664608230858469e-01
1.061217379476335321e+00,-4.699549169432414852e-01
1.727935401458389419e+00,-1.008460133732179020e+00
2.494037409818488094e+00,-8.046988271485909783e-01
3.085014444189205562e+00,1.781630114526940728e-02
3.144316643443387349e+00,6.128336235008583488e-01
2.390976526220316867e+00,6.250877611865173211e-01
1.179159841398323083e+00,1.690250227507852920e-01
5.560982407347072609e-01,-4.602629325304154889e-02
7.582815371005524607e-01,-2.761642953688348348e-02
7.430631812650722035e-01,-4.912451787753409072e-01
3.045530378646368330e-01,-7.738056478022439233e-01
-3.059038372457498767e-01,-5.140758302852266315e-01
-1.076296631205704957e+00,-2.757239633294789605e-01
-1.588480260164211177e+00,-2.933992141537725140e-01
-1.600598409288742197e+00,-5.443605467947466581e-01
-9.096818773635156896e-01,-2.146760915704785666e-01
-3.873431628142576244e-01,5.155643055090626259e-01
-3.997297203839227930e-01,6.448386985842983199e-01
-3.939165423861775150e-01,5.074475477667258483e-01
-3.797035118220522532e-01,3.767535906307676319e-01
-2.148329809433209003e-01,1.213897864182243297e-01
-2.721760942592801186e-02,-6.105513922211210781e-02
-1.700132613944712046e-01,8.699503158515297097e-01
-2.868265683496857843e-01,2.153106441188037401e+00
-3.157997001915466284e-01,2.437711768824987413e+00
-2.765529820354730717e-01,1.242563706014446767e+00
-1.090846507446884273e-01,1.111008307116523319e+00
-6.407230304653487030e-02,1.834129933336128060e+00
-4.152562001019229898e-01,1.953532924671563364e+00
-9.989200240983187040e-01,1.190149179725471962e+00
-1.121876279256396769e+00,2.430655421160984875e-01
-8.028465812876461882e-01,-4.253671036870929623e-01
-4.511219378111701594e-01,-3.948087939579129069e-01
1.417683244216331184e-01,5.905760032521585323e-01
1.115723289317552824e+00,1.927688936137201825e+00
2.369332453597339683e+00,3.340462658060103340e+00
3.526484691246835723e+00,4.385435320297355055e+00
4.167380735594559127e+00,4.574831909338780811e+00
4.140967443559010697e+00,3.726639914282767307e+00
3.786620357048029906e+00,2.214332724350391857e+00
3.565497577294507892e+00,8.896653724916500083e-01
3.804733885942960914e+00,6.634488830759079081e-02
3.776007833496453081e+00,-4.027728875014015622e-03
3.537506223173862541e+00,8.210926073467341713e-01
2.767934421427021174e+00,8.682064570402729942e-01
1.297368586650301969e+00,7.507360906555626823e-02
3.863669630935408651e-04,-5.549263798901328260e-01
-7.645033660373393714e-01,-1.285784191131091214e+00
-9.701407635238029625e-01,-1.502483797853053415e+00
-1.768512465746356677e+00,-1.475932380828861357e+00
-2.796581556402900404e+00,-1.205792877070314351e+00
-3.117328675634651880e+00,-2.963316226247711960e-01
-2.600674867422044567e+00,5.912019008149312915e-01
-1.697966823821677407e+00,9.648186409672124819e-01
-9.422336388546337371e-01,8.918026452534907333e-01
-9.024708175979413438e-01,2.256167647899010587e-01
-9.384180808844192478e-01,-5.387097560187643630e-01
-4.609067483595812309e-01,-2.455456793780166069e-01
-9.146864201935581140e-02,7.072811093849552533e-01
-1.083020360576667299e-02,1.467799118543161141e+00
2.477694892748765754e-01,1.303488664238720007e+00
1.171895273378325886e+00,5.039113019108572011e-01
2.263021352321922031e+00,-1.156956728462954082e-01
2.872270602076420598e+00,4.232834178416731985e-02
2.597405502590261150e+00,1.052469531570200623e+00
1.544780573250221112e+00,2.263870291580355687e+00
3.072664297099404473e-01,2.990757344625138092e+00
-3.811882414885338632e-01,2.088411065152870894e+00
-1.888230334536679100e-01,1.035812255593650422e+00
-1.618141142829526702e-01,8.843652285911307587e-01
-2.275589960561209546e-01,3.836670109994008704e-01
-1.561992890329325367e-01,1.362391655052637152e-01
-4.492528386909997451e-01,4.673059013715689658e-01
-3.345176652034221321e-01,8.127388794307334186e-01
5.638038111003645936e-02,8.015658572022250627e-01
3.015223675008508186e-01,7.269301407586715724e-01
5.991987735948246518e-01,4.605733249493332848e-01
7.582938948915369792e-01,5.060261985280706948e-02
8.078871911141780604e-01,-1.840101923206920453e-01
7.777855653372972577e-01,1.860948171140757237e-02
7.495485435186949319e-01,4.568518263711258687e-01
5.977170933590451041e-01,4.604961580010120126e-01
5.106491610930016245e-01,1.464797487098172257e-01
6.077788565140557209e-02,-3.168340786149203558e-01
-4.576624893059441646e-01,-8.051571478289215600e-01
-5.337985452795056540e-01,4.474768824176445642e-02
-1.888230334536679100e-01,1.035812255593650422e+00
3.357214989460501342e-01,1.119007442162214483e+00
4.676686595628005705e-01,1.037290258601953008e+00
4.255614245833518883e-01,1.517331992433758048e-01
4.256845902634872614e-01,-8.450205217043820216e-01
7.034407924825714087e-01,-1.382991833346178145e+00
1.001322144238214307e+00,-1.363846056479062874e+00
1.010907685605437312e+00,-6.183998588451656842e-01
1.202991644392395809e+00,1.387305641621267016e-01
1.232507755225087598e+00,5.046931640538406816e-01
8.220229072359964695e-01,6.896302221666350540e-01
3.322466931967607007e-01,7.079166192821670922e-01
2.416099571895239662e-01,6.574884295847417404e-01
4.151402862221585943e-01,6.296763032972960694e-01
8.387196596376846891e-01,6.556638768584495125e-01
1.183155572732356386e+00,1.293533077303354428e+00
1.167328297829640871e+00,2.147443275465325208e+00
9.212232650783677146e-01,2.371628607844611381e+00
7.522408967945704017e-01,2.000190984680209283e+00
7.604427449177439957e-01,1.329919662933584323e+00
5.581326699501124589e-01,-2.206621730658666902e-01
5.030885677454214333e-01,-1.107267716152610548e+00
5.647978038750782748e-01,-1.061545301978940037e+00
6.208982157350769748e-01,-4.020523136288178812e-01
6.774685403147561180e-01,2.912359169816799431e-01
6.220320293567943581e-01,-5.057165421205366690e-02
5.997352681985115286e-01,-6.938124873934699011e-01
6.853434087131866637e-01,-5.871709187189729784e-01
4.576868350418328846e-01,-1.454630694840696944e-02
4.193915135262069049e-01,4.684223111305387821e-01
7.705210281676920792e-01,2.399450464161818342e-01
6.902230366602076783e-01,-2.037883421412941543e-01
3.984382348160213083e-01,-9.068268655684251500e-02
1.229365997889033529e-01,-6.893032844132775290e-03
3.837400449727303986e-01,3.990162384860999056e-01
5.972796417141523762e-01,7.677578901183812476e-01
5.601820752699823158e-01,6.082278964411592659e-01
3.758114157372747233e-01,-2.043231404681268570e-01
3.695088209336503948e-01,-6.671954390201635388e-01
3.695088209336503948e-01,-6.671954390201635388e-01
2.727771125574057209e-01,-4.049101971548365042e-01
2.118942604143513320e-01,1.342574468221608697e-01
1.376406163498974378e-01,4.918523476148226048e-01
2.008128343884082317e-02,9.035045322044927829e-01
-6.758339577669011944e-02,1.244023874851812428e+00
-6.596644095576481570e-02,1.139525869410843661e+00
-8.535832826219373892e-01,1.384663648938092573e+00
-2.436183802174238799e+00,1.881183020423544239e+00
-3.437969241794765374e+00,1.538072744286043569e+00
-3.626501210377374385e+00,1.460544809553949275e+00
-3.739900287924220468e+00,2.005752009449806472e+00
-3.557710039969117055e+00,2.099530331810146144e+00
-3.437969241794764486e+00,1.538072744286042015e+00
-2.772093936661854663e+00,-5.948915385086921415e-01
-1.421093475381249416e+00,-2.974708394814176593e+00
-7.068626730808384995e-01,-3.989427780953879399e+00
-8.959865288722677068e-01,-4.203579348000733518e+00
-1.252769003107077284e+00,-3.647037137093318115e+00
-1.097967077997020535e+00,-2.448580928338444984e+00
-8.763842237911130539e-02,-1.163204394079255133e+00
4.362776662832825725e-01,-1.710702608796005053e-01
4.362776662832825725e-01,-1.710702608796005053e-01
8.059927613399749946e-01,-4.737311447846869750e-01
8.059927613399749946e-01,-4.737311447846869750e-01
6.161650267483721466e-01,-1.098220988607299109e-01
3.004469525784143613e-01,1.307941138547184523e-01
1.729469744429214528e-01,-1.275616147666722711e-01
2.517099589846892860e-01,-1.145511653247607564e-01
3.170478206564613655e-01,1.869713369091788591e-01
2.187739305378227084e-01,6.738734009466068597e-01
-4.266430960568570047e-02,9.219301265700776682e-01
-1.605791419165577827e-01,7.856962869641516134e-01
-2.469436778434473401e-01,8.822783118075373521e-01
-5.209526553235908075e-01,6.947464783755442630e-01
-8.232481667837113770e-01,1.207789162814677519e-01
-9.125745506220502845e-01,-2.853412111789417338e-01
-1.162817974478436378e+00,-5.971122519736364875e-01
-1.929747925013126864e+00,-7.111695109765607814e-01
-2.003287214460041987e+00,1.777613945084494940e-01
-1.211798512956851592e+00,1.313151682808329390e+00
-3.121873647293831322e-01,1.491056576544477430e+00
2.541255305223670269e-01,8.808164551041627321e-01
3.643090952794026949e-01,2.660763616757830796e-01
2.339905665228043941e-01,9.970861416804011057e-02
4.832720130081425425e-01,-1.293519200849397865e-01
6.902230366602076783e-01,-2.037883421412942098e-01
3.984382348160211418e-01,-9.068268655684261215e-02
-7.298500189654090198e-01,-5.554407754041710277e-01
-1.927501545050432030e+00,-8.405635089329820397e-01
-2.375732401843414721e+00,-1.237239169583618903e+00
-1.942115784584760529e+00,-1.388240054573150362e+00
-8.777276226090929834e-01,-6.107796036737280776e-01
