-1.483147993395127484e-01,-3.414377820055115587e-01
-2.136939515003404289e-01,3.867253476508434890e-03
-2.668938896502889291e-01,3.417546193929252851e-01
-3.087157408841568751e-01,6.604058926395384166e-01
-3.705509713885736522e-02,7.339828365768400475e-01
4.896454381883421081e-01,5.757773513323493075e-01
5.610654077744814394e-01,3.606777297202483079e-01
3.519407097043295019e-02,-3.048218265508664260e-01
1.292422435133032121e-01,-2.679246219767603132e-01
5.868213411279597780e-02,-3.123025965174496821e-01
6.562507284891889352e-04,6.082214794267477159e-03
8.809927800595412917e-02,4.712291760690379139e-01
1.022814224655890364e-01,2.999378778612393215e-01
8.863427025472301324e-01,2.583124012585971130e-01
1.175610552637613493e+00,1.835161827946538982e-01
5.446307970304709034e-01,7.847164893363468494e-03
5.215469479801912445e-02,-8.014475193994997915e-02
-2.061763085756763703e-01,-7.040869971565827390e-02
1.045524453208272891e-01,-7.976672155740376080e-02
4.114026730659890996e-01,-1.244305243307822495e-01
1.900253814473509550e-01,-2.053286424963267076e-01
-2.610524469059622918e-02,-2.921982533474415389e-01
-7.380268012741976469e-02,-1.867312736574324727e-01
4.823902447194061693e-02,7.597151911628792498e-02
8.592089952129183805e-02,1.625355089437426348e-01
-1.592810065490223859e-01,1.842555266179353446e-01
-1.940908505110652826e-01,-6.491383133373031245e-02
-2.003497494073044893e-01,-3.002206874797838654e-01
-2.984589956046967973e-01,-1.496177885725148149e-01
-1.229202446552874584e+00,1.363641195288570307e+00
-2.795590751844615696e+00,3.921542159570205577e+00
-3.772256664390730485e+00,5.585004757856642854e+00
-3.630845722474361992e+00,5.550263971104964611e+00
-3.183302665338624049e+00,4.995032675699535574e+00
-2.331168989398196612e+00,3.757732947130995704e+00
-1.280510359517215146e+00,2.164654363005253490e+00
-4.626101964346217010e-01,7.672143196721273872e-01
-1.971918043454727321e-01,2.889063684134866583e-01
-1.489517638960757007e-01,3.445658205540791386e-01
-1.064949232218104919e-01,8.905852701342741040e-02
2.470573403146414382e-01,-1.683814702629412019e-01
1.038659167594604638e+00,2.184923508984581708e-01
2.358382320060349091e+00,7.392922135908974735e-01
4.447640448035411254e+00,1.417824888419364937e+00
6.261486513377002794e+00,2.071818251015474566e+00
7.181632066288047511e+00,2.432876293887009211e+00
7.437073364408647969e+00,2.702174710047287487e+00
7.499853881812931000e+00,2.983260768150757247e+00
6.938338203789434111e+00,2.981494715111229432e+00
5.503645032368671863e+00,2.570143621728379735e+00
3.376891758390550446e+00,1.804873854248580933e+00
1.273777345648692938e+00,1.031217736789008965e+00
5.084276364771381229e-02,3.002804097284070273e-01
1.075193179852153014e-01,-2.601429902092041238e-02
7.920333435241001807e-02,-3.778131075821457990e-02
-2.079979842881973101e-02,-8.854221136402865011e-02
9.694866662953931236e-03,-1.456432111006064067e-01
-1.143554799970899066e-01,-2.898802218391006713e-01
-6.862717615962493634e-02,-1.807306034928649052e-01
-1.465655712101376386e-02,2.891127642995351341e-02
-2.079979842881941182e-02,-8.854221136402928849e-02
9.694866662954252159e-03,-1.456432111006068231e-01
1.495473755406260541e-01,-6.839783168273380620e-02
1.883755512341649674e-01,-1.543768166528662091e-02
1.724428491862000090e-01,1.181610920767260098e-01
2.348764588825216770e-01,3.808311709530232125e-02
2.138792571673169829e-01,2.175022988814755143e-02
6.777362533646671960e-02,2.939383109188931087e-01
-7.275509983453613827e-02,5.682008829155622553e-01
-3.460569692130104347e-01,8.398991264778319366e-01
-3.447764520702041313e-01,5.922728068193459094e-01
-1.278288381131227613e-01,2.208865058569574324e-01
-7.058200480554075451e-01,1.899271486267098075e+00
-7.894472117945460221e-01,2.267501708653796300e+00
-4.300509358011594951e-01,1.550875039738316641e+00
-1.016666330852421529e-01,9.391434911748827163e-01
1.452737759560229595e-02,4.331095872901481458e-01
-1.073557935710672540e-01,1.721608012068165661e-01
-1.205376227190984584e-01,3.147368328189472514e-02
-5.125699828656206380e-02,2.394450798981801951e-02
-5.022698856058430833e-02,2.589799894063574831e-02
-5.125699828656764961e-02,2.394450798982777212e-02
-6.168330187487309352e-02,-5.587068365656346070e-02
-7.925510452394814165e-02,-1.955882196247373528e-01
-9.847594983041162153e-02,-3.501612163352778029e-01
-1.224293294949344996e-01,-4.577558688839161172e-01
-1.465985730533299891e-01,-4.971042500020551591e-01
-1.662189390759143681e-01,-5.319441415428695086e-01
-1.926633013719959431e-01,-6.251842382764059014e-01
-2.347668092326013478e-01,-8.033959073964220821e-01
-2.777046844564545758e-01,-9.184248894624345017e-01
-2.564292211879267702e-01,-8.289128408798260850e-01
-1.889629032974696199e-01,-6.660425609741853492e-01
-1.163588702980189737e-01,-4.948727136371837698e-01
-7.318022472621274477e-02,-4.387356236991096781e-01
-1.238203533350141355e-01,-5.101394171301061320e-01
-1.741788481784355691e-01,-3.888208244436067718e-01
-1.762875195273760909e-01,-1.088849835160795448e-01
-2.805509204369707188e-01,5.157856108210402690e-02
-4.624936796285352147e-01,6.876087440373865323e-02
-6.028874307099971741e-01,7.344303713767957875e-02
-6.644452845462982538e-01,6.207422902164833056e-02
-6.393961036603694748e-01,3.619294173963941846e-02
-5.309021267629778773e-01,-6.984219192454474076e-04
-4.248569145754263476e-01,-4.406817513350336918e-02
-2.907596602349214465e-01,-8.444871179280227791e-02
-1.597488332695893576e-01,-1.120933985746710021e-01
-5.000795114798798485e-02,-1.617294758263102261e-01
-9.036269306386363748e-03,-2.402732043676686635e-01
-4.634774440866480660e-02,-3.287665171395512953e-01
-8.114858683089995472e-02,-4.233985084298088619e-01
-1.106593995965334948e-01,-5.066393143421439316e-01
-1.448808900833629953e-01,-7.229591009061017148e-01
-1.768228372102722268e-01,-1.026198474223972035e+00
-2.076354652181356397e-01,-1.335140873753167146e+00
-1.697223201459491793e-01,-1.036268097216326955e+00
-1.216570421765413024e-01,-5.575259233210377863e-01
1.784747852011011326e-01,-4.570569056665902963e-01
3.835526250895590072e-01,-2.523970680040562020e-01
1.288670624807139453e-01,-2.389762200883087107e-01
-1.640470072929441914e-01,-4.413170091345773871e-01
-5.857306058816132976e-01,-5.333410206224231676e-01
-6.066840591610077604e-01,-8.927434819059986149e-01
-3.211384624734888726e-01,-1.444287536177341069e+00
-3.953213560283329597e-01,-1.711244919794655095e+00
-4.955367344961518206e-01,-2.093806417180848811e+00
-5.826686976269047635e-01,-2.443044230073931011e+00
-6.422944200184562691e-01,-2.697974118518419395e+00
-6.454472250173666215e-01,-2.708740141330240991e+00
-5.643913331696388536e-01,-2.359056305728454372e+00
-4.093593377127051069e-01,-1.696243814394132743e+00
-2.172113009145073270e-01,-8.816202478200668713e-01
-7.357182047439585204e-02,-2.822182667933242906e-01
-2.831532624594853415e-02,-1.025500898255185811e-01
-2.795942814466835860e-02,-1.252410938230275050e-01
-7.286181470313861375e-02,-3.441803248595019515e-01
9.325257399498530775e-02,-3.430543491046109672e-01
2.673113547499867404e-01,-2.719001572369996594e-02
2.171556601250307084e-01,1.575606875429437503e-01
1.627518981800590570e-01,3.288238788951897140e-01
1.125123430837134814e-01,4.961515073207821147e-01
-2.434763894281339602e-01,8.067650906543367695e-01
-4.340392227175771667e-01,2.897483977659257581e-01
-3.042759930935015622e-01,-6.417058728409783530e-01
-2.924440554386399382e-01,-1.176218362354592317e+00
-1.835947212516932936e-01,-1.346518095850892882e+00
-8.503407083982505998e-03,-1.477667893323665327e+00
-6.776675298987207274e-02,-1.563163604840998699e+00
-4.084977448351854723e-01,-1.767766827685001152e+00
-7.625700360955752766e-01,-2.320396909848607692e+00
-6.824436041031074485e-01,-2.010655419791371745e+00
-2.109647804984563502e-01,-9.772967467360228477e-01
-3.291981074603158447e-02,-5.084403335458211881e-01
-7.937002753998080584e-02,-4.109130232199980637e-01
-5.415485095537759391e-02,-2.859550738625483701e-01
-7.318022472621305008e-02,-4.387356236991093450e-01
1.423616157714786140e-02,-3.977805806354852147e-01
1.682470432959466689e-01,-3.150161416508183154e-01
1.937440380757425862e-01,-2.074144222373817681e-01
-9.213722454495161529e-02,-4.026457062149932931e-01
-4.885361388030603491e-01,-7.207711942022717588e-01
-1.154675584659015986e+00,-1.047189442523059455e+00
-1.357614247699100440e+00,-1.053289802058966051e+00
-1.016203325592530016e+00,-6.875707384015955492e-01
-1.158578269557679841e+00,1.854873262438973824e-01
-1.058593114400533830e+00,9.127636813876536248e-01
-6.254987040996964343e-01,1.136321050535405996e+00
-8.240989221585927060e-01,1.586773784230995910e+00
-1.473337256514096083e+00,2.618084789300441972e+00
-2.353566852654813690e+00,3.839113442773931073e+00
-3.099997331000037271e+00,4.805863196286833450e+00
-3.584973639567428538e+00,5.321535409985321152e+00
-3.894937391807374194e+00,5.517572868184957180e+00
-3.978580744777808320e+00,5.359743322973997692e+00
-3.726825460101292453e+00,4.699188704422088136e+00
-3.001864585551350828e+00,3.396600939161364963e+00
-2.022372608022726670e+00,1.771676848635624912e+00
-1.521995291453778210e+00,4.983508144139905394e-01
-1.583559355371451316e+00,-2.010277570367186017e-01
-1.577485295194568815e+00,-8.964560915768143845e-01
-1.651793772066569632e+00,-1.655782645419580978e+00
-1.794184613360613856e+00,-2.346413091563266828e+00
-1.783735189575121893e+00,-2.825082004327693408e+00
-1.545378227774691471e+00,-2.927557017008027618e+00
-1.174781007172884362e+00,-2.764670485170170000e+00
-9.261384430463256434e-01,-2.635530269372235779e+00
-8.406079724718591439e-01,-2.562686957257901188e+00
-6.821530242513533793e-01,-2.258505055658043048e+00
-5.093820458072453317e-01,-1.902747528173766245e+00
-3.956079516305857635e-01,-1.437038658508287270e+00
-3.653919045107307251e-01,-9.661684168946066409e-01
-3.424843278173360095e-01,-5.210014985851804115e-01
-2.138252475989107226e-01,-2.878080994281603799e-01
-1.889348363478853821e-01,-7.469225955842767606e-01
-3.870677598676587894e-01,-1.585099407038391028e+00
-5.027899489671917577e-01,-2.072390157823164714e+00
-4.964864623857378478e-01,-2.040502883214234231e+00
-5.009056553930485434e-01,-2.058535261952010753e+00
-5.075032776953778413e-01,-2.091910472861394421e+00
-5.279417140034354805e-01,-2.194650055714069126e+00
-4.905126879223924430e-01,-2.041467695858510289e+00
-3.312350762531797721e-01,-1.299125123487147038e+00
-1.827492110792371671e-01,-7.041722319915575401e-01
-8.837002870290652790e-02,-4.994955771223314467e-01
-1.680781378328158326e-01,-8.763963658300117920e-01
-2.241790827462145363e-01,-1.249074709683843487e+00
-2.368288526225036106e-01,-1.374701897103251413e+00
-3.802276819086999882e-01,-1.718072817826728826e+00
-3.726814398647803617e-01,-1.612530122051488268e+00
-2.909315892788815194e-01,-1.179582263705929002e+00
-2.924440554386396052e-01,-1.176218362354592095e+00
-2.780012348925127719e-01,-1.228352203823650735e+00
-1.826286525054517940e-01,-8.346124218690444962e-01
-1.558316463873010427e-01,-7.936502933486397904e-01
-2.520654027656699103e-01,-1.269043423267312232e+00
-3.188156845666584860e-01,-1.547207655658054737e+00
-2.393479142404278670e-01,-1.062358228386109271e+00
-2.185700806024403753e-01,-9.254866732076796332e-01
-2.629489390898996914e-01,-1.177394162117867626e+00
-2.943318831915862632e-01,-1.405243406530749306e+00
-3.226467284526900459e-01,-1.602888340194206007e+00
-3.188156845666587080e-01,-1.547207655658054737e+00
-2.258680710464529284e-01,-8.620887661022436088e-01
-2.286259359963076498e-01,-8.645891422062023102e-01
-2.238481653528251181e-01,-1.055633051984740556e+00
-1.210791018298626315e-01,-6.668105703755311531e-01
-2.375445041203498031e-01,-1.087492649771649056e+00
-3.530693479194590423e-01,-1.475292978107968223e+00
-2.607633369601999318e-01,-1.129861545593751071e+00
-2.284092927885313928e-01,-9.202737796442156393e-01
1.418231599133316229e-02,-5.715698035366943985e-01
2.210967837666254210e-02,-1.671494169086542303e-01
-3.013069742922962480e-01,-5.990062550720732376e-02
-3.548018291012804415e-01,-1.914989720704409204e-01
-3.370042290948707664e-01,-4.074055026508797694e-01
-3.204805555187613120e-01,-6.285640641676976115e-01
-2.835807425845126017e-01,-8.161301238858136298e-01
-1.354624584562620360e-01,-6.151159303373786580e-01
-4.324559424186463080e-02,-3.018767879229212192e-01
-1.393894572973934098e-01,3.099080660327886271e-03
-2.537136404263132250e-01,5.191942425976112663e-01
-3.073174046043005148e-01,6.768146921140529848e-01
-2.629845106767202401e-01,3.874796264256794021e-01
-2.317983471877184398e-01,1.118775045014741287e-01
-1.400714653568020940e-01,-1.333250408257380670e-01
-1.900717231133372889e-02,-3.065151708238294526e-01
-6.141128527937388115e-02,-3.731891746736372140e-01
-1.436321712952342566e-01,-2.934873934432902232e-01
-1.049954927583174324e-01,-2.656825319740765967e-01
-9.844121566770089315e-02,-3.572001668521513906e-01
-1.449117139332965765e-01,-5.946378553227450459e-01
-1.440641800564970987e-01,-5.720147801594248627e-01
-1.011186024922183652e-01,-3.523913282201788233e-01
-6.603367834384360480e-02,-3.525011535372668536e-01
2.439222342738000815e-01,-2.621015962147009715e-01
3.451596637171300830e-01,-1.474193700593054712e-01
1.918302724920644547e-02,-2.747561629391431781e-01
-2.595749052438828253e-01,-2.296102978057935062e-01
-3.399197732270066163e-01,-3.317582974357812242e-01
-3.001367477570898723e-01,-9.398789157713391962e-01
-1.687481610095689089e-01,-9.705124506104656490e-01
-5.985149743432139485e-02,-5.323114452387985862e-01
-8.714066514947332864e-02,-5.176047184393408607e-01
-1.139331829181285949e-01,-5.183967267527923584e-01
-1.195359014297554118e-01,-4.812790474139933550e-01
-1.112361353989782947e-01,-4.458086023744077253e-01
-5.239847972613676658e-02,-3.321576564917224639e-01
4.388868289935698996e-01,-9.541214765446053014e-02
1.206182281899528475e+00,6.657583525846647032e-02
1.975423382343342471e+00,2.163841749537634140e-01
1.915494968000704734e+00,1.606168275278917479e-01
1.016869583742172622e+00,-1.546253113957461178e-01
2.464087045160752998e-01,-5.551922918328193735e-01
2.990775140314595390e-02,-6.131681276275421366e-01
1.750494847789887606e-02,-3.692812936845835114e-01
6.885552163849233305e-03,-1.577135243142087917e-01
1.493452804324077541e-03,-5.625902082819780187e-02
-2.912986589983027758e-02,6.526949023085015442e-03
4.264091460081746721e-02,-2.477533243227581644e-02
2.019179815231301467e-01,-9.128070598380591538e-02
6.439734366544415112e-01,-5.349722214545288984e-02
1.293378408126948598e+00,8.178440843125027448e-02
1.975423382343341583e+00,2.163841749537638304e-01
1.915494968000705622e+00,1.606168275278915814e-01
1.317243579773187623e+00,7.764239858563640358e-03
1.560711714465602418e+00,2.235616317192024305e-01
2.609996696115474801e+00,7.086264615226235408e-01
4.447640448035409477e+00,1.417824888419366269e+00
6.261486513377001906e+00,2.071818251015478562e+00
6.473051036595755647e+00,2.110481797278233262e+00
5.608161461505432044e+00,1.715000806990452542e+00
4.440759082925397117e+00,1.204797376060949832e+00
3.029369686299844044e+00,6.100957515089231453e-01
1.730313883096688432e+00,1.792677619434696612e-01
9.414000155941517622e-01,1.349470544653880513e-02
8.163665390002224909e-01,-5.635076812320243683e-02
5.452261652820583615e-01,-2.784718887268038401e-01
-1.346050254570780591e-01,-3.006356310798631304e-01
-3.986941652796693880e-01,4.539005856594854338e-01
-7.542985297044023651e-01,1.366773978767864994e+00
-6.770666840035796108e-01,1.420107880696295455e+00
-2.496073065170430483e-01,6.058180290588870420e-01
-1.117429498865189080e-01,2.143175998873161070e-01
-8.013043701452023104e-02,-1.658179585819374025e-01
-1.499412373273914800e-01,-4.875394061437386961e-01
-2.044296388646409390e-01,-7.699057271695687321e-01
-2.303839338506816770e-01,-9.541962744163412502e-01
-2.613059776878099427e-01,-1.168743480329676343e+00
-3.083456210294910904e-01,-1.414758009502109504e+00
-2.780012348925127719e-01,-1.228352203823650513e+00
-2.431341908297060816e-01,-8.864419189035289692e-01
-2.282317061899242494e-01,-5.435421357314685897e-01
-2.193677008704538189e-01,-2.222274064218454637e-01
-2.148671727625848515e-01,3.122470699994591217e-02
-2.239775747306027298e-01,1.635656375730045464e-01
-1.887226326113183583e-01,1.130221619290690677e-01
-1.186384198439813242e-01,-1.124388486957638295e-01
-2.383744313519211844e-01,-1.698623191618925110e-01
-3.311888199188192661e-01,-1.908760964293919893e-01
-2.841408581263359379e-01,-4.117563589298551263e-01
-2.154848633721496431e-01,-4.563273083141083930e-01
-1.246139495953521442e-01,-4.354943942681931968e-01
-6.423521025035815180e-02,-5.769490193767227160e-01
1.505538368261554122e-03,-6.956266009811029605e-01
-1.107656488885188362e-01,-1.036238190733456577e+00
-2.690319732109838768e-01,-1.061741933752983646e+00
-2.614706391809144548e-01,-7.006073143577076223e-01
-2.856965213348180987e-01,-5.545383738768423498e-01
-2.872187795712567993e-01,-4.601681544415627823e-01
-2.102240526985169611e-01,-3.557557163500612574e-01
-2.166843368582469787e-01,-4.412454945976351794e-01
-2.872187795712567993e-01,-4.601681544415626157e-01
-3.276008194392985295e-01,-2.399356615102365420e-01
-2.133863860804555423e-01,-3.293684347462006445e-01
-7.313919556431942859e-02,-4.622315462803471275e-01
-1.285614252486462217e-01,-3.533636795541381659e-01
-1.436321712952343121e-01,-2.934873934432900566e-01
-1.049954927583175990e-01,-2.656825319740763192e-01
-1.078964608034180123e-01,-3.989363310637401017e-01
-1.526070734521845218e-01,-6.274426135751910438e-01
-1.678930848099351447e-01,-6.728810734909924651e-01
-1.501006622535384916e-01,-5.632706653252560480e-01
-1.246931514448526429e-01,-4.364822014918717241e-01
-9.702149637373422286e-02,-3.132561601325218326e-01
-6.120615126621186536e-02,-1.849106751056962261e-01
-6.790667118549659209e-02,-3.026422034832937924e-01
-5.079666563689051728e-02,-4.358264686198957683e-01
1.142661554967742132e-01,-4.302857118597563924e-01
4.129665595167687775e-02,-7.469729689317752275e-01
-2.368288526225034996e-01,-1.374701897103251858e+00
-3.076774285329779146e-01,-1.536032270900196783e+00
-3.057476773548896687e-01,-1.509406282237742980e+00
-3.226467284526899348e-01,-1.602888340194206007e+00
-2.526399764669925441e-01,-1.305888839326197148e+00
-1.407650782199034722e-01,-8.120330602927825492e-01
-4.314914247280493553e-02,-4.154567085787819747e-01
-3.536634140814155086e-02,-3.573078745144744328e-01
-1.192239045250369223e-01,-6.516219179697955166e-01
-2.209817100013715951e-01,-1.058615068001401927e+00
-3.083456210294909794e-01,-1.414758009502109726e+00
-2.844395003748101391e-01,-1.143548577578744840e+00
-2.777046844564545758e-01,-9.184248894624339465e-01
-2.965277621083023951e-01,-8.108657962092636895e-01
-3.147411914797764720e-01,-6.483815100044991730e-01
-1.968888891454947665e-01,-5.660363403965257278e-01
-1.405547730305595211e-01,-7.954755531847980121e-01
-2.455797370591070727e-01,-1.069656067350827300e+00
-2.821207214116526196e-01,-1.184316486486556963e+00
-2.923185435261013709e-01,-1.195224261124898213e+00
-2.753377964370641862e-01,-1.101386646738708786e+00
-2.495044780558157427e-01,-9.427281756369462196e-01
-3.655010928984447904e-01,-1.442994360026389200e-01
-3.299835908263889506e-01,9.159325542999195713e-02
-1.224147616598632304e-01,-5.578637689772584229e-01
-4.240772888312028394e-02,-9.987919989622638939e-01
4.072268627563586929e-02,-1.423938202027557276e+00
3.658803235317779068e-01,-1.637318105539048441e+00
8.792423185561729637e-01,-1.601671107245135728e+00
1.321379744999326533e+00,-1.423721705638871127e+00
1.599431266949100428e+00,-1.059218438665384676e+00
1.678295325983228059e+00,-5.574879586267260656e-01
1.619533611988264843e+00,-9.721732138611466345e-03
2.408670448582009627e+00,6.317856313144789571e-01
1.998008938428816883e+00,7.499799570792098358e-01
4.358652805009477493e-01,5.883912501001694606e-01
-1.819430769532082437e-01,7.893906599788974576e-01
-5.603162797168517173e-01,9.799793926004652933e-01
-6.047866491846640713e-01,1.085059499646984671e+00
-6.714436054882175764e-01,1.218702190328147417e+00
-3.115441808061156226e-01,7.796464593895647832e-01
5.650195200553794622e-02,-4.215785549921367836e-02
-4.324559424186454754e-02,-3.018767879229213857e-01
9.490564991698517694e-02,-2.989640154360072022e-01
1.279047465674232054e-01,-2.971247065024884004e-01
3.399488245628561316e-03,-2.564834847309546695e-01
1.269746695505278612e-02,-2.252334391900779886e-01
1.269746695505279827e-02,-2.252334391900779609e-01
-3.786983343420951414e-02,-4.005696993175044546e-02
-1.261530494600275609e-01,2.235560770151902854e-01
-2.124091776425965639e-01,4.793650070830630661e-01
-2.892272364406388574e-01,7.097885259893906840e-01
-2.261376946546240219e-01,6.036060453900099487e-01
-2.771049193053256102e-02,4.883962113477381406e-01
6.912241333142442410e-04,1.493934536806308944e-01
9.490564991698517694e-02,-2.989640154360072022e-01
1.843308705918419443e+00,3.769938260082073000e-01
4.447640448035409477e+00,1.417824888419366491e+00
6.261486513377001906e+00,2.071818251015479007e+00
7.181632066288049288e+00,2.432876293887007879e+00
6.311075081425331135e+00,2.049586762294276276e+00
4.308243868633955032e+00,1.139452454701329831e+00
2.131549573456998026e+00,1.661347466937052875e-01
3.950222554507414885e-01,-8.175010455984172975e-01
-3.212712703226470734e-01,-1.171907489262250968e+00
-3.956874612362631938e-01,-9.628892896548609803e-01
-4.791996261675301461e-01,-7.842659882746257916e-01
-4.994903910044362627e-01,-5.056236010227590505e-01
-4.539982251991134810e-01,-1.646695983060543489e-01
-3.484661144564390467e-01,1.924561877619459516e-01
-2.208072975672718541e-01,5.319874392478913805e-01
2.678103703462886842e-01,6.455105128901924560e-01
1.034352275963924095e+00,5.364734888270018542e-01
1.258357713470685368e+00,3.942301161846957780e-01
8.313176335743287515e-01,2.068247419965908718e-01
4.276328621883905279e-01,1.613054445357041747e-02
3.308741819078986901e-01,-1.385156217144629109e-01
5.619295260963530492e-01,-2.223165512040424230e-01
8.098519036930551529e-01,-3.158427096368803810e-01
5.171979371457283703e-01,-3.955669016041399311e-01
3.277751007407165434e-02,-3.596471649514363378e-01
5.845153577598772264e-03,-2.544705073761495684e-01
-1.844609645580094770e-02,-1.451064714870115291e-01
-3.984195399606741544e-02,-3.767898564322930827e-02
-1.916521289009872342e-01,4.247321754104577129e-01
-4.411043592078981446e-01,1.138079064644298422e+00
-6.795715072562656944e-01,1.813280550295830018e+00
-8.295220680417311199e-01,2.236986371319545253e+00
-9.315349881525410991e-01,2.512337481527240346e+00
-1.230275807404022981e+00,3.245824209515962178e+00
-1.457243321089206844e+00,3.750678074408718921e+00
-1.466737774601698741e+00,3.789634537638037592e+00
-1.575304375930228984e+00,4.127536538334696026e+00
-1.625345411999635337e+00,4.274214938869336677e+00
-1.579027392339097613e+00,4.170356756866427261e+00
-1.625345411999633782e+00,4.274214938869334901e+00
-1.339662091313469805e+00,3.543588051695989449e+00
-1.240059999626572207e+00,3.285969492658883606e+00
-1.575304375930228984e+00,4.127536538334696026e+00
-1.565298736847160033e+00,4.086482641919006120e+00
-1.457243321089206844e+00,3.750678074408718921e+00
-1.196966770867632590e+00,2.858036469442645444e+00
-7.279787877958052711e-01,1.305763002797499794e+00
-5.194091573338371903e-01,6.989752196422112096e-01
-3.460569692130106567e-01,8.398991264778323806e-01
-6.471421472783360496e-02,5.699368675080492830e-01
8.749918463762598742e-02,3.219667620793130181e-01
1.555609939820443710e-01,2.639205833062682194e-01
1.221189062636815897e-01,3.839433651995769470e-01
9.783169024525462110e-02,5.161322506557365353e-01
-2.047552251681582502e-01,9.361891839425028339e-01
-8.288398048594727285e-01,2.108785074650378899e+00
-1.440241831362882419e+00,3.692923887413482653e+00
-1.440241831362882419e+00,3.692923887413482653e+00
-1.107770280240033323e+00,2.507225882126399519e+00
-7.947921525199495019e-01,1.492281795942018263e+00
-3.951827635809082029e-01,5.737921249435385951e-01
-1.869765422493784857e-01,2.204461641368173422e-02
-1.855775912295814789e-01,-7.298566519880019809e-01
-3.776142011762569362e-01,-1.537199315057404814e+00
-5.009056553930483213e-01,-2.058535261952010753e+00
-4.685873576255320527e-01,-1.931253819676671091e+00
-3.717572702342836211e-01,-1.595962079523215671e+00
-2.815844786894853291e-01,-1.193329882080249815e+00
-2.495044780558154651e-01,-9.427281756369458865e-01
-1.721573646551036452e-01,-7.066650550554134380e-01
-9.412479020428683729e-02,-4.934152636019308313e-01
-7.318022472621293906e-02,-4.387356236991095670e-01
-5.941873671763892029e-02,-4.524958007608054777e-01
-1.456510143804431168e-01,-8.612934230805284475e-02
-3.410113810055773187e-01,7.141171211028000121e-01
-3.916416228618715412e-01,9.013478245417313461e-01
-2.841215705443666528e-01,3.467101644716463760e-01
-1.734411817339677753e-01,-2.187231024356432463e-01
-1.474603460234719665e-01,-6.493779217715247576e-01
-1.038379554979672326e-01,-3.690648883113775147e-01
1.540880828010713147e-02,2.345384076799165718e-01
8.666530269788513818e-02,5.158838935394864933e-01
9.121266933127950005e-02,3.832582397045772304e-01
1.080591004564220442e-01,2.818475337296832417e-01
8.592089952129224051e-02,1.625355089437434675e-01
-7.843006828764370608e-02,-3.048579717003894740e-01
-1.190755422141971248e-01,-4.536364801006214642e-01
-1.275020908781902551e-01,-4.729288599393459136e-01
