2.388411116627454922e-01,-7.233957960359380657e-01
5.045623526548305426e-02,-8.338620518633352852e-01
5.419204887848286245e-02,-9.898307903980678724e-01
-2.668057120666073034e-02,-8.333514075189893955e-01
1.554666362708222449e-01,-8.588360425631134110e-01
-1.327945471210661976e-01,-9.562017046522394148e-01
-7.106078547496161857e-01,-1.108117822730086743e+00
-1.446111280749655670e+00,-1.298671340197139923e+00
-1.963020874978529395e+00,-1.509318555250191096e+00
-2.140393776271576787e+00,-1.581524819812115235e+00
-1.957137035334464592e+00,-1.412458210178040963e+00
-1.590404139110822790e+00,-1.126592560918382668e+00
-1.152190150172383687e+00,-6.294802611854357632e-01
-7.880567697695342044e-01,-2.802989165144844641e-01
-7.880567697695342044e-01,-2.802989165144844641e-01
-4.756820385867388534e-01,-4.845545883221358818e-01
-2.047199135527158764e-01,-7.153635128810246213e-01
7.297755214753182118e-02,-7.375944391639104314e-01
-1.210031228715831159e-01,-6.991368235319468383e-01
2.659691251393347389e-01,-7.073236355088136085e-01
5.558095568005300136e-01,-7.806258924102501551e-01
1.060154560287912773e+00,-8.694682650703678961e-01
8.966512056167164069e-01,-8.500509225938930324e-01
1.134432985532780602e+00,-7.795526507354155754e-01
1.306854051347634993e+00,-6.896458823422093598e-01
1.545908833666252535e+00,-6.231652985895574925e-01
1.216176924423594263e+00,-5.060935442579459487e-01
5.652965279281010336e-01,-4.624203107791814427e-01
-1.785646849176472928e-01,-4.588838935326846613e-01
-6.761078971250786829e-01,-3.980723189409094975e-01
-5.401992561433881512e-01,-3.474147648376305075e-01
-2.993754847354778148e-01,-2.490564214190212344e-01
3.688353850054890831e-02,-5.856905512329323438e-01
4.203264936511578176e-01,-1.114992472880603103e+00
6.751661179097275811e-01,-1.688673366272262166e+00
8.792382332889522312e-01,-2.003994206908657372e+00
9.406692378406426025e-01,-1.930953675861342589e+00
8.092835151159850637e-01,-1.581973165799287484e+00
7.655850915626940534e-01,-7.587241692438230212e-01
8.268498567854738468e-01,3.175671088783234008e-01
8.785272618338245687e-01,9.763434108754219798e-01
7.763889362522277127e-01,1.248635309609551269e+00
6.047097106147217849e-01,8.525084244082988816e-01
4.783953287971907664e-01,8.040215584686456474e-01
2.832228779461882229e-01,3.237910119323071378e-01
1.933597220247733062e-01,4.697622895218847017e-01
9.734202670441870209e-02,1.579729426907612033e-01
3.648474632206920587e-01,5.478633745852979908e-01
5.097151537888293671e-01,7.945660914427433719e-01
5.097151537888293671e-01,7.945660914427433719e-01
-1.032685707071301535e-02,2.782719833165293033e-01
-2.655226788624359680e-01,-1.438776839573753796e-01
-4.165073421951539512e-01,-5.942171975905827797e-01
-2.464583071431455941e-01,-4.157875128558350397e-01
-1.222639870798468698e-01,-4.470219887730978447e-01
-6.819597446329822565e-02,-2.610343063100732386e-01
1.327626031244079075e-01,-5.230065045486527175e-01
-1.164584898997874235e-01,-6.266600564392105222e-01
-1.671752019702918979e-01,-7.154273041206673511e-01
-3.672479414007254750e-01,-6.847843673217293148e-01
-1.938675578031884839e-01,-4.856897073492937866e-01
-1.518826495975266269e-02,-6.125422617730814645e-01
-1.912904078569404309e-01,-2.795144270495719674e-01
-4.811104864576954965e-01,-1.174991390697128907e-01
-9.265345761827616933e-01,3.140143351120905368e-01
-1.027832228638476231e+00,6.505230543634256124e-01
-7.457817377118951541e-01,6.873255387051161458e-01
-1.208996983267283387e-01,5.313858884031660290e-01
4.422882057739122574e-01,3.873683099645338634e-01
8.971936353421235966e-01,4.532472888000700362e-01
6.123611714366286041e-01,3.595579484052921493e-01
5.104664025254070925e-01,2.791920849074137068e-01
3.987911091818518439e-01,2.896401665235983081e-01
5.937963784543687229e-01,5.805846415288973272e-01
6.180353156823744643e-01,6.724330408815327731e-01
5.945439161906999059e-01,6.163715196644631300e-01
4.646132949121277722e-01,3.931989853010198210e-01
3.477653330698602940e-01,7.893880589037716167e-02
-8.183362341028049131e-03,-2.206352391652947609e-01
-1.095947167232661362e-01,-3.596133423752632119e-01
-1.375701829718205538e-01,-3.584410977253772446e-01
1.692478394315662660e-01,-2.774593107909169576e-01
3.590051027539939432e-01,-3.280275951630282072e-01
4.741395567660512400e-01,-5.102317619786091996e-01
7.844906639737344589e-01,-4.666479534192277678e-01
1.022304040855186003e+00,-2.385099405839151421e-01
1.102213943384608985e+00,2.045682709390186371e-01
1.044518869349030377e+00,5.318395156968839244e-01
8.618757277772806091e-01,8.384222280089952406e-01
5.826634886318953210e-01,6.203637895107929623e-01
2.101037759143018768e-01,3.530017020464543687e-01
-3.315825324010498454e-01,-2.251907261971597130e-01
-4.027092954051558760e-01,-2.611193850049955967e-01
-1.815848901833255757e-01,-2.366367730559172933e-01
-1.866344887208455094e-01,-2.496726124811039504e-01
-5.413425799952414907e-01,-6.495640892591990623e-01
-1.279452845079224632e+00,-1.319962934141348798e+00
-1.921411157690688265e+00,-2.177852991395318405e+00
-2.446868268243020061e+00,-2.874865540813525300e+00
-2.610945529416949018e+00,-3.027609848612893728e+00
-2.425507305209547049e+00,-2.423716171309919787e+00
-1.942879429634493782e+00,-1.675109985830823156e+00
-1.528071540267441408e+00,4.594978395272834581e-01
-1.303989831981009484e+00,2.239624606880798119e+00
-1.434660805607207656e+00,3.364377209176724115e+00
-1.329690241108852478e+00,3.445509404905399808e+00
-8.386133311089899456e-01,2.283954017486060639e+00
-2.717773396802090624e-01,7.387530406624840396e-01
-3.446569432994280036e-02,-6.805560364502994952e-01
9.460159850596855380e-02,-1.071983354346443429e+00
1.581079187806057884e-01,-1.473208140152547863e+00
4.632791405312405852e-01,-1.218630706118887908e+00
4.187960882390923678e-01,-7.572127045574539306e-01
4.950430882163949775e-01,-4.211187100277861695e-01
3.685961767959174407e-01,-4.579973154768094412e-01
-6.451782155121495999e-01,-6.017981007302468655e-01
-2.232294915815451031e+00,-8.826023783124758992e-01
-3.439604417126536084e+00,-1.396920199976571020e+00
-4.481383929234631580e+00,-1.890827587470591320e+00
-4.756523149564799269e+00,-2.118919480008422340e+00
-4.190856840610118539e+00,-1.926572265019361518e+00
-2.972019712694635274e+00,-1.159315600681139813e+00
-1.803927262562326161e+00,-5.917576408890173889e-01
-9.089599565327660669e-01,-1.442319316566414988e-01
-4.475022314007966462e-01,-3.575793100409493386e-01
-1.443667309481521527e-02,-5.041099918076734632e-01
3.587501227529458769e-01,-7.153767322976026799e-01
4.120811335028907729e-01,-7.245197455610500326e-01
5.756139024556602424e-01,-6.533958764992713331e-01
4.823387124297340289e-01,-3.773260241078101318e-01
4.823387124297340289e-01,-3.773260241078101318e-01
2.435829253950793361e-01,-1.981560590031787583e-01
4.016294302827188578e-01,-3.670820393570921047e-01
4.846252575496136084e-01,-1.985845392051892866e-01
5.987170474922873797e-01,-1.651871460137344649e-01
7.433797833273666500e-01,4.363669746768225610e-02
5.535769551057029281e-01,4.384931844852789640e-01
3.072672756994916932e-01,7.165471471415165716e-01
-8.222268162397113056e-02,8.797969087295077761e-01
-2.721403235779942253e-01,7.366172314562874357e-01
-4.831428687073208161e-01,3.294988328623064122e-01
-1.559452041327226979e-01,-3.089995842888905719e-01
3.242180419251174950e-01,-9.107774089732900702e-01
8.442201349265032739e-01,-1.158277802322108752e+00
7.527607437155547920e-01,-1.103585850905410393e+00
7.614421424153816620e-01,-1.416147163723999292e+00
5.362362819271553338e-01,-1.711489182164353418e+00
3.873055569810968102e-01,-2.154749257022283260e+00
-5.523314391359598896e-02,-2.042651589124593769e+00
-5.124973826818414180e-01,-1.502974276360179218e+00
-5.250307760098117393e-01,-1.171607694525853338e+00
-4.510318901639722711e-01,-8.066092566989579993e-01
-3.747619617202000569e-02,-6.433705611367881438e-01
1.521034866126179386e-01,-3.229828489819807635e-01
5.438732788070160806e-01,-3.064606093918465501e-01
7.081580089554777580e-01,-6.841970316499680349e-01
9.562099130456771512e-01,-7.510693292021117795e-01
1.104548035420098051e+00,-7.422007442016820278e-01
1.080521241810112443e+00,-5.267603545322593339e-01
1.071092122477810493e+00,-2.015174915397821009e-01
7.437091287344991253e-01,7.892686389781888509e-03
4.578838852828316375e-01,2.430871387772554904e-01
-5.856517129136049049e-02,9.576909721164221512e-02
-2.415418502209885354e-01,2.101994580072229779e-01
-3.932118826336955530e-01,1.859002714973110038e-01
-1.572015389183010481e-01,1.061838054975890039e-01
1.160485095558777546e-01,-9.311911723432492183e-02
4.076060000072122547e-01,-4.033357200945560939e-01
4.655667679934328285e-01,-6.503560372145865687e-01
5.918720507322234869e-01,-1.031884806586014447e+00
6.268334460117862550e-01,-1.279797851682391574e+00
5.759021058915078095e-01,-1.308736310829522687e+00
4.414828004696723651e-01,-1.069584075721011995e+00
1.643622928648642567e-01,-6.364978824376500421e-01
2.125670476967078115e-01,-3.921987893576311390e-01
-1.251187898893705852e-01,-2.762639513867018448e-01
-6.184568600754911660e-01,-4.656693090916548816e-01
-1.570096930300730609e+00,-7.541363922854468216e-01
-2.029178670315504363e+00,-8.986289385177372857e-01
-2.403762515435875713e+00,-1.030548780773890227e+00
-2.303276887715849597e+00,-9.605064896061664692e-01
-1.914619652903454039e+00,-7.135804185244066788e-01
-1.324065406382558319e+00,-3.588161459305468926e-01
-8.506959346934398480e-01,9.195241526308751967e-02
-1.701427726989491185e-01,3.010407548420658830e-01
3.485237883915255352e-01,3.121576948605647717e-01
3.485237883915214829e-01,3.121576948605666035e-01
7.123361580253390057e-01,5.382756899498226666e-01
1.276570607332232932e+00,1.075001531368289687e+00
2.164815897413661538e+00,1.334092614328786119e+00
2.462623665549598329e+00,1.531826221756965589e+00
2.446204200183468735e+00,1.380600193734347947e+00
1.839673863240930851e+00,9.329836230091407279e-01
1.338210613728542553e+00,5.544104730906641576e-01
9.509589053468321396e-01,2.852069004578334788e-01
1.051616731381856518e+00,4.221306865898016292e-01
8.991321871269893906e-01,1.966335775832663280e-01
7.688091745497696028e-01,-1.724802667946815585e-03
6.215632990701133176e-01,-2.874703316550039633e-01
5.551377012278323475e-01,-2.320708010822369327e-01
4.992677100930526524e-01,-1.864385994455868001e-01
5.915577090032332341e-01,1.281719765253156174e-01
8.134809458868188514e-01,8.962092781570238365e-02
9.968110021633995732e-01,-1.326650592547655994e-01
1.276991926234289476e+00,-4.380275969398306768e-01
1.459083705036024137e+00,-3.991243195142353817e-01
1.615812151452304057e+00,6.038147526064572418e-02
1.302909138216236107e+00,1.866786551469213074e-01
1.084672380319634977e+00,3.064807965914014276e-01
8.683923828772486253e-01,8.608298719762713658e-02
9.789795110699067715e-01,2.909480020907232456e-01
7.811909192572624727e-01,1.381165670401423573e-01
5.818840081815219722e-01,-5.502530792762045514e-02
3.211758264532914575e-01,-2.463786169614973764e-01
3.029489022502754869e-01,-3.070310815535292615e-01
3.168597378962085820e-01,-3.020948039706019550e-01
-7.652701559891586514e-02,-3.491838126808156639e-01
-2.547939744806041462e-01,-3.770073195942306166e-01
-1.822670659694259621e-01,-3.625462845495498465e-01
8.518021567766465019e-02,-4.892769895241937950e-01
7.700282928633074564e-02,-4.882614077070764336e-01
-2.782820582827837952e-01,-6.432005769598925227e-01
-3.546778231043036245e-01,-6.714560819464415742e-01
-3.305938189059091648e-01,-8.914278082717536078e-01
-2.291732253665932847e-02,-1.093743021361107015e+00
1.488301707123922679e-01,-1.125690266518888372e+00
3.900671157276842660e-01,-1.382676614481433308e+00
5.016580846145520800e-01,-1.549030413043344323e+00
4.592738022597726566e-01,-1.702422214913142051e+00
1.642244796397770989e-01,-1.497767260266455347e+00
-1.998619500020785977e-01,-1.194905758298260068e+00
-7.531855505327670341e-01,-7.323801414338169113e-01
-1.166098323711809881e+00,-4.428170296878332635e-01
-1.266190157031705343e+00,-1.133331973642790480e-01
-1.006903535324363608e+00,-3.333635330935977303e-01
-9.390825781590744770e-01,-4.756692932753341929e-01
-8.009524616548390208e-01,-9.659825248693019173e-01
-9.948786829459537184e-01,-7.868533896951362960e-01
-1.145052268707947629e+00,-9.994882049955995384e-01
-1.125673506097418786e+00,-9.261487630356712852e-01
-8.527059230780403842e-01,-8.956878254676768902e-01
-3.952141374628971304e-01,-2.177216702856271946e-01
-3.244920678971657813e-01,-2.654603737626859417e-02
-5.975188181038342261e-01,-8.108812404845427979e-02
-9.260000145440546726e-01,-5.403579727652958464e-01
-1.080124614669951466e+00,-7.174689849174150647e-01
-1.214306095593133517e+00,-6.742359769232929567e-01
-1.141556133671551843e+00,-5.261369626860391557e-01
-9.598594030817321210e-01,-3.045683698722582711e-01
-5.585316230201389232e-01,-2.499208457640878511e-01
-4.807652802133532410e-01,-3.071995557644933150e-01
-1.625362866077924850e-01,-7.024597503501300855e-01
-2.944131997123786149e-02,-1.060321252040616224e+00
4.546965678826618285e-01,-1.363229462362655964e+00
5.307158330411528846e-01,-1.464758399214578954e+00
1.000851601525725609e+00,-1.463647431013122890e+00
1.363880161090508025e+00,-1.196537867477694750e+00
1.801684028041323327e+00,-9.175257958045989204e-01
1.623728370783126040e+00,-5.765383897031411964e-01
1.105652056394564875e+00,-2.249296188313542610e-01
6.697473883810418638e-01,-3.077153458421553189e-01
5.707076410519901222e-01,-3.151186624581784335e-01
6.420150499113385090e-01,-5.481611023483928813e-01
3.084527164742765226e-01,-4.464202059488476260e-01
-9.381855851662650181e-02,-3.403723425296913407e-01
-2.619359810616131989e-01,-2.255404419717602638e-01
2.285950942824234999e-01,1.876968706478452376e-01
7.064382816161328682e-01,2.563795698310479820e-01
1.169854768343369100e+00,2.152881855899489716e-01
1.262927498955533023e+00,-2.083857332909419546e-01
1.083967198815790400e+00,-5.471270022906385977e-01
6.178085890439810601e-01,-5.303771644190387047e-01
-5.892275219644187850e-02,-4.544345945876721582e-01
-6.465691583873991455e-01,-2.556250899382992992e-01
-9.351585748210525795e-01,-3.745894619024999206e-01
-1.344337774564214660e+00,-5.318508643393505819e-01
-1.632733816900768353e+00,-6.665342302169809940e-01
-1.593228536183333155e+00,-6.015099127774360399e-01
-1.242075165889936050e+00,-5.248062004086907484e-01
-9.341946304867315698e-01,-5.185173493476998852e-01
-1.303007387781100146e+00,-1.052237003645250413e+00
-2.018415184397353457e+00,-1.964681533971704086e+00
-2.780423737513086468e+00,-2.955930659560320528e+00
-3.520212847592003591e+00,-4.009946900586734309e+00
-3.985409211336845114e+00,-4.806913346287489119e+00
-4.030637890276466351e+00,-5.149852014514226362e+00
-3.800663487709348587e+00,-5.229503968022595650e+00
-3.385807624492280343e+00,-5.078999094821493365e+00
-2.942616292973638803e+00,-5.003461979124436354e+00
-2.628011708350908027e+00,-4.912156524579256001e+00
-2.539416859795997627e+00,-5.003852102210255559e+00
-2.604922336960304730e+00,-5.020587878240004187e+00
-2.880113072890070125e+00,-5.088108562858160155e+00
-2.991647026355040317e+00,-5.004287851401848286e+00
-2.377548331793645442e+00,-3.617199160220891496e+00
-1.093426683118080556e+00,-1.872866239597106741e+00
-1.518142073708478312e-01,-1.422419945722123158e-01
3.035985341155145525e-02,5.022407104583855864e-01
-7.947351972021751698e-02,5.203731714517007001e-01
-7.771823793541647596e-02,6.618905428988872686e-01
5.507401852958598854e-02,3.781889903505198935e-01
-1.261466558404707727e-01,8.212002658090482299e-02
-3.901294041260374712e-01,-8.085826681692621642e-01
-6.720439311559079920e-01,-1.150605738696885094e+00
-5.786117559982641989e-01,-1.891368958591286509e+00
-3.736195411285366252e-01,-1.918448112765799518e+00
-2.719971189721933635e-01,-2.542474311643823981e+00
-2.719971189721903104e-01,-2.542474311643825313e+00
-2.944474360206606467e-01,-2.211734761664700066e+00
-2.799563849403406413e-01,-1.376249415673241661e+00
-3.828267887675885772e-01,-7.101167473600293878e-01
-6.163612866605275853e-01,-5.397858791533270972e-01
-6.169282184564670590e-01,-3.437278993974383634e-01
-4.179050484614424410e-01,-1.320678187287384064e-01
-1.678065374162929224e-01,1.162371171393257463e-01
5.790954447730569700e-03,-1.226426082455813193e-01
-5.374530249228663958e-01,-7.122041108861980607e-01
-1.093735984365888481e+00,-8.436601838342527859e-01
-1.744587639789613842e+00,-1.139047158083412725e+00
-1.879402683191961243e+00,-1.231024437813445838e+00
-1.822980283893255615e+00,-1.534206461232567875e+00
-1.795451424901003845e+00,-1.237518560128072043e+00
-1.744587639789613842e+00,-1.139047158083412725e+00
-1.621610954013147810e+00,-9.022631502262976610e-01
-1.208464131805478514e+00,-8.526591503114235859e-01
-7.108395214389316985e-01,-3.772076342812409333e-01
-5.226567465307997429e-01,-2.309438817836122482e-01
-6.458666499427498930e-01,3.911686912450570430e-01
-9.380020062485662224e-01,9.315321545762432764e-01
-1.233259499638759804e+00,1.237102325297882999e+00
-1.208588613742608286e+00,8.227335005039033700e-01
-8.953270011966383279e-01,1.582359368260652099e-01
-4.898872507644921326e-01,-3.465605647590211946e-01
-2.415607192236477185e-01,-2.438733702084339428e-01
2.118677365637445034e-02,-1.303698095747683749e-01
1.235809964685902762e-01,8.728797580836727965e-01
-7.849339283067384432e-02,1.180153001727464401e+00
-4.047593348637860688e-01,1.319611446098438057e+00
-6.439393861442748168e-01,4.681356628666344388e-01
-8.928849589973424372e-01,3.619552693650038289e-02
-1.052245654564216482e+00,-3.892528585649623896e-01
-6.871816284059287794e-01,-2.512651215032137286e-01
-5.894631811612728312e-01,-4.317562953119897795e-01
-5.790736147909194553e-01,-6.828326121035865892e-01
-8.946544604029500469e-01,-7.523579479578382800e-01
-8.946544604029500469e-01,-7.523579479578382800e-01
-9.267641438651753605e-01,-5.939481509816455507e-01
-8.122571716177849899e-01,-5.734089915942026661e-01
-6.345566598010170534e-01,-4.758385512389657346e-01
-6.313914700901809285e-01,-2.527910057867176485e-01
4.907712981535140156e-02,2.400112677474025916e-02
2.098663173623818157e-01,2.786924599409680847e-01
8.450511021216853269e-01,4.282247648236059967e-01
8.541634711625984977e-01,4.663888438250666235e-01
9.210213210307020004e-01,3.288013958563562045e-01
9.408685381657918567e-01,2.642595390256657351e-01
7.817433442669653454e-01,1.184863802814947326e-01
7.860989262154528534e-01,8.977376115325259864e-02
4.540624387993068556e-01,-6.778630698563248291e-02
7.190097449090325499e-02,-2.576848479595965080e-01
-2.386242007440460833e-01,-4.228558758633441661e-01
-4.653980964592917546e-01,-6.232483092959524296e-01
-6.607244406501124878e-01,-6.974764892222652390e-01
-8.198279500973958411e-01,-1.142459664768675998e+00
-8.967166130993446949e-01,-1.645982467337127497e+00
-8.137554551846545303e-01,-1.990354658103578700e+00
-5.963208919866450630e-01,-1.881403566601048016e+00
-2.015806307507672090e-01,-1.270700824510469618e+00
1.893714447358855468e-01,-5.343571975998084866e-01
4.130136542347051520e-01,1.142831137356956073e-01
3.348562731263783343e-01,2.303205360557963044e-01
2.218496742255458842e-01,1.706825328747297033e-01
-1.913835574588555744e-02,-6.796293975520562025e-02
-2.870732192351534429e-01,-5.593099880632715903e-01
-5.091418056082597232e-01,-9.401016044099246294e-01
-5.045969108380021773e-01,-1.447513871416478137e+00
-6.203020694279721692e-01,-1.505542216550656232e+00
-5.641222814999836688e-01,-1.470143610462094408e+00
-3.310518236237272593e-01,-1.252222881897910645e+00
-3.177021630803153474e-01,-1.108765863736415946e+00
-3.917802156385265522e-01,-9.299866532672546038e-01
-9.573344586242961141e-01,-3.839412714464935372e-01
-1.080785720541965977e+00,-6.976782016743844628e-02
-1.117321152520491356e+00,1.623742531462582517e-02
-1.095330477139322856e+00,3.106011428470619173e-01
-9.415918738531324772e-01,5.929954612551896487e-01
-6.987600704785703609e-01,8.825464890818283115e-01
-4.865977589682214388e-01,9.730923424686434009e-01
-4.646256527280474558e-01,2.012644802917285425e+00
-6.843082451738565775e-01,3.258367534896077444e+00
-8.483647110877096109e-01,4.207718441285321909e+00
-9.007535840017066864e-01,3.901401380001324526e+00
-9.047102921143228560e-01,2.499629724718718027e+00
-8.071667961621913356e-01,9.881845298949448742e-01
-1.166171648418071971e+00,-3.075917378601756846e-01
-1.996544850347604649e+00,-5.429490468350436361e-01
-3.259220579605869528e+00,-1.086379618171334993e+00
-4.273130350847510250e+00,-1.527289840018342559e+00
-4.705794991433283947e+00,-1.917418090094457739e+00
-4.537730818876505978e+00,-2.211690034466899935e+00
-3.567033120913786881e+00,-2.073075557781423939e+00
-2.973407622579540277e+00,-2.507604702292835608e+00
-2.746418338802733228e+00,-3.371073310613494467e+00
-3.063086661450640236e+00,-4.445222112200784004e+00
-2.942616292973638803e+00,-5.003461979124436354e+00
-2.238430148506323381e+00,-4.467603306229068316e+00
-1.536801538022538605e+00,-3.654795632396899752e+00
-8.442176797242619823e-01,-3.047314874052787115e+00
-5.876832938900072856e-01,-2.602636568309063758e+00
-7.207865602927483462e-01,-2.400785833823461335e+00
-9.295604478297220252e-01,-1.548305540560991567e+00
-1.419902871237817443e+00,-6.059773684266746008e-01
-1.807847970626496270e+00,2.071901364294366499e-01
-2.024985607654574249e+00,4.394734919055217626e-01
-1.768546825143873846e+00,3.194262661084226740e-01
-1.288137898034159567e+00,4.720456055898065717e-01
-7.290793362893783769e-01,7.191198881264111442e-01
-3.946165458123205294e-01,1.565954323256391278e+00
1.420717620664039595e-02,1.544021455414033905e+00
3.828771447452163912e-01,1.245559753375746981e+00
3.134791052094008101e-01,3.566475832068308760e-01
3.589349689222862128e-01,-1.757918219260475035e-02
3.440800931833504217e-01,-3.114073404688878430e-02
4.269888668941132503e-01,-1.701361853885670003e-02
4.563639940487440594e-01,1.949161620298887621e-01
3.916468006993664153e-01,4.062373357691860809e-01
3.156141728034124183e-01,5.648828099818781201e-01
1.813354565340733193e-01,4.269205972715608421e-01
-9.855098233021451770e-02,1.233388932739098859e-01
-3.489734021692563748e-01,4.016882147579488027e-01
-6.510244193880766472e-01,7.599785668182050535e-02
-4.042972335734964506e-01,4.625927828824062393e-01
-6.172104754357131684e-01,3.477704518987170812e-01
-5.431621760146659872e-01,4.113221439031372051e-01
-5.585634800585015380e-01,-3.449530515620484461e-02
-4.376764494787764304e-01,-3.926352608272958289e-01
-2.214033873835928590e-01,-5.371648979857570616e-01
1.059282410084613352e-01,-3.847063897248039210e-01
2.056043500053983952e-01,-7.130024355029207506e-02
2.092118028887512138e-01,1.336745139800699644e-01
1.343225959576215336e-03,3.568930573351090652e-01
-5.554569574638715257e-02,4.955444840159639042e-01
2.751422287224318808e-01,5.608129213281848324e-01
6.685111682789142140e-01,3.756351974788009751e-01
9.368654085126674191e-01,3.096102309571211464e-01
8.307513995120239247e-01,2.085517740339183912e-01
6.099195428872041802e-01,8.997069001440512193e-02
3.725835516320805119e-01,-6.004763222393146721e-02
8.402416102399808129e-02,-1.755918606380584696e-02
-1.143340372266651861e-01,2.881200196616366949e-01
-4.753331617797331154e-01,2.776808750886112231e-01
-7.677470635742701388e-01,8.875453072671501964e-02
-9.822564734558096866e-01,-4.198772901044841022e-01
-5.894987775545761366e-01,-4.193930746945281340e-01
-1.710686863481100106e-01,-2.140226352971568158e-01
4.001911747571517686e-01,9.937474533657637832e-02
7.594390150066595568e-01,3.764377143336156140e-01
8.265639025647090188e-01,3.448268963625858996e-01
7.649691690279790679e-01,1.826163988975605112e-01
8.777609475571164221e-01,1.103458155913527305e-01
1.035920534145845728e+00,3.117851455106112613e-01
1.321577147790157891e+00,5.621220407357427895e-01
1.346383709109354676e+00,7.576342412706982277e-01
1.220637387518759276e+00,7.723002588661054268e-01
9.315157843901405998e-01,5.291782144955219369e-01
5.963101069343568206e-01,1.693634793930046956e-01
2.520964492182841132e-01,-1.815143773440107688e-01
4.475867199562844623e-01,-2.892880309336105515e-01
5.651044924789778295e-02,-4.432845694831014094e-01
9.575807797668615950e-02,-2.510940183860837505e-01
-1.584299699699480979e-01,-7.881982657164406103e-02
9.846803096385844944e-02,1.676540803873143859e-01
1.835946569370446591e-01,3.162193069160004200e-01
2.669913728022175192e-01,2.872311045813626396e-01
3.727328234381064309e-01,1.643579018054838747e-01
5.574151698811112832e-01,5.658116066464189547e-02
2.511669503643453871e-01,-1.461093060146463896e-01
-3.443936998109224379e-01,-2.093869088385556243e-01
-9.207307259552571788e-01,-3.973103003857887949e-01
-8.602371186164883277e-01,-2.756560339242050683e-01
-5.915772216866377331e-01,-2.760402427907373002e-01
-2.090536278444636853e-01,3.394939509352830065e-01
1.132752475169437473e-01,1.101308938681465621e+00
9.538093093340231643e-02,1.724896981078701819e+00
3.474413866595368883e-01,2.629330861394811869e+00
5.908127694172004007e-01,3.901374124532113630e+00
8.667977745328681038e-01,4.998209879196839012e+00
7.745229503982997699e-01,5.692979805335317778e+00
4.952231565204286978e-01,5.609437416193864046e+00
2.139565052573501672e-02,4.421667046016023228e+00
-3.377700935930432191e-01,3.379700844272088833e+00
-6.356781111447824539e-01,2.599957866618958224e+00
-6.254892901947090023e-01,2.616015224206909462e+00
-5.435354290849717662e-01,2.082037698913623114e+00
-1.791798747631383470e-01,2.063073080448032837e+00
-2.934422390520989299e-01,1.563155479955915528e+00
-7.095899903907788575e-01,1.594358510182224853e+00
-1.263573912132316623e+00,1.069916506352592833e+00
-1.369725152961067671e+00,1.132103598060958838e+00
-1.004452136776186499e+00,1.011291970181876554e+00
-6.582415815201027032e-01,1.611760934929561406e+00
-1.187221459328559048e-01,2.143932400081157486e+00
7.542619742094347490e-02,2.364855395214133349e+00
5.033225033015132910e-01,1.737639123833480959e+00
6.410996218248311562e-01,1.048314589607409975e+00
7.768613489971951669e-01,6.658748540514818348e-01
6.671953686955074403e-01,6.931865385228983545e-01
4.105385852202113051e-01,1.399238710860739365e+00
-3.708265047157671950e-03,2.504814729183288957e+00
-3.464611741975825998e-01,3.400147347581450763e+00
-5.766106413214034943e-01,3.410712971390664539e+00
-6.957573873225956218e-01,2.529123993435625550e+00
-7.834723131027646614e-01,1.272557096789884046e+00
-8.616543337837559990e-01,6.833635483672119426e-02
-6.150775101620304941e-01,-4.277638588669896436e-01
-4.225688032688689755e-01,-1.772874875031696384e-01
-4.101635772696500815e-01,2.612846039855166169e-01
-6.632257281417203165e-01,2.377615644253422977e-01
-6.819744762378214809e-01,8.567101465152926476e-02
-5.518118810566596810e-01,-4.406044657386972707e-01
-5.336769718134630747e-01,-4.905183861590109440e-01
-3.376579227492473856e-01,-9.141192142638197016e-01
-1.228394059699229324e-01,-1.247862203307595008e+00
1.246414926442765414e-01,-1.367806502267451707e+00
1.364660719273332046e-01,-1.003597113218017034e+00
-1.266449034967896403e-01,-7.165215579825741088e-01
-9.552429598583885850e-01,-8.141841222154779789e-01
-9.659906072491257767e-01,-5.456986962437998523e-01
-7.153949903263336907e-01,2.320842052203707095e-01
-1.982951986933960686e-01,1.530052230364263410e+00
-4.501612219334744092e-01,2.126750001640918430e+00
-7.612272785645086692e-01,2.137408004207036694e+00
-1.087690676622270924e+00,1.522079733704060800e+00
-1.415351975853667454e+00,5.909226493647271594e-01
-1.175694597657160223e+00,1.344467116464095335e+00
-9.091655284371373824e-01,2.734752674893089708e+00
-4.797328319706936628e-01,4.635423111228063497e+00
-5.611355693661359556e-01,5.123895442281575008e+00
-4.722411505055356673e-01,5.206500565887789200e+00
-8.526997464673566895e-01,6.072175247529879805e+00
-1.384953267259069642e+00,7.214506092922639446e+00
-2.009417021225194944e+00,8.851567188212019488e+00
-2.247028273980659741e+00,9.344593232858040111e+00
-2.104174114260412676e+00,8.902047319794167635e+00
-1.622432602846942684e+00,7.580127453885424416e+00
-1.038498454202094301e+00,6.064413823355814692e+00
-4.310933038215737367e-01,4.346533653835299660e+00
2.973381006793512221e-02,2.885059063190469786e+00
2.436370285911743649e-01,1.843256837906210643e+00
2.298367407786606198e-01,9.291595076520471341e-01
2.833152854687527866e-01,4.073697251332304980e-01
1.813628680502144264e-01,9.971789451987369546e-01
7.117813179926947564e-02,2.503789882291372670e+00
-1.666279603606558024e-01,3.520545338140681935e+00
-1.624984869499669360e-01,3.517928817607546055e+00
4.485847747045558498e-02,2.769309457353048565e+00
3.084791487120838727e-01,1.948818299609146543e+00
4.469362955666984494e-01,1.082521693411498509e+00
6.637183367828283220e-01,3.369915494994361049e-01
8.412838879751185495e-01,-1.357818199686436078e-01
9.620308501523850975e-01,-1.510529463037577347e-01
9.620308501523852085e-01,-1.510529463037577624e-01
1.238960147411598323e+00,-1.109971953524798854e-01
1.394070745543740664e+00,8.422916559563786709e-02
1.645154192437470408e+00,4.031785849881454609e-01
1.195326954354616555e+00,5.020490809399907883e-01
1.040454645561943448e+00,1.722551345914205223e+00
5.552652647124860508e-01,1.703730667197552950e+00
7.420543927747963453e-02,1.612721374429672450e+00
3.248785238054812674e-01,-1.173063773866738491e-01
2.241984283332860151e-01,-2.869569502869894206e-01
4.334929966096387477e-01,-5.286479340178839026e-01
7.478510490196199623e-01,-8.838397841872127625e-01
7.947284093612370093e-01,-6.756284453215953834e-01
7.641248149354227248e-01,-6.063425295535869175e-01
5.430603318224073162e-01,-4.532943211550047868e-01
7.608980758326434612e-01,-8.817162728267000649e-01
8.729909279782344100e-01,-8.195636760910007812e-01
1.300309857710377992e+00,-8.884370261224527887e-01
1.503619476604421301e+00,-7.668029761228750685e-01
1.449138843091106077e+00,-7.196203947679908897e-01
1.115798888334488259e+00,-4.853546987180988870e-01
4.567592383242161658e-01,-5.177861296443200256e-01
-1.219693644274370131e-01,-6.203871813080887865e-01
-4.687913162667516342e-01,-8.053482992994852596e-01
-7.063926918574876535e-01,-7.135338676891055387e-01
-8.485645923099378596e-01,-6.353906172345809011e-01
-5.723465997809302763e-01,-4.100056143697135558e-01
-2.919878939592480682e-01,-1.009982703305797036e-01
-3.576989216386965154e-02,4.849927545993588662e-01
-6.843045927541129003e-02,7.313768251604381154e-01
-6.684784844992028296e-02,6.494661281157625421e-01
-3.678481257505623533e-03,4.129854290861195015e-03
-1.938673267869345518e-01,-2.997259235019003043e-01
-3.174711599574114862e-01,-4.726639515166194960e-01
-7.659223199648764746e-01,-4.440796459537928453e-01
-5.168538844999913673e-01,-1.114012655394563652e-03
-4.755871583470862585e-01,-1.267542677862376664e-03
-1.424055567276671652e-01,5.925291238990973430e-02
9.638450518533993316e-02,-3.955366549718042357e-01
3.279885469900176154e-01,-4.725550046218139899e-01
3.800348918790622532e-01,-6.283145353921844034e-01
3.452568780359945855e-01,-7.008806890490741903e-01
1.260193699042167804e-02,-7.431325450743598848e-01
-3.112041719937655437e-01,-5.887716347574510900e-01
-7.392930331875293692e-01,-4.178816215052946204e-01
-6.643979423666256379e-01,4.721080864201523952e-02
-7.090219408061186890e-01,9.701098055125743080e-01
-6.990747754975578099e-01,9.879361163446652716e-01
-5.482349304618143737e-01,7.078168081152337310e-01
-5.213649881523092500e-01,-3.447127212561226228e-01
-4.240403131816201099e-01,-2.817985420704737232e-01
-6.035167163795018830e-01,-3.928565518595484862e-01
-1.817285726588989125e-01,-5.061106973817945942e-01
4.729524041852207761e-01,-6.687035869622964812e-01
1.135272958098715756e+00,-7.426668928513723289e-01
1.456596856647160321e+00,-8.000652030427558570e-01
1.316767245241346584e+00,-6.784172957493127543e-01
7.413069961157990884e-01,-4.753223650409710288e-01
-2.311898575065963329e-02,-3.367782831518487119e-01
-2.866320571480421298e-01,-2.069284232226970832e-01
-3.598348380502570110e-01,-1.805707507737971951e-01
-1.021948998331917713e-01,-6.333494964665010996e-02
-1.051598253924126980e-01,-7.183134205190190580e-02
5.578941594435232049e-02,1.668729707025184139e-01
1.743372888032463930e-01,2.730801032777399051e-01
1.820346484310626789e-01,7.060224075606197358e-01
1.820346484310626789e-01,7.060224075606197358e-01
3.636888542074617203e-01,7.146314515668986678e-01
6.611569386931467340e-01,7.283434027678652167e-02
7.918508009963551864e-01,-1.305907972099403999e-02
5.379813800493516984e-01,1.204566524377598258e-01
4.429897221964486653e-01,5.278479737295816987e-01
5.641189509183067718e-01,6.904523353828236898e-01
9.096960358850701978e-01,5.716816815057269574e-01
9.603135559048556757e-01,3.803079820454557392e-01
8.150801074363316356e-01,1.839622431130087110e-01
4.741935281788715595e-01,5.195607333485910417e-02
4.669416437075120108e-01,1.108025778247666016e-01
7.077423764138425222e-01,3.051138371756807466e-01
7.613285562184258781e-01,5.352392498218339068e-01
6.827823924285041368e-01,6.945234365769172857e-01
4.038721551014358147e-01,7.684986668520183972e-01
3.098032240464833609e-01,5.855276417991877036e-01
3.627850665008273690e-01,2.062903709145905151e-01
4.612278109983118934e-01,-3.316952853521597244e-02
4.922949710134146839e-01,-1.209193653213139902e-02
1.640217419518260888e-01,2.328714427585887869e-01
1.584375114831186315e-01,2.647688811281559973e-01
-6.138616494691555986e-02,2.607740686687399223e-01
-2.499309939967776090e-02,2.073214304994277501e-01
6.681552278626172459e-02,1.768706242223994085e-01
1.399069593431955916e+00,-5.450876065072505355e-02
3.517548040605730009e+00,-3.942009455718827882e-01
6.124512384739715820e+00,-7.800196580054871154e-01
8.872775833618543828e+00,-1.363613138684778292e+00
1.136484175376634909e+01,-2.068029045304885738e+00
1.317451235611535942e+01,-2.824872245393662773e+00
1.411484393394352743e+01,-3.516942586695301465e+00
1.402632877335792294e+01,-3.972696712569290689e+00
1.290922921109123322e+01,-4.025853245650976575e+00
1.087596959515482453e+01,-3.586991819179621288e+00
8.313548592202597121e+00,-2.704334681652760697e+00
5.370309068727677548e+00,-1.604995593356363548e+00
3.266377049676833622e+00,-4.438297714033543340e-01
1.924083200278525307e+00,4.386271445312031614e-01
1.769769048312751281e+00,8.422397881842026424e-01
1.476291676078935966e+00,7.691061197258006743e-01
1.639418700530068218e+00,3.215794435002161666e-01
1.873103121481543898e+00,-2.210594323226402758e-01
2.209637515764277360e+00,-5.310320204279631584e-01
2.193811666210911948e+00,-5.262944644637738145e-01
1.945056409018090182e+00,-1.249841666382222466e-01
1.509129522439892401e+00,5.651134718867683038e-01
1.012217999271973978e+00,1.292973478038732305e+00
5.926421396062513391e-01,1.861522637996487539e+00
3.108148595409275794e-01,1.900952997895093866e+00
3.041034176753055207e-01,2.063774411879030879e+00
4.758251487599279295e-01,2.489055885738118867e+00
7.448658942554491347e-01,2.274036010515891881e+00
9.377660743575917390e-01,2.268693467420082932e+00
8.005236508170615606e-01,1.973133994413929004e+00
7.853380577040546262e-01,2.462178064700282221e+00
7.853380577040546262e-01,2.462178064700282221e+00
7.853380577040546262e-01,2.462178064700282221e+00
7.384564330452974001e-01,2.666045656431170308e+00
6.702933215401296607e-01,3.074198018198888160e+00
6.702933215401296607e-01,3.074198018198888160e+00
2.814602002429303362e-01,3.375465886425863982e+00
-4.839708979745855899e-01,3.161116491817016705e+00
-1.032099828328909785e+00,3.545212682265435067e+00
-1.423223841190553118e+00,3.670444583878114564e+00
-1.318253276692197273e+00,3.751576779606789813e+00
-1.083460499645326980e+00,3.397710813264346097e+00
-6.802180633371642804e-01,2.844092515714355951e+00
-1.041049046662626681e-01,2.045857531888449543e+00
2.781579527642965011e-01,1.288640623605454838e+00
3.897654812369896193e-01,7.345327166108024386e-01
7.498754464666149144e-02,7.338779072541891102e-01
-4.211751072199521606e-01,4.731794929437338482e-01
-6.112897434836643829e-01,7.974523876021667457e-01
-5.776210053960288970e-01,1.407131233949169724e+00
-2.358988927948913461e-01,2.117956464256062432e+00
-1.659910328365163668e-01,2.373241778956395542e+00
-1.064772183159311686e-01,1.715668914713524895e+00
3.583729804557064802e-02,8.727808159536214472e-01
4.349294455873947696e-02,2.098192180781487393e-01
1.406022570534767591e-01,2.458345339374969629e-01
1.406022570534767591e-01,2.458345339374969629e-01
2.663520217614655516e-01,1.841230523844694378e-01
1.460730379119193623e-01,1.639401704917338720e-01
2.398173466168561363e-01,2.159354790042006533e-01
2.097062456559796451e-01,3.425522186760381893e-01
4.064047675067251064e-01,5.782829416071386675e-01
5.754218775984769607e-01,7.173793504876746496e-01
7.725577914229603271e-01,9.523357844094390012e-01
9.495804303245288791e-01,1.344630273913375085e+00
1.089583751190789984e+00,1.752029629414828760e+00
1.153868252007324680e+00,1.807520649249682254e+00
1.263091393538838814e+00,1.492412409406782547e+00
1.309501631530950450e+00,8.934324072344388412e-01
1.296347043896750151e+00,4.042060216831010466e-01
1.201781282018676844e+00,-2.424371511445879424e-01
8.707508001203908554e-01,-4.975469298912724159e-01
4.087813876442105143e-01,-5.997122232656417751e-01
7.726784921339630019e-01,-4.665577381713726934e-01
7.070856771538540642e-01,-5.142671283040983754e-01
