-4.169902188951316591e-01,1.182993891779116735e+00
1.267695085371601249e-01,6.407818347099307754e-01
4.735757469140076670e-01,-4.496667731683990366e-01
8.623764551851526017e-02,-1.414830983577630930e+00
-1.877323231446977603e-01,-1.683942184343170334e+00
8.758937244296442076e-03,-1.013074980941980119e+00
1.191010097780106913e-01,2.443898548070546142e-02
-4.887815421061218052e-02,4.334706206419950969e-01
-5.569523426717248871e-01,2.035756173280015568e-01
-5.660483163100172854e-01,7.780320624200301460e-02
-1.242681299666853895e-01,-4.679523391740382787e-01
-5.350726230926814431e-01,-1.435851870567499855e+00
-6.555830136027557264e-01,-2.244071614731218300e+00
-4.156487647057586776e-01,-2.319655474472700707e+00
9.178119245786865721e-02,-1.643226788549132955e+00
8.180976870779491650e-01,-1.096945510028718873e+00
1.063790549670090568e+00,-8.580982227462068401e-01
7.774486303877342630e-01,-7.157247756471550870e-01
7.541684588446054827e-01,-6.426637480462470409e-01
8.860570633945972219e-01,-9.186384678991769137e-01
3.876491570665851483e-01,-1.523192805138774863e+00
-2.335071886197080393e-01,-1.607495279396158550e+00
-3.877772566719336900e-01,-8.945124812268228087e-01
-7.543362821779714400e-01,-1.703508109034135576e-01
-7.797474818883148862e-01,-2.463405537585080379e-02
-4.093091732254959259e-01,1.829905295352540545e-03
-1.221333252164978483e-01,2.146660689261767341e-01
-4.887815421061226379e-02,4.334706206419902119e-01
-4.887815421061226379e-02,4.334706206419902119e-01
-4.887815421061226379e-02,4.334706206419902119e-01
1.154885637287705880e-01,6.193882814388618901e-02
6.149293504666562826e-02,-2.108803196308119687e-01
-2.476316380492009916e-01,6.493420285237458400e-02
-3.281993270834285825e-01,1.077205276566908648e-01
-3.369132823858354553e-01,2.459146137676033739e-01
-1.700526656864508046e-01,3.865175393749282207e-01
-4.887815421061226379e-02,4.334706206419902119e-01
-3.007099668683043681e-01,6.020962199912405222e-01
-9.868128518705291397e-01,5.344664079344443319e-01
-9.982537878554355038e-01,1.512489610861127154e-01
-4.256221002668751918e-01,-2.267118781189571275e-01
-5.333136043716848462e-01,-9.678386508145643552e-02
-7.556561246741986260e-01,1.302140932007599949e-01
-8.193979330625805746e-01,3.472286813880600120e-01
-1.101040978826693273e+00,1.067456973190507918e+00
-1.329339625197016872e+00,1.499408082803966202e+00
-9.737974195024183821e-01,9.098555313382088450e-01
-1.596943255407832218e-01,2.147815390364050114e-01
3.752746963113233192e-01,-6.711287649096042696e-02
3.950322971685079065e-01,-1.314730914002498530e+00
8.629493322425094703e-01,-1.894786502020788355e+00
1.304938210658166398e+00,-1.090052982630020262e+00
8.505001223419439427e-01,-5.545724186349100249e-01
1.604867087654388846e-01,-7.522747229349632803e-02
1.192399424544356989e-01,-1.235997698052195698e-01
1.342837593560368969e-01,-2.128774885241726811e-01
2.934843656948875681e-02,-1.772464093581347516e-02
-1.352733853780649365e-01,-1.697043443467106949e-01
-1.835169457373897750e-01,-2.271614070649828343e-01
-6.156292334786811482e-02,-8.904808454596804812e-02
-1.558978174795164207e-01,-2.033114075288846856e-01
-1.835169457373897750e-01,-2.271614070649828343e-01
-1.338752907941012371e-01,-6.855717373118738744e-02
-3.192457049627212551e-01,4.135561727135954324e-02
-5.463146969309801149e-01,6.004277772577019251e-02
-6.408311105486902415e-01,1.686905418159443948e-01
-3.430069083570667088e-01,1.193241832441647721e-01
-2.019186251709250979e-01,-2.109731015284015410e-01
-4.521176631060303541e-01,-4.757591259068753575e-01
-5.684662236969818538e-01,-5.831342915332706767e-01
-5.867729931783224329e-01,-4.962963429118948944e-01
1.227686727231590696e-01,-2.289741513832090902e-01
3.358390870403180073e-01,5.548086894459075546e-01
-2.375071846561017108e-01,1.323547281187767766e+00
-3.533808329901773626e-01,1.300372874447696336e+00
-1.443836692992025994e-01,6.938335712348508988e-01
9.719881190697897411e-02,7.341826985491446689e-02
-7.025880272177429005e-03,-2.862775239403617666e-01
-2.120004474436128217e-01,-3.083721795544210331e-01
-1.669153347342047233e-01,-7.067469915988024987e-01
-1.911878651708571741e-01,-6.298143160553414388e-01
1.426079972388324957e-01,-3.691940810520539795e-01
7.394991728797772890e-01,-8.733420756579381994e-01
1.375915435040002022e+00,-1.249359830424162876e+00
1.611082028443341363e+00,-1.226000906234578469e+00
9.008947953865360514e-01,-8.127291373485543424e-01
-2.960497198562439536e-01,-2.955794375770049998e-01
-6.184353714235575339e-01,1.811537127917842507e-02
-3.491298986479060007e-01,3.292971883384685494e-01
6.956435326276917339e-03,9.389184030606451126e-01
-6.918995355823780169e-02,1.161558010065061541e+00
-8.279181691959320855e-01,1.062241917723915741e+00
-5.157983714549446708e-01,7.090768708509264107e-01
1.638880230149483697e-02,3.234045425523032202e-01
-1.203642874569822996e-01,1.349843131791255701e-01
1.426079972388324957e-01,-3.691940810520539795e-01
7.394991728797772890e-01,-8.733420756579381994e-01
7.118926676749661731e-01,-7.102491817170981658e-01
3.171497731558266531e-01,-2.740590865539578314e-01
1.621991029651345673e-01,-8.645680577848238735e-02
3.107555667235815111e-01,-3.030928340041040836e-01
5.499246488415013845e-01,3.388935974995739842e-01
3.829431882155538425e-01,1.075151198764704025e-01
3.154745226318215745e-01,-1.857911272616875387e+00
7.237307895092175425e-01,-3.574206442030073649e+00
1.226030924968429803e+00,-4.320191027072361578e+00
1.480037846891118836e+00,-4.428956204338576619e+00
1.234574698138074300e+00,-3.349160970865138864e+00
7.486877517046235386e-01,-1.675730507341184117e+00
6.488860683355092418e-02,-4.275408249468860555e-01
-2.967418716287146263e-01,-1.397867846875227582e-01
2.433934377320400369e-02,2.573061101796922934e-01
5.852153263796159299e-01,2.671890794212293252e-01
6.172533760426988092e-01,-3.524562261551456716e-02
2.420624161008601560e-01,5.482487100753288267e-01
-1.336019900473541799e-01,1.551863040724969167e+00
-3.468207240948176784e-01,1.283551371265960750e+00
-1.389953457971111472e-01,1.609822774852722252e-02
-1.189850179919891421e-01,-4.160883596293833420e-01
2.296903327643376735e-01,8.693125658472146133e-01
1.937357684285482273e+00,2.645240572988904137e+00
3.761536424480133700e+00,3.698850969583159731e+00
4.472396275831378887e+00,3.784886448290391225e+00
3.897668070630577741e+00,3.441791057234750095e+00
2.912461028875360292e+00,4.333566493513694162e+00
2.193770341609670993e+00,5.663840216879652445e+00
1.486953686741649294e+00,5.410627444176389744e+00
9.086404103820843181e-01,3.708871824223396008e+00
3.913822373874508709e-01,1.674263532009414801e+00
-9.475583900274266169e-02,2.991721093633841200e-01
8.955693115092278056e-02,-3.463163592684242315e-02
-4.369692301319009209e-01,6.194183215661240860e-01
-2.567348835745747682e+00,2.220372920386394000e+00
-3.662816053551193995e+00,2.596642458026126921e+00
-3.005459751338679819e+00,1.149645570763640823e+00
-1.794399132576579570e+00,2.058534463371301526e-01
-1.446224673155427354e+00,-2.575960254186782650e-01
-1.217626881551178375e+00,-5.602496804760351834e-01
1.042228837918832002e-01,-6.620096611111396800e-01
1.102115617432463779e+00,-3.827513076712854567e-01
1.312894391859462440e+00,-3.988845747824427967e-02
9.247224114449182908e-01,1.491929374202050074e-01
4.461792219077297950e-01,-5.268532926221867335e-02
4.461792219077297950e-01,-5.268532926221867335e-02
1.100300166953098735e+00,-4.843792609767822444e-01
1.335886394734882243e+00,-8.251087477999703435e-01
7.770673992550383158e-01,-2.917084017472059143e-01
2.472240825560923505e-01,-1.683450130989681826e-01
2.174502281578075125e-01,-2.605725904029357332e-01
1.792714341924288579e-01,2.511531100479000855e-01
2.940234386329918514e-01,-1.003195066637312116e-01
4.439967618695568330e-01,-1.030163519851787779e+00
2.631115849879683832e-01,-1.063879932586869970e+00
3.129659321878260902e-01,-4.871885719606026122e-01
7.170870312809758396e-01,2.220761399341046605e-01
2.330441979765503768e-01,9.407785067898670750e-01
-4.296502875773690611e-01,5.232722345603307845e-01
1.423036938566795973e-01,1.214005915457155027e-01
8.491195654186858288e-01,5.869316883776198868e-01
9.328094866034999377e-01,5.138709388527332722e-01
1.109998398023464894e+00,-1.667300909169498746e-01
1.619181897715033625e+00,-7.247143252140749725e-01
1.396837915367144634e+00,-1.122900644727933939e+00
5.979002440772289706e-01,-1.020968802182095070e+00
9.416507029225060221e-02,-6.688497152706464055e-01
-1.037624503736462589e-01,-6.811589779116743459e-01
-3.198331698779726673e-01,-7.933639457661982863e-01
-4.028234648351862734e-01,-7.253430637025446437e-01
-4.523350967728231309e-01,-1.344683566345771908e+00
-4.555297902593596349e-01,-1.938958638162787240e+00
-1.225338989727617206e-01,-1.139743976080751509e+00
-7.311272527023873757e-02,-1.862858007766321211e-01
-4.357890713726839671e-01,6.855378965887762854e-01
-8.707274627137311374e-01,2.214028800834803690e+00
-1.109417257563619863e+00,2.777001718578568035e+00
-5.556044865202250937e-01,1.437476250429873481e+00
1.192981347115516962e-02,4.180097841451981822e-01
5.738388310625470307e-02,1.901321622888130225e-01
9.970268707938854946e-02,-1.969858699039285233e-01
1.049560893428311159e+00,-2.880374838694834128e-01
1.874712177947220004e+00,4.556654780151835754e-02
1.363530217975994940e+00,4.493375338229435578e-01
6.337562242509854338e-01,4.642637294236220957e-01
6.182247906930711245e-01,1.956466279432979571e-01
3.655618946185204554e-01,4.038124742522272714e-01
4.280815132400224432e-02,6.989346497937960478e-01
-2.171167734464318211e-01,1.869616164442569728e+00
-5.578297233420543844e-01,3.300222724111758321e+00
-1.030125347748198195e+00,3.526930394000685087e+00
-1.154384710347400977e+00,2.661467244465863580e+00
-6.048492936265107422e-01,1.223178685194264537e+00
-1.538290797429580081e-01,-4.574408001698779258e-01
-1.450587305483982958e-01,-1.584997150656136222e+00
8.994555817319699331e-02,-3.078560970406712727e+00
2.428148240883924169e-01,-3.915668304438084668e+00
-1.185128773843257266e-01,-3.005752984669335159e+00
-9.461145057045005080e-01,-1.071492912261430730e+00
-1.829427767693724505e+00,-2.096390671123614380e-01
-2.074397638507635921e+00,-8.555394037301757848e-01
-1.890721980236794497e+00,-1.182399135405743484e+00
-1.523794462598669242e+00,-1.332790825047643013e+00
-1.461871831007257594e+00,-1.053110690022334373e+00
-1.796372226389393090e+00,-4.776093175444885708e-02
-1.982564389640715241e+00,4.372273610158566165e-02
-2.336833967781648980e+00,-2.938938523251785062e-01
-2.626454285139208977e+00,-6.149608102495378315e-02
-1.998186487883685691e+00,2.172626672319024066e-01
-1.170396141007204571e+00,3.114498443949373918e-01
-7.098457118380528952e-01,1.980034675903242503e-01
-3.173149187612908650e-01,6.060618336144996815e-02
-2.362566750583672548e-01,1.569643936221334565e-02
-5.160086036324972036e-02,6.836112497783293218e-01
6.639071775621200808e-03,1.618404918927707214e+00
-1.842325454055675493e-01,1.981009674552877797e+00
-4.034606800688411710e-01,1.182796909956176146e+00
-3.718057305151565850e-01,-1.133187486005158839e-01
-1.217386145240863804e-01,-9.012535457132001548e-01
1.479766986483095348e-01,-7.414685735556342250e-01
6.149293504666562826e-02,-2.108803196308119687e-01
-6.169200992572315689e-02,6.276054363428357208e-01
-3.139901856953086767e-02,1.327153922845534517e-01
-2.405473099201724529e-01,-5.212165615206654223e-01
-3.498857152935697101e-01,-3.120781576321292605e-01
-1.290788506572161376e+00,9.479957527427168573e-02
-2.883103148005178085e+00,1.783450344237253127e+00
-4.113082354294959053e+00,3.812382087049125623e+00
-4.364248406164656480e+00,4.478434952871070962e+00
-3.465270009554186181e+00,3.317912633925608645e+00
-1.981926328553672567e+00,1.146673012973694838e+00
-8.651285533850324727e-01,-8.809809374462679310e-01
-5.255842376267160221e-01,-1.858420137655645510e+00
-4.699387462248023062e-01,-1.819326793751158577e+00
-6.997730897588021470e-01,-9.940202547819099177e-01
-5.836566391799573594e-01,-2.801429893256271453e-01
-1.860065734395406067e-01,8.949833916873389805e-01
4.561202028744353737e-02,1.883633008066592396e+00
-1.557998992236023506e-01,2.783290647225257874e+00
-7.232315627999911234e-01,3.147344019179944219e+00
-1.398193246648139931e+00,3.163301637716261716e+00
-2.077514793759385636e+00,3.154681229003410969e+00
-1.938532115570924308e+00,2.304773843007065448e+00
-1.001174045386280964e+00,7.167613245089681229e-01
-1.830725804324003503e-01,-7.733201134221888706e-01
-1.991005525807499621e-01,-2.049973654093794284e+00
-3.850254747483567441e-01,-2.484453396868813613e+00
-3.252916996946488837e-01,-2.279785022596025890e+00
-4.300258613868825353e-01,-1.952255466328288058e+00
-9.210737078276532985e-01,-7.667534230409935869e-01
-9.638247202611334163e-01,-1.322067845946884590e-01
-5.494045221917447375e-01,-5.209711508006263925e-01
-3.977778276107701849e-01,-1.084836358172540649e-01
-2.206344759232218289e-01,3.849073142012086057e-01
1.538725718606502035e-01,-8.338600396775980306e-02
-7.890084159917587492e-02,-1.601334484156588189e+00
-6.425077896400717137e-01,-2.756751805744545702e+00
-6.070349081002112124e-01,-2.963535887974222405e+00
-3.850254747483567441e-01,-2.484453396868813613e+00
-1.729208621901617005e-01,-1.814260428193965824e+00
2.922705683199812166e-01,-8.627450558165767891e-01
6.594839338634032044e-01,-3.233213034416102527e-01
9.454341577558600385e-01,6.884056535174659652e-02
8.738876384194553815e-01,3.775701572053295485e-01
6.096113466054293717e-01,3.237606764561639094e-01
2.920621765798050995e-01,7.076547954233931570e-01
1.445870519188150460e-01,1.731872017218980986e+00
6.086535674984081545e-01,1.713160688924250108e+00
7.373555667511599854e-01,4.908251812165123074e-01
4.867699962717326745e-01,-3.643489118412004957e-01
4.583097965261735407e-01,-3.014283664416999575e-01
5.113451782319285988e-01,1.636870260534161459e-01
6.312786947045546659e-01,8.111314869980856823e-01
2.066777641353019224e+00,1.773873985109770679e+00
2.242664062351320986e+00,1.360493131318902593e+00
6.560779964069881620e-01,5.269248667590008955e-02
-1.292856769273323381e-01,-3.107847770043855595e-01
1.475454075823831313e-01,4.084999774669522687e-01
4.166773078660537810e-01,2.028143409347676229e+00
-1.852971458936732152e-01,3.481481510826077486e+00
-1.284427678131660144e+00,4.579846446192827436e+00
-2.499490877336984607e+00,4.621429403306613892e+00
-3.441933641208677397e+00,3.976738982328434702e+00
-4.226101013960947839e+00,2.844999857212476169e+00
-4.173246541906320495e+00,1.672396916132375733e+00
-3.480773407488296556e+00,9.977711231305113060e-01
-2.447621223214010655e+00,4.838196223660273798e-01
-1.510320696646807015e+00,1.143599591277948690e-01
-2.906095052925001809e+00,1.092253412778561250e+00
-3.357778288692204960e+00,1.730989274977333903e+00
-1.590881496672376993e+00,1.021350195533168970e+00
-3.251653685569180219e-01,4.200964011513751428e-01
-8.370807790121782554e-01,2.591063242067586092e-01
-1.976693689644435814e+00,2.700559481232847614e-01
-2.350039913338306530e+00,3.769511731344828975e-01
-1.648745627264087910e+00,7.689194849483305116e-01
-2.781770979252780329e-02,1.026448045363252293e+00
1.428234872998443317e+00,1.137806569139539370e+00
1.419665512537616303e+00,1.193861600146831403e+00
3.486419355369250739e-01,6.072340047578200783e-01
-2.999053692596804765e-01,-1.958215091140470127e-02
-1.275021426444539197e-01,-8.833818962182450260e-03
-2.358187541496399309e-01,1.930355954974909138e-01
-4.660919739610905332e-01,5.904129432185779569e-01
-4.987204683472950539e-01,1.100540393489944035e+00
-1.890178073224896282e-01,1.202172064593368006e+00
-8.796060506766109621e-02,1.211627795517959738e+00
-2.931477775451349910e-01,9.699388046963266508e-01
-3.238305167064666201e-01,1.192475121551925393e-01
-1.105003473582399087e-01,-6.881290307413623353e-01
3.009070738890706198e-01,-5.571182134859774537e-01
3.293080741530710065e-01,-3.785636621772663080e-02
7.216645187127395111e-01,9.810389519637734146e-02
1.408512637773883247e+00,1.443669978620451544e-01
8.132181158586508918e-01,1.304994203351746984e-01
-8.114496485568678530e-02,1.101303754162771403e-01
2.870781909016100752e-01,1.427555007913491325e-01
8.769074219397627878e-01,-3.242342560168911536e-01
6.453784557173999348e-01,-5.762594885531953093e-01
-2.009421432581591505e-02,-2.527256457737132589e-01
-6.643543363794296441e-01,2.921546378497086871e-01
-5.747453519926084553e-01,3.819974457978269622e-01
1.676182090252716361e-01,-4.057372667600455673e-01
1.882875785813659664e-01,-2.601399245305473507e-01
4.491242947725426760e-01,4.137376640510206927e-01
7.355374070413721599e-01,5.658402878623443044e-01
5.098438359947609078e-01,-6.121434580115778235e-02
7.419097411113635687e-02,-1.263380289336763385e+00
-2.980855756035006854e-01,-1.954975293335548869e+00
-4.892415729986633877e-01,-1.690146125972316060e+00
-3.493728477038537950e-01,-1.248610048535787831e+00
-1.006862878251804372e-01,-1.139962440068231553e+00
7.586773808260645346e-02,-1.595532205154431615e+00
1.965031709109683333e-01,-2.196004414039066877e+00
2.768086748281536336e-01,-2.607364244170346623e+00
3.308343752408667293e-01,-2.961667949041576264e+00
5.975397065972491983e-01,-3.273097578237948557e+00
6.413922628854026309e-01,-3.288658843810044807e+00
1.394536630574634284e-01,-2.775140244127039413e+00
-3.700833924878350056e-01,-1.945502742129048945e+00
-7.345805868537362837e-01,-8.962322062819381152e-01
-8.366349278380013077e-01,1.543591684514351137e+00
-7.232315627999911234e-01,3.147344019179944219e+00
-2.990261420228152445e-01,2.135258041876204160e+00
2.659639776445387738e-01,5.361642239653273689e-01
1.544030540839484156e-01,-1.050777525635328447e+00
-2.061203455262187456e-01,-1.231523311732559689e+00
3.140942024332579741e-01,3.315076192185193449e-01
5.396759388826453119e-01,2.518411099672611453e+00
-2.841278344894394218e-04,5.131302105062889751e+00
-4.390036272637330983e-01,6.547757362951715621e+00
-5.668668397324496677e-01,6.053443919902240289e+00
-5.662655697375451602e-01,4.379624097895674417e+00
-7.232315627999911234e-01,3.147344019179944219e+00
-1.202390370476742909e+00,1.620069308174710399e+00
-1.560418858390815844e+00,-2.333287107718723108e-01
-1.185825123285067173e+00,-1.007189230077102815e+00
-6.090483746532980858e-01,-1.839984477474892577e+00
-3.700833924878350056e-01,-1.945502742129048945e+00
-4.324714266187758005e-01,-8.782517765336441684e-01
-2.526888152555683553e-01,9.861913197558414002e-02
-1.181509646448185707e-01,1.656785085247408085e-01
-3.660511606583731203e-01,-2.241332297007987695e-02
-8.296443150010076595e-01,-1.430954426784167011e-01
-9.866084923522303596e-01,-1.089210404334786553e+00
-7.582427678192759091e-01,-2.619750666661311733e+00
-5.591536372540525379e-01,-3.106328590564800152e+00
-3.070695596163756647e-01,-2.526126814240984064e+00
-2.260288552473078971e-01,-2.158440768862655901e+00
-3.700833924878350056e-01,-1.945502742129048945e+00
-9.655744044123526493e-02,-1.092583034876758452e+00
4.875679343920848174e-02,1.854368992111532499e-01
-2.687743633163363066e-01,4.585926479415078916e-01
-1.157654041316599880e+00,-6.438789988873617753e-01
-1.890721980236794497e+00,-1.182399135405743484e+00
-1.757325131837074839e+00,-1.373457274167963815e+00
-1.367603777108921337e+00,-1.533191418405411177e+00
-8.880138254536190656e-01,-1.876035897088467630e+00
-7.988915194113029028e-02,-2.268375123040695662e+00
1.302669863305332965e-01,-2.176286352396079593e+00
-1.416402944727086777e-01,-1.495798619526570894e+00
-5.225664369493419059e-01,-5.760234110614897984e-01
-5.946070663587699201e-01,-8.030201340262929643e-02
-1.426912077924040290e+00,-1.282672281136641376e-02
-2.018013938629671156e+00,-7.016669246091711276e-02
-1.557756769004955411e+00,-4.672587051017334514e-01
-4.182920813349239597e-01,-5.344841621098647133e-01
1.789836844338913990e-01,-3.697400566793612731e-01
-1.832112822553691178e-01,-6.062457674370705929e-01
4.718629003576258613e-02,-1.052565083985977257e+00
6.943595884065349999e-01,-8.888437221848428660e-01
6.741592452180142914e-01,-2.503932604882188606e-01
7.036690335275870289e-01,1.104224961336177868e+00
4.599042465408094693e-01,1.669249144561053999e+00
2.589633032338730517e-02,1.144718459952500877e+00
-3.158807235471268182e-01,4.329280207316882900e-01
-3.493618909965311992e-01,1.243739953063596332e-01
1.295408381771127604e-01,1.194203874481978289e-01
1.312206292459497492e+00,6.203745079619631397e-01
2.201287930681533389e+00,9.555892416024953651e-01
2.249047242756540221e+00,5.321797041917475379e-01
1.361021302886512796e+00,-5.261778290198304564e-01
4.294010498348684868e-01,-9.459154641738554137e-01
-1.947596194580732964e-01,-6.891904646616145991e-01
-4.111759298396431839e-01,-5.987189301803622632e-01
-1.322507788876441381e-01,-2.257463655565453420e-01
2.897495430456380472e-01,1.812735786663905238e-02
4.385021742933978284e-01,-1.407679751925724754e-01
7.047440832913124398e-01,-5.881662406805180376e-01
1.026486202793053693e+00,-4.591245956598457023e-01
8.135893264992577478e-01,-3.570960025454057718e-02
5.701121044344554800e-01,-1.299758814325413792e-01
6.594839338634032044e-01,-3.233213034416102527e-01
9.454341577558600385e-01,6.884056535174659652e-02
1.115029782406193437e+00,4.560983432306692786e-01
9.032855225420327594e-01,4.996693229993393603e-01
2.050572307324060317e-01,5.732090942256887756e-01
-1.821463727909582719e-01,5.777374521972604704e-01
-3.895014667821720122e-01,3.853269078202723463e-01
-7.647491876487013673e-01,1.458353433529613330e-01
-8.046323127560277566e-01,2.306136141133296458e-01
-6.006333992660415344e-01,5.114091159322301516e-01
-4.213736862916410142e-01,5.113306617502714202e-01
-2.320164751008133297e-01,2.618358311692590146e-01
-2.837077502584375299e-01,-3.350352410818711602e-01
-4.682656989518093060e-01,-3.012407681330409384e-02
-1.339853809417656860e+00,1.304520380648180877e+00
-2.276344255897464475e+00,2.287980316710044537e+00
-2.555887113602921534e+00,2.601318042104488804e+00
-2.276544997172719853e+00,2.288038512470453423e+00
-1.628443572064914413e+00,1.462459754464744632e+00
-8.147089400364536660e-01,5.364659352786894653e-01
-4.368320598877267757e-01,-2.288230659044246385e-02
-8.057081256210445463e-01,-4.794356271379938972e-02
-9.866084923522303596e-01,-1.089210404334786553e+00
-1.640394263596919089e+00,-1.298758894235331418e+00
-3.289530247240778138e+00,2.701397232324013742e-01
-4.278194087299892701e+00,1.373245355612315199e+00
-4.278194087299892701e+00,1.373245355612315199e+00
-4.469098938964244816e+00,1.760801110388285684e+00
-4.469098938964244816e+00,1.760801110388285684e+00
-3.634797337534572126e+00,1.230697148832422538e+00
-2.324659272018488210e+00,8.732963978563778040e-01
-1.164750184704868907e+00,4.215421523573750773e-01
-4.637300714576356730e-01,1.037539296742321648e-01
-3.471805369601504987e-01,-2.819125151827240328e-01
-2.919498185428258119e-01,-7.286151976098581562e-01
4.181926111758210163e-01,-1.477558279474899816e+00
4.181926111758210163e-01,-1.477558279474899816e+00
-4.380188029141112577e-02,-8.289235368490612821e-01
1.909733069988606702e-01,-6.092952777182417679e-01
6.488860683355092418e-02,-4.275408249468860555e-01
-6.393136932873425549e-01,-3.218885959257027363e-01
-1.041573015387068812e+00,-2.681491773916511723e-01
-8.029336942967536528e-01,-1.373023282160798220e-01
-4.312778440092766563e-01,1.759677095571451355e-01
-4.644462332089838164e-01,5.365108498645836388e-01
-7.606075029172048030e-01,8.105955512433362653e-01
-1.038908187054361942e+00,5.282785978742582378e-01
-9.250447450869684340e-01,3.854690703017300130e-02
-5.889371328455526022e-01,-8.025284684700255411e-02
-2.490757011590744308e-01,-1.146914133116069962e-01
-1.389481191795377824e-01,-6.120677981136288942e-02
-1.389481191795377824e-01,-6.120677981136288942e-02
5.416946333579900769e-02,-1.273860582032136923e-01
2.357903710107068229e-01,-2.148252375220835175e-01
3.913164761497049948e-01,-4.824319881884032712e-01
1.360758947515847694e-01,-5.556699048318293199e-01
-3.310379846110021451e-01,-4.309616080245125547e-01
-4.214680119696839200e-01,-2.846952091310100963e-01
-5.179679002737558324e-01,-8.976776755882501790e-01
-4.288707262998345815e-01,-1.636658811429146265e+00
-3.453631923058310682e-01,-1.768380910744852708e+00
-2.330188934981807791e-01,-1.052664684397927486e+00
-9.945433783885991585e-02,-4.231613731492124275e-01
-2.706818712811784877e-01,-7.521267610306808793e-02
-3.810960421656924835e-01,-2.721789059419196244e-01
-3.869418239681510219e-02,-6.737775158684826682e-01
4.730650625330469206e-01,-1.098172009563461060e+00
6.755605054895863493e-01,-7.934616172442484627e-01
6.545977067852648545e-01,-1.511426364107090747e-01
4.784884092440997994e-01,4.555086776330857963e-03
6.748254907320441406e-03,-2.487961077858777681e-01
-7.575305016886765830e-02,-1.240988379462742847e-01
5.256263727464328961e-02,4.837115374919719879e-01
1.361115550426370557e-01,9.224903895556959554e-01
6.437038329024029615e-01,1.372284181172188422e+00
1.069938281735185459e+00,1.603540958666533012e+00
8.479606378156194779e-01,9.371508667310739504e-01
4.326326937606320144e-02,3.506757903686703037e-01
-5.786168865412366635e-01,2.654541886566099684e-01
-4.000530622694996041e-01,-4.133722093397865227e-01
2.209333439120536591e-01,-1.342941294939319352e+00
3.050466933614311427e-01,-1.785494088949104663e+00
9.896041539688399391e-02,-2.047215967849465024e+00
-3.302754295844403387e-01,-1.841135529636107382e+00
-4.589970490046344498e-01,-1.826230661596724314e+00
-1.531928434811437312e-01,-1.468088292969738751e+00
2.703732600258269003e-01,-4.807029173712365488e-01
4.433022321781396324e-01,1.270515422633180236e-01
4.433022321781396324e-01,1.270515422633180236e-01
2.554206627254494433e-01,-6.662684674728316381e-01
6.476341403664468421e-01,-1.196565609213979142e+00
9.586529395548221144e-01,-1.471552007946712370e+00
8.314570078348767490e-01,-1.402280925182176397e+00
4.468091651815802590e-01,-1.130333768741025313e+00
-8.589115113766402146e-03,-7.913043135222753710e-01
-8.235326041739640113e-01,-1.008151279655651100e+00
-1.323803065593187833e+00,-1.020562125608134751e+00
-1.176419048690852343e+00,-2.630570829124096455e-01
-1.081217649026449124e+00,1.197245720842077255e-01
-7.900564585519065375e-01,8.327980468160604832e-02
-1.081217649026449124e+00,1.197245720842077255e-01
-4.929642277534905803e-01,5.193571534528675093e-02
4.439571197384195034e-01,-1.992804542669787127e-01
8.092866546498053149e-01,-4.331799062534880118e-01
5.420422343461882564e-01,-4.017594489075702602e-01
3.664688381754934721e-01,2.073460937285242361e-02
2.325178850988286194e-01,-1.585984064563731311e-01
-2.369832758256844030e-01,-1.036924472920500051e+00
-9.517215729817717351e-01,-1.534796133156492104e+00
-1.184645332375984905e+00,-1.902950369382401696e+00
-1.092315566179180575e+00,-1.635420213518031129e+00
-9.792722174869137319e-01,-1.419385404949019547e+00
-4.937353605236609044e-01,-1.935840330083944405e+00
-4.304690860829137877e-01,-1.914565721003219423e+00
-5.536702663860617601e-01,-1.900111595288321853e+00
-2.709063285707205004e-01,-1.818903027155466923e+00
8.161573715335500301e-02,-1.178885763276990684e+00
1.435102625692915579e+00,-1.226272925131497660e+00
3.210642033115393978e+00,-1.964614352594396873e+00
4.761656633259162774e+00,-2.185623112741666763e+00
5.219522684075855068e+00,-1.928015240036003997e+00
4.247332317619452624e+00,-1.531635014870430966e+00
2.244745272962838989e+00,-1.150206761534195543e+00
6.719264122836863251e-01,-8.600639002730529059e-01
2.529636893190573277e-01,-6.406796731942598910e-01
2.825277184554399468e-01,-8.696731045533152571e-01
5.611284540019721989e-01,-1.267486349655102096e+00
2.277015274017915314e-01,-8.925202095310452721e-01
-5.623694200014225375e-01,-4.099087553883354884e-01
-1.250778140799686522e+00,-3.188876848716292178e-01
-2.572639421370559454e+00,-8.978009013337555633e-01
-3.893859399194807391e+00,-1.868366786155993609e+00
-3.736332505701219997e+00,-2.328873334390361372e+00
-2.373657309327863008e+00,-1.950356921529364573e+00
-8.661828957355256486e-01,-7.714030773225120097e-01
-1.525368862713868678e-01,2.604105032071397652e-01
-8.773141193409760008e-02,-1.115819597580812311e-01
-1.405261284119797283e-01,-5.318363350390529209e-01
-3.717651555578066480e-01,-1.798982623157926453e-01
-8.956963012897509735e-01,5.107031148413221366e-01
-1.103742941002249456e+00,8.907035589170937406e-01
-4.578540450035808451e-01,7.105274373747796357e-01
3.208374758082257472e-01,6.303324712413458375e-01
4.235528093803354599e-01,1.962164628816757406e-01
-4.857656479889671530e-03,-3.539480648260049378e-01
2.473548447589623070e-02,-1.916070318529620731e-01
3.993766397552266922e-01,5.324512330791120879e-02
3.457532807676766407e-01,3.319884680045143699e-01
9.515047905329854228e-02,7.629149786063798011e-01
-3.763870177386176991e-02,1.152662070170312081e+00
-4.278133970688813847e-01,1.258207357863958764e+00
-8.069464352926348782e-01,1.087500671013429399e+00
-7.120330784148378722e-01,7.639043899748280131e-01
-9.522739659184044705e-03,5.104732834963012778e-01
6.312786947045546659e-01,8.111314869980856823e-01
5.648758165865196412e-01,1.004335642407270468e+00
5.749800095546074852e-01,7.880628602121351189e-01
6.546103556717337568e-01,9.230115924515941428e-01
5.105629225430632356e-01,1.078868134038314830e+00
5.105629225430632356e-01,1.078868134038314830e+00
2.380176845806662722e-01,1.246810131827180701e+00
-3.360047767856356726e-01,9.590029519679883485e-01
-7.551619499541641911e-01,1.055391336498703002e-02
-1.095166894957307235e+00,-9.254580833225481973e-01
-5.448015654715704370e-01,-1.086786659685854861e+00
3.673479454138791622e-01,-4.249213321810241251e-01
-1.261774330537215327e-01,-3.431825756212448231e-01
-1.297791291338590725e+00,-3.873205487151722415e-01
-1.958484035087140640e+00,-2.937142510532475548e-01
-1.647708761343255945e+00,-5.885952761381495202e-02
-1.175082443033898860e+00,5.328653370535566536e-01
-1.161101385331552382e+00,9.241611634754031135e-01
-9.585140006450733052e-01,8.276843929350710116e-01
-3.780537446163171889e-01,4.197422475541324194e-01
-1.645402163901191206e-01,-2.908570751726969814e-02
-4.175667663176165223e-01,-1.070228428770311352e-01
-3.687375981936992231e-01,-1.184809470902947193e-01
-4.545062313664081088e-01,-9.347093849000652488e-02
-4.861000843462129350e-01,-7.163719325430716323e-01
-4.910566985975092780e-02,-1.059249293722249297e+00
5.585538820439349683e-01,-6.379826441282148153e-01
5.823289108598491692e-01,-2.081126260231158098e-01
2.174502281578075125e-01,-2.605725904029357332e-01
4.059514289371631834e-01,1.491108614385092956e-01
4.543811330436855478e-01,8.977815929760873948e-01
-8.540468749656643377e-02,4.980762546083022380e-01
-3.243362927971683157e-02,9.186912762795895748e-02
6.363956028618078520e-01,4.544349137729443155e-01
7.177734245145811487e-01,7.281741338139802178e-02
1.140440648866318518e-01,3.828851598470810469e-01
-1.086706947227875503e-01,8.309022836321995342e-01
-2.030016573226567644e-01,1.992586358616754982e-01
-4.867022827917186212e-01,1.412290619080441498e-02
-2.760688306608387599e-01,-2.073767881536850710e-01
1.190121215232818441e+00,9.327153480914748274e-01
2.842791644506111215e+00,3.128774093963172742e+00
4.012005928233535634e+00,4.528761850330830008e+00
3.580718374468068177e+00,3.925399333124758083e+00
1.739565857887326317e+00,1.693374766163627143e+00
6.321011499762027586e-02,-3.637164519899773185e-01
-4.221442000296855013e-01,-1.185484245103292089e+00
-4.991638637394063549e-01,-1.416641284993147787e+00
-3.716323566468840989e-01,-8.018815320684808956e-01
-5.102116206366846818e-01,-5.773734591020472928e-01
-5.912801515181225209e-01,-1.083840348875163562e+00
-3.223637241667914877e-01,-1.096649030073271414e+00
-1.865699554501077662e-01,-5.345580721676729263e-01
-1.450568561038484139e-01,2.687328821364635134e-01
-1.484214038541075698e-01,4.397992005679974836e-01
-2.683231116920991033e-01,5.572474005953860499e-02
-1.100556035196039451e-01,-4.284962574571214988e-01
7.051040138926729650e-01,-3.445309828703043142e-01
1.155944154063358154e+00,-8.765164295416395523e-01
1.303982056028835546e+00,-1.413509586043945498e+00
1.074537378417611544e+00,-9.086188665440839696e-01
3.261049400721722225e-01,-2.635415630013255295e-01
-5.836566391799573594e-01,-2.801429893256271453e-01
-1.020038966701577898e+00,-7.526322459093635064e-01
-1.040161135665474523e+00,-7.042263010436278226e-01
-7.415984509786284207e-01,-3.344075838114609067e-01
-5.515407759505497332e-01,-1.245198156527094480e-01
-6.971774728756835460e-01,-2.789099306187715066e-01
-6.972785805856509533e-01,-5.414734161661807071e-02
-7.433106568030414252e-01,8.599571032866322184e-01
-9.710396377841087334e-01,1.152979468264882845e+00
-7.617570718407135066e-01,5.834398199032763133e-01
-4.924750708071072292e-01,2.115545834951981508e-01
-7.433106568030414252e-01,8.599571032866322184e-01
-9.710396377841087334e-01,1.152979468264882845e+00
-8.256469392701927257e-01,5.812286082481217253e-01
-5.195775103316867538e-01,-8.227618610937149912e-02
-1.661172989643816267e-01,-3.347457537918732129e-01
4.890795469725949252e-01,-1.474143836668899477e+00
8.374502560664897066e-01,-2.681401497761231489e+00
8.034201072855857717e-01,-2.805256466489610467e+00
4.621976178311794636e-01,-1.586458589501579253e+00
2.730822252039067366e-01,-4.896625859305852591e-01
2.607546527052392871e-01,-2.762859190574155632e-01
4.704740478564775619e-02,7.061921361347746340e-02
1.792148078770661179e-01,2.487526061433253666e-01
4.784884092440997994e-01,4.555086776330857963e-03
6.957239261593847202e-01,8.337344546968401132e-04
8.903580822685359664e-01,2.250773016893661826e-01
4.847281281379887119e-01,2.784456757826640483e-01
2.271032357303296723e-01,-1.632115270675329743e-01
3.673479454138791622e-01,-4.249213321810241251e-01
6.306475284044445184e-02,-3.805946223088918501e-01
-3.310379846110021451e-01,-4.309616080245125547e-01
-5.010846503418326936e-01,-1.512291428541567007e-01
-3.719660103816452290e-01,-4.049888584917491485e-01
-3.577521363154912981e-01,-1.468768911048342618e+00
-4.621972069068090438e-01,-1.722213398169589071e+00
-3.748369979428171073e-01,-8.151638045174636193e-01
1.276551575970048813e-01,-1.352217973304208343e-01
-2.284785367846264570e-01,2.413924896199635267e-02
-1.177976437752823596e-01,2.054596473998664685e-01
1.900969118431861782e+00,1.367560217220629593e+00
3.442289217300763760e+00,2.307187211711003716e+00
3.442289217300763760e+00,2.307187211711003716e+00
4.365007444250248447e+00,3.208843927498417958e+00
5.597717810855148635e+00,4.338048929008935239e+00
5.010994537317338349e+00,3.979297854912214216e+00
2.866871034580225963e+00,2.210308434179319104e+00
1.078262395880966285e+00,7.466601178320705356e-01
5.493037497898002330e-01,-1.250416800381718707e-01
3.647696490225746380e-01,-6.598645810761863961e-01
2.710041096772377589e-01,-4.995343064245191256e-01
4.389704241155654718e-01,1.142143916436278994e-01
3.801809610624030111e-01,4.752382309039386854e-01
3.326458389437174090e-01,3.449088546701995495e-01
7.292944011666286919e-01,1.011804032741911580e-01
1.420186088861347340e+00,-3.311619314810136383e-01
3.450994853609982815e+00,-7.311326820462819009e-01
6.639040685769175276e+00,-8.733105510037161290e-01
8.302788757621154758e+00,-8.197856586403470258e-01
8.302788757621154758e+00,-8.197856586403470258e-01
8.812716195008807318e+00,-7.565369811496357455e-01
9.150251455527209643e+00,-5.140190904590519194e-01
8.394750604947793349e+00,-2.811122620861595256e-01
5.993889971354104951e+00,-2.516802843823194302e-01
2.950120974573902988e+00,-5.213227030299149023e-01
3.949875922583461207e-01,-7.436031373857727722e-01
-4.923623271394853562e-01,-4.432685536208338384e-01
-7.116178594156147286e-01,1.405882781259343017e-01
-4.924750708071072292e-01,2.115545834951981508e-01
4.738829758085492255e-02,-2.986977629955209768e-01
7.111252838490610406e-01,-6.210491800515051120e-01
9.408810644704672654e-01,-5.111261384925789297e-01
8.609231030545896335e-01,-1.586346092992526047e-01
9.510369552929682779e-01,-8.986645314249698535e-02
3.538733278398106807e-01,1.646857459006785193e-02
-8.095251924102276897e-01,1.262370525156855383e-01
-8.896306984738111545e-01,2.649221739791829955e-01
1.256178055382021763e-01,3.965705150001981871e-01
6.995867930926036315e-01,7.626364294263508758e-02
7.079033069916331744e-01,-4.450036042046869034e-02
1.089514441689874991e+00,6.420995199525385555e-01
1.089514441689874991e+00,6.420995199525385555e-01
2.322033655578765732e-01,8.670353247853442025e-02
-2.739425226499808685e-01,-2.169839164568646284e-01
-3.235898940929046175e-01,-1.950015546102545627e-01
-5.255269204618158163e-01,-4.434791708953528810e-01
-6.704603046936794541e-01,-7.518938189557214935e-01
-4.933626111011296111e-01,-5.512071962213739296e-01
-3.613115760545391186e-01,-3.293032813874489095e-01
-1.452286766970966869e-01,-3.800705813762329521e-01
1.146290390186540248e-01,-5.017294635728617447e-01
-2.659518162662147245e-01,-6.200587412475579152e-02
-5.692012590012801576e-01,1.259310333252124381e-01
-4.256221002668751918e-01,-2.267118781189571275e-01
-2.161948398524706216e-01,-2.284542335331415930e-01
-1.697467424650212497e-01,-7.772218197873939638e-02
2.291200742493292031e-01,2.216895969350267670e-01
2.554762372563231243e-01,1.566972746126169269e-01
-2.019186251709250979e-01,-2.109731015284015410e-01
-9.260205546210181771e-01,-1.372617909941771241e+00
-1.551250965974287466e+00,-2.655168933461466541e+00
-1.363466086265354038e+00,-2.678803294785193856e+00
-1.011334374629535571e+00,-2.896409089389480052e+00
-8.340448808675354764e-01,-3.192115564814653528e+00
-3.869564497549500270e-01,-1.890527378223977095e+00
1.626280967032653346e-02,-6.749423011920434590e-01
-2.760688306608387599e-01,-2.073767881536850710e-01
-4.619746633608829423e-01,2.672424581833436966e-02
-2.990460576115335639e-02,2.339333320905342406e-01
4.650641347928027858e-01,2.109305939692804333e-01
7.087416763649861950e-01,-1.527479223962390463e-02
4.791965481454505960e-01,-4.441504499923570187e-03
2.833081636885662613e-01,-8.221735648569049315e-02
1.316040907766746204e-01,-6.357904021024658736e-02
-4.277222787516886671e-01,3.564415575259339275e-01
-1.535772341716366673e+00,1.194699868448469759e+00
-2.334232117980263865e+00,1.776962424518158112e+00
-2.334232117980263865e+00,1.776962424518158112e+00
-1.880129257400675602e+00,1.343827540090272166e+00
-1.076371135109338795e+00,7.233245689248686272e-01
-2.551785354911875192e-01,2.566966541310189975e-01
1.664661100947003036e-01,-2.268604509590498586e-01
2.455133512363176229e-01,-2.691968189298424852e-01
3.243908419659640718e-01,-5.888013730629475945e-02
3.891348156225654664e-01,2.858693396361433603e-02
8.003661744893802998e-01,-8.924851346703562005e-02
1.425621309587397523e+00,5.449697435438836113e-01
1.297063708266743998e+00,9.680198771735953889e-01
-1.643836465328470109e-01,3.991145493467938010e-01
-3.254995095523469661e+00,1.422986215356795814e+00
-6.409321608670495607e+00,3.495122628551096788e+00
-7.876553414283795185e+00,4.317548047708261727e+00
-6.874612087180337561e+00,3.341493734271826277e+00
-4.048053307517523791e+00,1.277858408413002245e+00
-1.150361677869137234e+00,-4.216325713039167228e-02
7.815021293219893694e-01,-8.041231772561214797e-01
2.003038935591905378e+00,-1.769187865324306941e+00
2.041552376842282523e+00,-1.827181636310136525e+00
1.171993277049992122e+00,-1.182974424106861600e+00
1.712088707114737818e-01,-3.984677533368020108e-01
-2.955557062633966114e-01,-2.721965064698597114e-01
-3.302412693726171633e-01,-7.510847527928017353e-01
-3.302412693726171633e-01,-7.510847527928017353e-01
-1.849576737257759285e-01,-1.935033832559240052e-01
2.020757622640156903e-01,1.573317922527170121e-01
1.079775895024262938e-01,2.424245885151969648e-01
-2.001804991537220746e-01,1.682561690134421473e-01
-3.309743255288707386e-01,-1.037632738142547778e-01
-3.253589317991940066e-01,-2.651866597336280940e-01
-2.124550892997018603e-01,-1.657747305799474324e-01
2.423732149678787251e-01,5.132735007693492446e-02
2.423732149678787251e-01,5.132735007693492446e-02
2.013765089575268730e-01,-6.175635797561496165e-01
7.967512444256398263e-01,-1.301127817103987949e+00
9.169661015216961086e-01,-1.415114515688151942e+00
2.193167466165144852e-01,-8.125474112882687949e-01
-8.839149663572725135e-01,-7.161253752512118653e-02
-2.379459156466038117e+00,4.505999132181691125e-01
-3.124338807509855265e+00,9.436680790496166926e-01
-2.227302535007336548e+00,1.665236490068428443e+00
2.681967674428012427e-01,3.077820357832290021e+00
3.247827006980214204e+00,5.239134659679562489e+00
5.720686547825449608e+00,7.484888147279765036e+00
7.199867749730509026e+00,8.876631516340557582e+00
7.547768643206891781e+00,8.815179814541867387e+00
6.715124805945078101e+00,7.300072628166509148e+00
4.681483487844599445e+00,4.756077416245385159e+00
2.130387197693703438e+00,2.155290973404620392e+00
1.599910704028310038e-01,8.875350563113056923e-01
-1.518751053758397584e-01,6.626802305836444473e-01
1.324777499029772820e-01,1.125784015685541289e-01
3.186055595076982550e-01,-3.881371300629105625e-01
9.817314071388164032e-02,-6.274448622398260955e-01
-9.004223501813801711e-02,-3.558274926102735214e-01
-6.019084780632247833e-01,-3.544233941360049878e-01
-7.754391878965586349e-01,-6.490500611642489037e-01
-2.659080530912690810e-01,-1.107761362780297576e+00
1.406419491962098700e-01,-9.720155008552588960e-01
3.647371465406983870e-01,-7.017386477425077151e-01
1.214840243566276679e-01,-6.729900087458510205e-01
-2.340975380153170748e-01,-5.063902213659441376e-01
-4.374533036378507878e-01,-1.508117386920893865e-01
-2.334681714110639905e-01,1.076350019634626648e-01
3.255994463923951310e-01,2.120326975834213312e-01
4.946599275059845868e-01,1.078132444300299753e+00
3.954908824226598396e-01,2.387996660077842392e+00
4.052234665483487319e-01,2.970315562851590485e+00
4.398195549082644651e-01,2.139143248618649906e+00
4.385394890369859189e-01,5.643734302286532722e-01
3.121356643622091309e-01,-5.587927006484427750e-01
-3.241975902017989186e-02,-5.532431733714847644e-01
-2.381346701051791359e-01,-4.885209465408277829e-01
-2.617625891011552408e-01,-2.368512645648218895e-01
-3.567914286803019475e-01,-2.473774882504573350e-02
-4.740003556691679831e-02,-7.211871151701659821e-01
3.329853041796180246e-01,-1.264198039063560097e+00
3.137228045528633325e-01,-9.713930941282518106e-01
2.409902480391567514e-01,-4.516673627663249091e-01
3.883301331432009035e-02,-1.366541950724544374e-01
-3.007218853517262258e-01,1.753027488757608748e-02
-3.007218853517262258e-01,1.753027488757608748e-02
6.251251977687113937e-02,5.227696006860755862e-01
7.934173227210742363e-01,1.301443353558748184e+00
1.473844831847723080e+00,1.470645891886950940e+00
1.561614116725453361e+00,1.183047537144244599e+00
1.040413276007788657e+00,7.369010380308882446e-01
3.894170860602805262e-01,3.971346281788739607e-01
1.313941578709807156e-01,1.407942121793627488e-01
4.417592702033028007e-01,4.198722536208848721e-01
2.629471118565784860e-01,4.196522427732553573e-01
-1.667897090816935213e-01,-1.738512577280157748e-02
-6.207039039964814542e-01,-2.754259873377251644e-01
-7.095949416133784382e-01,-3.337807799710590939e-01
-1.527402040807357975e-01,1.060353038029746287e-01
3.385000312589950822e-01,6.084473493221387308e-01
1.689617803423225928e-01,4.672352880304032063e-01
-7.580083985746304265e-01,5.534010929800801115e-01
-1.262143496202700055e+00,4.685759743750931849e-01
-1.180870418651793985e+00,-6.494456720800362293e-02
-7.732827282058400975e-01,-4.358828365753048550e-01
-3.341440937620454577e-01,-5.729046430820599056e-01
4.586016701443497157e-01,-8.637159570949007881e-01
1.333699189211503988e+00,-1.065827977815851479e+00
1.860592649533448828e+00,-5.312184065385109344e-01
1.375064181653059103e+00,3.233076986314040724e-01
7.355374070413721599e-01,5.658402878623443044e-01
1.211790627489325534e+00,2.743731590921417163e-01
2.317295815645185275e+00,7.010343610340460940e-03
2.914102684313406133e+00,-1.375809880896226578e-01
2.473102850642085127e+00,-1.119212804486520579e-01
1.865204335326087204e+00,-2.238888122574824446e-01
1.307164664604427262e+00,-4.643374206875565680e-01
3.240095362000912638e-01,-4.829643362915571059e-01
-8.131910121356631382e-01,-8.273209240071639770e-02
-1.457794738215779207e+00,3.890544877772307841e-01
-1.405000583060192154e+00,4.475511555457122870e-01
-9.275124495287142556e-01,2.146898787753959842e-02
-5.010846503418326936e-01,-1.512291428541567007e-01
-6.820574393436762417e-02,1.759523142441478394e-01
3.491332413366697307e-01,1.710405139117706641e-01
4.696731471068107955e-01,-5.008832987669745163e-02
4.008149470750620447e-01,-1.531076438159391651e-01
4.008149470750620447e-01,-1.531076438159391651e-01
7.131362669283752842e-01,4.690547714331258500e-01
8.464624737984070002e-01,9.292465298532756046e-01
3.705054966630915714e-01,6.657662970397124624e-01
-1.662206507391308929e-01,4.460808784232016960e-02
-3.690573514095656371e-01,-4.864600366481870442e-01
-4.599173280022509358e-01,-7.456701799626183069e-01
-4.149310227953301178e-01,-7.240317040017832939e-01
-2.774901939124203576e-01,-5.338051746706691247e-01
-2.439723095454656987e-01,-3.185656094040135167e-01
-2.957992243195755044e-01,-2.465545614246938133e-01
-3.613115760545391186e-01,-3.293032813874489095e-01
-3.288790376835853402e-01,-1.914606522540174272e-01
-6.573030637020650380e-01,-1.060366768489183625e-01
-6.994487536054593280e-01,-5.060253683804271513e-02
4.629836307497992021e-01,-5.536850417540538638e-01
7.279627397007368828e-01,1.007467792153205477e-01
2.113304552017452320e-01,6.343850303663102208e-01
-2.739425226499808685e-01,-2.169839164568646284e-01
-3.613115760545391186e-01,-3.293032813874489095e-01
-3.200032386751056057e-01,-2.749303832582239426e-01
-2.649409014494510384e-01,-1.186977593966672684e-01
-1.908014968882385254e-01,-2.315602445218816197e-01
-2.625383155562607818e-01,-7.620283257259403975e-02
-8.189211430687144411e-01,8.361964105040705642e-01
-1.039617715041689872e+00,1.176645103194720265e+00
-4.234926074299371623e-01,6.487130335441148032e-01
5.509345868002237800e-01,1.240628501411219706e-02
7.675646241156586225e-01,-3.984941111481105080e-02
7.822744385771748243e-01,4.317748378392756714e-01
3.611255169986112845e-01,6.339337356259233669e-01
-5.325356563722231096e-01,2.784834922401553392e-01
-1.405716885709882513e+00,4.395223222055006373e-01
-1.841655303988961156e+00,7.097070132136765741e-01
-1.737841611356119698e+00,4.739809152355048405e-01
-1.101688054719756504e+00,-8.574098678363977211e-01
-5.536702663860617601e-01,-1.900111595288321853e+00
-3.515684333437580911e-01,-1.319680004212336888e+00
6.146601582656956338e-03,-3.402750238523595261e-01
2.945679173713450921e-02,-1.039247894217574381e-01
-1.664258659901624721e-02,6.625467672316967538e-02
3.751449348805445672e-01,-3.457201255589440470e-01
4.644469584168121612e-01,-6.347751380611131866e-01
6.845986175120306605e-01,-8.373830380644262661e-01
6.378709593977676118e-01,-8.304449124895686429e-01
1.311423426720360330e-01,-3.257617780258632023e-01
-1.337008333665946069e-01,1.582464068085747688e-01
7.464044138823583419e-02,1.313715623110049968e-01
3.891348156225654664e-01,2.858693396361433603e-02
4.386812471061544705e-01,-4.759300741090245063e-02
5.330272870652209560e-01,2.302714307130667923e-02
7.398750424269843196e-01,5.077994289665741512e-01
1.291270014151408185e+00,1.122336945273493036e+00
1.515716683457855707e+00,1.621376389894398695e+00
8.360563968323188044e-01,1.602366308157729513e+00
1.036769357242272177e-01,8.104365021940863612e-01
-3.447835907442388104e-01,2.843539917723788002e-01
-3.036216130537747193e-01,4.189130182188751661e-01
-8.368272981242975278e-03,2.532251504432849187e-01
4.443843114733220800e-01,-3.107260368108734072e-01
7.256881570661628533e-01,-7.857739581718198307e-01
9.226827994302599922e-01,-1.140060870282890937e+00
7.273617848418061360e-01,-1.029408762592576299e+00
1.592890508988359100e-01,-4.501283218269360176e-01
8.291878651816300683e-02,1.865837023105333947e-01
1.296551778987597991e-01,2.864075152353492415e-01
-1.627757783229527855e-01,1.525013818206980842e-01
-1.664258659901624721e-02,6.625467672316967538e-02
3.428190477941591707e-01,-1.271088366206349074e-01
2.209647793498936141e-01,-1.993692960653936086e-01
-1.286794953648408568e-01,-2.407848110525636354e-01
-7.754664972055926031e-02,3.060260849750154333e-01
1.690439481075901862e-01,1.112105560263671578e+00
1.469316580832598189e-02,1.066493487825582731e+00
-2.119330620752926386e-01,4.617461205387433654e-01
-2.119330620752926386e-01,4.617461205387433654e-01
-2.784436339016413756e-02,4.236311780664820392e-01
1.411527835568200107e-01,-8.042526446555461894e-02
2.844080657555557723e-01,-3.929160704511817648e-01
1.390626920710939241e-01,-4.485187617806375981e-01
-1.063825449155212238e-01,-1.944299472859338518e-01
1.342054708612254177e-01,-1.710164454185215677e-01
1.031580323004087196e+00,-7.973380519032059466e-01
1.786663126487553210e+00,-1.973933041118115517e+00
1.782524828417437979e+00,-3.206804331920791729e+00
1.170995937013967980e+00,-3.677140893102515573e+00
5.741110681254958381e-01,-2.845522532485858402e+00
3.474794953609603443e-01,-1.278482922282261791e+00
-1.351480889444156563e-01,-9.328008943357654070e-01
-4.609263102483313057e-01,-1.082895687650799355e+00
-3.207362115071027975e-01,-4.252904040984082368e-01
-1.286803451620268379e-01,-1.112963699698693992e-01
-7.903291729350604700e-02,5.960428609729073735e-02
-6.097659650826809524e-02,2.147313361585859448e-01
-3.243318728061750367e-01,2.484573446444685307e-01
-5.894995876234871979e-01,1.356562079400152332e-01
-7.228758437833606720e-01,1.198693098398689039e-01
-5.782233486118213417e-01,3.647987054344041524e-02
-6.913434880588397169e-01,-5.932455776634164568e-01
-8.371296288749058290e-01,-9.448341931560090279e-01
-2.554967972818376065e-01,-6.232370969402131200e-01
2.670580478285998205e-01,-3.683498891975768852e-01
2.670580478285998205e-01,-3.683498891975768852e-01
1.074151589347083907e-03,-1.605968178637459665e-01
-3.028049400165093163e-01,1.744347550284327530e-01
-3.143430492206698568e-01,4.431457358799332780e-01
-2.621828378916248870e-01,2.579209628832053736e-01
-2.248686367899361827e-01,7.416744035703468074e-02
-2.931246744937519022e-01,-2.257031565033393028e-01
1.463160161750244881e-01,-7.833120740783525715e-01
9.642732881812137169e-01,-9.690580225658537161e-01
1.532206672391118518e+00,-8.828988986184775900e-01
1.598637833516834528e+00,-6.454478836258314978e-01
1.184979399744181316e+00,-4.566269718806159061e-01
6.596496989853122273e-01,-4.693041787879533300e-01
-3.675309462988323728e-01,-1.509739276872741787e+00
-4.802111488294992236e-01,-1.492653826525121685e+00
-1.206129261416812176e-01,-2.146400034736301865e-01
-2.654112575399121821e-01,2.240699588967133282e-01
-9.048564118832203018e-02,2.868087302036175235e-01
-1.235133074113933544e-03,2.248572129309962253e-01
-2.693373059833264679e-02,3.995959745134704533e-01
-1.515201248361876529e-01,4.785168451576616300e-01
-9.667381290031484831e-02,-7.990784354267972678e-02
1.822942138836537163e-01,-4.576774911674383883e-01
3.667717170503092539e-01,-5.170719616179078049e-01
-1.056566913404013430e-01,-2.597147100478646928e-02
-3.460611884855238074e-01,9.883876291221703470e-02
-2.727963262321825288e-01,-1.068221760949778165e+00
-7.867567042935533217e-02,-1.024818158675580237e+00
4.516301152121604545e-01,1.939914932496736577e-01
4.516301152121604545e-01,1.939914932496736577e-01
2.449790055372311481e-01,-7.656836819903767299e-02
1.345908737357947860e-01,1.386247616312759334e-01
2.271032357303296723e-01,-1.632115270675329743e-01
3.673479454138791622e-01,-4.249213321810241251e-01
7.763344605197808335e-01,-7.373621424711838956e-02
9.725138753225784916e-01,9.281195723439487899e-02
3.433396321917873695e-01,-1.118398674560434763e-01
-2.158707289780855132e-01,-3.120130604802935914e-01
-1.394800506779987070e-01,-2.698830290699161943e-02
-6.071222965809152522e-02,-5.179212898559196199e-02
1.947268829547872948e-01,4.192972139806593057e-02
5.041822430121370990e-01,5.604858176236364731e-01
5.924863606373151903e-01,7.218029192702306585e-01
4.588463926792710756e-01,6.570839919725787182e-01
1.804557418868937002e-01,4.732205085741491013e-01
1.604867087654388846e-01,-7.522747229349632803e-02
2.763910516863685718e-01,5.249637403601503660e-02
2.889212315083029559e-01,6.759694411863100827e-01
1.797065511614706068e-01,6.768303064548294445e-01
-8.243700480104388939e-01,1.919376949354541784e-01
-1.408017057919956461e+00,-2.697557392600191672e-01
-7.832041219404538568e-01,-9.928203021569326214e-01
-5.149886286374373290e-01,-9.995061684297009696e-01
-9.183378505289735427e-01,-3.798845450152174008e-01
-1.038050316169793374e+00,6.491085640858622330e-02
-6.138704364227061117e-01,8.284545572688969961e-02
1.794979800820397375e-01,5.314173485773284744e-01
2.090268211902176265e+00,2.307521823998523125e+00
2.903144212477243080e+00,2.834943846773648524e+00
2.903144212477243080e+00,2.834943846773648524e+00
3.403282851634800377e+00,2.108922319046476979e+00
3.244624108020670139e+00,1.748214987329259062e-01
2.329736529609018891e+00,-1.320468920714361616e+00
7.445288203001316774e-01,-1.516097911329397308e+00
-1.894095756458217539e-01,-1.261573072863747313e+00
6.187032517104624763e-01,-1.888076280323001788e+00
1.496821428435489931e+00,-2.339817254712774908e+00
1.252503119155244260e+00,-2.131616863841023779e+00
1.274544452240324199e+00,-1.912404132100158360e+00
1.530975067326879158e+00,-2.125803734052740701e+00
1.749037033359033488e+00,-2.153169299427787120e+00
1.654047928290021785e+00,-1.576706193557474434e+00
5.790826550460291822e-01,-7.034536440249987699e-01
-6.888414024231021004e-01,2.595521795736929760e-01
-1.030886051098325540e+00,7.481960283305335579e-01
-7.270415800037249854e-01,4.445010387931586093e-01
7.892286103072435610e-01,6.478201856619947296e-01
2.118231883649298819e+00,1.885440793039246055e+00
1.959831587040040679e+00,2.063379264928820511e+00
6.919575529133283887e-01,9.224389877649462610e-01
-2.558750021458159329e-01,-8.301860711926402070e-01
6.187032517104624763e-01,-1.888076280323001788e+00
1.249644804806558485e+00,-1.815944390217267834e+00
8.105719869114285103e-01,-1.028262854129082582e+00
5.499246488415013845e-01,3.388935974995739842e-01
4.225534680795446363e-01,1.256985954897406943e+00
6.015652294575459663e-02,1.310848708955783870e+00
-1.072892229123093788e+00,1.924671082849319870e+00
-2.784284232418810401e+00,2.754865246292995451e+00
-4.107825575020886966e+00,2.845261807554707811e+00
-4.504160176261632564e+00,2.415950935265434474e+00
-4.277974116442631924e+00,2.404426681587827019e+00
-4.008469387346847768e+00,3.047374547461110250e+00
-3.769946619997821990e+00,4.052176274434798664e+00
-3.660473054920066360e+00,4.502031739549453349e+00
-3.771254668081540640e+00,4.051442511452816753e+00
-2.422086330847698310e+00,2.249812775112213004e+00
-7.460163247771633976e-01,7.578678405887843139e-01
-1.909008380934404392e-01,-1.887211561507577684e-01
-2.921799859861648474e-01,-3.223568245392007814e-01
-3.473467196784284505e-01,-6.708045195504939162e-01
-2.344783934955042559e-01,-1.077960252961035037e+00
6.886371335944299621e-02,-1.075785698925118217e+00
3.265362905898983037e-01,-7.766419326873102991e-01
1.868890352650397213e-01,-8.163564359467458120e-02
2.466935706960049768e-01,7.986997589351741977e-01
6.465118487142124115e-01,2.550591318759610093e+00
6.862830010697902328e-01,4.382035632301187533e+00
4.036901734960535171e-01,4.234228583811058932e+00
6.663583488103720642e-02,2.496657624311711565e+00
-2.553286469218953303e-01,7.230326645339100189e-01
6.802782820135697128e-02,1.009606897824203153e-01
2.960103111220812599e-01,-3.883768519555733656e-01
1.646341218334964329e-01,-9.633310582203702399e-01
2.404854028302465530e-01,-4.955772284671135508e-01
1.836769077667666505e-01,-1.063311913007715520e-01
9.517119771768399461e-02,-2.058065678926035702e-01
3.255469300178319425e-02,-1.495790108235441895e-01
3.176565929378133424e-01,-1.791512899565036732e-01
3.351988489444168162e-01,-7.021306030317844282e-01
8.560373671036884680e-02,-1.470079213349106517e+00
-2.083463707467640702e-01,-1.884575957411211089e+00
-2.083463707467640702e-01,-1.884575957411211089e+00
-9.711919516195645363e-02,-1.074307040107080446e+00
-1.391155003187040939e-01,5.286690170496266550e-01
-3.673547091524199115e-01,2.279915815747712848e+00
-7.232315627999911234e-01,3.147344019179944219e+00
-9.372174085240172481e-01,1.807002118794998058e+00
-9.121682364910486118e-01,6.236080804082458906e-01
-6.409591108768861734e-01,3.449912591429540876e-01
-4.316555353150795804e-02,-6.270929815471685265e-01
1.779346298150588646e-01,-1.854678346642209430e+00
4.320537285715755904e-02,-2.611161044910506046e+00
-5.940442769850854537e-02,-2.182508959934393200e+00
1.327584345807945529e-02,-8.685255713841233405e-01
-7.283851464178202340e-02,-4.504892242092821131e-01
-1.790457739295849005e-01,-1.334614359284135965e+00
4.908238935451548213e-01,-1.396098576075566200e+00
9.154869193572403585e-01,-8.908592484087169971e-01
5.211725600965024796e-01,-1.079882040746658722e+00
2.853745013791713636e-01,-1.063547280805055895e+00
6.776763301203763135e-01,-8.682970946048016447e-01
6.651331714451669264e-01,-6.857764304280365986e-01
1.882875785813659664e-01,-2.601399245305473507e-01
4.633367415579103255e-01,2.357086345651160930e-01
9.190190773788315948e-01,-1.548133082339448741e-01
1.009488998187655806e+00,-1.154474834585550225e+00
5.009486678575969520e-01,-1.399226333277650447e+00
-1.381048962824247550e-01,-7.675529914431409306e-01
-7.034353779985145216e-01,-2.969458768060901921e-01
-1.020881322563372162e+00,-5.714085231251110342e-01
-5.278784487129193348e-01,-1.022261877871357250e+00
2.922705683199812166e-01,-8.627450558165767891e-01
5.740945533357029174e-01,-2.209639945846319023e-02
3.148528644924191155e-01,4.814566935929638358e-01
5.309254046445616854e-02,3.747183966211706796e-01
2.263603293155617979e-01,4.626890320417634261e-01
7.920667735910428275e-01,5.918029161063417254e-01
1.359340001290927136e+00,8.996617943920602878e-01
1.261227331456558520e+00,8.708422424735541290e-01
1.422426741425385721e+00,1.291808136357160519e+00
2.158835541196777452e+00,2.107254974643402168e+00
1.630729471431251687e+00,1.363378682258910901e+00
6.019457059170799651e-01,1.308313809640259950e-01
6.189277788415203929e-01,3.053794318504036709e-01
6.126022379309320476e-01,-7.162810329545467314e-02
6.314465700122573466e-01,-8.135141970328418903e-01
2.796476869654956343e-01,-8.819611024680628075e-01
-2.439162493622093753e-01,-4.898710944495486275e-01
-5.453461496945745113e-01,-3.635782711586574845e-01
-5.453461496945745113e-01,-3.635782711586574845e-01
-9.143991749703215266e-01,-7.370768270434816527e-01
-8.632220695764707408e-01,-5.694877849480226573e-01
-3.688907861005205069e-01,1.062309664873097165e-01
-1.432954646210013172e-01,2.464875034918671270e-01
3.111373706075968304e-01,1.614900604012321772e-01
2.287585625198960970e-02,2.573719225365195817e-01
7.777593262845484967e-02,5.497414617487527133e-01
2.788751039177499447e-01,5.375181067727415885e-01
-1.015668074921041580e-01,-8.509297913039437500e-01
4.423438651516276021e-01,-1.523801803147353029e+00
9.061017970456041182e-01,-1.060528405512763728e+00
7.202742595745532661e-01,-1.103436459433422501e+00
1.174104288879478097e-01,-8.975246231353352089e-01
-5.197492984359940449e-01,-5.432263488220498981e-01
-8.374589590268445294e-01,1.133222314221237620e-01
-5.692598500739349809e-01,6.677828058447748960e-01
1.130625295068486136e-01,7.999934322847805923e-01
4.176048723509283023e-01,4.372000366661906723e-01
1.900380261143131966e-01,1.306405628073253611e-01
6.159749516830781424e-02,6.146073847969638071e-02
1.824633295385102161e-01,1.372360888729045204e-03
2.220957195291451691e-01,-1.060849086350038828e+00
-2.434641723419638804e-01,-2.136053332856777676e+00
2.115975971483916029e-01,-1.169736586625648167e+00
2.942810765960971464e-01,-2.884416967187686809e-01
-6.094964112919615262e-01,-3.297841878231280166e-01
-1.095304064178924897e+00,-4.263928773270800332e-01
-6.441119725964192799e-01,-9.013034461778861584e-01
2.042697464880561253e-01,-1.334152721635389227e+00
5.169816871382636458e-01,-1.228967846736032987e+00
5.863389513245937934e-01,-7.473456250136837342e-01
4.978425143125432273e-01,-3.731510704531335043e-01
-7.287581851845580383e-01,-2.894502060118679942e-01
-1.365334348044129786e+00,-3.199278916044062671e-01
-9.560430655818309420e-01,-2.331475332985606386e-01
-5.273267749627971179e-01,-6.630942158834482458e-02
-6.198887265693288073e-01,-2.503709002808066769e-02
-6.285778807198504348e-01,-1.324752935578559498e-01
1.391487071083049309e-01,-6.087672425419387023e-01
3.944422777084820586e-01,-9.943083668862512381e-01
-2.029730242414204758e-02,-7.911016458406353591e-01
-6.967918864575551874e-01,-3.117441575627113437e-01
-6.732411638746792493e-01,1.598908776208414206e-01
-5.049485583778053760e-02,2.458907874860668530e-01
4.427772861498177059e-01,4.164162255968083537e-01
9.024547626290891911e-01,3.621069867934466058e-01
1.495779788463412530e+00,-2.448056653907645097e-01
1.001436956619561114e+00,-5.544478694722019263e-01
-7.129021959521364415e-02,-2.509068772258229441e-01
-2.786440282480204863e-03,2.121566471289746403e-01
3.537028066828673545e-01,2.026482966875562397e-01
6.019457059170799651e-01,1.308313809640259950e-01
8.470911076456810740e-02,-5.980535055907058029e-01
-3.695291415528318413e-01,-1.490040112370458525e+00
-3.225855846021288831e-01,-1.984747756424671383e+00
1.612329969309454492e-01,-1.742760103530301974e+00
3.356501019252419726e-01,-1.232024342208935419e+00
-1.771620869157492784e-01,-1.015462433307357193e+00
-1.336806992976304231e+00,-4.063630663123987130e-01
-1.821191568835961005e+00,-1.225064918157717508e-01
-9.241192632985845146e-01,-1.268023023786575276e-01
3.478303407564167088e-02,-9.961335758394083972e-02
2.559847699357267192e-01,1.758565935098286431e-02
-4.376099449999301867e-04,1.579694680829600295e-01
-2.931246744937519022e-01,-2.257031565033393028e-01
-5.129489978765849889e-01,-2.656023489288906192e-01
-4.571770422113480836e-01,8.694478388772278188e-02
1.225499091781313971e-01,7.990438009927298968e-02
5.899728415258622682e-01,1.338789596890026246e-02
7.675646241156586225e-01,-3.984941111481105080e-02
5.786573286423559725e-01,-3.279476255972506027e-01
1.281903985002357145e-02,-6.611655857657658952e-01
-1.336806992976304231e+00,-4.063630663123987130e-01
-1.558761111924616971e+00,-3.321368750148404742e-02
-8.247558184544551141e-01,-2.024963840599995901e-01
-3.429638303482397399e-01,-1.603995157142819594e-01
-3.819602991903963980e-03,1.537478330441521476e-02
5.509345868002237800e-01,1.240628501411219706e-02
7.675646241156586225e-01,-3.984941111481105080e-02
4.944505021965691638e-01,-3.232700176801899805e-01
6.940296484528506171e-02,-7.120107991391480540e-02
-2.921127947436107930e-01,4.098969125299077310e-01
-2.093172744080945835e-01,-4.663946389248064400e-02
2.273092415493213059e-01,-5.188149139204808469e-01
6.034583947008359539e-01,-3.068842824537328928e-01
5.605780312663344311e-01,-1.350261056589256714e-01
-6.491081679556021111e-02,1.011961851336023593e-01
2.467892508871563986e-03,5.127239224820646923e-02
4.257957042785555646e-01,-3.962375245291542281e-01
2.462019788631997497e-01,-8.372155692837741636e-01
2.723012135809373957e-01,-8.844528894647603057e-01
4.477903257897024591e-01,-4.520002533338877693e-01
4.257957042785555646e-01,-3.962375245291542281e-01
3.495218204925589212e-01,-2.805983143765169996e-01
3.031539211272003542e-01,-8.843262246164614038e-02
1.098181824827738212e-01,1.277931726736713791e-01
2.682074536914596380e-02,3.771135879365044574e-01
2.136305670669511048e-01,1.275877224501363871e-01
2.975283035165989243e-01,-2.751833317091181286e-01
2.298079487687433586e-01,-4.111262298447093122e-01
3.916631463838787242e-01,-2.084545055341824604e-01
8.438261119580022784e-01,-3.537098928217027316e-01
8.192402183914361258e-01,-9.279346657614117033e-01
1.090311068582905524e-01,-6.340346585522624867e-01
-6.427328317378031564e-01,-1.101587428112500988e-01
-1.148546391644647890e+00,-4.728951116358989237e-01
-1.184067578016051669e+00,-7.658958163231298633e-01
-1.099443216047319982e+00,9.429612501142639602e-02
-6.898096369464040700e-01,-8.236068177172307936e-02
-4.165273090336203965e-01,-1.449723892154708649e+00
-4.298026049802182724e-01,-2.207887901839566069e+00
