5.934937473895439408e-02,-4.331179697159733832e-01
-2.266236917476974477e-01,-5.389938907269642421e-01
-5.208735942185374612e-02,-3.177954683437861361e-01
1.092860542413580105e-01,-4.142120854439123034e-01
1.961980642108613060e-01,-3.627411598484618915e-01
1.022147957265635704e-01,-4.359398475578060705e-01
9.664260403427699098e-02,-3.825857299120264954e-01
4.058712009986343433e-02,-3.320892101837242261e-01
1.081592620770669838e-01,-1.800220656672922304e-01
2.449345152444484253e-01,-2.117988726203469396e-01
2.748092303436707740e-01,-1.226320485830294515e-01
6.606654650639801618e-01,-1.784314747181187655e-01
8.941296021881947054e-01,-7.020298629994492501e-02
1.002351292654560799e+00,-1.226920190571885588e-01
7.904251213095615514e-01,-9.491980163457246211e-02
5.093403292489548928e-01,-1.342600217306607613e-01
2.400668340902840370e-01,-5.225357513421725886e-02
2.733068162237539678e-01,-2.224804142865244860e-01
1.590332086299299230e-01,-3.006440722945704636e-01
2.283731258991589241e-01,-4.350656645052427551e-01
4.436218492663472346e-01,-6.274458464972416660e-01
7.352971877408576162e-01,-8.440294324728760955e-01
8.220283925526742363e-01,-9.522893712659753485e-01
7.412272197072207192e-01,-7.722151452713820197e-01
5.147090496020624295e-01,-5.859618888014329618e-01
3.843901805535363536e-01,-4.243040310150277272e-01
3.670189744063978021e-01,-4.770142213420874855e-01
5.900017618748103487e-01,-4.281321758751735485e-01
7.106995067170526204e-01,-4.842585295042721172e-01
1.048668638984137091e+00,-1.235386576743477072e+00
1.235275100354928268e+00,-2.325655148783490667e+00
1.290825477547131728e+00,-3.404513630418834591e+00
1.072186394330518988e+00,-4.024673957821319981e+00
8.041082888720590960e-01,-4.011067219309842002e+00
5.331577027813363401e-01,-3.648269336887384195e+00
4.701190951933190698e-01,-2.716990462527987038e+00
3.179059120863632071e-01,-1.665114999743154245e+00
2.959834680376837168e-01,-8.790704611414703606e-01
1.187896567946868931e-01,-1.170127586580152812e+00
-1.578848441973794703e-01,-2.210377094097176531e+00
-4.141476925501980100e-01,-3.226254257557445104e+00
-5.726975820691810881e-01,-3.800961251957825748e+00
-3.274480116197490687e-01,-3.667409910177049426e+00
1.496834038809810932e-02,-2.940548704018970394e+00
2.604898316611559128e-01,-1.834711711865402606e+00
6.813624673872404891e-01,-1.085461804416756770e+00
1.218103948926140934e+00,-6.385689584198585012e-01
1.691563262269179191e+00,-6.982961746647511347e-01
1.661503804580676480e+00,-6.073904664591940339e-01
1.229820924318819175e+00,-4.220935932544271907e-01
7.903830098509966318e-01,-4.901790977331711985e-01
4.526061724556945665e-01,-4.736820469716695459e-01
4.911836946081227784e-01,-6.139712488569791793e-01
5.900017618748103487e-01,-4.281321758751735485e-01
7.106995067170526204e-01,-4.842585295042721172e-01
5.813866978270838537e-01,-3.355903047749596024e-01
2.305280957874336900e-01,-1.965134794548736019e-01
-1.406196984150844854e-02,-1.223807023119166948e-01
2.530558053850445049e-02,-1.790860731585285082e-01
1.234303777002144220e-01,-2.393114014833573056e-01
1.236483411036467805e-01,-2.508528503480693672e-01
1.236483411036467805e-01,-2.508528503480693672e-01
1.236483411036467805e-01,-2.508528503480693672e-01
5.095103780508700858e-02,-1.777008316103363128e-01
4.935813911849842167e-02,-4.390092370608609240e-01
-7.599164482827375222e-02,-4.060174215107211770e-01
1.186799570063625103e-01,-4.160241860410895942e-01
1.423006457770133459e-01,-2.314103736759613172e-01
2.884333011649425904e-01,-3.146614025645813606e-01
1.236483411036467805e-01,-2.508528503480693672e-01
8.080245936064266166e-02,4.881555357428912778e-02
-1.210355170450711504e-01,2.289798655115526937e-01
-2.112479925156267868e-01,3.690512287005388026e-01
-2.278809972071252909e-01,2.712611912591128549e-01
-2.240905092595593673e-01,2.806614987659035165e-01
-9.968472258818715792e-01,5.908381458114132512e-01
-1.066120940662421024e+00,5.936763655498571435e-01
-9.412591640998742015e-01,3.494101288557288632e-01
-1.951706041789473267e-01,-1.633102274025695355e-01
7.223752776164772682e-02,-5.047423308150703614e-01
1.391703518808966589e-01,-6.780929658525547410e-01
2.689501233278411285e-01,-5.545425662801169997e-01
6.564808356274814440e-03,-2.006540127450083810e-01
-3.392102083122268408e-02,1.201349766544789754e-01
-1.092452989936852775e-01,1.542954636646065580e-01
-9.577256107452395209e-03,7.042117475603721852e-03
4.497406956203096190e-02,-1.420969164595125567e-01
4.497406956203096190e-02,-1.420969164595125567e-01
7.338425575638546361e-02,-3.353724564527739704e-01
1.384899631671230036e-01,-4.709802991305055420e-01
2.071275530819343402e-01,-5.755738159448888780e-01
2.878251261719172449e-01,-5.174243230140082028e-01
2.263186697291484084e-01,-3.614412641598678810e-01
1.270213046024996351e-01,-2.256762910922037735e-01
9.345310446256338555e-02,-1.449825449988726145e-01
7.437252314801372222e-02,-1.435122362419983255e-01
6.595766676359669789e-02,-9.610516818950952389e-02
-2.850115327808498689e-02,4.635555391353754495e-02
-1.674272384805700065e-01,1.339581325977892701e-01
-5.336003583775433996e-03,4.274545479934207526e-01
4.039085511421136587e-01,6.431017848867048858e-01
7.022033731200043594e-01,7.542123078043656559e-01
1.144149287926348402e+00,9.756511967982747224e-01
1.242788201077549504e+00,7.433402389259866627e-01
1.069965386610745028e+00,4.257183801451800420e-01
8.161618296547445972e-01,-3.366507648881492121e-01
7.778698057289441525e-01,-1.318678137736357892e+00
1.056631174291907449e+00,-2.008417800320730251e+00
9.948543359359075522e-01,-2.384254954683924232e+00
8.475386780301071843e-01,-1.967985381672338052e+00
4.937769299049221683e-01,-1.244764494606178884e+00
1.119360379036881820e-01,-3.021472391443886796e-01
-2.254572653746431121e-01,2.506556007875142544e-01
-4.558958989475386248e-01,6.954475037902719814e-01
-8.621712522990169214e-01,1.212272277818830846e+00
-1.246098822333468137e+00,1.583272840015888638e+00
-1.555013885605824431e+00,1.605838907294010021e+00
-1.526104423219933892e+00,1.473469649861806507e+00
-1.188129183011543688e+00,1.037066700241506823e+00
-7.208289412415961328e-01,6.622767406821229441e-01
-4.499767393509326863e-01,1.002315324562865623e-01
-3.732798685229303803e-01,-9.725172880297178191e-02
-2.465161952455319494e-01,-2.609076382826928664e-01
-4.101860390083916785e-02,-3.932567593610296619e-01
-1.371119578651911475e-01,-4.659056777363991819e-01
-2.375127381429551487e-01,-5.764218384294949038e-01
-3.762180329902231612e-01,-3.663032157116393739e-01
-3.275232976090398651e-01,-4.542378031350580714e-01
-1.309586021708179226e-01,-6.020744537984488165e-01
4.321387643146114982e-02,-5.809405431141317910e-01
1.282075389618565937e-02,-4.070887639172717787e-01
9.191627220348058680e-02,5.976696740476291486e-02
3.994434435962140872e-02,1.009107969055471205e-01
2.001063132695931890e-01,9.867653840751626493e-02
1.137755809218174152e-01,-1.993292177557763334e-01
5.782753976759510972e-02,-2.133533434953887864e-01
3.820853167774170001e-02,-3.928405544986353637e-01
4.819327723868409644e-03,-4.133924536905284053e-01
1.082754442543713662e-02,-5.468975659687934643e-01
-4.032475985352444725e-02,-4.645534889595605565e-01
8.719561587433993788e-02,-8.382682945222469373e-01
3.092604375217238855e-01,-1.261674641580007084e+00
5.092428650138133284e-01,-1.782954411294638053e+00
4.387397376859772380e-01,-1.601194689779106062e+00
4.340852254120173837e-01,-1.270102764759001968e+00
4.880875465188680984e-01,-8.184484463692551781e-01
6.291551980672058786e-01,-6.055895524933581076e-01
7.089341783927489704e-01,-1.269507070175016628e-01
1.694187655342660470e-01,1.713331568949760519e-01
-6.237958453440547446e-01,2.780805605084489818e-01
-1.653583445619696501e+00,2.918192216621570342e-02
-2.206873875212775893e+00,-1.108219741526536850e-01
-2.260114181411179590e+00,-1.813025327876573167e-01
-1.739056608111251068e+00,-1.120219125226494111e-01
-1.104959147671713104e+00,-3.019092465045793844e-02
-4.985656058781517408e-01,-1.242189345844989766e-02
-2.924699489926022022e-01,-2.510922125521007353e-01
7.763627904404920904e-04,-3.419066147221546670e-01
1.555412918652254450e-01,-4.171968156519487159e-01
2.480217558231220809e-01,-2.800470372390616580e-01
2.491604355674325033e-01,-3.660357001137677369e-01
4.761660582663015395e-01,-1.192204338020173005e+00
6.895602486589734736e-01,-2.495541754200104823e+00
8.223480723346576760e-01,-3.567075114815734249e+00
5.764852882769235798e-01,-3.829630931574869557e+00
-7.137381247296402387e-02,-3.111612709577154412e+00
-2.885671574788452598e-01,-1.997064242792632172e+00
-3.312753756393829740e-01,-9.624095594902842832e-01
1.611516948512946856e-01,-3.347051498711077766e-01
1.600640091854356739e-01,-2.525673613466594136e-01
5.073293677109480537e-01,-5.018464268195776956e-01
1.021649578173095207e+00,-2.645078016869451543e-01
1.297951541527961661e+00,-1.145384320928447414e-01
1.004982253808758275e+00,9.516464977068370135e-02
-2.609706422339261866e-01,-6.694573597735636872e-01
-1.490979521669504981e+00,-1.528212948271911342e+00
-2.158908900788921059e+00,-2.076919243560924500e+00
-1.935117637729547591e+00,-2.178179223274147258e+00
-1.347429804340900095e+00,-1.702068091287560980e+00
-6.528896356935020018e-01,-1.019042821153552270e+00
-3.762180329902231612e-01,-3.663032157116393739e-01
-2.554010197424098072e-01,-4.021543189462269963e-01
-1.990471528155971295e-02,-3.804048196377323721e-01
2.774947006573968422e-01,-5.004875678585923859e-01
3.714396766883740209e-01,-3.629680842400820340e-01
1.146057322051554223e-01,-1.619145402783527254e-01
-9.897700795555845754e-03,5.785827041882986299e-02
-4.732698633189732357e-02,-8.260928271374735898e-02
1.607630424184935958e-01,-4.321112450222554524e-01
-1.162508992698361443e-01,-5.635323198799175870e-01
-6.720224435121574524e-01,-5.333677130046358128e-01
-1.373433235046689349e+00,-3.420008643771593748e-01
-1.870135134552114886e+00,-1.483076193361886064e-01
-1.483171683659878282e+00,-1.733781253620980123e-01
-7.336573624957332118e-01,-3.667167243705377611e-01
2.751654794517503083e-02,-5.364794543646845826e-01
1.035691066971490271e-01,-3.954389141922972084e-01
9.895656880558195700e-02,-4.031997123441552477e-01
2.466907209243116017e-01,-5.412716860235002869e-01
2.649760753752690157e-01,-4.649565984276059494e-01
4.029206213536701831e-01,-5.272953789084211529e-01
4.363852844112450780e-01,-6.178926720982660381e-01
4.033811375170668900e-01,-6.833171096090120411e-01
2.041509917129535057e-01,-4.741219976563975647e-01
5.641684937308708014e-02,-3.466199707166496280e-01
4.286630662252040140e-03,-4.640226916558853887e-01
-2.122624622165522057e-01,-4.516090029389881466e-01
-3.397497175266502301e-01,-5.005511172213620297e-01
-6.138364992160338929e-01,-4.467424457986897135e-01
-6.138364992160338929e-01,-4.467424457986897135e-01
-5.125751467271153494e-01,-4.868665648816205005e-01
-3.491952086817113332e-01,-5.279800905276764711e-01
-5.022476738183160316e-01,-5.094601950583435013e-01
-5.983331261244040356e-01,-2.187638443106784403e-01
-3.320289099404640232e-01,-1.220332147664437566e-01
-1.110637638613068273e-01,6.665278486742567954e-02
-6.336552282740255393e-01,-1.108132934777035783e-01
-1.391534645401554471e+00,-4.523089502423485037e-02
-1.788168757370349526e+00,-1.958340530264837120e-01
-1.982312978198651932e+00,-2.662878663271462942e-01
-1.560119285556785584e+00,-3.992849559333361276e-01
-1.155729741014889456e+00,-4.813563185121170762e-01
-5.595479978372687180e-01,-4.755065631326033659e-01
-4.653635025218635368e-01,-4.866382085395919987e-01
-2.752891281000608426e-01,-4.045417312476423111e-01
-7.009372276185625583e-02,-4.044399215847359064e-01
1.404305535014429285e-01,-2.904122736698442897e-01
1.319056025105238561e-01,-4.465888667693134195e-01
6.051223006283258654e-02,-6.745830705800092142e-01
-5.472531965331516313e-01,-7.616687767960480526e-01
-8.086228995364144190e-01,-7.144203764024189551e-01
-1.040049455002155954e+00,-4.026541157941941895e-01
-1.427483723094683743e+00,-3.632360633456795940e-01
-2.589318317790635593e+00,-5.072920854540061697e-01
-3.700507577916784641e+00,-7.768420714568734509e-01
-4.571694992412663971e+00,-1.187861743844633056e+00
-4.589504208778840244e+00,-1.319399196650821837e+00
-3.597941305593185035e+00,-1.097053943296194101e+00
-2.453881507571301412e+00,-9.235721621507494428e-01
-1.352916485771172184e+00,-7.400804926095670977e-01
-9.001855524201595182e-01,-7.597187677628521874e-01
-5.024233081099476195e-01,-6.110774485061553074e-01
-2.557709629374969040e-01,-2.895237413079202460e-01
-3.922770718300548909e-01,-5.460730912669330833e-02
-7.253931886277308339e-01,-6.901307059953550038e-02
-9.439786049758297493e-01,-1.136809650857594223e-01
-1.276455272030745380e+00,2.992385041653446431e-01
-1.446116693575915990e+00,4.736722614889485872e-01
-1.866476843485337156e+00,4.616952347263428291e-01
-2.126346073247374679e+00,8.330589138723912268e-02
-2.067094781017034144e+00,6.011186414007439055e-02
-1.707167737690034492e+00,4.528842581091466757e-01
-1.424102000004663804e+00,5.383009288698685779e-01
-1.287884525257047441e+00,5.839133940909493337e-01
-1.384827064024849452e+00,2.244279217098768264e-01
-1.190880693830866477e+00,6.339950062545517129e-02
-8.341797071637957472e-01,-1.233660531374328184e-02
-3.679001303013897939e-01,-4.813084340896707503e-02
-1.166600336410507886e-02,-1.798734660951447628e-01
-7.606472405469584530e-02,-3.363392681266966777e-01
-3.759884684451541004e-01,-4.240146314041460807e-01
-7.134555175776172709e-01,-4.179094499580865429e-01
-6.515823400788215425e-01,-2.958134312419301581e-01
-9.736997860828543461e-01,-4.298332362736836942e-01
-1.159388451559743238e+00,-3.745158685573992674e-01
-1.159388451559743238e+00,-3.745158685573992674e-01
-1.123010963715297850e+00,-3.354991311869141568e-01
-4.024880654018422321e-01,-6.257152872448472347e-02
-1.148387879811581108e-01,2.005317836306724430e-02
-1.148387879811581108e-01,2.005317836306724430e-02
-4.214292938569916269e-01,-3.480083943844719530e-01
-4.586555102487752666e-01,-5.238202707846205675e-01
-1.542892388252671831e-01,-5.457061317968071590e-01
1.161702926097477606e-01,-5.093404260551774865e-01
2.374628850336774066e-01,-3.780579091128254965e-01
3.516495507852837599e-01,-2.862259925265281946e-01
2.681638367666209222e-01,-3.247179347941268612e-01
3.524882515048505249e-01,-3.404916854324473996e-01
3.988816421022126635e-01,-4.286109617035113728e-01
5.629454675306314604e-01,-5.013348020204664302e-01
4.055022245523518531e-01,-7.470420971750771910e-01
8.818330734845530872e-02,-1.011774570072543122e+00
-3.544819826120053086e-01,-1.166952359411365769e+00
-5.853930449519025858e-01,-9.476326377460732031e-01
-4.307656948121432183e-01,-8.371284054217346116e-01
-3.101099292646594674e-01,-5.467305055508897560e-01
-2.765590624425712588e-03,-5.961269731147251782e-01
5.907028964087818190e-02,-3.568266276215744104e-01
5.051927939854988781e-01,4.981367364643867618e-02
4.624473392548933415e-01,3.901296817338292255e-01
2.735640307837301499e-01,6.661827486362819073e-01
-3.099967429213490999e-01,5.176590348409039199e-01
-6.940505741068312417e-01,1.752898265018382473e-01
-9.879173321538530228e-01,-3.334824077298093048e-01
-9.942120613063931689e-01,-6.805190714860138712e-01
-7.127900914028004742e-01,-6.816702115274572149e-01
-5.076000956536641517e-01,-5.270047166687293894e-01
-2.126701221368623718e-01,-2.631702913358119900e-01
-2.126701221368623718e-01,-2.631702913358119900e-01
-7.943206038769148880e-02,-3.077609015838425055e-01
6.399313581900797736e-03,-4.091212867245043183e-01
1.595933129183501886e-01,-3.698171935987861203e-01
1.759153839419709542e-01,-2.298615638594837252e-01
1.759153839419709542e-01,-2.298615638594837252e-01
1.366897667002252015e-01,-2.790125095207111050e-01
6.403222118905949056e-02,-3.870482980564020625e-01
6.403222118905949056e-02,-3.870482980564020625e-01
2.429244047996690081e-01,-5.843307508034827347e-01
3.686425082011326460e-01,-6.102257789756210249e-01
2.979272819069255784e-01,-5.053318288555356252e-01
1.817686871600152632e-01,-2.931096460003111970e-01
-5.037623245512259235e-02,-8.196308326124006338e-02
-2.501742804011785060e-01,-1.470246343649866776e-02
-3.125899572677898752e-01,-6.455234984753768779e-02
-8.237925443814912985e-01,-9.859508887454061787e-02
-7.860576951842109805e-01,-4.925045327093267866e-02
-1.144177223806853050e+00,1.106248461829308916e+00
-9.442744521929056223e-01,2.321628575564951280e+00
-1.099050713782912636e+00,2.872741794337708043e+00
-9.381456163623735911e-01,2.190413883474179535e+00
-8.122904310143310713e-01,1.732833364172332358e+00
-8.974334066729074966e-01,1.836828573127266662e+00
-1.094822536881455699e+00,2.818896804664955180e+00
-1.352518024872259472e+00,3.735820894535107239e+00
-1.516418381016599870e+00,4.381031077752497893e+00
-1.572932342635215530e+00,4.420060533505158595e+00
-1.271049490676223970e+00,3.229498192979505689e+00
-9.026236668448707201e-01,1.936085565015757570e+00
-4.960631245188781846e-01,6.760943644173028622e-01
-4.144009092294193564e-01,4.143960291596444079e-01
-4.341740416377345979e-01,3.818669323113852987e-01
-6.618364407250815207e-01,3.222895540317159968e-01
-6.840935848616214177e-01,1.698745485216307527e-01
-5.646112733742039147e-01,-2.358509118909914992e-01
-5.646112733742039147e-01,-2.358509118909914992e-01
-5.646112733742039147e-01,-2.358509118909914992e-01
-4.397795263606170124e-01,-2.430400394278100507e-01
-1.304776547366754413e-01,-2.864631922600943681e-01
1.469590813057398415e-01,-1.863447741050597573e-01
1.011123363313234935e-01,-1.892672788137672313e-01
8.340767718804982522e-02,-1.407031475940535015e-01
1.275667350167339897e-01,-2.368727377649704202e-01
3.751325110289515513e-02,-1.224991905843264839e-01
-4.637551924889680294e-02,-1.162466413789410291e-01
2.430899980691943879e-02,-1.679348545670041049e-01
2.420644632625669201e-01,-3.323731631681287046e-01
2.929685601401701422e-01,-5.063357485612502984e-01
2.374373776932529601e-01,-4.624987566403503947e-01
2.111569867010178736e-01,-3.471586284971027170e-01
2.480214675749626285e-01,-1.040540392698012379e-01
6.479127964272439477e-02,3.307700352583738401e-01
-1.886694914994838657e-01,7.634942538015380142e-01
-3.512591122814629485e-01,1.144028184180539753e+00
-2.639127999710976780e-01,1.119458824026381194e+00
-8.513860134588806250e-02,9.804726090937567751e-01
2.270657717224565109e-01,4.608096354535660688e-01
4.415982171818470525e-01,-6.533303665832990159e-02
6.436769664533682489e-01,-6.576458323411941143e-01
6.106170418086124263e-01,-1.017171817726725491e+00
4.438164708320863627e-01,-9.513249514793341577e-01
2.168198329441885508e-01,-6.749704833169376528e-01
6.305448523208702361e-02,-3.629225071122261226e-01
7.763840506764466132e-02,-1.929197080685756682e-01
2.208438122525016589e-01,1.589274079964880237e-01
3.855367569478593270e-01,4.220467856233087733e-01
3.438058196474732542e-01,4.196897324653419137e-01
7.102392866352189582e-01,6.560670171591692634e-01
7.484329240779874493e-01,5.191893302455865555e-01
8.144981314073671541e-01,4.276478118040132337e-01
2.213611383965843060e-01,-7.196243631638657434e-02
-1.221880912588514112e-01,-1.303644785536242634e-01
-1.412608681924535647e-01,-1.916609840794050376e-02
-1.347059026455259823e-01,1.544790607142084438e-01
-8.693384519822247580e-02,1.453425193269222149e-01
-1.857840030316219859e-01,3.039028559623105918e-01
-2.880893760735058762e-01,3.383884420396086057e-01
-3.695237119450276997e-01,3.618120700149267677e-01
-7.103114809569468502e-01,3.745253360131840514e-01
-1.151368550269930013e+00,4.315099111304446788e-01
-1.679625903426807509e+00,3.231415467703900313e-01
-2.028869321008492044e+00,2.590604529440219614e-02
-2.121203883253669709e+00,-2.290267672531574039e-01
-2.282363514093055823e+00,-6.119112585649411074e-01
-2.332367586346050903e+00,-7.929302935223682125e-01
-2.008808421502338959e+00,-8.380792748150071025e-01
-1.497948851353535504e+00,-5.015154300372655083e-01
-1.062501127097970954e+00,-1.422317053472465231e-01
-9.747505218270731131e-01,9.521329059238763104e-02
-7.013867099491392088e-01,1.049144800954151802e-01
-2.915153221095378999e-01,9.439532786845616918e-02
-4.109233688650931193e-01,1.192418624169177405e-01
-4.205780148791481432e-01,3.290137475753562857e-01
-6.011854460341553574e-01,4.333221710829960882e-01
-1.819636027726033445e-01,2.391811571284791493e-01
-3.846976147369763899e-01,-2.286915530517550643e-01
-1.444528820776657119e-01,-4.174343643684155780e-01
-2.700642577265940369e-01,-4.872452540119511788e-01
6.357045461544361120e-02,-5.597570005499761248e-01
2.278444982475882064e-01,-7.169022879230972922e-01
2.319062191609246038e-01,-9.503197747047277266e-01
2.620335685481476329e-01,-9.067922544453955735e-01
1.279486823034803045e-01,-7.736533830821874513e-01
2.256758672857516190e-01,-4.414534409137886306e-01
1.719229946603093862e-01,-2.706655347415247159e-01
8.262715072832647889e-02,7.050451355845852031e-02
-2.804731595992200899e-01,4.878955600148997540e-01
-3.576095231882721603e-01,9.640463103889312935e-01
-1.902711047438173930e-01,9.784243556464183866e-01
1.995263189212943267e-01,5.364079172056227529e-01
8.060148915443069439e-01,3.079183646955468423e-01
1.048563946564370353e+00,1.808163531888420245e-02
1.136056042407180833e+00,-6.476640718857207268e-02
5.538441143586744220e-01,-1.270899013829592250e-01
2.291177961766548143e-01,-1.697918687951057992e-01
1.046622961232375609e-01,-2.360261825582506690e-01
3.346352416343676417e-01,-3.875301060767366579e-01
3.334933804805557678e-01,-4.748596109434621293e-01
7.235343943766855412e-01,-4.490124804130168207e-02
7.776921207707646611e-01,3.080069446884843298e-01
1.329854510808101464e+00,8.144508966669740113e-01
1.569612903625015266e+00,1.407929185373867353e+00
2.213162240910936163e+00,1.951560545289948490e+00
2.161886555558157230e+00,1.918282926918186693e+00
1.943807434527641931e+00,1.554018209077041357e+00
1.673785544303692641e+00,9.767438650768156538e-01
1.320928236515884535e+00,6.057005058380880991e-01
5.526813404679766784e-01,3.976858680388305478e-01
-1.953881028185550650e-01,5.941914489833961532e-01
-4.059267258471183637e-01,9.302954643110963318e-01
-4.768320957976363017e-01,8.166829631916842080e-01
-4.344848720166099576e-01,4.966849853781789004e-01
-4.126061926116301737e-01,-4.722106429963049412e-02
-1.136919815718422516e-01,-5.271354259245876195e-01
-4.358571666133031347e-02,-1.018037178603689918e+00
-6.341706867366452005e-02,-1.177240438150660262e+00
-3.483398338790553717e-01,-1.202680142302633426e+00
-3.807108270566904040e-01,-1.097723966799654782e+00
-2.763380770321615110e-01,-1.077925691537899855e+00
-1.733419357337261102e-01,-8.692832410771778040e-01
-1.020334898875452367e-01,-7.110196196947405900e-01
-5.570645266742760976e-02,-5.061144679189196749e-01
-7.774753249271027129e-03,-3.332298460769134718e-01
1.206444971150577757e-02,-2.175997337595405867e-01
-1.928667787219666765e-02,-2.627109578247771582e-01
-9.031076322758782582e-02,-3.648365522515424342e-01
-1.637494021974651992e-01,-6.220391888408027814e-01
-1.525296785774190866e-01,-7.395224623878735581e-01
-1.568906579225571307e-01,-6.487929223636528242e-01
-1.528809601792009421e-01,-3.991232901028587410e-01
-2.537282660933938838e-01,-3.797611852873439275e-02
-9.308634286508893352e-02,3.277876876908097925e-02
-7.650531219077752465e-02,2.241760101147480255e-02
2.907000993552559809e-01,-2.336531086664549173e-01
1.556631441268207794e-01,-2.528356838152373554e-01
1.313650810308620021e-01,-1.853518848721655288e-01
-1.397230929288364731e-01,-1.174418134155720828e-01
-1.809702240747794455e-01,-1.019579822112813144e-01
-1.404794982600176545e-01,-4.095364983095856753e-02
5.032899094239827453e-02,-4.350393758040010939e-02
1.516699342088290506e-02,-7.793793339257056030e-02
7.956913247853539262e-02,-4.164246788511841157e-02
8.034943922328223465e-02,-3.087001309720227571e-01
1.265696959816406675e-01,-3.773879733429443828e-01
-2.792295010672481981e-01,-5.934860484078756659e-01
-6.191310249755099804e-01,-5.116024914826293735e-01
-8.331119623809521979e-01,-4.063201381776623267e-01
-9.515376062503420052e-01,-2.896880121643232164e-01
-1.219617656828776431e+00,-1.800391308910570531e-01
-1.209814636596333592e+00,-2.621485525982643061e-01
-8.196051430472293120e-01,-3.046766747100747019e-01
-1.893357122598517128e-01,-1.926700270811023408e-01
3.163399014494092110e-01,2.113480845246738793e-01
4.852535506769929396e-01,5.412416978503306053e-01
7.073170083576292289e-01,7.285072002735447638e-01
5.759794388841728008e-01,5.320816805368919766e-01
5.381670424741569203e-01,1.803131530057194287e-01
4.499101784118808567e-01,-4.229865213493802512e-01
5.059207630956105151e-01,-5.117837373230776921e-01
3.788504215085289895e-01,-6.154615883041749669e-01
3.193165144824766655e-01,-2.501017933904405854e-01
-1.139557393512888733e-01,-2.881308535414171534e-01
-5.224177023102685030e-02,-1.894351592051119193e-01
6.452920839892170579e-03,-2.292138624576814943e-01
4.548337639557250012e-01,-2.209690959416672207e-01
4.774291762976231035e-01,-2.842897747121823637e-01
4.039306724703398133e-01,-3.306114530773105464e-01
3.195830794436864686e-01,-3.981729089600137272e-01
3.050479880030468882e-01,-3.575392978761042229e-01
3.872172280041064618e-01,-3.440462230334706550e-01
3.020609999295580939e-01,-3.250091187994987862e-01
3.020609999295580939e-01,-3.250091187994987862e-01
2.662289360572499541e-01,-2.391507579903087433e-01
3.827616320612822753e-01,-2.169001192113483301e-01
2.483041270414532153e-01,-3.102960908430035802e-01
-1.640716696714085085e-02,-4.346682131556701689e-01
-5.569215807776014410e-02,-5.080411060017543390e-01
1.265288669716122805e-01,-4.718291151509710901e-01
2.313923103837625395e-01,-3.974756984636225732e-01
3.391594487260362056e-01,-3.933872778079610666e-01
1.407025061526658016e-01,-3.397830315215143449e-01
3.335740925916292482e-02,-4.182886957424220564e-01
-1.456164758672408577e-01,-2.767986058317749576e-01
-8.399160738037302065e-02,-3.454922039798343780e-01
2.279594186285933272e-02,-2.649867051218726677e-01
1.891973887209614791e-01,-3.906612614522788629e-01
1.317476857108823285e-01,-3.266217444650615920e-01
2.257786375966549242e-01,-3.984515291385342106e-01
7.760459530947526330e-02,-3.784112697799879577e-01
5.199575245190471429e-02,-3.640263106714108909e-01
4.370943348703618461e-03,-2.299077821499690699e-01
4.409829673924364063e-02,-2.431742519221997134e-01
1.167945691517237733e-01,-2.086823813746927492e-01
2.233047949780312402e-01,-2.752004295855922100e-01
1.914236484829298368e-01,-1.467574658574072877e-01
1.364651318386204959e-01,-9.451787200881965612e-02
-1.302134861612142328e-02,-9.834423658696411774e-02
-1.050990717170685040e-01,-9.428349462401118541e-02
-1.303544954331297134e-01,-1.381417512013181359e-01
-1.954355180893032062e-01,1.482400877696318675e+00
-1.392726224755583553e-01,1.405599360389664820e+00
-1.911978129535286397e-01,1.389580247366277943e+00
-1.980189572836066891e-01,-1.720738969609062474e-01
-2.066728202678595472e-01,-3.045823442438571824e-02
-4.544997294549349975e-01,-4.406261953774140427e-02
-4.049710137850920932e-01,1.258816349328896467e-01
-5.105724510562072993e-01,2.325007461746131932e-01
-3.096819353948439546e-01,1.699299982819892085e-01
-6.643888292182130728e-01,2.275208497176865463e-01
-1.071270614903571561e+00,4.617515412073270875e-01
-1.538475278417933856e+00,6.799588300677484876e-01
-1.458021389055104589e+00,1.279823460114059896e+00
-1.161581335632454914e+00,1.132871617930358843e+00
-6.736528662498783016e-01,1.060799021717758306e+00
-6.279161459388576949e-01,2.782813086506529809e-01
-6.279161459388576949e-01,2.782813086506529809e-01
-4.767384738982174963e-01,8.703798009311389250e-02
-4.090485077901802047e-01,1.227223545383225867e-01
-4.090485077901802047e-01,1.227223545383225867e-01
-4.955229959674264384e-01,1.961262664295553293e-01
-4.775407778911291423e-01,2.012171506931274001e-01
-6.303268714217012958e-01,5.562871873476487455e-02
-7.693272265625500372e-01,-3.309032309488434825e-02
-1.327557492508166792e+00,-3.478303876997428379e-01
-1.635210132171588393e+00,4.986285062903639265e-02
-1.846548848243679597e+00,-3.392126345178787111e-02
-2.056039254859158838e+00,4.471857769836935503e-01
-2.226705111094954503e+00,5.683914288000259107e-01
-3.006492001461071872e+00,1.205344739445377789e+00
-3.620101376634252688e+00,1.643375529034064364e+00
-4.182359836855066959e+00,1.932706765889182554e+00
-3.978636828696416661e+00,1.860534825731755992e+00
-3.368983199889955760e+00,1.555018503496788274e+00
-2.172387811642344513e+00,9.317837938022012212e-01
-1.178153740129306293e+00,3.772177695113374529e-01
-6.796930305586331711e-01,3.427761411967050059e-02
-6.826788810939260488e-01,5.865336965133374769e-02
-7.444238028508058935e-01,2.498523650544631075e-02
-7.294358866637185024e-01,3.783631156948939062e-02
-6.922149225675245932e-01,-3.473438373306302340e-01
-6.422423233215103222e-01,-4.574138822141475824e-01
-3.523182472183963854e-01,-5.444877778784488198e-01
-3.398348720724229666e-01,4.966582769882701975e-01
-4.694796153607623812e-01,1.411077340586315287e+00
-6.654189179087404149e-01,3.053685419767822928e+00
-6.463907575679039841e-01,3.894200094696759429e+00
-5.863455588498422966e-01,6.358939318328364898e+00
-7.382473933074729100e-01,8.281519087399075829e+00
-1.046937977847446355e+00,1.007040789442857509e+01
-1.263071623729279835e+00,9.098914155278013283e+00
-1.335736262165380328e+00,6.329417343350270286e+00
-1.204205367550035044e+00,3.130952252054020502e+00
-7.371371837347562295e-01,6.862306206967576649e-01
-3.497015065679409118e-01,-1.752105993932493722e-01
-3.403167171861557483e-01,-5.947293407975567936e-02
-5.406417106136028883e-01,-2.373688312175081527e-01
-4.863513665001347186e-01,-2.551841748795355969e-01
-1.271313674476308719e-01,-4.301376841231214221e-01
-8.776495078272121553e-02,-2.045040579288130989e-01
-1.421168293900048618e-01,-6.514174908957663657e-02
-3.496063855345817872e-01,3.577251920945438007e-02
-3.772198926011285369e-01,-2.194577275881259750e-04
-5.679644970183544972e-01,-5.212726586129886805e-03
-4.875444510915814544e-01,1.181694371855228631e-01
-3.367851527548866852e-01,2.075774266054397355e-01
-4.243505642411656703e-02,6.445507019142053540e-02
4.226547433789576425e-02,-7.295762055621246578e-02
-1.786430497123117911e-01,-1.039599559093863645e-01
-5.133160683622018938e-01,6.808315462625311176e-02
-5.796740282433725522e-01,1.702457622656616543e-01
-6.762845510617687683e-01,1.402795180351080473e-01
-7.394190372725816252e-01,1.700326533765075254e-01
-8.583269942643869665e-01,1.445586375160970438e-01
-1.002878892626020368e+00,9.432854295181961057e-02
-1.002878892626020368e+00,9.432854295181961057e-02
-6.970147211469065462e-01,8.276716762182219356e-02
-3.375492805460277856e-01,3.595379067772819237e-01
1.683913077063992417e-02,2.166773211863890769e-01
-1.500289896645045085e-01,4.868859323764874181e-01
-2.018421833349796635e-01,5.449734399678584085e-01
-1.814002332762580383e-01,8.558963378580205505e-01
-5.603643815395740330e-02,7.240875951301635194e-01
1.643053857177944888e-01,2.842105924995367294e-01
1.812143216944573920e-01,-3.603115909610619949e-02
4.576940938437704803e-02,-2.641695207531951084e-01
-5.953876674392870327e-02,-1.946935148273788163e-01
-6.748091637825677502e-02,-2.681652701175279430e-01
6.300470211175819568e-02,-8.640577999077318772e-02
1.601420315532665894e-01,5.919018079997000470e-01
1.975419654952341453e-01,1.357306380690333825e+00
2.017716292873886763e-01,1.744874055381556044e+00
1.828397161823063291e-02,1.361544014902139388e+00
-1.389926853439033827e-01,6.203208365167730554e-01
-4.813526693738452433e-01,-3.444050060244135958e-02
-8.628701126375133423e-01,-6.772897567410349207e-02
-1.072286856956595535e+00,-6.827930433919816855e-02
-1.368642854373624207e+00,-4.778428495057165243e-02
-1.169687673895024371e+00,-1.503453137540888829e-01
-1.183499789538364100e+00,-2.811304018684964920e-02
-8.099651162716897668e-01,4.001284233537168444e-01
-9.887730224496058540e-01,7.722649923595154009e-01
-6.559936260920821161e-01,9.225350686551905266e-01
-1.477319876704000223e-01,1.057222843733102380e+00
3.806432294110462244e-01,1.008656418198833560e+00
6.141548341355702600e-01,9.656059547747535277e-01
6.581097828902893188e-01,7.963059763964148718e-01
1.774118413878323086e-01,2.858950597395357174e-01
3.620289859478604405e-02,5.865637358894178199e-02
-5.129836498128372696e-02,-2.061741694218747756e-01
9.330369901862572979e-02,4.258109047848750855e-02
1.311494682431296006e-03,-1.397308775059606933e-01
-3.796361790280547988e-01,-8.033614307389710940e-02
-3.796361790280547988e-01,-8.033614307389710940e-02
-5.466372754126342937e-01,-9.668126683375133368e-02
-5.581540259264085035e-01,-3.181933585637214401e-01
-7.574570191640965788e-01,-4.864945425084936659e-01
-8.223883584453420825e-01,-4.961403055232336823e-01
-8.223883584453420825e-01,-4.961403055232336823e-01
-8.223883584453420825e-01,-4.961403055232336823e-01
-8.223883584453420825e-01,-4.961403055232336823e-01
-4.009410109182523496e-01,-4.427558955070932112e-01
-1.267337421236656159e-01,-4.094876207985359007e-01
6.807009665244886931e-02,-4.177798483793546125e-01
3.139048172367223111e-01,-4.610189071332910227e-01
6.125544605558899125e-01,-5.935792769870527064e-01
8.740931885074229024e-01,-7.166546589327061900e-01
8.740931885074229024e-01,-7.166546589327061900e-01
8.740931885074229024e-01,-7.166546589327061900e-01
8.612949370742768451e-01,-4.953495847528529006e-01
4.187970473781687519e-01,-2.826305329813713629e-01
4.571591078874379099e-02,-6.718887191580567853e-02
-1.419684519806251599e-01,-2.740666455243590677e-02
-1.199423512860219865e-01,1.410903499083219874e-02
-1.906664968039565033e-01,1.290670112769201905e-01
-2.864943419409129444e-01,2.285837351695167163e-01
-1.295779237170095466e-01,4.481263615358032637e-01
2.531376652574283959e-02,5.026354127391212678e-01
1.898539919032117551e-01,4.684373284874085996e-01
2.846483281061098491e-01,3.678690858871072056e-01
2.667346812608510365e-01,5.054575266966770952e-01
2.967894004139023933e-01,5.109857904578807286e-01
2.278315670048647879e-01,2.830554052979470381e-01
1.912224409083206567e+00,1.663283950358338259e-01
2.233568663238671093e+00,-7.973327239943812927e-02
2.280494001935346127e+00,-2.146180979910038422e-01
6.561920426155204433e-01,-5.220339731163401442e-01
1.714989343612590977e-01,-4.963423787892186634e-01
-2.760280390335912992e-01,-3.753438449793398690e-01
-9.758531050910433657e-02,-3.583510771454586075e-01
1.008858280275181235e-01,9.240218478842472660e-02
1.701223999138129217e-01,7.931404999273450329e-02
1.619203997067303058e-01,9.887536357033273327e-02
4.485459235804080680e-01,-3.919407330010956092e-01
7.753821023535770740e-01,-4.714562011790076612e-01
8.705381751767953258e-01,-5.440505003911093596e-01
6.141155079347627721e-01,-1.861344848361227156e-01
5.000158948056397934e-01,1.922227435482014579e-01
3.523545551889284977e-01,3.557468778236693718e-01
4.153770068580493469e-01,6.209765251232833849e-01
8.067730220960145360e-01,2.807992028346802282e+00
9.785952221328299006e-01,3.583516171828852404e+00
1.059348593567923436e+00,3.427494111662100273e+00
5.525885487211236180e-01,1.475859256626536942e+00
2.152419283413806450e-01,5.069108338905977673e-01
1.120685735918524467e-01,5.116730121293147082e-01
4.059588537711092404e-02,6.982209872092840497e-01
-1.065560212255395184e-01,5.699019561061784422e-01
1.607392357907637126e-01,5.840843625798127769e-01
7.886500902428221771e-01,4.732110469521940144e-01
1.234274090781658506e+00,4.564492152354002741e-01
1.227669242126333327e+00,3.877008936756811130e-01
8.649166622435133789e-01,4.023654910052815170e-01
6.783348652381004928e-01,5.184328346677071764e-01
4.565671569985182976e-01,4.520029040287249500e-01
7.439417597707330687e-01,4.388564206911755861e-01
1.177759928513649301e+00,4.316944394584582012e-01
1.170793327951763274e+00,2.725717584398960613e-01
6.489159665498237528e-01,-4.867195304174955564e-03
3.838220460268389478e-01,-9.808747178719329218e-02
2.998990079409874498e-01,-1.023448053019144349e-01
1.968566391895918422e-01,8.374310857092316651e-02
3.370778080969036861e-01,3.400032929888704980e-01
5.847887153294274443e-01,5.402154169194129940e-01
2.055902776857786218e+00,8.050614637792320449e-01
3.259120465794929533e+00,7.458249281202907754e-01
6.889979879279706232e+00,7.841228039812497830e-01
1.105187012272280356e+01,4.624713267242110959e-01
1.603761707167637951e+01,7.682832859273941439e-02
1.937828000998912259e+01,-6.673440919094829615e-01
2.128175909572425084e+01,-1.332642588967595687e+00
2.140960932379587689e+01,-1.681606045013433581e+00
1.990409751914146241e+01,-1.586236778060365893e+00
1.678550751825823184e+01,-1.122910055979211563e+00
1.256059060600325061e+01,-5.276743965622262555e-01
7.831624873716205748e+00,-2.277337942560147405e-02
3.880045589775768633e+00,2.281248948651232178e-01
1.012651308862976274e+00,1.844589531269367755e-01
3.117427653299082446e-01,8.205455125088993718e-02
-6.509580030800987682e-02,7.961300783519115187e-03
-6.301302525430749202e-02,-1.207248308835446975e-02
1.852172301795801945e-01,-2.106369265339479158e-01
2.160379733179015604e-01,-3.743866268096779915e-01
8.697963219542067526e-01,-1.457568651994725517e+00
1.663145903074426224e+00,-2.798657953645711682e+00
2.465967092275625383e+00,-4.018870537325525127e+00
2.567959560065942171e+00,-4.207341801722963126e+00
1.851197849218561231e+00,-3.172540310937956409e+00
1.253270284395493928e+00,-2.088663489034678022e+00
8.281551843829193515e-01,-1.145059598556337654e+00
1.084440495298898854e+00,-1.128678690084379488e+00
9.644706573286740969e-01,-8.490909706592647543e-01
9.344125645633685195e-01,-6.028995589947659939e-01
8.410732223533015084e-01,-4.550295370718221433e-01
7.477625238521389273e-01,-2.960996773935155590e-01
5.030752436460577126e-01,-3.648790709574005198e-01
6.413361182371675462e-02,-2.121810860277408284e-01
-3.197109333913785711e-01,-9.302692361102395113e-02
-6.560182796204608868e-01,-2.779244975153610797e-02
-7.772301395884627651e-01,-6.676943454268655098e-02
-7.651288069040085293e-01,-2.240769779198151235e-01
-6.527748675559326141e-01,-1.235895670633224697e-01
-5.568487259902986652e-01,-9.242538118130400049e-02
-5.686288869227013043e-01,1.032735654552134202e-01
-4.620170115252054677e-01,1.105086189221555215e-01
-5.195836636372841433e-01,6.686844726508142656e-02
-4.978878581756025490e-01,-8.432993897576562814e-02
-3.896443698108404408e-01,-2.432485495047770063e-01
-3.149007903973315425e-01,-2.346566719199676410e-01
-3.547346538770700941e-01,-2.065983851472612542e-01
-4.251196150752705738e-01,-2.154693803537557351e-01
-6.467384058074995279e-01,-2.928186098953456939e-01
-4.987357804957834317e-01,-3.360786819511170642e-01
-2.537817027332192610e-01,-1.448148841660853170e-01
1.482075194567848697e-01,-1.337196089402742094e-01
2.394901009214576715e-01,-9.269051989374117728e-02
2.040496338504300955e-01,-2.679753233868707452e-01
-2.351677413661372451e-02,-3.535853741841636366e-01
-1.971080571929678948e-01,-4.033530483681725398e-01
-2.383864118309610702e-01,-4.469692395501715931e-01
-5.649433264704887409e-02,-4.358318118873825142e-01
1.614332817786759133e-01,-7.412714932960233760e-01
3.802233844500293447e-01,-1.011516079172672722e+00
6.865771493156479499e-01,-1.170927059093431977e+00
8.673349924528718224e-01,-1.004786639072131171e+00
8.056404520816159431e-01,-7.159071753923719195e-01
4.515670233698262370e-01,-5.337560485644210484e-01
1.663735527566937711e-01,-4.167775543285027195e-01
1.033460741151626255e-01,-5.754508351635608809e-01
9.604817097763633515e-02,-5.688416249093855015e-01
4.865734660106059428e-02,-5.831831554984063803e-01
4.054737626035746084e-02,-5.018723915554363924e-01
1.770460137493760633e-01,-4.485944227874889001e-01
1.915444673647813678e-01,-3.649382634655374824e-01
4.731693958753422496e-02,-4.492269413900230601e-01
-1.412811528343901057e-01,-4.645346990560199618e-01
-2.133261457754673240e-01,-3.485539313672348372e-01
-8.415516764695825380e-02,-2.069959708630471351e-01
-5.507300168347920716e-02,-1.687695661482657428e-01
-1.515002181406018278e-01,-1.095846309245985667e-01
-9.356282214085551163e-02,-2.101677856284692725e-01
-6.207316409579268640e-02,-3.021052171153352228e-01
-8.349937689387755546e-02,-4.916912472799388478e-01
-1.834817357862050524e-01,-4.594141419468973364e-01
-1.083048269343694081e-01,-2.691193259746832989e-01
2.367719359569445403e-01,-2.483653960219345258e-01
3.752680933395186602e-01,-2.640826638221909217e-01
4.091008715042172006e-01,-3.301699953912340946e-01
2.761552587929854141e-01,-3.096876957803563202e-01
1.667308613792292393e-01,-3.754450099417273035e-01
-5.372235639435617854e-02,-4.590425660504205418e-01
-1.834817357862050524e-01,-4.594141419468973364e-01
-4.884132537484063286e-01,-4.641825430357513493e-01
-5.067586806589194914e-01,-4.054664050772764927e-01
-5.834762753054272277e-01,-4.096577162630117841e-01
-3.496045099801802780e-01,-3.945571678592385556e-01
-1.706994552231350659e-01,-3.197413376593997159e-01
-6.175681479026753212e-02,-3.101322295309820176e-01
-4.578122504271957965e-02,-1.339894381207201168e-01
1.630413096239053186e-02,-1.860586907127046163e-01
9.560058048028625965e-02,-2.164979894962625329e-01
2.889351512827235680e-01,-1.756450391444591697e-01
1.059524517918643660e+00,6.954000653267773668e-02
1.946906388813753885e+00,3.912326165105828313e-01
2.595185652868162940e+00,5.498834412841335784e-01
2.566397917076956858e+00,4.407084579028854310e-01
1.814640988923546638e+00,1.226780634888587768e-01
1.194659201028368534e+00,-2.357695009475284653e-01
6.250814496884578020e-01,-4.515984675743463517e-01
8.758779266056939683e-01,-4.999328052911211628e-01
8.758779266056939683e-01,-4.999328052911211628e-01
8.176805256509966924e-01,-3.942709960707335703e-01
7.559122453643519757e-01,-1.045297665647592841e-02
6.674537175173231862e-01,4.643486775946764067e-01
7.470929987171951447e-01,7.064022959263482893e-01
5.450360416805462016e-01,8.164679018729608106e-01
2.351888261944400371e-01,6.291942100962438778e-01
-1.389520277479098787e-01,4.649840618568271688e-01
-4.780156694725170574e-01,3.553602964523401297e-01
-5.401801930807430541e-01,3.954590940452731296e-01
-5.407501136636122530e-01,2.085325868620134526e-01
-4.070363189137243265e-01,-3.574107310151368455e-02
-2.396975011092356278e-01,-2.275707322627672224e-01
-3.455489609928406591e-01,-3.116292329867891842e-01
-3.093902669786052773e-01,-3.117155718012935006e-01
-3.126458902797970563e-01,-2.511433648833872323e-01
-2.709873713533918482e-01,-2.671338036174296660e-01
-3.112950717137049628e-01,-2.187851024061817085e-01
-5.097588734588776038e-01,-2.396914201200459615e-01
-5.545474363216275071e-01,-2.231555899690685074e-01
-1.016174660536415031e+00,-1.786851326752192104e-01
-1.120715181800245874e+00,-1.294713257061758660e-01
-1.039380714492294633e+00,-6.506843584286463311e-02
-5.336603760870536339e-01,4.093196803289236851e-02
-1.010638082579574104e-01,3.483152543977891535e-01
1.429908704136506614e-01,7.873303726322744556e-01
2.188461422320026606e-01,7.397434150154232890e-01
4.014150475753863745e-01,9.469457840401579451e-01
5.588753011854379338e-01,8.611073728500275859e-01
5.562112085899425518e-01,6.549340230534098639e-01
3.306892628920883315e-01,3.513128727610630997e-01
1.280827064014320726e-01,1.268412558034506532e-01
1.370695545187818887e-01,2.729490150384755037e-02
1.156488718345810227e-02,-7.903452947798920991e-02
7.617605541736544028e-02,-1.258256993976252514e-01
1.156488718345810227e-02,-7.903452947798920991e-02
8.087975335529955234e-02,-9.413808468259499129e-02
3.582775620371423525e-02,-4.073669322098082135e-02
1.235910471090146123e-01,-3.459219138483630995e-02
1.141342100105412483e-01,-5.275962413566823161e-02
9.615564913221129328e-02,-9.150729673562640887e-02
-9.477276857448464764e-02,-1.745557628912284831e-01
-1.875711325728586509e-01,-2.777913314561931690e-01
-1.885815092794015935e-01,-2.699696010734771168e-01
6.362381983559600371e-03,-2.823492887201958790e-01
2.470803673053685867e-01,-1.684415901561570339e-01
2.301362405406793821e-01,-1.810815363100249653e-01
2.367678167060729144e-01,-1.385776741060535944e-01
-8.209761861245676307e-02,-2.521118363889460201e-01
-3.173784233863499171e-01,-3.767185688830976265e-01
-5.173486493846578549e-01,-2.876562830105379720e-01
-4.285465319463410139e-01,-2.300246963628703178e-01
-2.323571743533867362e-01,-1.139773877915322281e-01
-5.984881980174668048e-02,-1.932914698284510235e-01
-9.015353704617830310e-02,-1.800944654298805292e-01
1.022821033472491419e-02,-2.537743112884008334e-01
-1.076448666520253214e-02,-2.902862676398449415e-01
2.284015337683387159e-01,-3.466275860885290050e-01
3.660676114190232755e-01,-3.013584002360364389e-01
4.176309368373757880e-01,-3.233667237729235255e-01
4.333429329658997076e-01,-3.577252722007986940e-01
-1.460043584751374857e-01,-4.392597602651592270e-01
-1.191235066899133527e-01,-4.565041261873423184e-01
-2.284823140445586820e-01,-2.914786927903779135e-01
1.724927179909134245e-01,-1.738944691482462168e-01
1.432901460750669043e-01,-6.343048962042942274e-02
1.199950824768226953e-01,-2.135729098636720835e-01
2.367854238864796346e-01,-1.001313600597106557e-01
1.420945333402824085e-01,-7.221963249319358902e-02
3.301882317168525899e-02,9.097645625446905415e-02
-3.367773226492312144e-01,-6.463882481753045750e-02
-2.818506861961030951e-01,-2.103656736571699049e-01
-1.788166197267861135e-01,-3.281338102649224986e-01
2.176848766439184180e-01,-3.181879033512907684e-01
2.865886158434339803e-01,-1.966859813769700205e-01
3.701623706503674449e-01,1.635204578110696916e-01
-1.653977151545535026e-02,6.046369924427074105e-01
-2.165324683086975455e-01,6.471207565542558271e-01
-2.354137841702204359e-01,2.174668368244730698e-01
-3.142412709215213623e-02,-3.019009173363643161e-01
-2.194311938320623115e-02,-5.378044451795990222e-01
-2.030980866808659857e-01,-4.866375556921634926e-01
-3.213783755633412009e-01,-2.748698952883213420e-01
-3.597451411215204509e-01,-1.552265745690934173e-01
-2.697219458596868402e-01,-1.458934105360212563e-01
-3.965152131905768096e-01,-2.329715975341260514e-01
-2.929817538839134539e-01,-2.445824891437317350e-01
-2.875334757834862448e-02,-1.718108435297798220e-01
2.625921233905045282e-01,-1.749978521092627470e-01
3.095625493260503736e-01,-2.688906028792802938e-01
9.381211304002964879e-02,-4.489078199760327959e-01
6.652160427463180148e-02,-6.110132764967614039e-01
-1.243142406514958775e-01,-4.865105909568708809e-01
-2.944033314391836798e-01,-4.319989124125132030e-01
-4.700391646184166050e-01,-1.960284970483483213e-01
-4.634676644117558530e-01,-1.302923252479830929e-01
-4.358717438204475214e-01,-1.027617270376237346e-01
-3.871997792513241499e-01,-2.199288460498009523e-01
-2.980418875578475513e-01,-4.185344427450191640e-01
-1.144567763033199487e-01,-4.851760166611218672e-01
1.187163359529728596e-01,-5.099385946954971827e-01
3.184067232991038554e-01,-4.407781990784308546e-01
4.582742390072403471e-01,-2.662669090477957079e-01
5.327533158978816630e-01,7.555248237418064894e-02
5.424109935547678507e-01,5.564959137469741718e-02
3.412228379916054100e-01,-7.123611247363764720e-01
2.396838263390916879e-01,-1.642691002179790472e+00
2.245225832338667571e-01,-1.830751141430557727e+00
3.582508938325223991e-01,-1.955863537122171980e+00
4.133608365110245098e-01,-1.900016366215195429e+00
4.566366611727882274e-01,-1.814810621502975119e+00
3.920770985805076547e-01,-1.197725177141749864e+00
3.790106145342113098e-01,-5.190655432947605119e-01
1.604021231693559535e-01,-3.037768699060009459e-01
1.265069543983304290e-01,1.239327776640570533e-01
5.476151036755958629e-02,1.443008157261527480e-01
5.400338072322747457e-02,1.729016600750340471e-01
-5.885669196991172129e-03,-8.644564972768932487e-02
-1.847509652919673839e-01,-2.680216059206018686e-01
-2.781211086099453778e-01,-4.595105249634395816e-01
-2.573965852935135024e-01,-4.182142978547976897e-01
-1.424431692511034242e-01,-3.440790008098938424e-01
-4.412052700998059240e-01,-2.802048319432390820e-03
-9.636824354684431215e-01,2.901883254619045949e-01
-1.501550846443171050e+00,7.736363934999463954e-01
-1.663036941002269398e+00,8.483729829921446974e-01
-1.393954224842817391e+00,5.846494039599249293e-01
-1.099796819650896262e+00,7.220069943579049410e-02
-8.332961680071088173e-01,-3.444678303456406021e-01
-9.963861681652581570e-01,-5.078246454551649247e-01
-1.167877013070968806e+00,-4.772641580797564176e-01
-1.312525620086288924e+00,-3.091656532698232596e-01
-1.316522152242022292e+00,5.036866255508787305e-02
-1.030476688479313729e+00,2.204409912748052369e-01
-6.039813649792078465e-01,2.361260443341314519e-01
-1.520801334812271755e-01,2.978398951420882512e-01
1.196252965763163478e-01,3.292828825051180575e-01
1.424175371187422767e-01,3.839750443060090390e-01
-5.421739208522625454e-03,2.117195254906873991e-01
-4.945300830423214333e-01,-3.828418899132565376e-03
-1.148211183968103288e+00,-1.218474512335055160e-01
-1.551741272725704057e+00,-3.053359082414174308e-01
-1.442802734156530819e+00,-3.393297279768209274e-01
-1.259744132784518245e+00,-2.642146618318709228e-01
-1.157029779710887274e+00,6.061343101636845754e-01
-1.233041354664435207e+00,7.543943635410579329e-01
-9.427617089816204832e-01,7.726268360549586323e-01
-7.776785321816674923e-01,4.606440484405360802e-02
-3.685162060485868141e-01,-2.633466199344255410e-01
-2.273657627116939806e-01,-3.748505346036682395e-01
2.536745029071907007e-02,-4.887611960483459472e-01
-3.383378218632762668e-02,-4.171568075481559834e-01
-3.077587976391956692e-01,1.459346396065197005e-01
-4.730693075920906487e-01,2.314843892484676202e-01
-6.566886835424949886e-01,3.359574492535452594e-01
-4.670616734831229411e-01,-1.055473144629476556e-01
-5.514307615599924883e-01,2.527239066430651132e-02
-7.112994523200427688e-01,2.574361620448327860e-04
-5.713930187942630745e-01,3.391650292892015583e-01
-2.702340304292624173e-01,4.493401036687737493e-01
3.093587426530688966e-01,4.986791238057216580e-01
2.424923531344552463e-01,2.418308808829466861e-01
3.343589987003835889e-02,1.270515270680712405e-01
-2.089209701762664018e-01,2.489874031594795090e-02
-3.689318514032233209e-01,-8.996352016690796483e-02
8.204841410917698349e-03,-4.486016455662416441e-02
1.590296434104733481e-01,1.592102499773320190e-01
4.205669825121037264e-01,2.978694180044882955e-01
4.205669825121037264e-01,2.978694180044882955e-01
5.585771228699362156e-01,6.014941490156908155e-02
4.425460593188837444e-01,2.671886214898046286e-02
2.816609787897067507e-01,2.231868541327479763e-02
4.308032174541646941e-02,1.645995704843260521e-01
-5.658143167002707696e-02,2.354153481206313903e-01
-2.157452932446349281e-01,1.281006806213383920e-01
-1.769178237713272817e-01,3.584297312651879498e-04
-2.452261917357212440e-01,-1.185422420709273256e-01
-2.567278298928143965e-01,-4.043856330453084874e-02
-3.853630438669990999e-01,2.837096162950914977e-02
-2.678987665480327407e-01,1.897362561315843466e-01
2.470651477032438648e-01,4.157874446148370207e-01
3.824652412032719107e-01,3.227418172029593024e-01
2.238231594880707720e-01,2.323381914057571218e-01
-1.462540990068736113e-01,-5.938685358610449466e-02
-7.284450761160642107e-02,-1.617430181898784347e-01
2.062460099006031278e-01,-2.775595224921587612e-01
3.625233817317845553e-01,-3.853799124638377926e-01
1.843855702473873870e-01,-3.350502340850100569e-01
-1.054232414748745295e-01,-2.692449648078338309e-01
-5.489883246032389863e-01,-1.414510863313895028e-01
-5.911052920754203965e-01,-2.269965745164637810e-02
-5.170860748265089235e-01,3.996069947021152480e-02
-2.485279990315057141e-01,-9.409299567997650091e-03
-1.916664310883808287e-01,-6.235082458530752728e-03
-7.930852442350398712e-02,-2.910748704036393852e-01
-9.445825261032135545e-02,-3.464942088493849770e-01
1.250148681490379221e-01,2.350310379382538391e-03
5.579440459915805395e-01,2.225895653836097665e+00
1.083162472967935663e+00,4.211631584437988352e+00
1.969365773653439344e+00,8.583656739172472072e+00
2.707926498136048465e+00,1.353930337698177411e+01
3.137575709775398902e+00,1.850271016583819872e+01
2.826686989852524423e+00,2.091810848198999295e+01
2.065378961054288531e+00,2.103913813556343371e+01
1.135786441408820346e+00,1.871597005323972240e+01
3.331917042894821934e-01,1.460620109732508354e+01
-8.855835373878316596e-02,9.140986522784405821e+00
-4.493977169663159743e-01,4.683181391203504518e+00
-6.955898199099790347e-01,1.494029203956957597e+00
-9.336218970334314582e-01,6.936196643367419368e-01
-1.240082232562622400e+00,3.125048450087470897e-01
-1.074007537613189678e+00,7.719695524469553927e-02
-1.043546869609106365e+00,-1.444827848846485518e-01
-4.613990403305447963e-01,-4.080859157527514380e-01
-3.382244432543062840e-01,-6.931253026994388389e-01
-6.614430501789508865e-02,-5.881590566613512649e-01
3.114923072471087462e-01,-4.436899321518877337e-01
5.871871839563785889e-01,-2.903190434923667018e-01
6.990739159005631143e-01,-3.072514704433240706e-01
6.431376238473357487e-01,-3.002286035706598355e-01
4.927150164091445017e-01,-2.311206440662415262e-01
3.124308392361719311e-01,-3.062494532857683582e-01
5.538250158084584429e-02,-4.546568389131299126e-01
-2.015154986172388099e-02,-4.563246923599068028e-01
-2.404657727981559384e-02,-4.653839021924294772e-01
2.002078016082297074e-01,-5.792315564364927116e-01
4.682180763013839009e-01,-8.344816203754192863e-01
5.620308225914543154e-01,-1.054877465895451616e+00
3.993718999055536623e-01,-1.005680334007728494e+00
2.610024298441069868e-01,-9.450531031349196365e-01
6.359976376561331246e-02,-6.687350824065856347e-01
-6.372620980578232175e-02,-4.119545285521117872e-01
-3.401449084341668372e-01,-1.027544690561816576e-01
-5.547373120627968612e-01,1.148311814578721612e-01
-6.912142388247569658e-01,8.042524431275695218e-02
-5.612669104545553456e-01,4.839846705200130141e-03
-4.860626030652625551e-01,-1.430280876538116974e-01
-3.460351406535370766e-01,-2.886641696606886409e-01
-5.041646358842730713e-01,-3.669507859381227477e-01
-1.075202894592471425e+00,-5.096313230828978247e-01
-8.822808037590690322e-01,-5.057147259199105127e-01
-6.758008899296652494e-01,-3.907515613053473835e-01
1.202669044990352099e-01,-2.354029813541686222e-01
9.196117599677275378e-02,-1.543471842327110155e-01
1.298831385930245830e-01,-3.367949082042327458e-01
-2.657138001134316113e-02,-3.106730844237391986e-01
-7.157817016210635264e-02,-3.135420461398392700e-01
-1.232967861392813697e-01,-1.938543405252734497e-01
-1.568079883261853658e-01,-3.041515342534257815e-01
-2.651753340332949072e-01,-3.353650449892632834e-01
-3.934819940684332051e-01,-3.783233105898143878e-01
-3.502586591619112344e-01,-3.188776441932514305e-01
-4.297047098135635679e-01,-3.271889886662565083e-01
-3.354932033483637999e-01,-2.426149430309327559e-01
-3.741592212198290301e-01,-2.368738914353842040e-01
-3.744060639804328017e-01,-8.251538890700661766e-02
-5.063509044059849584e-01,-2.398823437648940071e-01
-6.124505993993043518e-01,-3.312631762851442341e-01
-9.633863448211665848e-01,-9.465449586517427072e-01
-1.166630976304067202e+00,-1.643345154185097856e+00
-1.196671539164529285e+00,-2.332220207220272457e+00
-8.453385908581430019e-01,-2.485411608435236896e+00
-4.357818131664603634e-01,-1.846520821726140182e+00
-1.396572001165758692e-01,-1.077220927813515194e+00
-9.918616931628787547e-02,-2.737953023214925174e-01
-3.152554232079921581e-01,-5.581074808264300385e-02
-4.680339946436522514e-01,1.751683172259198840e-01
-6.392918371937196254e-01,1.815195749835592232e-01
-4.299930881670990246e-01,1.114529664682212540e-01
-6.482492646752168186e-01,-2.652007345877066546e-01
-8.617229476723468062e-01,-6.122247571016313783e-01
-1.332163562071925211e+00,-1.069806471816770799e+00
-1.353740518193580877e+00,-1.019350684948931995e+00
-1.297386808659169999e+00,-9.030366705622974166e-01
-9.159037508010909878e-01,-4.101036415424035297e-01
-9.178472418733579774e-01,-4.389878042394798063e-01
-6.162920421130050341e-01,-3.678854608856107489e-01
-7.025521928294152785e-01,-4.227456784094881792e-01
-5.046659064215957002e-01,-5.155533556855890209e-01
-2.246349065875083428e-01,-7.744932531308934553e-01
1.956366211410869027e-01,3.874655865682155031e-01
1.070370123356353398e-01,3.858992168140328305e-01
-1.463776822830214208e-01,9.386850642494347641e-01
2.777802416808610939e-02,-9.203535204282070614e-02
8.592730963487342499e-02,6.000229953632995640e-03
3.393666559599026744e-01,-3.304879491179997519e-02
4.350299021312133974e-01,-1.716241303623694814e-01
4.388886191933508707e-01,-1.851116554315881124e-01
1.723798846736287194e-01,-3.343968856865821015e-01
-2.149591667634194736e-01,-3.590036125855577964e-01
-7.435889085362509254e-01,-3.543034056387133757e-01
-1.030451568911322724e+00,-3.532382463997989497e-01
-1.335592630718051899e+00,-1.693185130263872573e-01
-1.175992817884522923e+00,-8.495180197022776311e-03
-1.579737092302615720e+00,-1.481332574743304950e-03
-1.774377367332424793e+00,-2.079387638928495985e-01
-2.379169789016155612e+00,-5.956344986755880422e-01
-1.877153729847469199e+00,-5.877172165307961160e-01
-2.690942643914957522e+00,-7.870373815511898519e-01
-2.663423576548290317e+00,-7.193137316245979962e-01
-2.424814076693341036e+00,-6.991908371303106051e-01
-1.970378218464931219e+00,-6.323494585020620340e-01
-1.381028767795848378e+00,-5.471403992510356362e-01
-1.541671178205404225e+00,-7.485731035855927029e-01
-1.599253922024417740e+00,-9.798536388060197222e-01
-1.892674960603343282e+00,-1.040690596892367870e+00
-1.730043592735399427e+00,-8.468718614638170994e-01
-1.345199940614452583e+00,-4.205314015219098756e-01
-7.717288383998688328e-01,-2.039897521919333268e-01
-4.103412154753925400e-01,8.552194672053282931e-02
-3.071514035937147336e-01,-6.338272934001126790e-02
-4.266426176422554728e-01,-1.576687744318636120e-01
-4.748506352538540698e-01,-2.981415189378950892e-01
-5.330134667567746343e-01,-3.037642372505994226e-01
-2.958802700237363470e-01,-3.451720901695838339e-01
-2.814578583344034546e-01,-1.891417813286443705e-01
-1.713994591806903833e-01,-1.694240466856832272e-01
-4.209675823359414482e-01,-1.529497946709124090e-01
-1.424375651305765100e-01,-3.095424882962786728e-01
-4.413529407178806707e-02,-3.851725114673638095e-01
8.938033141310319785e-02,-3.836633950504442780e-01
1.578100034830578757e-01,-3.872689670508832616e-01
2.035581100929871046e-01,-3.347932754983021231e-01
2.867982484966132839e-01,-3.322833309902697430e-01
5.148218877763909712e-02,-1.952794434235930465e-01
-1.117091947244565481e-01,-1.464181417057009715e-01
-4.255537447270666407e-01,-2.253397168118109750e-01
-2.057621233188482446e-01,-3.100159791572991708e-01
-1.816963866046361342e-01,-2.544825232609655430e-01
-1.466582620447982876e-01,-8.673086289633046009e-02
-2.062142098934303114e-01,-2.113816564348096338e-02
-3.302135445107870493e-01,5.841720293845833328e-02
-1.522624548613712714e-01,8.304595817410980602e-03
5.459998979875861636e-02,-8.717706841786983241e-02
2.077574694115427167e-01,-1.730349489889241310e-01
2.228918730442716878e-01,-1.489567286751360964e-01
2.932273280970394969e-01,-6.347300444323317192e-02
5.021170816075098964e-01,2.981853630913141109e-02
5.030308958702172095e-01,2.248559717561008503e-02
4.283079755858692494e-01,-1.001682196807570230e-01
3.444744413747213296e-01,-2.306913668364089232e-01
3.959045657477858748e-01,-2.651246389390024549e-01
3.362345129022603074e-01,-1.942117740034892681e-01
1.292964610733550734e-01,-1.187759469532788381e-01
3.632187947577951437e-02,-1.638437929042910191e-01
-7.900127787831454085e-02,-3.583555480490270562e-02
-8.990625976305513523e-02,2.205779323769724992e-02
-2.310366775614473844e-01,9.345240464283673110e-02
-4.457344380969826547e-01,5.474654229319928303e-03
-4.992705963666400071e-01,-1.251445024944746187e-01
-4.992705963666400071e-01,-1.251445024944746187e-01
-2.460322438294481884e-01,-2.308291086599578712e-01
-1.517813161458775317e-01,-2.096862284069127280e-01
-6.459560304931812047e-02,-3.388725191104647871e-01
5.352582758837005211e-02,-1.555053973668175937e-01
3.183325008315230492e-02,-7.815169141841052380e-02
3.035047940498724062e-01,4.914587013986174147e-01
6.824848045249272133e-01,9.111923454246908527e-01
1.165915410748096459e+00,1.287497753946696744e+00
1.177274056852037454e+00,1.137746040082039833e+00
9.443962498153670726e-01,6.060496295378218212e-01
9.736108843317040629e-01,-2.702386420765259811e-01
1.261994747064248967e+00,-1.050905119643736230e+00
1.557237340902617007e+00,-1.480079329097109930e+00
1.426571550970337832e+00,-1.547819534280501230e+00
1.016014163827697825e+00,-1.234687951356034707e+00
5.507577090494881755e-01,-7.758832668216691930e-01
5.742747048614058741e-02,-1.913548469000217467e-01
-6.129347776410308535e-02,7.031017604768516338e-02
-2.112881291391071614e-01,1.495068679746714146e-01
-2.928476483317752344e-01,-4.852547180527136406e-02
-3.698438990684001504e-01,-2.681541490574810838e-01
-4.067679033212266426e-01,-2.657832870998112496e-01
-3.169188584138668552e-01,-2.221865048166376810e-01
-2.525031662229725304e-01,-1.023245476768966933e-01
1.794746785506681416e-02,-1.479484391898762408e-01
1.968899031801070454e-01,-1.560943636122934242e-01
6.942065185990955456e-01,-1.116760342787511545e-01
8.923897632530930490e-01,1.112847554455753257e-01
9.051687338681354555e-01,1.810132547649194457e-01
7.387485498319733557e-01,1.675844059612018322e-01
4.209453208283395198e-01,2.015559323485728582e-01
3.039701607016611629e-01,1.005460179495205192e-01
1.007706561909817999e-01,4.934247539979659536e-02
9.535845847505289297e-02,-2.294707706876626951e-01
-3.308612082172616292e-02,-2.570949695035853466e-01
5.352582758837005211e-02,-1.555053973668175937e-01
-2.199500399926334615e-01,4.434223806339990248e-02
-2.234584002696726746e-01,-4.333221268861375125e-02
-3.587395987727694524e-01,-2.983871823751877983e-01
-3.411662458006123333e-01,-4.386262009418702701e-01
-3.745871957182276279e-01,-5.386976523649692483e-01
-4.675164553667883194e-01,-5.623749716356021278e-01
-3.763821696488723889e-01,-5.263254017424738862e-01
-3.180479438636820144e-01,-3.939982322651872093e-01
-1.616100418487722845e-01,-2.282878182865801797e-01
-3.577131541707066764e-02,-9.341436194231617085e-02
2.193496035909758557e-01,-2.630837510558894921e-01
5.095059035642643952e-01,-3.145238617795392821e-01
7.400308752868973716e-01,-1.812436686168510391e-01
7.483504050554359299e-01,6.035585591384319271e-01
5.082404261664807965e-01,1.468897097490949211e+00
1.487434290607124801e-02,2.402204548440350251e+00
-6.563819962092348748e-01,2.353544960648659590e+00
-9.154183442017826966e-01,1.951973928077687992e+00
-7.560800095680507704e-01,8.984394808038831393e-01
-3.675720242733032106e-01,4.150574901883120615e-01
-7.290001912935081645e-03,2.502189042184510548e-01
2.267198362429735659e-01,2.533932280844164997e-01
3.834672704931552101e-01,3.128982909336020524e-01
2.991824586900175276e-01,-3.457947732171313265e-02
2.181945546967075933e-01,-7.674066116761341094e-02
2.423721646295881604e-02,-1.128620419466641878e-01
2.640619294473323803e-02,-8.814648737424161939e-02
-4.397953594674966840e-03,2.644792550601602343e-01
1.128769421754603902e-01,4.000557735402566206e-01
2.007326933674798697e-01,5.139244907388321737e-01
-2.175674604820630742e-02,1.081918953122016802e+00
-2.772115473897662774e-01,2.097538909218814140e+00
-5.247919213856538923e-01,3.010336803356719049e+00
-5.270855873188589058e-01,2.903037038848742313e+00
-3.536048778681384896e-01,1.915946328208809391e+00
