-1.035809182788090116e-01,-7.380050212394687059e-02
3.392079802803539268e-01,-3.525882981298837926e-01
4.461269757333967134e-01,-1.601912148906126099e-02
3.687602582277231811e-01,-7.025209746327711058e-02
3.977157117139471648e-02,-3.519993968994198363e-01
-4.027287339073924999e-01,-1.468971621151363982e-01
-6.292444080243690951e-01,2.747761716499658169e-01
-3.083909030624206182e-01,2.294987835112769770e-01
-8.481710598761035835e-02,1.808969938443700798e-01
2.367876337097717387e-01,5.354250137771076057e-01
7.228152900630377964e-01,1.318984273630632087e+00
9.014408656756033311e-01,1.575863574773643583e+00
5.454402772743263128e-01,9.232602540838912297e-01
-2.727317286113817851e-01,-2.171022009208853909e-01
-5.471849351207075385e-01,1.921364661495559290e-01
-2.755316368340443023e-01,4.852429516765579542e-01
2.733337658998375996e-01,6.079320644925724215e-01
5.013605574584444335e-01,7.544605517705506026e-01
7.831606144845214557e-01,8.033012870592498578e-01
6.738118963059159805e-01,9.010002604020963535e-01
2.777564138545923766e-01,6.233135848088103836e-01
-2.608133072562620614e-01,2.665684372255290868e-01
-6.292444080243652094e-01,2.747761716499690920e-01
-6.422656689213310788e-01,9.549052983868232536e-01
-5.926824003053740020e-01,1.495791592654901914e+00
-9.620684522886814583e-02,1.185377607382360754e+00
-3.340461999759871542e-02,5.140364786265861907e-01
-5.403098680591778002e-01,3.474054098914741706e-01
-6.152814839088076582e-01,3.216387835415412400e-01
-5.113891324650438053e-01,2.192887337409591686e-01
-2.271795962275610092e-01,1.165020865484683033e-01
1.630835662710584666e-01,-1.105335964166343776e-01
5.666614256830035945e-01,-4.288343137276362516e-01
9.996349497919390092e-01,1.342146478026959022e-01
1.230039203783741542e+00,4.377995840738624356e-01
1.125260819534517731e+00,1.147239381582335904e-01
8.781722476530471333e-01,-1.780084243452950687e-01
3.480394302133679174e-01,-1.117590744737562147e-01
-7.244694073996098271e-02,1.660285067500510137e-01
-3.115776255928513483e-01,-6.140242021720816040e-02
-4.980931439484202472e-01,2.605373529340761565e-02
-2.429995243641918656e-01,3.340084298495981652e-01
2.144011358370513376e-01,-2.031802568806572451e-01
4.350901055798310213e-01,-8.235450268164832277e-01
3.394367592866482375e-01,-7.316333902524518873e-01
1.996210412294014136e-01,2.561888699085373977e-01
-1.518381372046182232e-01,4.379081428970671985e-01
-6.292444080243652094e-01,2.747761716499690920e-01
-6.110726640993490166e-01,5.056529479300480023e-01
-9.908515329273510641e-01,2.077670931513591612e-01
-1.210962988125487305e+00,-2.440696188832153501e-01
-8.923995243398279431e-01,-2.561642286692468740e-01
-2.758032406774251211e-01,-4.597035737736499539e-01
1.123458517718450844e-01,-1.009647121395016001e+00
1.590627854256703444e-01,-1.252016960510514032e+00
2.941049916120245036e-02,-1.191164617182686403e+00
-1.432642392783792414e-02,-7.192459199487896138e-01
-9.638610835704339297e-02,-3.757631698037260937e-01
-3.542541226744112537e-01,-1.892562930173012081e-01
-2.758032406774251211e-01,-4.597035737736499539e-01
2.367715817734033501e-01,-5.833458315390182003e-01
5.908005379020982994e-01,-2.880755283631566965e-01
5.751689175442753488e-01,1.179694105182471919e-01
1.610916827780364824e-01,4.602967442850095514e-01
-3.071864100852142454e-01,2.901302633534572073e-01
-4.046395289122019512e-01,-1.139236399828017464e-02
-2.086549595099165266e-01,6.535295402500866657e-02
2.044663805730937423e-01,6.443866988596394507e-02
3.789486234301875367e-01,1.781128542921447677e-01
4.657440617067944988e-01,4.440581407054994267e-01
8.509096407864025213e-02,6.140550450848493158e-01
-1.975386465784584600e-01,4.686729529509324754e-01
-7.388249648378712731e-02,2.675364548837109724e-01
8.218718843540224750e-01,2.864626774757653149e-01
9.059470600419877728e-01,2.004723526974371006e-01
4.165449381934088757e-01,8.692181914195724890e-02
-1.066041147877873907e-01,1.772334900765123455e-01
1.443325688120584427e-01,-3.535888379220625960e-02
1.322335687862598919e+00,-3.448427874848266628e-01
2.165716456862072814e+00,-1.981839741367134311e-01
2.042136168597124879e+00,9.908023393512049859e-02
1.056550906949149438e+00,4.187475232899686151e-01
4.075814580093033990e-01,4.727642907245044879e-01
4.326990909531873708e-01,3.482966974443211239e-01
3.373080091065965846e-01,3.082194141722444103e-01
1.081271691278975870e-02,2.730428717329176913e-01
-1.920508556910744957e-01,2.972078021264346059e-01
-4.224696683203476577e-01,4.965095846680017133e-01
-2.855709134311477104e-01,4.555280655995435635e-01
-3.073318615349410199e-01,2.246352249183711791e-01
-6.117765231516963942e-01,1.935108170815569018e-01
-1.104437254968377635e+00,9.874059944337266748e-01
-1.077490798413384132e+00,6.826867245141754470e-01
-5.386861898310782992e-01,-1.926410188628793207e-01
7.196023335303884660e-02,-4.723753324051375158e-01
2.633091924020234398e-01,-7.267060311269830652e-01
1.152586220676144885e-01,-1.308428895736045705e+00
1.132721337285701735e-01,-8.010907259272804781e-01
2.403787725959636024e-01,-1.769038375354159143e-01
3.571275623389192910e-01,-6.365371450724127689e-01
4.805115905273711907e-01,-5.075759796099339471e-01
5.273161969631325885e-01,-3.984919280389659924e-01
5.049196430835215521e-01,-3.871454584682035294e-01
3.134091179767684032e-01,-3.460076760911798277e-01
2.020733434791531224e-01,-3.266662392836369722e-01
5.102553075082665313e-01,-2.269038070230527671e-01
5.349072047113034856e-01,6.577163818144471374e-02
-9.635189360424272625e-03,-6.040602063851837483e-02
-1.035149571243009881e+00,5.619465055527144148e-01
-2.317793684109203944e+00,1.961140115808430728e+00
-2.635578273825697426e+00,2.139125919739222059e+00
-1.655520960352356186e+00,1.048617824472763083e+00
-5.151758965107959831e-01,2.583949109609295913e-01
-6.559605015386256177e-01,2.772647078225800588e-01
-4.168222312402662943e-01,1.395543680631574079e-01
-6.559605015386256177e-01,2.772647078225800588e-01
-5.151758965107959831e-01,2.583949109609295913e-01
-2.044720100223491877e-01,3.622962066440494344e-01
2.177579206924630806e-01,2.543766780499125413e-01
9.226802672297665930e-01,8.684314229668553820e-01
1.648533656033800865e+00,1.403992397652114255e+00
1.479971826890118969e+00,1.050285902192778398e+00
7.680597876233391519e-01,1.556590010167309690e-01
1.291886722579986546e-01,-5.458272244344479773e-01
-1.357306730008781270e-01,-4.600256178566074494e-01
9.748422452434371555e-02,-5.771904490258630283e-01
5.495489654370807608e-01,-6.424379481929080038e-01
1.970837845885408668e-01,-2.217835075881764706e-01
-3.325981704809489181e-01,1.947513819343813304e-02
-4.115906577614412698e-01,2.305277779948019801e-01
3.490542733435934575e-01,3.738778193816754691e-01
6.176377369817193097e-01,4.864161913804018189e-01
8.285867423637605089e-01,2.748599177596511844e-01
6.183830609787488441e-01,-1.329190045524796804e-01
2.147955577648029968e-01,-9.652111389836766364e-02
-3.916274617952664183e-01,3.883576290657048818e-02
-2.904090081235548640e-02,-2.249603807038868253e-01
9.501713250679223455e-01,-4.846114804806198051e-01
1.205834029736126745e+00,-4.121901907027739620e-01
7.319671440019570596e-01,8.327046954163681847e-02
-1.365529673107307440e-01,2.728731210745853342e-01
-6.292444080243652094e-01,2.747761716499690920e-01
5.983130639290233921e-01,3.173308376223313854e+00
2.107047126040170859e+00,7.573496039779480604e+00
2.696518797353738783e+00,1.095528548149378700e+01
1.803283549274151465e+00,1.183452873326879740e+01
1.176065618807257268e-01,1.059518506538735494e+01
-1.204190306074930605e+00,7.774504239198233080e+00
-1.471036199275054468e+00,4.195696233751295523e+00
-8.148779965198278408e-01,1.528667147844514851e+00
-2.990115602112012327e-01,1.633790273730790221e-01
-5.793747955434147556e-01,1.234519260299830196e-01
-6.425552538227516930e-01,-1.898296714370596369e-02
-5.029427402096996458e-01,-2.091924100937087305e-01
-3.295906822118300772e-01,4.900429196789306552e-01
-4.763779986064923255e-01,7.240854911123304483e-01
-6.292444080243652094e-01,2.747761716499690920e-01
-1.014925129244823809e+00,-1.150559799922854731e+00
-1.988988057617246952e+00,-3.126189576287908167e+00
-3.014448278548577331e+00,-3.906774593099497928e+00
-3.361886796154252455e+00,-3.205070723327948290e+00
-2.465402586352168246e+00,-1.879931065150986402e+00
-7.602907185608622775e-01,-8.571530550139019322e-01
3.801092276132795322e-01,-4.392473006172777916e-01
2.631245604088724432e-01,-4.816903183555499846e-01
-7.673213594906000412e-02,-4.079123483823542951e-01
-7.900542492449568188e-01,3.916611882241425868e-01
-1.632075471099247999e+00,1.672717901053873524e+00
-1.945531157392767163e+00,2.332977208183867113e+00
-1.495975908152478162e+00,2.167766547648168451e+00
-1.296949844487844228e+00,1.899957019224990384e+00
-4.663423764561079876e-01,9.823199718866515440e-01
4.122986535517380591e-01,4.176677336648272898e-01
2.936552205297121576e-01,4.337289869241245377e-01
8.923556984185459715e-03,3.690192365938571584e-01
-3.172667202317993596e-01,3.528018067875683395e-01
-4.825905657534654281e-01,1.579315603925965927e-01
-2.711606506563598029e-01,1.310722386453247457e-01
-1.458722794785196619e-01,1.037172325440458703e-01
-3.005035975584433028e-01,-3.103278470066117567e-01
-2.257370508502416686e-03,-1.162693195286431003e+00
5.439756637055005450e-01,-2.254321608206483418e+00
1.006652636696343306e+00,-2.859590729638031625e+00
1.175248561022692151e+00,-2.175793509539884596e+00
8.488733557704786215e-01,-7.191350206769462350e-01
7.593909333328634492e-01,4.856596257380157988e-01
1.221495112949722905e+00,8.317364716827647664e-01
1.074088727318872838e+00,7.472508838952363064e-01
1.132022169384863775e+00,5.479722996316567230e-01
5.709376952679706685e-01,-2.769997242139839444e-01
3.001459438712739680e-01,-6.004760168056352265e-01
-2.349330226469880933e-01,-1.816530256116181963e-01
-6.292444080243652094e-01,2.747761716499690920e-01
-4.471702175589150063e-01,1.017260437051892563e-01
-3.253713053568315638e-01,-2.597340620503900688e-01
-1.662246135075632569e+00,-2.387331209932982978e-01
-3.445159752022020960e+00,-1.131573013506069064e-01
-3.682447257353458792e+00,-5.488573152031093194e-01
-2.250396839445241604e+00,-1.474197597593148723e+00
-7.599581844651548401e-01,-1.405725874332189651e+00
-1.285481457062366828e-01,-1.264845543982434650e+00
1.578351436273047470e-01,-2.418639517881054690e+00
1.881642657290459597e-01,-3.227191806385251827e+00
-1.097413084295900398e-01,-2.758346685502748308e+00
-4.185120208190516999e-01,-1.170484193052753641e+00
-5.646509791677205570e-01,4.942829039601304847e-02
-4.193133720925582009e-01,-1.721206107422977860e-01
-5.111531580863848401e-01,-9.268419472347150245e-01
-8.065737693892546245e-01,-1.371724279373917499e+00
-6.636631257697422903e-01,-9.589642641987786709e-01
-4.675565379842839264e-01,-1.510039317962918737e-01
-5.646509791677205570e-01,4.942829039601304847e-02
-4.420540536404788390e-01,-5.192209790286768378e-02
-4.846857288904374839e-01,-5.728791487774022029e-01
-7.637148435607684638e-01,-1.193934339829054725e+00
-1.017887230819011002e+00,-1.786288116860619057e+00
-5.853811500363748088e-01,-1.846359328541957057e+00
-1.428891943760070282e-01,-1.609588845133045343e+00
-6.921265514805950980e-01,-1.864044861846620771e+00
-1.269727465593684768e+00,-3.364472095090561332e+00
-1.449982342703344251e+00,-5.174722408132249818e+00
-1.417231003204532103e+00,-5.678321222855150729e+00
-1.095711546242169820e+00,-5.587118657750968609e+00
-7.228712642306669434e-01,-5.147484807410425134e+00
-4.827345020444985813e-01,-3.482719461961818919e+00
-4.712123422982482657e-01,-1.471934967578112596e+00
-5.569003110868091522e-01,-2.199873736628072951e-01
-5.168636829502674113e-01,-1.408400932404954287e-01
-3.676722200399406559e-01,-1.439816058438423141e-01
1.883129617726589378e-01,-1.122967750558467454e-01
7.532685036946383805e-01,-6.667856821492426644e-02
1.531133034959438310e+00,-2.729770997125616216e-01
1.144127353008346670e+00,-1.323071076358798559e-01
1.663376036469148833e-01,4.048218619393438855e-01
2.414235006047248666e-01,3.935612064038138125e-01
-2.141302718556847007e-01,6.793024246005020805e-02
-1.628674092613212887e-01,-1.307091302786781706e-01
1.916226188421494836e-01,-6.638778640337243964e-01
2.325748498571534872e-01,-2.726448603285305805e-01
3.069650862993149598e-01,5.083830227534736901e-01
8.923556984185459715e-03,3.690192365938571584e-01
-3.172667202317993596e-01,3.528018067875683395e-01
-2.556472282317792111e-01,3.002605829910895974e-01
-5.811954156065453070e-01,2.599226614458797768e-01
-6.894655399783891081e-01,1.618357734475215359e-01
1.452120837873561721e-01,-1.979544124345778977e-01
3.537610481437757914e-01,-3.397762979509801884e-01
-2.847959742764127888e-01,-6.473704472195238036e-02
-1.042283951244925344e+00,2.574411353871031705e-01
-9.417785010668263679e-01,2.306173377615327869e-01
-3.106624453616671500e-01,-1.434111106756478897e-02
-6.775837485450956175e-03,-1.602088070370244755e-01
-3.387132926761618479e-02,-2.867829008198479745e-01
1.787348968318926146e-02,-1.564935660835172770e-01
1.197569130845005519e-01,1.863723288715551582e-02
2.453542705282399095e-01,2.486314646533802908e-01
4.207662075472493601e-01,6.641574103707025278e-01
4.921006268152418595e-01,5.050996395720426246e-01
4.280951996686386263e-01,8.290569283896147279e-02
2.993629264393627976e-01,6.824915327531097531e-02
1.921879402314930485e-01,-2.557363596149343429e-02
6.221893547264896462e-02,-5.826593301151516968e-01
1.383507714409029088e-01,-1.385192314817346837e+00
7.204642916988044377e-01,-1.350168182389367200e+00
1.558734218335984689e+00,-1.407771478539028953e+00
1.826797611436705715e+00,-1.520497704777711068e+00
1.340985332790205931e+00,-1.451015379975174824e+00
5.712506294938917151e-01,-1.335173894607696976e+00
5.363237730302406608e-02,-8.496793224589153093e-01
1.772759167293274651e-01,-6.437163170190388639e-01
8.860553135820689596e-02,-3.706885058494397561e-02
-1.527490749892365995e+00,4.992368119634543744e-01
-4.156726381503600187e+00,6.275234421544916286e-01
-6.566268560957543521e+00,4.992982457434925192e-01
-8.094039106721030663e+00,2.019466115708313247e-01
-8.683700525515353874e+00,1.633723183948671345e-02
-8.221611892795710475e+00,5.282269203330098445e-02
-6.445155548656765987e+00,1.619874052554027000e-01
-3.514417179133554114e+00,1.217664677035608239e-01
-1.010653062651449607e+00,-4.083131289559329136e-01
-8.067384805176579243e-02,1.894561452967584159e-01
1.035981675168704402e-01,1.856244832767297570e+00
6.139686760056491943e-01,2.862772722754467036e+00
9.360438644139370545e-01,2.483060682206089886e+00
5.920710654705991782e-01,1.173509194419430912e+00
-7.502530699643009671e-01,-5.905949145473328166e-01
-9.558154218687494597e-01,-9.760492716051115680e-01
-1.194335001791915624e-01,-1.877910512908766150e-01
3.674667688601234716e-01,-6.718953435955853093e-02
4.573090839515411843e-01,-2.431995270254829478e-01
4.276577428507613229e-03,2.810061377757077164e-02
-2.263258977307774644e-01,-6.456038791027934876e-01
2.235300390202059895e-01,-1.359083147305519157e+00
3.382055801320528188e-01,-7.937568880074159505e-01
1.925361870804311315e-01,-2.445890404849878075e-01
6.209373553004372825e-02,-1.200393898672444531e-01
5.032973185660043203e-02,2.461447952451200349e-01
-1.751288477472311422e-01,6.033948459044373713e-01
-1.380877551742260900e+00,1.763779467684309044e+00
-1.634030447821966714e+00,1.833708636961681515e+00
-8.643230903551586408e-01,5.707324129134071500e-01
-3.949135780138094409e-01,-1.806137695355108097e-01
-3.219463402894667259e-01,1.042206469153620849e-02
-2.122522160636018118e-01,2.088980627327929052e-01
1.037865887616681582e-01,-1.770962986178825083e-01
1.186382064723751212e-01,-5.626131808024644743e-01
6.299565283824638817e-02,-5.287090223018992008e-01
-5.567435735684462400e-02,-3.130621044389350072e-01
-1.171181464554503643e-01,-4.638002321514506088e-01
-3.472091392849879776e-02,-4.020837673203379037e-01
5.237088236118862816e-02,3.980284067816207243e-03
-2.969342385407627294e-01,6.258423254117644052e-02
-4.602239389804058667e-01,1.530739478947204350e-02
-3.994767604890080981e-01,3.976460365341145664e-01
-2.239066998691872645e-01,5.174604635415166465e-01
-2.969342385407627294e-01,6.258423254117644052e-02
-4.602239389804058667e-01,1.530739478947204350e-02
6.991465385368997310e-02,-3.897237213499785830e-02
4.679697587441244977e-01,-2.128558944684331988e-01
2.531180482645926100e-01,-1.539244924310786689e-01
-7.023751507787712872e-04,7.811033645923698421e-02
-2.493038744830743392e-01,-1.116574861155217313e-02
-4.652200242701559074e-01,-1.402408904768135123e-01
-1.306345972103486464e-01,1.185304652682092758e-01
3.871581166096008109e-01,1.973130296984033083e-01
4.960195544401912460e-01,-1.056086474505133627e-01
3.149205607945573804e-01,-5.423286124765621524e-02
9.527613207322721545e-02,1.691594998935776473e-01
3.721656012685673476e-01,3.485396006426206839e-01
4.086416948529600912e-01,4.202084673304561369e-01
7.360083156793655323e-01,2.963139006109961615e-01
6.656530178299827627e-01,1.773652222722720828e-01
-1.088557130910635523e-01,4.732650230565389748e-02
-3.438752727713533797e-01,2.711850536291494640e-01
1.123767261432209730e-02,5.061714600061522074e-01
1.833826991062675049e-01,4.385562579945150308e-01
5.143443373167093657e-01,3.653361861372538821e-01
4.899096983735110045e-01,3.746130466029835571e-01
1.111818598946918701e-01,7.837191360217399261e-02
-8.205149345726403531e-02,-3.207365878266533743e-01
9.902517680151843305e-01,-4.496856990587934089e-01
1.172965542920274551e+00,1.411322046222526945e-02
6.304719082162563160e-01,2.574495359641264525e-01
1.037744203827502654e+00,-4.963890457160603509e-01
7.593827361488496575e-01,-8.357625668083128456e-01
-2.464642293765420822e-01,-2.650006466031220587e-01
-5.284152079006033675e-01,1.981081755900442401e-02
-7.633157129708181277e-01,3.177820814046534159e-01
-1.323527880080364927e+00,4.541521189665940206e-01
-1.654505608251071402e+00,2.512431432573554169e-01
-3.383207517510283813e-01,5.511956972531807664e-02
2.161974911947527556e+00,5.289160005293372380e-02
3.313719751751555087e+00,-3.311476281141346734e-01
2.584655837478204266e+00,-5.481515177275557704e-01
2.730100955323994771e+00,-1.954295853736932043e-01
4.192544472660734378e+00,8.812289069844737588e-01
4.971812374071982177e+00,2.067731014401877676e+00
4.528191193029535988e+00,2.185002490297943911e+00
2.955762818642479584e+00,1.245835150651532164e+00
1.237190328001221973e+00,1.344945043449986832e-01
5.240614229541745717e-01,-2.132571208682835229e-01
7.347163051490313013e-01,2.504363457832616269e-01
4.665787767878861181e-01,1.435506155338450940e+00
-4.664529408668741106e-02,2.193640457170768165e+00
-3.538276194600039060e-01,1.516728700791022399e+00
-6.529563751518922821e-02,5.786375309235810560e-01
1.817640748362417125e-01,3.657396930344880559e-01
3.783060938561237929e-01,4.133070910771408646e-01
5.690333194414929352e-01,4.192838524955134760e-01
4.568404369936426290e-01,5.126251469592744137e-01
-1.273536174342694061e+00,8.500477522771355821e-01
-3.514249641923009371e+00,1.374080389171934424e+00
-4.548069204866977522e+00,2.048606460990418210e+00
-3.966596761877930977e+00,3.369563053387232276e+00
-2.696109177905648302e+00,5.463534714097159295e+00
-1.722787241041148221e+00,7.519360276005571997e+00
-1.388374672623089889e+00,8.200604479714188599e+00
-1.410522272447779280e+00,6.639865718902180802e+00
-1.370991185706550208e+00,3.518336638022832918e+00
-1.400168238115173214e+00,1.173676248312887305e+00
-1.029892767552674337e+00,5.988073214035419811e-01
-7.187422553691891203e-01,2.832100197607151371e-01
-9.586659523753109369e-01,2.319171819426979197e-01
-7.177128064995851320e-01,3.008410368723841155e-01
-2.784944686286534021e-01,-2.316130558865653888e-01
-7.443430751312095639e-01,-9.892497286715310478e-01
-1.715282573662340271e+00,-5.518594252185339277e-01
-2.207936862407609002e+00,6.797620950073307577e-01
-1.666909772237788578e+00,1.223078940065696285e+00
-7.566061005146548224e-01,7.599675026873883299e-01
-2.289626687523733661e-01,4.978298114376999428e-01
8.299304828077587459e-02,-5.523853203127814665e-02
6.824814404821376301e-02,-1.825289932509420732e-01
-3.747411105892193284e-01,-4.353647871115086387e-02
-5.200647746940406657e-01,-8.132291003569263850e-04
-2.707131560331377806e-01,1.577396966378613596e-01
3.386418285713346105e-02,2.933252162322550483e-01
-6.144980411825437527e-02,-1.652859032017780783e-01
-1.814104487501299878e-01,-3.489280962825107024e-01
-8.646144018923712649e-02,-2.793082945500436898e-01
-2.130255444316674074e-01,-2.051614164579886601e-01
-6.512782312816133290e-01,-8.623350720252176416e-02
-6.512782312816133290e-01,-8.623350720252176416e-02
-3.773654185136734451e-01,-1.769044776701274857e-01
-1.644655314636724874e-01,-6.406565455074938464e-01
-3.212722883311227434e-02,-9.266853565686701266e-01
8.659879842702614822e-03,-5.355889427346011145e-01
2.919389459661153249e-02,-9.390949218336808180e-02
3.416423016479241959e-02,3.512282990041829533e-01
4.081869871318399845e-01,4.572853328430681596e-01
7.854159976185898229e-01,9.078737947786384987e-01
6.213361966444139739e-01,1.059495612128548370e+00
2.404463268425964806e-01,3.144775580461648401e-01
-6.229163154428073862e-02,-3.808216702346722271e-01
-2.090733518408673663e-01,-7.983059539903644142e-01
7.914137972850063263e-02,-1.032443364482102943e+00
6.380359793461635176e-01,-8.511876185716569232e-01
7.545273210721552548e-01,-5.703562171044479490e-01
2.328154899654196475e-01,-3.364973386907945119e-01
-1.018309068264950101e-01,-7.049103871273583455e-02
5.608133266485559182e-02,3.018201566072510333e-01
5.608133266485559182e-02,3.018201566072510333e-01
-3.795827703919477658e-01,1.300151641205137543e-01
-5.810459675070545060e-01,8.458340899405562829e-02
-3.464216172364198987e-01,1.007887580254430149e-01
-5.433949115213729947e-02,1.546721341009213435e-01
8.751058456360293059e-02,3.169403743253657035e-01
1.748211864735718379e-01,4.909112034523649970e-01
2.461575006481667993e-01,5.767473103006308666e-01
2.864647193533678138e-01,4.645693052815128010e-01
1.164396501216675012e-01,2.589867898075637886e-01
-5.284436162518652003e-01,-1.514443235337896487e+00
-1.419734958822262083e+00,-3.460042260466692721e+00
-2.226918267107527161e+00,-3.488479337479902131e+00
-2.070585758052928771e+00,-1.899935520782313203e+00
-8.266563096687287171e-01,-2.183371486454780130e-01
-2.825922049080404480e-02,1.345775575244971822e-01
-1.078171901503429675e+00,-1.235446047862472918e+00
-2.328381191710313214e+00,-2.476747992636881612e+00
-2.468632247979448024e+00,-2.329606148855910774e+00
-1.548405777040198217e+00,-9.852596275629218470e-01
-6.292444080243652094e-01,2.747761716499690920e-01
2.147519132084077798e-01,8.377328885217225629e-01
5.391963253997261729e-01,8.799350833784680415e-01
1.422343557422571687e-02,1.033644638349318912e-01
-2.001937871054610199e-02,6.716659951080009017e-02
3.306458305043774495e-03,1.969937599736108769e-01
2.265796077744541837e-01,-8.342992946748210015e-01
2.854750724605075729e-01,-1.327824802767496148e+00
2.303605739268945463e-01,-7.844799499188515046e-01
4.451335534148625345e-02,-2.599003246552656909e-01
-1.084112528169278999e-01,-1.447195333972920439e-01
-6.515531236654302505e-02,6.945319422798482134e-02
3.416423016479241959e-02,3.512282990041829533e-01
-6.338688847006222413e-03,2.569297137497918992e-01
3.306458305043774495e-03,1.969937599736108769e-01
7.079483737837957702e-02,3.044226170333353410e-01
1.089111480666356546e-01,4.317012172932604419e-01
1.146751191721545327e-01,4.704874277304820218e-01
-1.594492864186724534e-01,-6.304583427652262761e-01
3.955248521364341796e-01,-8.539734486852393891e-01
1.364972641148098687e+00,-1.641628274167482582e-01
1.940840627246985806e+00,1.186570076636336957e+00
1.804958745859390756e+00,2.420857096656643836e+00
1.132815881967134786e+00,2.565078287369952026e+00
4.537696542576365455e-01,1.474651205559101674e+00
4.635880776369080691e-01,4.857354775591688489e-01
4.783082705992362516e-01,4.171916702058300341e-01
6.865091859183268530e-02,3.340929164547856711e-01
-4.760811171965213806e-02,2.504612282063020112e-01
2.179232332408025108e-01,5.189093023877650035e-01
4.722359711546759709e-01,6.316463053960968965e-01
7.158886717821117962e-01,3.036430862837758426e-01
1.019297091487284312e+00,-1.265487923760430511e-01
1.060523102284215868e+00,-4.514759421325064137e-01
8.881728161418168677e-01,-6.192393620621334804e-01
7.200452576187781339e-01,-4.444252122622733836e-01
2.990620447444125030e-01,-4.333461916802441166e-02
-9.888485198478015603e-02,2.581573475557932817e-01
-5.723723639172570987e-01,4.147473819573826992e-01
-5.907478852485211762e-01,3.286618915222157544e-01
-3.123774610532539242e-01,-3.755431499114235683e-01
-1.807360009264564679e-02,-5.189592634380485459e-01
2.557886001051678515e-01,7.072097487608661193e-02
-3.239171472115172368e-02,-3.039972784108753781e-02
-7.726673499365243475e-03,-1.698830393559466467e-01
1.423004226944826200e+00,-5.445134426371608383e-01
3.947724680111952100e+00,-5.195495375337744193e-01
7.268664477982283323e+00,-2.011165267820171354e-01
9.991346941833088025e+00,1.962020351835417620e-01
1.211958287215529140e+01,6.225368522498823110e-01
1.310044638031952857e+01,7.226931535299477849e-01
1.310044638031952857e+01,7.226931535299477849e-01
1.106300798841179578e+01,1.397417492134054751e+00
7.094809431762262086e+00,1.960725903855409014e+00
3.397467173108721372e+00,1.568381748340108128e+00
1.467982081017226603e+00,1.315500734048180353e+00
9.152458895454038679e-01,1.091571889103690296e+00
1.909547477906190227e-01,1.468134921238034019e-01
-1.216728057656083634e-01,-2.292875452457938945e-01
5.190187549668778128e-02,-3.588513767587962477e-01
1.660023480536165497e-01,-5.295638918431371245e-01
-3.798506484982422937e-01,-2.810943847532002549e-01
-6.292444080243652094e-01,2.747761716499690920e-01
-6.671515260556308557e-02,6.280908967040780277e-01
2.979061426239038579e-01,6.892792245268900553e-01
2.844369079365502082e-02,5.022827039177651942e-01
-3.326941441126760046e-01,3.355511851298412784e-01
-2.333362067833005538e-01,1.156169159152917042e-01
2.659631617355029398e-01,2.620910926619176521e-03
6.270686080934574358e-01,-3.248282705708024909e-02
4.872499202553058351e-01,-5.942459339368754562e-02
1.866100744369328934e-01,2.287724802943774324e-02
8.706789609810686725e-01,5.157053482742167683e-01
1.281431485461024478e+00,1.304865111474460271e+00
1.050512371560733405e+00,2.627967621487246053e+00
5.706947839846888693e-01,2.151422809269705194e+00
2.011734061943390717e-01,5.853834382023804794e-01
-1.377551950063888586e-01,-1.995293182548591449e-01
-2.813415786602523339e-01,-2.926037096225164724e-01
-1.508280298697162458e-01,-1.718746026499710922e-01
1.257017019822295745e-01,1.002745162129547590e-01
2.355893557970200891e-01,1.571268976038210988e-02
1.217342666325664374e-01,-1.782230646399829144e-01
9.902634810196866977e-02,-1.175780684611786864e-01
1.580095864708160394e-02,-4.207742987743971486e-01
-1.149817697589216314e-01,-5.483220026792270385e-01
6.512914026677513180e-02,5.193857450054908259e-02
1.227156749601001628e-01,5.289336026309979788e-01
1.363393578303014400e-02,4.566402261804041740e-01
4.968416892292226161e-01,4.661626819727965332e-01
3.802676882589055007e-01,1.110957969254994099e-01
-7.453487680254491585e-03,-6.252133693008119497e-01
-1.807360009264564679e-02,-5.189592634380485459e-01
-1.751288477472311422e-01,6.033948459044373713e-01
-1.751288477472311422e-01,6.033948459044373713e-01
-3.031197529739653174e-01,6.243089098816289456e-02
-3.038502585068847961e-01,-1.773019375997482716e-01
-2.459373875156165012e-01,-1.323565887826214371e-01
-8.867437425488053915e-01,1.603204895170486921e-01
-1.171359062055121969e+00,2.707283730184317228e-01
-1.236992107155107545e+00,6.552477234959573904e-01
-1.269692690329138562e+00,1.809577552923668786e-01
-8.599242880249776677e-01,-1.109645119026996030e+00
-4.146257095685351723e-01,-1.244351321025049861e+00
-3.388252704421903516e-01,-1.164222255828149422e+00
-5.744281439178669513e-02,-6.886985294705976202e-01
-4.487001315477274210e-01,-4.849611954071210707e-01
-9.203652411950352663e-01,-4.941749450207181815e-01
-1.013579549958772530e+00,-7.725185168005251901e-01
-9.560961856815074489e-01,-5.431798729539217829e-01
-7.425857247986724641e-01,-9.632116957988030859e-02
-5.729345042290813206e-01,-1.961600214456238334e-02
-5.515730417933830676e-01,-9.990819959085696367e-02
-3.635106126069267418e-01,3.848644186031716097e-02
3.127146254072111775e-01,3.893648408755387980e-01
5.872867698589994134e-01,3.705905216123722146e-01
1.714165356054164410e-02,5.583566784338581807e-02
-5.397730617910759809e-01,-1.212254938790258002e-01
-2.465625440745122798e-01,-2.660034784519948459e-01
3.065157403311529749e-01,-3.864616623863762479e-01
3.391958271095508182e-01,-2.654307544317638934e-01
6.441630884860652384e-02,-2.955727005369387927e-01
3.914426534705688077e-02,-4.084090436221542997e-01
-5.683595513471129818e-02,-8.606915585647807454e-01
-6.390193006148929544e-02,-1.352556993130374918e+00
3.979966013511301165e-02,-1.139666291833145717e+00
2.390854203125293564e-01,-4.472063232328243876e-01
1.662303575662940347e-01,-6.509793546256679997e-02
-4.661709131708507425e-01,8.313823061432855377e-02
-7.665887208967976374e-01,-4.938838876717377979e-01
-4.021869800082100155e-01,-1.264466581688874713e+00
-1.448646728624295998e-01,-1.293075398060960612e+00
2.035330625277728678e-02,-1.223718765302927114e+00
-9.151710614410149894e-03,-1.022879204272248321e+00
-2.156531442860395997e-01,-6.024070558980587631e-01
-5.757122004186837616e-01,-2.157246945964881590e-01
-7.177489820329160386e-01,-2.573287052464194591e-02
-9.180191888805718792e-01,5.870932576139115122e-02
-1.161441632013272107e+00,-2.160235298448833496e-01
-1.122212353958181863e+00,-5.722133264956834608e-01
-4.561476796988574445e-01,-5.022477437060894889e-01
-2.621393572420772644e-01,-7.585192788005526432e-02
-1.064879554114888327e+00,-6.912374980282971759e-02
-1.436767614457755249e+00,-3.923503118888886365e-01
-1.109770588445106121e+00,-3.804982463611653598e-01
-1.984191708790959685e-01,5.251634971456821399e-02
1.040016784975964226e-01,2.959691476895607298e-01
2.670624134035248232e-01,2.909488093618568111e-02
7.014388073431582216e-01,-1.688950403839512560e-01
7.201969032933283055e-01,8.379232818040474595e-02
4.157512262253674207e-01,2.135530637791303865e-01
-1.594492864186724534e-01,-6.304583427652262761e-01
-6.218467705435621884e-01,-1.506029380989731159e+00
-1.057561120903091290e+00,-1.972675711575914370e+00
-1.201875894853177806e+00,-2.060140720768758094e+00
-1.071874243756877343e+00,-1.595947591018439971e+00
-6.950529102278296678e-01,-7.224265964135379026e-01
-2.493038744830743392e-01,-1.116574861155217313e-02
9.258532609707521843e-02,-6.731427479453974128e-01
-4.147177766115755504e-01,-7.822942851236582840e-01
-1.137637131173052651e+00,1.734088488671752248e-01
-1.642719128926349192e+00,1.231590540559380553e+00
-1.481709702815605212e+00,1.719030940300912302e+00
-7.585852907771893916e-01,1.428818843009707074e+00
-1.912587216541704327e-01,7.763839935400416170e-01
7.629816747002862720e-02,-5.815706883334059718e-01
2.211562076080137995e-01,-5.911919102782537960e-01
6.970147417714581684e-01,7.995772490905416960e-03
1.107518660648751707e+00,1.734479729067115172e-01
1.682991606439144805e+00,4.280700332207356129e-01
1.729568976308745176e+00,5.193916978017834030e-01
9.102434809237722746e-01,4.073746477250459463e-01
-2.443993317938783771e-01,4.597667032767270290e-01
-4.023994504119379756e-01,5.897323159862639663e-01
-3.140628013125227325e-01,4.815001732215284380e-01
-3.749890693379671069e-01,1.350943113150600283e-01
-5.729345042290813206e-01,-1.961600214456238334e-02
-4.352523034081207665e-01,1.883598900061541348e-01
-1.491753637588406067e-01,9.373517244925318181e-02
1.006876510510157884e-02,-4.045771164185459901e-01
2.083261415332958721e-01,-6.576207777487064199e-01
3.410389882604944467e-01,-5.613088299451213237e-01
3.084627400426012689e-01,-1.154183253040287488e-01
3.069650862993149598e-01,5.083830227534736901e-01
1.115251833166652773e+00,4.825040233245064258e-01
1.258272217409746929e+00,1.026913760850925589e-01
4.397920542691159396e-01,5.980882992770315820e-02
1.176003896070185323e-01,2.880120181611601216e-01
8.751058456360293059e-02,3.169403743253657035e-01
7.129016358548742605e-02,1.140998650702488432e-01
2.617249329758333798e-02,-3.065477601447457248e-02
-1.712544518991255538e-01,-1.437194295054110005e-01
-1.406528340761499796e-01,-1.847359128564597941e-01
-1.543203568275860194e-01,-3.221351265642336675e-02
-9.174357841642807876e-02,2.451294800199679547e-01
2.074013385075443652e-02,4.597143972575620796e-01
-1.968468091059213387e-01,6.425969276840485245e-01
-4.665231526101039083e-01,1.952625340199877213e+00
-6.907495933111491571e-01,3.438455110385049363e+00
-7.475470849851183486e-01,3.482841899012638187e+00
-5.320191909377529615e-01,2.003809973948870393e+00
-4.398785459826897171e-01,3.157191193568078535e-01
-5.200647746940406657e-01,-8.132291003569263850e-04
-2.707131560331377806e-01,1.577396966378613596e-01
3.386418285713346105e-02,2.933252162322550483e-01
3.416423016479241959e-02,3.512282990041829533e-01
1.941088799605934778e-01,1.568015263697897510e-01
9.378723743609759245e-01,2.025299968115769067e-01
1.689353419352988439e+00,9.770692363155870641e-01
1.671559954892699817e+00,1.515593023594316247e+00
1.044868707481982240e+00,1.303083848538688860e+00
4.736255287254563240e-01,7.854293087388869443e-01
8.869974208398717641e-01,6.859573247035644084e-01
2.134688214582236565e+00,1.031595310663140586e+00
3.068170212419332632e+00,8.332048442674194755e-01
2.500755909464556392e+00,6.202229419879528444e-02
1.036179477042245889e+00,-6.576979972692141851e-01
5.628505031364468281e-02,-7.713783649387054853e-01
1.557653615998271790e-01,-4.986763974803289368e-01
2.545452643351460154e-01,-4.444941295216228161e-01
2.178034295171245027e-01,-3.273340808680923475e-01
9.265959832091071047e-02,-2.665466951768946657e-01
1.117166385528505002e+00,-4.726302348196679826e-01
1.829180124506269323e+00,-6.691360665727879020e-01
1.203804008636936818e+00,-6.058707199796199427e-01
5.863906088892444357e-01,-4.688366384508842466e-01
1.244806761821143221e-01,-3.453107981940642390e-01
-1.434803722218146449e-01,-3.818540113170453831e-01
3.199534636791449560e-01,-5.194678418627095562e-01
9.220724456741102859e-01,-5.840465419363511934e-01
1.058119325783801967e+00,-6.989834806607462259e-01
1.256420636131433843e+00,-1.031170300980934318e+00
1.119131184427655690e+00,-9.182285341515464827e-01
6.466080174050510276e-01,-7.216276221511428446e-01
5.086257725043765721e-01,-1.105519853690891896e+00
9.536724754641028312e-01,-1.307522871774081885e+00
1.758368864084428385e+00,-1.240409419106189626e+00
1.839934381137799502e+00,-1.009948451517420187e+00
1.031789520354998047e+00,-6.086723743281842181e-01
2.326204270572188593e-01,-4.646929845648579138e-01
1.376239222107535076e-01,-5.165497225150670335e-01
-3.452225421863645838e-02,-4.918618320917095832e-01
-2.121334785917042554e-01,-4.350165173641937222e-01
-1.198830498069770739e-01,-4.529773936100282561e-01
1.034185614879271214e-01,-6.016100855320558605e-01
5.387149002635540640e-01,-1.528071680440353519e-01
1.331203236588655692e+00,5.283234178056689379e-01
1.579976812968890476e+00,5.602605861415800304e-01
8.998698204292435721e-01,4.107150449438419781e-01
-1.316084346244452974e-01,1.353654212584651795e-01
-2.191518677802601622e-01,-1.744422599418343767e-01
1.111959039431347496e-01,-5.362881244679990056e-01
7.236912528026971936e-01,-7.229100773084685683e-01
7.063953914700935588e-01,-7.599847377563268003e-01
-2.983107862103303795e-02,-3.255857516537664087e-01
-4.130926812348408861e-01,1.019674362414074026e-01
-3.408809945158347565e-01,6.587999668180105628e-02
-1.316084346244452974e-01,1.353654212584651795e-01
-1.438101964586698811e-01,-3.948122278387203310e-01
-3.989179493680446442e-01,-1.197559610027317811e+00
-1.002385945468207418e-01,-1.597488281845717895e+00
7.691599983494918913e-01,-1.702007479194787676e+00
1.131025873825100447e+00,-1.689262822698742506e+00
6.629014189715192185e-01,-1.023612760958126922e+00
-3.667019212550351459e-01,-4.744492434912335743e-01
-8.790612718097008393e-01,-5.704463262287724490e-01
-5.140062563643564841e-01,-8.739514881637927557e-01
3.882387460165097164e-03,-6.570673895596533809e-01
1.348528747474088407e-01,-4.588652666610107400e-01
-7.028123130954191944e-02,-9.811925932248941051e-02
-3.702482785623514294e-01,-2.837059126549993163e-02
-3.830442162519246407e-01,-3.536746120787567227e-01
-2.758229318239257544e-01,4.594915926228947817e-02
-4.760811171965213806e-02,2.504612282063020112e-01
1.012997128114666856e-01,-1.609109930749648143e-01
1.973288498901777654e-01,-5.433755732548335438e-01
3.899536913532243299e-01,-1.109063935023582248e+00
4.284942054534243150e-01,-1.432264442759186851e+00
2.177847366203274071e-01,-1.137543923681216818e+00
4.984291816133076258e-01,-7.748896239918340312e-01
4.976185377154985212e-01,-1.244670037168169374e+00
-1.761632817276013452e-01,-1.849181062837990108e+00
-5.237867082459701784e-01,-1.905664562334409062e+00
-9.704528513619149477e-01,-3.749144684513349368e+00
-1.254161560757879768e+00,-5.104619020039973698e+00
-9.687211801016681889e-01,-4.157520018051017452e+00
-4.432711910936589783e-01,-2.866111585004651907e+00
-4.473707753128340625e-02,-1.795768050303476526e+00
2.035330625277728678e-02,-1.223718765302927114e+00
4.023100308004353698e-01,-5.519047682438344565e-02
5.013427378635013643e-01,5.431703193366547167e-01
7.169782879556506616e-01,-3.933711419752642935e-01
1.465929003583599011e+00,-6.844020212297494687e-01
1.505374789747018882e+00,-3.700641231644176132e-01
8.072167755012950030e-01,2.285313599143321515e-03
-4.115906577614412698e-01,2.305277779948019801e-01
-6.292444080243652094e-01,2.747761716499690920e-01
-2.410292972042352155e-01,4.706407103392432068e-01
4.654354618662999606e-03,5.804477232324517511e-01
4.654354618662999606e-03,5.804477232324517511e-01
1.363393578303014400e-02,4.566402261804041740e-01
1.699018151431095636e-01,2.489894255862767358e-01
3.609482927732685607e-03,2.829633703797497235e-01
-3.968929461264159714e-02,3.438071055698458389e-01
5.005781945186689175e-01,-1.141262646494140831e-01
5.863906088892444357e-01,-4.688366384508842466e-01
2.094038609640724857e-02,-1.512279411908468707e-01
-3.641329125248922161e-01,3.654988288829226772e-01
-3.389627958831759602e-01,6.329726734594970372e-01
-3.949528522388215390e-01,5.557070664482797184e-01
-7.158015400175237186e-01,1.073742278513863280e+00
-1.084562338025739647e+00,1.667487242138377290e+00
-1.347463085086040069e+00,1.332824347850830149e+00
-1.347463085086040069e+00,1.332824347850830149e+00
-6.760225849873651160e-01,1.043656156505679444e+00
1.082354429140390595e+00,-7.895339871244529129e-02
2.127620629000877894e+00,-5.961737065351120357e-01
2.127620629000877894e+00,-5.961737065351120357e-01
2.326187744471270413e+00,-5.425429749047234740e-01
2.326187744471270413e+00,-5.425429749047234740e-01
1.858561930141508167e+00,-5.888337755103382198e-01
7.688906806504185454e-01,-5.830889561349724692e-01
-4.230553286721834283e-01,-3.174782281840272113e-01
-5.617213590750879115e-01,-1.735852225908658120e-01
-2.466291673252821448e-01,-1.577458324301813375e-01
-1.665566304420170174e-01,1.912013571581173965e-01
-3.652216170303128617e-01,5.417771366593794324e-01
1.271513896428596302e-01,5.192301073763733177e-01
9.664170196825833115e-01,1.132794272959529586e-01
1.227460201583623567e+00,-6.535430527072600970e-01
6.189847364617264702e-01,-1.267416992594970315e+00
-1.424986375493536850e-01,-1.288883147885503622e+00
-5.055130566691697913e-01,-6.072861791350192551e-01
-2.750189783689031553e-01,9.782583682334496100e-02
4.404733587053946131e-01,7.771287074097164016e-01
1.610389799948315881e+00,2.246966397542596638e+00
2.334819492313571665e+00,3.071582214863793237e+00
1.580653670359086549e+00,1.874971687127781728e+00
4.300999601850950538e-01,2.950986816807614210e-01
3.881532191264051163e-02,-1.172232172160609931e-01
6.095194369100130904e-01,-2.679541478858979420e-01
1.481049387236611281e+00,-3.491039884585159236e-01
1.811930621946139963e+00,-3.534527795703443914e-02
1.483627809569662226e+00,2.807225561786789170e-01
1.093118636599028637e+00,5.897899983281160718e-01
1.015864126757619168e+00,1.116713396786076951e+00
9.816791027645382917e-01,1.132242405346073788e+00
8.897407218644973748e-01,4.820930651332715478e-01
4.327855253484983455e-01,-8.260846934440108091e-01
2.424748102826384255e-01,-1.229290053056772747e+00
4.496194984511214798e-01,-7.390643777845739004e-01
3.480394302133679174e-01,-1.117590744737562147e-01
8.706789609810686725e-01,5.157053482742167683e-01
1.845588634534402805e+00,6.575040137805822082e-01
2.136828812800596999e+00,5.123519442003801050e-01
1.364844151997085309e+00,1.806695796921163610e-02
2.055162385442647066e-01,-4.146464661051252332e-01
-1.595302765006570977e-01,-3.371662541986804040e-01
-1.595302765006570977e-01,-3.371662541986804040e-01
-4.019460963456263913e-01,-1.102222679690086693e+00
-6.585070918540174567e-01,-1.220459054940065347e+00
-6.582049485252853271e-01,-3.839643153423207278e-01
-4.224083460388695643e-01,3.982480842139224722e-03
-1.047357982964829126e-02,-1.949932315178153630e-01
2.147955577648029968e-01,-9.652111389836766364e-02
1.197569130845005519e-01,1.863723288715551582e-02
6.075642745897390923e-02,-5.383117683754553573e-01
3.445175936070107303e-01,-7.377462386162947361e-01
5.247349014293248848e-01,-4.233445521536439160e-01
1.534714835123122262e-02,-2.858802247908474037e-01
-3.886339212592515580e-01,-2.747086182567691215e-01
-2.921330898840470702e-01,8.176126696696748297e-01
-1.044880732869748752e-01,6.873069650659213714e-01
1.588250757149610448e-01,-3.249974623036281929e-01
5.448983689240117778e-01,4.128298414643818415e-01
1.329244992468120889e+00,1.157772963126145305e+00
1.680118041906528692e+00,1.315291998322982714e+00
1.099322490556781995e+00,8.876777756853351242e-01
3.580667527676721917e-01,4.197620958280853243e-01
-1.751288477472311422e-01,6.033948459044373713e-01
-1.751288477472311422e-01,6.033948459044373713e-01
-1.751288477472311422e-01,6.033948459044373713e-01
-1.878224466557967265e-01,5.708098632668262562e-01
-3.798052086203210220e-02,3.774638880065330215e-01
-8.563628276166877773e-03,3.444886867394286178e-01
-7.316009417635155332e-02,5.227445089396867139e-01
-3.720251375278153111e-02,5.324364283096653105e-01
-3.151190024092194730e-01,1.091409172424142593e-01
-3.390970545523758761e-01,1.250488432027382635e-01
5.504022752696641901e-03,2.951055777492361254e-01
7.164123534268222737e-02,-2.854941207072693166e-01
-3.845460239453357132e-01,-7.549546076524402682e-01
-7.762504087400403652e-01,-6.430279220459971246e-01
-8.552631043981157033e-01,-8.383466586746389781e-01
-6.235310880594814309e-01,-9.588533080526608909e-01
-4.121110620732513219e-01,-8.073847239729895486e-01
-1.463924127576816392e-01,-4.165582929311755778e-01
-9.239410231542885543e-02,-2.122165010513894223e-01
-2.821595780732026881e-01,2.361144959450592329e-01
-3.287522745676091374e-01,7.069438576396374074e-01
-1.721445026690917313e-01,5.337206393592317522e-01
-1.699770825318556722e-01,2.664007994402914359e-01
-1.070320470055973056e-01,-3.942668834476233952e-01
1.004867174215087755e-01,-8.452338531350538364e-01
2.429062529414081559e-02,-6.237380266690674135e-01
-5.740810110470866839e-02,-6.529143289035282960e-01
9.824847404038430584e-03,-8.704206047001920021e-01
1.340442997221972521e-01,-6.641849253190115210e-01
4.082588092253653343e-03,-5.035981584229125563e-01
-3.107510590862929689e-01,-1.850351994493037999e-01
-4.459581488129949478e-01,1.489575189400983712e-01
-3.792381157337726960e-01,3.674857679677518557e-02
-1.469694693318731593e-01,5.210841660448453649e-02
-9.635189360424272625e-03,-6.040602063851837483e-02
-5.740810110470866839e-02,-6.529143289035282960e-01
-2.819236057645643778e-02,-7.593409127134753689e-01
1.488128238229621987e-02,-8.287318504040173117e-01
3.844836145402309724e-02,-1.279040660985269806e+00
-3.721078541172030858e-03,-1.162448045086688531e+00
-1.456725512198624728e-01,-4.960686078028284096e-01
-1.704726586184220904e-01,-1.861190004067610759e-01
-5.740810110470866839e-02,-6.529143289035282960e-01
-2.260198697313750282e-01,-1.329970752542363632e+00
-4.313311584297864210e-01,-1.607363357023748662e+00
-3.867449393306167105e-01,-1.232626720912454399e+00
4.756172295605477079e-02,-4.407467697645055527e-01
3.416519030423708636e-01,4.979216710614933761e-02
2.274436685684345927e-01,1.937374644142542401e-01
1.519948980048947407e-01,-3.148333521705745652e-02
1.847515094157557713e-01,-3.357991243134155201e-01
6.027717108974715021e-01,-4.134656667738645930e-01
1.190466655172863986e+00,-2.877247218991023647e-01
1.450396730387996547e+00,-2.260798144405274657e-01
1.278979953229475219e+00,-3.668654634594265551e-01
8.267784484978981663e-01,-6.484282875108273725e-01
5.720630139009302839e-01,-8.383361345290643030e-01
5.767180467542185607e-01,-6.722051696453440472e-01
3.801092276132795322e-01,-4.392473006172777916e-01
5.043532626317911299e-02,-4.740869567631373904e-01
-3.154971978797077026e-01,-3.872169217801121333e-01
-4.504909551096765719e-01,-3.036148852127802944e-01
-1.915077299852171455e-01,-6.216435611598506439e-01
1.441676298780241727e-01,-1.049824665279499802e+00
8.360162189984736425e-02,-1.154776697389617857e+00
-4.853261285405496284e-01,-7.443202208040754497e-01
-7.227104007376043970e-01,-3.127100247992838922e-01
-4.195575242010458616e-01,3.695374550994803831e-02
5.107514989641678271e-01,4.429060811101518946e-01
1.064941568545598072e+00,1.009588419767317724e-01
1.114387767980764998e+00,-3.514350121781218972e-01
5.931664018926292581e-01,-1.665131258538531944e-01
-1.747616863173322502e-02,-6.864584246045719873e-02
-6.411383157950248379e-02,-5.811169507830321601e-01
-7.347771313015384609e-02,-6.877288324169584799e-01
-2.772613326548489451e-02,-1.853461670400035066e-01
8.388677315576280324e-02,-1.063022946744684449e-01
3.579760078385472305e-02,-5.926357513851495673e-01
-4.583352976839683013e-02,-1.048131777918603236e+00
6.983524721781875222e-01,-1.528493509287853103e+00
1.801963821840658175e+00,-2.045156252697839960e+00
1.918620696616555099e+00,-1.901980959870116061e+00
9.768545473575250826e-01,-1.503108151200409415e+00
1.034411835700289883e-01,-8.281516071085243125e-01
8.554037370534911533e-02,-2.229238222734983010e-01
5.272788108004184543e-02,4.685961528081353245e-02
3.519523309613876300e-02,-6.299360987823468538e-02
-8.636648249300594993e-02,4.775251675604640089e-02
1.989594049291321942e-01,-3.741108691807475961e-01
3.306803749655031766e-01,-2.973031243255385148e-01
5.147323094989989523e-01,2.526988177170126360e-01
7.854105360941038283e-01,1.680344981560882300e-01
3.977784441813169702e-01,-8.753046060391483918e-02
-5.740810110470866839e-02,-6.529143289035282960e-01
1.648464644057862361e-01,-1.043126423464047381e+00
4.087553413306612704e-01,-9.540821791006210972e-01
4.107737748245111065e-01,-8.876290164984932396e-01
1.602456491794520543e-01,-9.948533882153893781e-01
2.677511652176269297e-01,-7.639984371063931468e-01
1.427577701126738541e+00,-5.528876001004329188e-01
1.669219263938226394e+00,-6.862277845023397882e-01
9.854811076799103731e-01,-5.970087590370523056e-01
3.808321712849643825e-01,-1.345232465238887232e-01
-1.339127933351364763e-01,5.327969888221473216e-01
-2.684471409299117317e-01,4.680999721802280855e-01
-2.076818933805856526e-01,-2.715343312354935312e-01
-4.984408194154436866e-02,-6.481249953798410290e-01
-1.856104630455288366e-03,-1.419947078405790208e-01
-1.751288477472311422e-01,6.033948459044373713e-01
-3.019948559316280590e-01,4.534570758915083544e-01
-1.995735334101151892e-01,1.450184042786448191e-01
4.147384315977038494e-01,-7.504132329384082256e-01
6.584730309950882488e-01,-1.445619590826406897e+00
4.237929985858699955e-01,-1.702537631542961227e+00
-8.463748084800726268e-01,-1.538472265247065041e+00
-1.420241221341353555e+00,-1.175114834417568366e+00
-1.420241221341353555e+00,-1.175114834417568366e+00
-1.707390006970696428e+00,-1.459703015170199736e+00
-1.707390006970696428e+00,-1.459703015170199736e+00
-1.760703604991040283e+00,-1.417042975399487981e+00
-1.760703604991040283e+00,-1.417042975399487981e+00
-1.669187022833860556e+00,-1.472344740196513957e+00
-1.669187022833860556e+00,-1.472344740196513957e+00
-1.385370156818316767e+00,-1.038277729433467522e+00
-8.751173046127735944e-01,-5.104267942197240338e-01
-3.111601174796898017e-01,-5.183848204688523698e-02
-1.230997368905188544e-01,-4.185044969194063463e-02
-2.163474622267551051e-01,-6.925021165431153314e-01
-1.671723335654774767e-01,-1.147338680658721577e+00
-1.080888582448303881e-01,-1.170042192445022389e+00
-3.025986894725983811e-01,-7.569803464986730734e-01
-4.935642411077951763e-01,-4.386364939010188868e-01
-3.111601174796898017e-01,-5.183848204688523698e-02
-1.660347867617153333e-02,9.953711422798524125e-03
-1.558677026762726459e-01,-4.771864987081693155e-01
-1.815872452979577223e-01,-5.442118033362904894e-01
4.553181115541213991e-02,-4.011425912842721264e-02
1.378799238182060738e-01,7.586677406047842576e-02
-7.300297612371270395e-02,-2.740852311283312193e-01
-1.583558676756847416e-01,-7.817743277001550917e-01
1.367670519464009304e-01,-8.301004632849092735e-01
3.770997194247190931e-01,-5.619424493708659041e-01
4.564213309975901911e-01,-5.694561750724228544e-01
2.847289448308369941e-01,-9.405687182829746140e-01
2.941049916120245036e-02,-1.191164617182686403e+00
-1.366415082132570874e-03,-7.342772805765829247e-01
1.464447959037996384e-02,-5.633813771360288714e-01
-1.609727387460668444e-02,-4.074471001132796144e-01
2.499964545700534765e-02,-4.396401796907757897e-01
6.097759930421288443e-02,-1.064376216749049364e+00
1.148357091413195474e-01,-1.286156706829211238e+00
7.880963663241026540e-02,-1.035639281840079917e+00
-8.114744347685307613e-01,-7.614253881775366883e-01
-1.560860075366587774e+00,-4.687688372074402254e-01
-1.235594957792032433e+00,-2.238331754588613054e-01
-4.635599934143571632e-01,5.151325023473009995e-02
-8.485184873256210181e-02,3.472387959890279041e-01
2.500861506879348828e-01,4.952599523876491383e-01
4.432624351615579439e-01,4.170975957498256337e-01
1.734224533389788769e-01,-1.869394268191581013e-02
-3.869365499025712030e-01,-1.828057276171616563e-01
-5.998984085460499216e-01,-1.712925002433681454e-01
7.307635749114451719e-03,-3.653506442768847950e-01
3.512319553140168527e-01,-7.819530876522698959e-01
7.880963663241026540e-02,-1.035639281840079917e+00
-1.947910136956638311e-02,-6.380240588305408078e-01
2.919389459661153249e-02,-9.390949218336808180e-02
-2.662547647217359259e+00,1.718324477932575700e+00
-6.376681111681365977e+00,3.919165949462956711e+00
-8.989755028892723487e+00,5.811607131537250837e+00
-7.853947198873068025e+00,5.593000716969479313e+00
-4.506808656915050726e+00,3.859299119161919478e+00
-2.247837490730417720e+00,2.042406783962501748e+00
-1.734012741747329223e+00,1.654057197562528891e+00
-8.199614156265966347e-01,1.477846112446403515e+00
-1.084293563621021028e-01,9.950010030799413263e-01
4.971945244365399974e-02,6.506941595301399817e-01
-1.751288477472311422e-01,6.033948459044373713e-01
-2.300843043441390401e-01,5.983307332425181757e-01
-8.951210239411383496e-02,2.477029457966451187e-01
-2.987893984485477314e-02,-4.290697834722283499e-01
-6.765808821541330342e-02,-1.079614231019862647e+00
5.487356072197907553e-02,-7.373830102791999463e-01
3.082137462480803447e-01,-4.552835066725031687e-01
3.799132361834167693e-01,-6.340788346279105925e-01
2.100315965103464744e-01,-1.003661928510430013e+00
2.469964920862993962e-01,-6.509768962031970974e-01
3.065855518525308354e-01,1.257718888631079168e-01
1.833826991062675049e-01,4.385562579945150308e-01
-4.348913727050215394e-01,9.436162988721835676e-02
-1.347244814296880921e+00,1.175496659154809109e-01
-2.436082440409944372e+00,3.834308990265307138e-01
-2.806284734709226569e+00,3.893746729584292576e-01
-2.076624271849050629e+00,-1.230740821738924157e-01
-7.731547790676757126e-01,-8.305685137115296213e-01
2.035330625277728678e-02,-1.223718765302927114e+00
-3.286893520471431129e-01,-6.808850677921256533e-01
-1.115835600626432278e+00,-4.467001771738591809e-01
-1.870777727815025493e+00,-9.067007369505506453e-01
-1.775149608392236456e+00,-1.219714794189636464e+00
-7.856711410295827980e-01,-1.017366612149589011e+00
2.481524531073134032e-01,-7.920108027531910233e-01
4.596460007878347964e-01,-7.360483357100308099e-01
3.575294631134168788e-01,-4.813934372344350621e-01
1.840632228075805565e-01,-1.189609504466110912e-01
3.533905111629102869e-02,3.679821176937460303e-02
-7.884219247816878218e-01,1.871136935798676681e+00
-1.766501451494085551e+00,4.406580864756850069e+00
-2.205522327831209495e+00,5.051250476802271017e+00
-2.251410231344338264e+00,3.744588437172034823e+00
-2.276992619571859500e+00,1.938017428111179941e+00
-1.832197305434947410e+00,9.562279103082177434e-01
-8.784737585427628836e-01,4.311949127963899397e-01
2.234009750323192808e-02,1.345847537486625223e-01
3.029709972089609984e-03,4.029204455080236114e-02
1.452120837873561721e-01,-1.979544124345778977e-01
1.706576428985218663e-01,-8.073715771275548347e-02
1.446089271511578345e-01,3.033672977854700026e-01
7.354946403532529597e-01,6.036828780499825520e-01
1.924236141009964207e+00,1.563091373383021176e+00
2.547964652868314861e+00,2.656968420602456415e+00
2.178229082818838425e+00,2.379274171387094405e+00
9.154833352127637047e-01,8.723228191821255084e-01
2.487297827952201709e-02,-8.054617941355531885e-01
3.265767042979543233e-01,-1.331630716299783357e+00
4.882867065467955126e-01,-1.094997489481368991e+00
8.128169464451411308e-01,-3.226470962728021363e-01
1.012043255140857134e+00,5.656816289304110734e-01
5.341758569469352569e-01,8.748920968857052394e-01
-1.574271450625569224e-01,5.304462012880706290e-01
-2.989069653835940699e-01,1.895320451821404240e-01
-8.687074721315201503e-03,2.047159045915201703e-01
-7.456947382019232795e-02,-7.497759883746109300e-02
-9.132310376502594806e-02,-2.999847895205174919e-01
1.178741781442539244e-01,-5.262252392342241514e-01
1.248385134271068619e-01,-8.208636358478967887e-01
-8.609108986260825824e-02,-2.384165318228504693e-01
-2.245696556087561913e-01,1.034781545979367445e+00
-7.264038183578217511e-01,3.975329259416157335e+00
-1.174855326656213172e+00,7.068557571818835150e+00
-8.763772306913523158e-01,7.428423425106399414e+00
1.591978753669077151e-01,5.182787451805503487e+00
1.192026052564457705e+00,2.976262654292636256e+00
1.497378073395344567e+00,2.168771678294442395e+00
1.168202663453681511e+00,1.604199150488139880e+00
4.592300727291822593e-01,1.182833476006616813e+00
-1.708749962012949819e-01,6.936854594380383876e-01
-1.979856751862979214e-01,-3.834886535670791741e-01
-3.461665131036239518e-01,-3.083935461436699388e+00
-9.253348895696911214e-01,-5.370363055841012923e+00
-1.001992557505925641e+00,-5.732696074065462000e+00
-4.184283105104354417e-01,-3.578046473801538063e+00
1.486982315674622301e-01,-1.353051008781652520e+00
-2.943605031690038620e-01,-4.752274632251731745e-01
-9.865061251758090455e-01,4.470984365717126652e-01
-9.348525145978724415e-01,1.272491137620407997e+00
-2.801722367356953014e-01,1.184538351581159832e+00
6.549676040766722052e-01,3.563800965562506362e-01
1.135842470131205317e+00,-2.796077247723111614e-01
8.211609700039975701e-01,-9.903866310103327797e-02
4.442660363403301282e-01,3.195915096783328857e-01
-4.670063279984626448e-01,7.315717014653821959e-01
-1.051728625164096487e+00,5.919681235749083559e-01
-7.187422553691885652e-01,2.832100197607153591e-01
-8.053780021638302922e-02,3.393169490157543766e-01
1.319953076768511646e-01,4.852317979859413488e-01
4.072458340229469925e-02,4.828088140579951948e-01
2.961826498250457740e-01,2.600205653576652121e-01
7.840750859751322022e-01,3.227617849519823778e-01
5.588206506992446920e-01,3.974005818167283266e-01
3.386418285713346105e-02,2.933252162322550483e-01
2.202392649346321396e-01,4.467846467847345071e-01
2.414235006047248666e-01,3.935612064038138125e-01
4.601291355312803755e-01,-9.481372524036828231e-02
9.388445396445469493e-01,-3.164263671962876390e-01
9.780441042174262689e-01,9.487996126541442532e-02
7.193946622990555761e-01,5.480032594410656488e-01
6.263623542954388501e-01,1.982374819508929131e-01
3.808321712849643825e-01,-1.345232465238887232e-01
-1.230997368905188544e-01,-4.185044969194063463e-02
-3.306981399353049050e-02,-1.093456343646316276e+00
3.397058956609482760e-01,-2.229318496627961110e+00
6.441805109451194111e-01,-2.561632894860586873e+00
6.505393102107450698e-01,-1.832054457997852159e+00
6.077648192793911885e-01,-1.013180141481024421e+00
6.056234552944279592e-01,-6.588538581963514495e-01
3.808321712849643825e-01,-1.345232465238887232e-01
-1.751288477472311422e-01,6.033948459044373713e-01
-1.751288477472311422e-01,6.033948459044373713e-01
2.928641651652441960e-02,-3.495288900524404774e-01
-1.725053160479252667e-01,-7.106596518133412310e-01
-1.880454525690301026e-01,-2.947199501923603582e-01
6.375343591537320220e-01,3.358345797873850680e-01
1.333476398533200102e+00,-4.805934506852502230e-01
1.295145768096548355e+00,-7.502901363062158824e-01
5.349072047113034856e-01,6.577163818144471374e-02
2.391301474831379059e-01,-1.827362058798366329e-01
5.226952468287268116e-01,-4.295037847794753727e-01
4.970484050869637960e-01,-2.849791343055048110e-01
1.866100744369328934e-01,2.287724802943774324e-02
3.808321712849643825e-01,-1.345232465238887232e-01
1.815256253504146655e-01,-2.130530329236247911e-01
-3.255914410533734538e-01,-9.110298597620147820e-02
-5.525902109431900522e-01,-1.412056726785028138e-01
-3.942883405245583006e-01,-2.173005674018660127e-01
-3.602819061987265481e-02,-3.792378005266126562e-01
8.990560818440114510e-02,-2.690612571905003358e-01
-2.102562949000778281e-01,9.942250587056504496e-02
-4.137393668861563678e-01,1.617430623805039130e-02
-5.534906775485515240e-01,-8.371907071121650890e-02
-6.292444080243652094e-01,2.747761716499690920e-01
-2.515268489863536905e-01,-2.118333570405239730e-01
8.025308266621294928e-01,-9.773352611132327117e-02
1.617302148373096271e+00,5.198875998433458712e-01
1.579706148161328816e+00,6.072004330206773881e-01
1.226058860016808971e+00,1.142586583224240726e-01
7.265000625061498463e-01,-4.250598922419086545e-01
5.580351298075767463e-01,-2.844621152469792857e-01
8.939082636030661888e-01,3.982126128360777284e-01
8.905523793232823504e-01,9.844185769273230413e-01
8.901197460849035181e-01,7.771139833373972294e-01
7.591504577841082790e-01,7.572427310004212764e-01
1.710190468653308982e-01,1.139946794682782594e+00
-3.387164994059652656e-01,8.806423881094613826e-01
-3.173218966779869921e-01,1.235448060450465985e-01
-2.410215910258353411e-01,-3.742700742098802325e-01
-3.334215433596603995e-01,-8.331897341718377120e-03
-2.429995243641918656e-01,3.340084298495981652e-01
1.511452978429531913e-01,2.128366066613120167e-01
3.297816271328435356e-01,2.273117771498622819e-01
3.373080091065965846e-01,3.082194141722444103e-01
8.706789609810686725e-01,5.157053482742167683e-01
1.161578380002699751e+00,5.687953496777021778e-01
6.416600719154180732e-01,4.392171026091716834e-01
1.355701780364775011e-01,3.324955900930339769e-01
-2.026203245110365370e-01,4.200675760993073937e-01
-3.408769794999352842e-01,5.000293212501758511e-01
-1.999246897769628439e-01,4.244005396239443062e-01
1.072674929396814081e-01,2.646628388912786178e-01
-1.082751483927386404e+00,1.430615164767768288e+00
-1.565893119955698909e+00,1.949830999622721439e+00
-7.280886073669667891e-01,8.736452599885222714e-01
-2.429478181328273700e-01,-4.618626777638631942e-01
-6.999888658799026109e-01,-1.935723738090709745e+00
-1.590424398508752946e+00,-3.397135800056027666e+00
-2.112771037593954127e+00,-4.450215388625356816e+00
-1.818576848902165866e+00,-4.002042747926390476e+00
-9.224145948803540440e-01,-2.352447815453332147e+00
-3.126579794317977945e-01,-1.149969360516499561e+00
-2.279636373726323106e-01,-1.099988173859271390e+00
-3.570941781240657420e-01,-1.462556671173988132e+00
-6.695738785028657603e-01,-1.217141288971705260e+00
-6.677665546722768575e-01,-4.808403115802264982e-01
-8.798837625564659426e-01,-5.216064155700799176e-01
-5.516210153273669592e-01,-7.269829067591454530e-01
2.253608315869303283e-02,-7.346127057858810039e-01
-5.170841128858704172e-01,-1.152268256177081618e+00
-1.239577626241689545e+00,-1.482511184631031043e+00
-1.568987954035620858e+00,-1.436376959631955108e+00
-1.095556242257003987e+00,-1.043972583806352716e+00
-1.293340883623022852e-01,-6.309523148495503886e-01
6.274473024950832922e-01,-1.344026543364510440e+00
6.209223783270643171e-01,-2.355486275127918194e+00
3.272619286475951794e-01,-1.900185793059057326e+00
-2.825976484949198064e-01,-1.028735077613228022e+00
-7.404563702552152682e-01,-7.722593436016097490e-01
-7.045243549069823974e-01,-3.500784433431932685e-01
-3.120527914899997590e-01,-2.004914844815685326e-01
4.742770819032996604e-02,-3.941599739911567091e-01
-1.035809182788488408e-01,-7.380050212395911080e-02
-4.224696683203476577e-01,4.965095846680017133e-01
-6.980437195140627438e-01,5.458816706120345197e-01
-7.950606295680674451e-01,2.211786433290572063e-01
-5.998984085460500326e-01,-1.712925002433678956e-01
-5.569003110868091522e-01,-2.199873736628072951e-01
-3.085409021228998072e-01,1.143908174221393848e-01
2.533401306453190310e-02,3.010129458948171410e-01
3.074782570775131951e-01,1.328442517922599209e-01
4.843000889382237384e-01,-1.676191302213126122e-01
6.563603711318061196e-01,-2.473979384782700186e-01
5.075408803521630485e-01,-7.202311560513832700e-02
5.127409364289992055e-01,-2.787904383343522419e-01
-6.855784655109860640e-03,-3.147368551276789606e-01
-1.158163051569584129e-01,1.580110009015471204e-02
-8.563628276166877773e-03,3.444886867394286178e-01
-7.316009417635155332e-02,5.227445089396867139e-01
-1.456521638381062522e-01,1.473969546648120632e+00
-1.273095798397996803e-01,2.181133843946588158e+00
6.352438008799674019e-02,1.274334925062960089e+00
2.520393487333331128e-01,4.057146247828811725e-01
4.463882885906690912e-01,6.874986357897969191e-02
5.232445520102066983e-01,-3.424685189187314793e-01
5.007725392710064005e-01,-3.300837803899987488e-01
3.658147947824152979e-01,-1.830944431615575962e-01
1.857374597174888120e-01,-2.452375881511522152e-02
8.765486566998571538e-01,4.750029142086675815e-01
1.546649573614624851e+00,8.539388272652470580e-01
1.449454579597942327e+00,7.766670074026293946e-01
9.805165327234161010e-01,2.197602548464680505e-01
6.693100753169777262e-01,-4.102489255343598484e-02
1.376468987141374551e-03,5.445262993263919439e-04
1.123225699313751824e-01,-2.144177683993309658e-01
2.020733434791531224e-01,-3.266662392836369722e-01
1.108699876147609398e-01,-3.271471516360989207e-01
-1.035149571243009881e+00,5.619465055527144148e-01
-2.317793684109203944e+00,1.961140115808430506e+00
-2.165661035579472760e+00,3.395762819789865716e+00
-9.831393059904549592e-01,4.023638986114458582e+00
-2.865007676513963153e-01,3.191942751792691269e+00
-4.142763791364596493e-01,1.567592738385158668e+00
-9.188280807919445570e-01,9.354379131257976043e-01
-1.144206829989131702e+00,1.334066123909478430e+00
-9.434619631375218418e-01,1.189227616134321375e+00
-4.255232198882483163e-01,5.345897316002761190e-01
-3.231406660314113666e-02,6.554738674009978616e-02
-4.992315163832417024e-03,1.798002440392651724e-01
5.950516436898829753e-02,2.884114109778956325e-01
