-1.457436829806929290e-01,-1.285714774570026753e-01
-1.580778175803508323e-01,1.350676871524138234e-01
4.027620057043896362e-01,-1.302049364633459383e-01
2.268634244057357585e-01,-6.451980148001921211e-01
-7.525606649343809240e-02,-3.012204743389644279e-01
3.086156329641808749e-01,6.495587677852975306e-01
4.890516013630537007e-01,1.083693836704781921e+00
4.652616705756018045e-01,6.456582258349067294e-01
2.394658428776540449e-01,2.373397039032653921e-01
2.394658428776556547e-01,2.373397039032646982e-01
-8.510060338365160444e-05,2.468966679205852888e-01
-2.578028015002593598e-01,2.389403947632207093e-01
2.425312252911320243e-01,-6.826911340743561929e-02
5.103266399233505890e-01,-9.060533053637178647e-01
2.198154724238863267e-01,-1.607753641263558686e+00
2.160619940546781581e-01,-1.576784400491970883e+00
5.061624217283614557e-01,-8.716951279025221266e-01
7.037845656122934113e-01,1.709160233075664170e-01
3.446227674969714605e-01,1.060482542320345223e+00
2.063670575096515636e-01,9.478587548202270785e-01
2.368366837193784935e-01,1.919251801370711608e-01
-1.670716994324826857e-02,1.740094681696866818e-01
2.561930486080601921e-01,2.468754205515040837e-02
4.457356091927875408e-01,-6.308811509135410223e-01
7.328204884489071536e-02,-1.430207208388726947e+00
-3.873537228938446764e-01,-1.280236178984106354e+00
-9.985594694423968187e-01,-4.047288305035892098e-01
-1.253324029095294501e+00,3.355825643241375222e-01
-9.198277761351310033e-01,4.163815527686985374e-01
-9.602641795092732302e-01,-2.823409299127687677e-01
-7.835976863289766392e-01,-1.387166834261833182e-01
-1.847297192963466561e-01,-1.020316449187547436e-01
-3.774874478504587627e-02,-1.132395597264177073e-01
-6.412375933652027238e-02,2.061738888761215360e-01
-4.382647500436667731e-02,1.559552231314997317e-01
1.494165535837836400e-01,2.441904986296229985e-01
3.713957316860353464e-01,3.962872149395673116e-01
4.542522948183852494e-01,6.991616825002383573e-02
6.481105493892654890e-01,-3.310675200438228383e-01
7.037845656122934113e-01,1.709160233075664170e-01
5.179633340714409062e-01,6.819337962403704267e-01
9.024060465197766279e-01,5.768985296187598699e-01
1.704232677465090440e+00,5.420314979425280150e-02
1.314464824076063465e+00,-1.237694821961297931e-01
1.119319338129787678e+00,-1.155011157542086497e+00
2.149672252963137353e+00,-3.052977183496269564e+00
2.601301522077007711e+00,-3.990550245703024412e+00
2.226615536538886886e+00,-3.570925778627193292e+00
1.507261749429748887e+00,-2.327536856688765976e+00
9.656242398402191673e-01,-1.027117664641010952e+00
7.300601173942012911e-01,6.899916250061433054e-01
5.674612405656099812e-01,1.576957015956599539e+00
2.771491104656665372e-01,1.004446460479174519e+00
2.687154468335092306e-01,1.359908669297638650e-01
3.672988531301457082e-01,2.874573409029498317e-01
3.891310342133880718e-01,2.297895178709200847e-01
2.985991338289911701e-01,8.537857810592738850e-02
2.687154468335092306e-01,1.359908669297638650e-01
5.067003150217644913e-01,-1.188186613596788066e-02
5.199504866058709540e-01,-4.356517288634002144e-02
4.437045159347152157e-01,1.538652902762788488e-01
2.368366837193784935e-01,1.919251801370711608e-01
-1.670716994324826857e-02,1.740094681696866818e-01
-7.252641734166982435e-01,6.660769869440930080e-01
-9.859199559307013638e-01,9.035226651566722333e-01
-3.495579427885504575e-01,4.425535450484064937e-01
3.455011789992980531e-01,-6.815612077745281105e-03
6.424459763096120879e-01,1.664172491828447981e-02
2.368366837193784935e-01,1.919251801370711608e-01
-1.670716994324826857e-02,1.740094681696866818e-01
2.952424469085927067e-02,2.904232763891925195e-01
3.048873531350173027e-01,4.271757399002942823e-01
3.570737227940889991e-01,4.166043362643719883e-01
3.298814752202895995e-01,2.441047289568254453e-01
4.714422655646771099e-01,2.995419890549949268e-02
1.540882993782448362e-01,-1.127640220482150346e-01
-3.116662676627540707e-01,-2.294437142197507384e-01
-9.866203501011832078e-01,4.285862928503777480e-01
-9.859199559307013638e-01,9.035226651566722333e-01
-1.769938564060763164e-01,8.027741217702258347e-02
3.553181733169805123e-01,-1.735815312372962216e-01
3.713957316860353464e-01,3.962872149395673116e-01
1.079202600700695930e-01,1.537914092570995539e+00
-3.297821096518718798e-01,2.964589586474115190e+00
-7.241291684127948436e-01,3.079458275615424956e+00
-7.817024404323605902e-01,1.544146815245108550e+00
-3.916322046852283023e-01,-1.535148012972791243e-01
9.443758417595074506e-02,-1.000164801475596832e+00
3.874398462073863625e-01,-1.190224254442227902e+00
6.675155664972928782e-02,-6.477774896442678454e-01
-5.674989799684836411e-01,5.086092051059571961e-01
-6.145294604166672281e-01,1.559595946094553875e+00
-6.419938691365068006e-01,1.619037890211832087e+00
-9.779894086628094785e-01,6.979831244830764225e-01
-1.451203791660092834e+00,-5.686126448034269920e-01
-1.517908978754576976e+00,-7.490113445790479441e-01
-1.160660799412649880e+00,-3.559443292511675350e-01
-6.104988784401553792e-01,9.049077214410666814e-02
-5.100157356942385256e-01,2.580370474195383679e-01
-3.492537137534388325e-01,1.595843791548302026e-01
5.766644006287475754e-01,-7.299161347633657815e-02
1.234602887141994954e+00,-6.679330110054030323e-01
1.411713339325604277e+00,-1.603760532323283972e+00
9.575324889915622917e-01,-2.194081339405696607e+00
3.617414679492881868e-01,-1.803820632576012217e+00
9.093212443289631908e-02,-7.059309718532105205e-01
-9.386543973413341568e-02,-7.623384860346367475e-02
-7.810615625609632073e-02,-1.583039471957055633e-01
1.618986172691341818e-01,-3.678065766475296927e-02
5.030814196080854450e-02,1.841418967983475263e-01
-2.167597275700096707e-02,4.221312504958530387e-01
1.676546345494778212e-01,5.191871226987493371e-01
2.224919252595546418e-02,1.522646126990826188e-01
-9.224032136577308139e-01,-6.379086455586515658e-01
-2.510120986446878089e+00,-2.810767984189765922e+00
-3.776322100564442508e+00,-5.386935224200051664e+00
-4.178135304521998883e+00,-6.296493565546473548e+00
-3.148032172405753837e+00,-4.967237938847808287e+00
-1.430186713177970415e+00,-2.283565304499636461e+00
-6.385357040125320127e-01,-4.628160736495511851e-01
-5.509525737644703769e-01,1.492302352416821354e-01
-3.979814990461211233e-01,4.220767953129290762e-01
-1.001621883665055890e-01,5.293222881077767061e-01
2.276241704595003135e-01,4.648176080812131961e-01
3.412503194727183886e-01,7.482345612602575580e-01
3.723902886279485402e-01,9.041030766214971370e-01
1.042496965174480733e-01,2.929994904549030887e-01
-2.698154622130515823e-01,-2.622226130166717684e-01
-4.527338941106698877e-01,-2.743109467687776526e-01
-5.800855843717986904e-01,9.431411964446462237e-02
-8.975527352594200314e-01,1.737130306792800116e-01
-7.068452485793800255e-01,3.259460080999963816e-02
-1.536474068691814909e-01,1.160264158449771654e-01
9.399389248860949564e-02,2.977447869048184259e-01
2.503645633465862996e-01,6.938985799079443462e-01
1.264658166988346655e-01,8.400303255119154766e-01
-4.963847444563049272e-01,6.432752645968629057e-01
-1.009568702594803691e+00,3.719895184643551844e-01
-1.999444066464551639e+00,2.670711471417310801e-01
-3.925656971108589577e+00,2.102498776894599075e-01
-5.678514599835789767e+00,3.038311760922040583e-01
-6.561863463107830974e+00,4.994769236775005172e-01
-6.152883322715803516e+00,5.682648216262793373e-01
-4.450954523835537913e+00,3.819034299756425832e-01
-2.370433883959821575e+00,9.518777775419169640e-02
-8.162768296896949494e-01,-3.291915818499269175e-01
-3.332032381306345714e-01,-6.416420844448617045e-01
1.117717838725900414e-01,-3.818865035892266557e-01
5.526660510476792965e-01,-1.029910500700332410e+00
1.524606394813124988e+00,-1.376263831262304338e+00
2.275470383843119393e+00,-2.803172551500986986e-01
1.538148361075898363e+00,7.420539345939422549e-02
-3.635059351447412768e-01,-5.568624977699543344e-01
-1.723357512584269724e+00,-8.228781218584370061e-01
-1.839799001830150882e+00,-4.186827713751147262e-01
-1.741767740474317039e+00,1.069578198268984412e-02
-1.473836231364563876e+00,5.274098058621679019e-01
-1.394208573338629131e+00,9.382018675551077047e-01
-1.335634682452989885e+00,1.068865851300928815e+00
-1.448689566826818709e+00,1.284753649305637513e+00
-1.506358848898051717e+00,1.365212480720632948e+00
-8.017832940495506211e-01,6.259364406214578125e-01
-3.530141938241002780e-02,-1.504611308168408712e-01
-8.281737046768401778e-02,-5.053718890539911079e-01
-7.538541128188925855e-01,-2.843260645819903343e-01
-8.631880408315554254e-01,-3.599216644792266884e-01
-4.265688749417652637e-01,-4.217583087833206568e-01
-5.505933773230147210e-01,-8.405453591314000494e-01
-3.136300989641778725e-01,-9.461073554036057986e-01
-9.617988053315450203e-03,-4.693798757312199754e-01
4.378711117875824094e-02,-1.631904217434719251e-01
1.320866075883183055e-01,-5.405689469561244381e-02
3.446566473244183637e-01,2.496225523732478468e-01
1.950323185522936931e-01,1.570251199890851934e-01
-4.237366698477189053e-01,4.874398551942937807e-02
-2.717826442614763582e-01,-2.970009904539623324e-01
1.291928721232960264e-01,-4.682256250170580003e-01
2.892387874516813562e-01,1.984486614537842031e-01
6.115027951572500342e-01,1.219907867294115933e+00
8.497882804794766320e-01,2.038087964085769421e+00
1.130512892726877938e+00,2.028537640839638723e+00
1.341067439123741822e+00,1.098351346759704805e+00
9.945844119357661883e-01,3.809717631468313437e-01
3.423369982514889998e-01,1.040270524628912063e-01
1.897231427592946662e-01,-2.425817793447286597e-01
2.334313149086687245e-01,-5.792280373430057638e-01
4.891221660673743254e-02,-1.407031339600541164e+00
-3.579586983001571410e-01,-2.072342641479823833e+00
-1.079562830075655899e+00,-1.442946387850516210e+00
-1.416583086253935253e+00,2.543680617676699618e-01
-9.152724345150220486e-01,1.532306201462709350e+00
8.193644826363462030e-01,1.468445057567883349e+00
2.824272387974918530e+00,3.352410262909412131e-01
3.618935367646333834e+00,-6.386742214142205887e-01
2.879409266100116493e+00,-6.324404396773016801e-01
2.014771775889085959e+00,1.184018586391985428e+00
1.617193666499679106e+00,2.466182993953077496e+00
8.816451998607682805e-01,1.761729959200336149e+00
6.969204871984613359e-02,1.248735122973816392e+00
-4.034421583164865543e-01,1.254553745384700214e+00
-7.607846956307089403e-01,7.942634681180831269e-01
-1.052462489932166623e+00,1.610658305497992826e-01
-9.805350581633297535e-01,3.867751976804406633e-01
-5.238865704170410087e-01,1.017747002570955406e+00
4.245197512896431991e-01,6.696964699475284055e-01
2.033027694175414180e+00,-6.951856633279361875e-01
4.244999059913999950e+00,-1.838127205347498183e+00
6.062832205844740585e+00,-1.952446527602665238e+00
6.180761446301033857e+00,-1.055301012864715338e+00
4.376262543768662638e+00,1.947301385152723219e-01
2.095602689619826098e+00,6.177116206603873172e-01
4.459539335595286147e+00,1.965596171863055686e+00
6.995650407107608437e+00,4.086779171939363131e+00
8.767685946871941027e+00,6.203204177277908293e+00
9.486462882670629426e+00,7.726436324444807546e+00
9.308522604370038422e+00,7.992402483233602695e+00
8.114534926215728916e+00,6.500432729795779352e+00
5.838905944106032031e+00,3.672368170899101170e+00
3.188111193841450142e+00,1.087305586055010265e+00
9.833886424563920148e-01,-3.299708003525590044e-02
-7.280343280012827600e-01,-2.290850122738787575e-01
-1.142550815158964062e+00,1.543630750530279247e-02
-4.569378813392367400e-01,2.454387003615751336e-02
6.469402786995458454e-01,1.218962472391531687e-01
1.166085587505467869e+00,3.215253850253885215e-01
7.925213102599413251e-01,3.301232703620720077e-01
-4.357753309309770479e-02,3.186694151524942509e-01
-7.107843429220825904e-01,3.713960682021785753e-01
-1.297132716173464040e+00,4.778626503047483376e-01
-1.799379283416720154e+00,5.902134579749206411e-01
-1.625670992785228641e+00,7.201436284617018790e-01
-8.272061609057549392e-01,6.609082183039938219e-01
-4.894115049687642327e-01,-1.645783906596354484e-01
4.387880151312707477e-01,-2.168430746664527509e-01
2.374463440520578228e+00,8.091150534382718362e-01
3.814687107867641647e+00,1.597935531518741792e+00
2.992119923189949127e+00,1.176800191688107011e+00
9.782241473198942661e-01,5.026917165318612879e-01
3.351306446965662267e-01,7.584417521883010105e-01
1.387431870749161189e-01,3.947700928500033624e-01
-2.232643139857238834e-01,-5.073524506954097540e-02
-4.834661309405343110e-01,2.852850274629354366e-01
6.551456505848696210e-02,1.270151460109700592e+00
5.157490420306142243e-01,2.292303441599548020e+00
2.953095527628085692e-01,3.653700532995561634e+00
-4.718859910637849264e-01,4.530380763391919530e+00
-1.255844796799720386e+00,4.101792308912199481e+00
-1.007349825964376722e+00,3.383987069552910842e+00
4.850436797414024725e-02,3.040895667150678161e+00
3.858192288240589463e-01,1.459421469080812495e+00
4.009801271565940906e-01,-7.579091851933563717e-01
7.919042654489979460e-01,-2.324094227543417546e+00
8.113140568720944579e-01,-3.391235362091780559e+00
3.557385995499157127e-01,-3.709524364166222554e+00
2.912693268111783973e-01,-3.419143103756479896e+00
6.590342822312127424e-01,-2.649341417805384680e+00
5.377116454705255233e-01,-1.272395998822815510e+00
6.337128820684085895e-01,-5.624064794370318143e-01
9.214413246428745374e-01,-3.479347090533407849e-01
2.668842521341284191e-01,-1.853432030464761127e-01
-1.403002893402481632e+00,7.634313754680854824e-01
-2.685804124490005496e+00,2.005299466621853099e+00
-2.623701343646996254e+00,2.112179332932476505e+00
-1.059287227692062183e+00,1.404860072670720106e+00
7.946151376933126009e-01,1.345306489403494732e+00
1.309246525842020059e+00,1.656052622160143706e+00
1.019416995031850792e+00,1.120784555802146532e+00
7.372884226093021631e-01,1.208474388303109048e-01
3.487692763152167030e-01,-1.278177678780884896e-01
-5.930525693078101540e-02,-1.402039992801554572e-02
4.876219716704870977e-01,4.875575200623664257e-02
3.905641873962016897e-01,1.702057095947826781e-01
2.086273002622853756e-01,3.734667177099341151e-01
2.879483878139159070e-01,4.983486308993465563e-01
7.634233812569413483e-03,8.413541286331657210e-01
-6.034599131100177455e-02,9.652430970613532502e-01
1.446441266237267487e-01,7.152312338574530193e-01
-2.638602610276536975e-01,3.911403863175679785e-01
-1.901903658777446271e+00,1.116610644916099293e+00
-3.339803936981350141e+00,2.010552050259134305e+00
-3.339803936981350141e+00,2.010552050259134305e+00
-2.419183468359387135e+00,1.726223278674112738e+00
-1.069746638845348929e+00,1.213102312321109544e+00
2.378124364547883757e-02,7.486010709664929763e-01
2.437383213973039475e-01,-1.689385629622127960e-01
1.163931078572987970e-01,-6.111526292152831275e-01
3.553738511922318044e-01,-1.961832794534873470e-01
3.166051479977421423e-01,2.119051716410221553e-01
3.316704054649433631e-01,7.608722203662225958e-01
4.480592001459433593e-01,7.230930535442215978e-01
3.175373491793777314e-02,9.639065977838736643e-01
-5.815027665786297595e-01,1.895965031075068863e+00
-7.622032066275883366e-01,2.492479533563744631e+00
-3.334841570089251417e-01,2.050844903589760015e+00
-6.833303083344927087e-02,1.384316219687893756e+00
-1.409742797809911408e-01,1.060933281022507391e+00
-8.791971601844075779e-02,3.503079820297210212e-01
-3.121783011408058583e-01,2.088889352250368758e-01
-7.940115718237131803e-01,4.242939481647229893e-01
-6.069788336036714416e-01,7.982043239740739538e-02
-2.091097395460949152e-02,-5.092378081653098354e-02
2.461285113754390630e-01,3.529701590437464651e-04
9.562974886740218672e-01,1.627308981129099164e-01
1.845329928735764957e+00,1.572687426588890158e-01
2.053116681283968514e+00,-1.842395765235556315e-01
1.462402459386954900e+00,-2.848265039742259863e-01
5.817642618374853081e-01,-8.112880696068368591e-01
1.368864941989146600e-01,-1.498067183212307363e+00
6.573964919226138459e-02,-2.725613029784191177e+00
6.080401694205778140e-01,-3.588349864895091557e+00
1.245449055022864515e+00,-2.784097315750489354e+00
1.518499507322569997e+00,-6.804302653596494554e-01
2.218911380583022730e+00,9.221353786233105199e-01
2.639751330473806057e+00,7.513663789602291754e-01
1.548916146478560796e+00,1.446603506143994688e-01
3.607049722387590807e-01,1.968262857145016698e-01
3.316704054649433631e-01,7.608722203662225958e-01
2.215836328180171566e-01,1.108207116962613092e+00
-3.844184426381745678e-02,1.057988072408357905e+00
1.591424099180189233e-01,6.672941936641879623e-01
3.901189668140654376e-01,1.511948902174487241e-01
2.382991874105790109e-01,-9.693792749518252705e-02
3.332966581316053056e-01,-1.758638157841272975e-01
4.501630531027325244e-01,-4.079711276715178858e-01
7.587994477842564534e-01,-4.429234839311048666e-01
1.185846315126935835e+00,2.533744662748309978e-02
1.450564696324436742e+00,3.131714112409031414e-01
1.177411448605251820e+00,2.101980625066032504e-01
5.432339908730500211e-01,5.483925362810958548e-01
2.458311810519722140e-01,2.643375349623838244e-01
2.063616556954998155e-02,-4.877514872049845684e-01
-3.098778720671400144e-01,-7.778677749493253524e-01
1.775575313185397686e-01,-1.050724357553078692e+00
5.031032912288239123e-01,-7.578269273795297245e-01
5.535891175052350954e-01,-7.284570970783388333e-01
2.578395427200236845e-01,-8.338946384075647256e-01
1.066825300056321521e-02,-8.370677616470539872e-02
4.385244477416475051e-02,5.173173294414140644e-01
-3.030501285080523521e-01,4.588534662393061736e-01
-5.701415076328092413e-01,2.838636853395820614e-01
-8.135018106596759724e-01,3.429075489044507985e-01
-9.684895485903468604e-01,1.623474469406937792e-01
-6.053032818708407037e-01,-3.154964869269591410e-01
2.575303464019709776e-01,-5.645476708081561545e-01
1.496978894778566271e+00,-4.614677844250197891e-01
1.513099619632132020e+00,-6.334661468693023600e-01
7.692883800949341655e-01,-1.082499692860116491e+00
7.692883800949341655e-01,-1.082499692860116491e+00
3.995592281400188739e-01,-6.404009129266350353e-01
2.547935350173770042e-01,-3.836967452561963476e-01
6.894760348012973772e-01,-5.545475427654983358e-01
8.910502701747076149e-01,-3.529305954481114505e-01
6.767234901324612473e-01,-1.001139541281423212e-01
8.333796644049160443e-03,4.583754978767177329e-02
-6.119452359276409403e-01,2.863396284696719807e-01
-9.684895485903468604e-01,1.623474469406937792e-01
-1.024099945900426301e+00,-7.821593139752848348e-04
-1.002942274933249944e+00,-3.320461380222562014e-02
-4.414965070544872305e-01,-2.735297773366274776e-01
3.341691486583135695e-02,-1.187491569771718519e-01
9.853047705268059425e-03,1.656097736236609719e-01
4.451111260371029554e-02,-4.025593261350761398e-02
3.341691486583135695e-02,-1.187491569771718519e-01
-4.196959214815691730e-02,4.378780822650316790e-02
-2.090158442532072114e-01,-4.506672810166943988e-01
-1.906346640078035726e-01,-1.438561125391022211e+00
1.711774708214578236e-02,-1.972251256233684469e+00
1.092035219449945804e-01,-1.780663258410288163e+00
1.059855583131447399e-01,-8.420000748196790896e-01
3.169349273755477370e-01,1.198461853832973739e-01
9.213216451508499105e-01,2.995009949810168437e-01
1.329743021397294722e+00,-3.833094214098229507e-02
1.222568376087981301e+00,-2.957189320454713943e-01
5.601534673019452626e-01,-2.764886165473969815e-01
-4.390906303347298645e-03,1.839576978227638188e-02
-2.657108745922624055e-02,2.093348703515508433e-02
-5.558850729319242748e-03,-7.398865294129852721e-01
-5.087958268523483374e-02,-1.576542589219739776e+00
1.667643567337920990e-02,-1.447650668952023212e+00
1.331398791013985346e-02,-2.870555608598189812e-01
-2.206779244252848882e-01,6.877316894310510076e-01
-2.906529827788030818e-01,1.000583724689431353e+00
-5.705736437945311268e-01,1.187457292652204899e+00
-1.419257628191643805e+00,1.372504213139647433e+00
-1.987539018728793572e+00,1.810493535597004211e+00
-2.022193497081480551e+00,2.485476232142286523e+00
-1.820138832641473581e+00,3.162548866683748461e+00
-1.357150212081441376e+00,2.180850724878447444e+00
-8.009495755495308345e-01,1.392480365255001074e-01
-2.318653071688057399e-01,-5.849937102218865093e-01
-6.100694738235460518e-02,-1.210328994344157527e-01
-8.209237659954553568e-01,1.172393788402419645e-01
-1.779791488978489378e+00,3.884989870843550408e-01
-2.056102951143770508e+00,5.921890877866322622e-01
-1.983888428948015203e+00,8.181463684678893511e-01
-1.923689972453404229e+00,1.193458082444477153e+00
-2.122979284377452203e+00,1.213270070399486755e+00
-2.206186523701347824e+00,6.519223220103881333e-01
-1.687445568388627581e+00,-6.496984926203699939e-02
-9.382276924599374235e-01,-1.341117770723992741e+00
-5.621459531062217296e-02,-2.817343479032290876e+00
7.781656107265054745e-01,-3.299803823122209767e+00
8.808164429116025484e-01,-2.337884527393200962e+00
4.997904361788068628e-01,-6.740274316015842926e-01
5.047936662967229537e-01,1.683272025166130614e+00
1.033645830744058580e+00,3.406515136524821852e+00
1.523428997059801615e+00,4.334708157241352389e+00
1.800401980405024194e+00,3.534983773714406308e+00
1.412876606975352667e+00,2.133877256522775490e+00
6.430543786118514404e-01,1.179953439187154673e+00
4.549502824614284902e-02,4.848055708840108280e-01
-2.206779244252848882e-01,6.877316894310510076e-01
-8.511756616735211001e-01,8.003292766491887367e-01
-1.629183702470785811e+00,6.110026834779547222e-01
-2.056102951143770508e+00,5.921890877866322622e-01
-2.145900503340379739e+00,6.273334628299781501e-01
-1.744495096007027790e+00,4.123972756775998172e-01
-5.706783690409056309e-01,-7.673340574200511466e-02
1.014862887705330202e-01,-3.337963943758384677e-01
3.695656010338770336e-01,-2.381051896445865179e-01
1.198792013343696450e+00,-4.806520043045763718e-02
1.268570163298378572e+00,-3.380390434756098267e-02
6.898335935812952568e-01,-5.433967755505334507e-01
7.651275062295308238e-02,-8.029425890003432098e-01
-1.389085990523518110e-01,-6.511638524575110720e-01
-4.192610475388477420e-01,-4.978799086438915333e-01
-1.705349274289131578e-01,-6.777440276128999797e-01
-6.007197180246150181e-02,-8.186260029811569527e-01
-3.030455072364092173e-01,-9.508877360215853836e-01
-2.048975456497491021e-01,-1.248600452431396723e+00
4.029178244685590465e-02,-1.164963879192821405e+00
3.611856000299198954e-01,-8.337359263163087730e-01
6.445726660269531783e-01,-5.257571849578190903e-01
5.801067836804900679e-01,-3.399329496332890166e-01
-1.279217432194899862e-01,-3.813809178315855641e-01
-7.189520664137408756e-01,-4.690834832296576495e-01
-6.087413864971021882e-01,-6.021697328408340821e-01
-8.812943876085284067e-01,-2.530335094449468469e-01
-1.675351158019036113e+00,3.212169948549832288e-01
-1.606885409705887557e+00,7.315191995462761998e-01
-6.596624139234976703e-01,3.353363489502445560e-01
-1.774828599036042676e-01,-3.624224315154999099e-01
2.063616556954998155e-02,-4.877514872049845684e-01
3.421535216994502915e-01,-2.610536877696335578e-01
2.069575121265156137e-01,-2.456763181676666630e-01
-1.036223541212249577e+00,1.485865473386986657e-01
-1.500274650612156258e+00,5.727653048648765344e-01
-4.854414907037611915e-01,3.862708224574762927e-01
-2.037127552464091523e-02,1.602117833569877969e-01
-1.302933910111223892e-01,-4.787915271878961931e-01
-1.074003554945910932e-01,-1.134598389033725674e+00
4.029178244685590465e-02,-1.164963879192821405e+00
2.715889043013024473e-01,-6.695983214543171913e-01
1.803846905321243588e-01,-3.681341048890439116e-01
9.712692502523420646e-02,3.064666038383419278e-02
-1.068684086273190142e-01,-5.640649014662074689e-02
-6.433708597303045007e-01,-7.565754898505308024e-01
-7.943221449821991076e-01,-5.461812682079956183e-01
4.227110158004248469e-02,-4.546169419852431060e-01
1.532770018488273100e-01,-6.693831475957536803e-01
-2.787927455425764922e-01,-3.682144352892710026e-01
-2.687407764429461943e-01,-1.952081109073637577e-01
-1.056283238694640941e-01,1.241552102959006670e-01
-8.595267616474705497e-02,2.167731815347969104e-01
-3.773129459379482298e-01,-1.357696359490604965e-01
-3.284228543081570417e-01,-1.143454811029244622e+00
-2.229929128718932674e-01,-1.266157706787554682e+00
2.653162037245909155e-01,-2.929469014326124277e-01
1.055447889451540000e+00,8.578691563872876957e-02
1.214927493038823192e+00,1.307950138889434344e-01
7.834835952163842210e-01,-6.545630875754230617e-03
3.607049722387590807e-01,1.968262857145016698e-01
1.353280856028312717e-01,3.315295200927702024e-01
2.355022823725324288e-01,5.523199619748668521e-02
3.482701051375323709e-01,3.159058412051466980e-01
3.995177358076900664e-01,6.284213684722714799e-01
2.299011500839676925e-01,2.348904292625529078e-01
-2.239613137724369707e-01,-1.504280047111295204e-01
-1.264215216171517442e+00,-1.098653122855099529e+00
-2.916863648334498738e+00,-2.478719720604908527e+00
-4.590612955708920140e+00,-3.420220117045704278e+00
-5.393163025883675132e+00,-3.518704188304002223e+00
-4.748999318878400544e+00,-2.974418379431650994e+00
-2.740983843351844751e+00,-2.098031024733626015e+00
-9.265484790963323114e-01,-1.308837852869205509e+00
-2.494970438792288303e-01,-7.652214105788284204e-01
-6.584599771198533513e-02,-5.242730841359388716e-01
-8.386263886548103730e-02,-4.811995155802351598e-01
-1.012676909867188613e+00,-1.083247944512299776e+00
-1.586047182593431470e+00,-9.044072404913079399e-01
-1.557110651561840031e+00,-6.230547992332329255e-01
-1.590693874935066976e+00,-1.175604118950716037e+00
-1.517293640202484362e+00,-1.566485026283901849e+00
-1.557159069274053342e+00,-1.768125907496084670e+00
-1.656713305634548661e+00,-1.713108659081537644e+00
-1.517293640202484362e+00,-1.566485026283901849e+00
-7.494666156201790219e-01,-1.076031143662381062e+00
-8.386263886548103730e-02,-4.811995155802351598e-01
-1.629981918586510536e-01,-9.717318842020722380e-01
-7.559661287767757698e-02,-1.102268992967481376e+00
-2.253239864155552868e-03,-6.968524380987031197e-01
-8.386263886548103730e-02,-4.811995155802351598e-01
-1.534914512917846981e-02,-9.859686642345161234e-01
3.403541867667839727e-01,-3.940073091215678946e-01
6.343277119543238030e-01,1.074718106711595844e+00
7.482919310979695426e-01,1.497911657298910626e+00
6.353540170937013176e-01,1.062377624679029964e+00
1.573412326757911706e-01,2.723036222390723404e-01
-1.793445395939193276e-01,8.644017273422728298e-01
-2.735879010655192789e-01,2.103004017255754921e+00
-2.588579235874415851e-01,2.400802476125938334e+00
4.320803518217541939e-02,1.484982347106110767e+00
2.113735955988315096e-01,1.933187824569360946e-01
1.211672055712131879e-01,-6.019720190358324174e-01
2.312514288109806249e-01,-9.389441537775335966e-01
3.703312682749721474e-01,-5.573387729937612223e-01
2.555388058903937942e-01,1.017271267235882320e-01
8.409612421029584173e-01,-1.808623519191609325e-02
1.485086741033525337e+00,-6.969625416152817055e-01
8.482093570879222222e-01,-9.386241503725925028e-01
-4.983817414719407535e-01,-1.171060068871929483e+00
-1.493186791274061731e+00,-1.314268023919796802e+00
-2.072507868527052821e+00,-8.444010401371503383e-01
-1.896612794082400688e+00,-1.353817832298119528e-01
-1.054538819421920515e+00,2.164015865185101306e-01
-1.791640207182338129e-01,2.213668362812404589e-01
2.867581576783813646e-01,-1.273686260166163042e-01
3.558182636437330904e-01,-7.262450633532926414e-01
2.498966584110781930e-01,-7.038664673566026320e-01
7.830136248529341314e-01,-1.914496926569011770e-01
1.321161332279841893e+00,6.654179193145491611e-02
1.268570163298378572e+00,-3.380390434756098267e-02
6.898335935812952568e-01,-5.433967755505334507e-01
3.268752873056319369e-02,-7.225037373098637250e-01
-3.239326590959751839e-01,-3.118541597436155222e-01
-1.002583413707117899e+00,5.501449538835704312e-01
-1.002583413707117899e+00,5.501449538835704312e-01
-2.277671801920140293e-01,-5.169217167719474260e-01
2.551406635308764992e-01,-9.095702142710366811e-01
2.551406635308764992e-01,-9.095702142710366811e-01
1.419030460280219785e-01,-7.139522058741348820e-01
2.140711414862666584e-01,-8.545846322701815545e-01
3.088800160428630259e-01,-7.832904654234636999e-01
5.238612845840978638e-01,-9.218826923799753326e-01
6.641418826124086960e-01,-8.497167526543005778e-01
3.583557852789707732e-01,-7.736825013269507112e-01
9.895872410216162429e-02,-6.388641451419075912e-01
9.743199008114768189e-02,-1.424857795497058266e+00
1.193762022188864791e-01,-1.549807461831105071e+00
-3.978456941039055783e-01,-1.476371329650882247e+00
-1.098182313505626118e+00,-1.933010409940210117e+00
-1.139691765795572964e+00,-1.509201076752258341e+00
-6.118849363032956568e-01,-5.607369855267633207e-01
-1.056283238694640941e-01,1.241552102959006670e-01
2.058973930438042221e-01,2.761862202213646866e-01
2.726627172475912242e-01,-9.897557477234025791e-02
5.927351937293319217e-01,-3.191477886276015696e-01
5.354327614792385726e-01,-2.139915272236679947e-02
2.109883609787512604e-01,4.439705508923075250e-01
-1.042241863045809819e-01,1.203401747850257886e+00
-1.737588627357104509e-01,1.525288878917544055e+00
1.882623388159503641e-01,1.049484159716775222e+00
9.926438185151691407e-01,4.341537646935372252e-01
8.348685499217399775e-01,-5.290358549021445707e-03
1.860768248934193403e-01,-7.625266597984452499e-01
3.236567295916936704e-01,-9.485936572922624155e-01
3.036866528426706568e-01,-4.469098092224482177e-01
-1.004158797291405392e-01,-1.438487315981356318e-01
-7.355927568454864174e-01,-1.857249912955012960e-01
-5.441671913631589419e-01,-5.695637606339214454e-01
2.036319642879969305e-01,-1.460614336901452370e+00
4.007862370730460588e-01,-2.256345357521656769e+00
2.502540577290748303e-01,-2.404775922622364615e+00
1.698333559361249745e-01,-1.839884011281621712e+00
-6.436165008669505472e-01,-1.470220212936853121e+00
-1.064052931335864649e+00,-1.182044900366096218e+00
-6.201778567851294888e-01,-5.657359693399218736e-01
-4.020889829327935483e-01,-6.024307947210379988e-01
-3.098778720671400144e-01,-7.778677749493253524e-01
-3.807001687496229247e-01,-3.059819321998956121e-01
-3.783199817864476566e-01,1.641316053414188236e-01
-1.808844520878662154e-01,5.054956568511230763e-01
2.782183169079018303e-01,1.363604637404462583e+00
8.680981939404373016e-01,2.630950539106121866e+00
1.008750093527026159e+00,3.020546370339408426e+00
5.598729272428624171e-01,2.405905260061058648e+00
-8.903165786586049457e-02,1.238353556774373532e+00
-3.400827072551031449e-01,5.277757387574569803e-01
-3.415092442704375508e-01,4.472916368531501541e-01
-3.122424223641093177e-01,3.683971462768574345e-01
-2.167597275700096707e-02,4.221312504958530387e-01
3.821658356951484342e-02,5.604310560964292920e-01
-2.305226713485147502e-02,7.181713190056909779e-01
-1.063148828792938316e-01,6.666708138933872263e-01
-3.287680188666332048e-01,-2.817901465605156947e-02
-4.862612443467730916e-01,-6.252088420426581417e-01
-5.415244388510290774e-01,-5.914893857224877705e-01
-3.596296619296371899e-01,3.262638340165244493e-03
-2.167597275700096707e-02,4.221312504958530387e-01
1.676546345494778212e-01,5.191871226987493371e-01
-1.054251609554452684e-01,4.168817224694376100e-01
-6.264712328742494396e-02,4.320367021967716492e-01
-3.570858871906856108e-02,3.897086874241642018e-01
-5.472255550836861993e-01,7.497093706593442597e-02
-6.246885392349944555e-01,-3.414659321830962879e-01
-3.252498856030183738e-01,-7.432738968006138425e-01
2.193996367620789645e-01,-1.468886476625004933e+00
4.074919253197695768e-01,-1.201480179951584848e+00
-1.487999722847308803e-01,-6.679755034984177220e-01
-1.267234376253328632e-01,-3.994003882587399690e-01
9.399389248860949564e-02,2.977447869048184259e-01
-9.985675790606689251e-02,-1.554329554027908053e-02
-3.252498856030183738e-01,-7.432738968006138425e-01
-6.923688201414541776e-01,-7.967640360754684181e-01
-9.666305505861617631e-01,-4.361252791689313457e-01
-6.715850381487519227e-01,-2.155873155133293806e-01
-4.496322166580332680e-01,1.824819654136932562e-02
-2.177534697726398252e-02,1.501953098563440503e-01
4.482691945484918450e-01,-1.428979668295556615e-01
7.261094699730218371e-01,-1.428026344458292185e-01
1.295415737754711971e+00,2.916311593194890195e-01
1.844056979290889631e+00,6.623814909783162230e-01
1.891993383244112703e+00,4.182990468821601304e-01
1.179273747563357455e+00,-3.311664763443210036e-01
6.821718461758311536e-01,-1.374006463487841945e+00
3.741908051718780825e-01,-2.903317425176552113e+00
7.678826169959214812e-03,-2.899384025051358282e+00
5.042725752469012085e-02,-1.289019143508538745e+00
8.581843413002650245e-02,-1.944751643061005952e-01
2.106665601243498664e-01,-1.866380619205549318e-01
2.229524287725185849e-01,-3.028248506656771588e-01
2.328906217880427620e-01,4.244561716484384489e-02
4.615151564321537392e-01,4.147799422877330722e-01
8.237112433994034921e-01,3.664696427877143781e-01
7.444533782223455853e-01,1.800093977828931546e-01
3.551577012902660813e-01,2.998590036031307804e-01
2.101507625059831630e-01,7.049140551144607025e-01
1.031329639903017931e-01,8.447476646166527381e-01
-1.063148828792938316e-01,6.666708138933872263e-01
-1.727009075315473763e-01,6.529248884744794923e-01
-1.033069427132264073e-01,6.656007364746876487e-01
-2.284375080156611781e-01,4.392093176882453931e-01
-2.713310476332030929e-01,3.806319509913837495e-01
-2.167597275700096707e-02,4.221312504958530387e-01
3.645136603614275161e-01,5.449291419482247267e-01
3.905084790477191259e-01,3.230647220030956612e-01
3.856020041891921601e-01,3.293189591275823558e-01
2.172845202760692596e-01,5.015853037301252204e-01
4.381794993744842978e-03,3.495513707972074113e-02
9.676707472234617746e-02,-1.104633480436820331e-01
9.686312199507302045e-02,9.654873292912058425e-02
1.071984219382830783e-01,2.911863806771450291e-01
2.904709063836946603e-01,4.650639474985960309e-01
3.020258069469047846e-01,3.447857118849246283e-01
-8.602374431539921290e-03,3.055047085597847323e-01
-1.698311076401435027e-01,-3.319900912258000325e-02
-1.650748601022024586e-01,4.677961050065710530e-02
-1.039187416356392585e-01,1.804163820225021531e-01
-3.400734933940208760e-01,-3.274860802213806488e-01
-6.405575467760432629e-01,-3.085172631668551824e-01
-6.046758947529593531e-01,2.448595628610271413e-02
-1.983669282660490696e-01,3.373073703283018254e-01
7.353764964446107659e-03,4.543350355624062309e-01
4.785691604722071557e-01,1.111723030325565853e+00
1.273984779220870278e+00,2.227018174624155300e+00
1.594113351916430776e+00,3.282193272251806793e+00
1.118785570530343554e+00,3.291720255540341533e+00
5.560326593200586309e-01,1.660620125160470861e+00
6.763720621088015195e-01,1.040445669099853809e+00
7.635690855560273160e-01,2.082191531719327138e+00
1.099230266264457495e-01,1.687095005064897624e+00
-5.204947108721950100e-01,3.342588999882954992e-01
-6.804467806210990899e-01,7.916579020834460523e-02
-8.203775895445273303e-01,2.502010827530383730e-01
-1.052462489932166623e+00,1.610658305497992826e-01
-6.601555401892745811e-01,1.422772649365384445e-01
1.106636861108684228e-01,4.738619001597089153e-01
3.638814445434233047e-01,6.923377642142547472e-01
1.992034513092076076e-01,7.943080069490703332e-01
2.557246790194917518e-01,1.648645043231247609e+00
7.542118788070552027e-01,3.189279791487787730e+00
1.372930115299285214e+00,3.911559946748462302e+00
1.410691714664498386e+00,3.552977520440274706e+00
1.232495014921770826e+00,3.450522318169761071e+00
9.252741038409569851e-01,2.594620550538446757e+00
5.123965951175486477e-01,9.737834048572406864e-01
3.602820026996111230e-02,-1.241691937054628936e-01
-3.209396305553222639e-01,-2.870129301405948685e-01
-1.752254300900693562e-02,5.235896611278795243e-01
8.028138217321266756e-01,2.222024339208653831e+00
1.232495014921771492e+00,3.450522318169758851e+00
1.194733415556555656e+00,3.809104744477949556e+00
1.345378864928786111e+00,3.981508463070268178e+00
1.357415500646400153e+00,3.190980306372402708e+00
9.223631490508343855e-01,1.648578011497634943e+00
7.040309747129874784e-01,3.689826114100480114e-01
5.432339908730500211e-01,5.483925362810958548e-01
9.181517404726989920e-03,6.138152521401695205e-01
-2.934044369381808570e-01,2.188412209362446958e-01
-3.377147039162561315e-01,1.115333854617988479e-01
-2.630414113662956077e-01,2.814440849636378750e-01
-2.630414113662956077e-01,2.814440849636378750e-01
-1.427885936288664781e-01,-9.246988608562536904e-02
-2.407467631512940909e-01,-3.129514805201663585e-01
-4.666429952165468409e-01,1.817154811167229211e-01
-5.827094090398594606e-01,1.105588628695925557e+00
-5.506291278508405052e-01,7.814553133792403461e-01
-2.296457535222303781e-01,-3.473406089890206938e-01
2.084303359923002363e-01,-6.291783685043795815e-01
6.133448313458113033e-01,-4.025910159965928603e-01
1.195306574127019239e+00,2.763577663622045471e-03
1.475717550380205800e+00,2.775640676785955385e-01
9.295296331603869477e-01,-1.122551479028952200e-02
3.955823078672111581e-01,-2.453495088552483383e-01
2.924094927516955322e-01,-3.378311645308572642e-01
4.102402601963110740e-02,-6.442017129878827575e-01
-2.810349664584780444e-02,-5.265723997733957606e-01
-2.010382787535132110e-01,1.828589226275590118e-01
-4.666429952165468409e-01,1.817154811167229211e-01
-8.060913047524047581e-01,-4.110513666624067697e-01
-6.335680090786133256e-01,-8.230036739428155459e-03
6.365706693955541784e-02,6.587493188721595949e-01
9.820574495284444261e-01,8.109819913099414190e-01
1.039006483419795845e+00,6.383111769258331680e-01
1.303327181460187112e-01,2.038513278555684760e-01
-3.233899773285822676e-01,-2.967764412133737650e-01
-1.753613051878216422e-01,-6.589148321276417919e-01
-2.284678335335950938e-01,-7.333689994633064702e-01
-3.671322406462215193e-01,1.119029272723604017e-03
-3.400827072551031449e-01,5.277757387574569803e-01
6.284644613293006721e-01,5.919656115198784763e-01
1.131987948574921798e+00,5.169173672070989101e-01
4.365320640498155380e-01,7.350062324816614145e-02
6.900080788493767603e-02,-2.957211559717323190e-01
-2.366127569310183254e-01,-8.385761277820781290e-01
-2.410365142457857601e-01,-1.133270046709142775e+00
-1.522280993466980092e-01,-5.934969474257162370e-01
1.296085276632013006e-01,-2.929425206652209734e-01
5.699483174433176425e-01,-3.810866771669761399e-01
2.139933344897956835e-01,-4.886469546920539919e-01
-5.795024877147533227e-01,-4.360767775469033269e-01
-8.022473938399882210e-01,-1.669235753113542386e-01
-4.833954306555107161e-01,2.107888683260415452e-01
-1.698311076401435027e-01,-3.319900912258000325e-02
-1.644874001017867238e-01,-4.215919254043756226e-01
5.785398518657578620e-02,-3.615499336909802075e-01
1.915319037543207203e-01,-4.010097565531275943e-01
2.209020698326974452e-01,-3.838992454420819822e-01
4.180129445976902280e-01,-2.306677175315750006e-01
3.567919134253931257e-01,4.111942777525688930e-01
-1.347844054943342085e-01,5.853434048778610732e-01
-1.029885361921836218e+00,-3.494600075107425624e-02
-1.810629909155741624e+00,1.319686067619415260e-01
-1.371863864226705809e+00,8.495861040669011599e-01
-2.558617687524230022e-01,1.079234028104448129e+00
4.299668987681659615e-01,7.295509671492637072e-01
3.733361401788901635e-01,1.808100458567974689e-01
4.089386980057202470e-01,2.431269383639414472e-01
4.655694565949946018e-01,7.918678596564088235e-01
-1.044963779877339516e-01,6.365620149978896691e-01
-4.860648699152900765e-01,3.584169886171273845e-03
-2.930193353695046965e-01,-1.602594698766923453e-01
-3.880695452099209297e-01,2.335080078247612489e-01
-9.328661465745000658e-01,1.579289529925812063e+00
-1.817050205851934885e+00,3.178993496726165713e+00
-2.770876449507248651e+00,4.573332591599862162e+00
-2.280567212121745069e+00,3.763580961025076110e+00
-6.148441544236524781e-01,1.280864836289947073e+00
3.579792057284549300e-01,-2.344430466764822196e-01
3.931774520945718887e-01,-4.646989494097298889e-01
2.090673762489817233e-01,-6.756173992440336340e-01
2.450189642075210200e-02,-2.634540954917707345e-01
-5.061754652960984147e-02,2.005303004644601594e-01
-1.550410195448367889e-01,-3.238353150595832952e-01
-2.588551676439722615e-01,-4.251620239938653789e-01
-1.594749555010695208e-01,-1.891863864949067942e-01
-2.538300302815532650e-01,-1.653027507626071146e-01
-5.999375504656389024e-01,-3.906461686492660457e-01
-6.087413864971021882e-01,-6.021697328408340821e-01
1.066825300056321521e-02,-8.370677616470539872e-02
7.994317204165647395e-01,2.044515131712885680e-01
8.538200981286961921e-01,-1.060915457611231877e-01
5.018697968453218056e-02,-2.577011408214600063e-01
-3.596296619296370789e-01,3.262638340165279621e-03
-2.167597275700096707e-02,4.221312504958530387e-01
1.676546345494778212e-01,5.191871226987493371e-01
2.160872015424636916e-01,7.676059588554379198e-01
-8.100055739000064925e-01,9.604594989783284964e-01
-2.560792937925261192e+00,9.251418159910005379e-01
-3.541881254124016110e+00,9.731065211991525299e-01
-3.400232495138699296e+00,1.050303005070228890e+00
-2.584008871109507499e+00,1.054594759453798991e+00
-1.015494657263880107e+00,7.446928152460082773e-01
1.300846717063401381e-01,4.767514211817466818e-01
1.741021227819833928e-01,7.136072900243803363e-02
3.535353266212842849e-01,-1.043307062530719476e+00
8.273798769708332612e-01,-1.409896564180354694e+00
1.369582633209480038e+00,-8.623851139157108214e-01
1.418592269121717431e+00,-3.151057878200586582e-01
5.962521720135426362e-01,-2.525544911406416015e-01
-2.520828378231210753e-01,2.390513121207590158e-02
-2.589473441508412521e-01,6.440125314290638947e-01
-2.848558309836922153e-01,7.404270520220136431e-01
-3.206431790159819939e-01,4.908212269563070884e-01
-1.121890201987521818e-01,4.154604275695590321e-01
-4.130821195328260309e-02,-3.792744939459018194e-02
-1.534914512917846981e-02,-9.859686642345161234e-01
3.876325400563417345e-01,-1.283864472583082117e+00
2.703294345669138843e-01,-7.987581760826810706e-01
6.761091337601288220e-02,-3.696648971708448861e-01
-1.423073109961104366e-01,-5.496101260102820296e-01
-5.030310738929949510e-01,-7.626656374105523772e-01
-9.551299428265832558e-01,-1.513143626646037632e+00
-1.228030385108732858e+00,-2.549652617375540054e+00
-8.120825633002795030e-01,-2.815595816560553910e+00
1.525422531753536648e-01,-2.235983581965181433e+00
1.121342853716405186e+00,-1.202952346742592660e+00
1.418592269121717431e+00,-3.151057878200586582e-01
1.439540458121203459e+00,7.534039582805032720e-02
1.523863656163975344e+00,-9.775605974626823402e-02
1.323935959677992935e+00,-7.062725981707873579e-01
1.178559966010267912e+00,-1.271883260573443364e+00
1.191424279119075003e+00,-1.389670627614890686e+00
1.177799934228594747e+00,-1.272993447740994322e+00
1.027006452163393035e+00,-4.922815041158530303e-01
5.432339908730500211e-01,5.483925362810958548e-01
4.941848783217600016e-01,6.165431107799077548e-01
8.130415500308519894e-01,1.673818403704938618e-01
8.914243885641223164e-01,4.544799424200224314e-02
5.221402584412379033e-01,-5.401091030746862920e-02
1.443230183430654900e-01,-5.041764628576797524e-02
-9.770309363047589846e-02,3.616972270031190151e-01
-3.128166536848967505e-01,3.818879402147348778e-01
-4.428239504154692363e-01,1.312535316108954797e-01
-6.427847104353910934e-01,-4.502746221355860556e-01
-4.509920619063808034e-01,-5.601702264386434482e-01
-4.412653970490897914e-01,-5.762630432085035226e-01
-9.078630924264767810e-01,-1.350997727425713224e+00
-6.607697455349562654e-01,-1.821057105690422784e+00
4.539948020633166048e-01,-1.451223608939387955e+00
7.555646917938328988e-01,-5.817494358193434634e-01
2.314259336535268163e-01,-1.422570370926271865e-01
1.144806003193427069e-01,-2.244937423786843300e-01
6.786480952661012589e-01,-4.105315995497757497e-01
1.384021108238560283e+00,-6.499744481133589158e-01
1.482061568096736170e+00,-9.608908655445641545e-01
7.882777052582871091e-01,-1.211748223549835579e+00
-1.452279966206838913e-01,-1.419735143542033340e+00
3.794147270178137299e-02,-1.571058481240213744e+00
6.430352719944502082e-01,-1.828907877480054012e+00
5.976535012943798852e-01,-1.460044689002637508e+00
2.898230933605277504e-01,-5.312420630899193918e-01
3.009310874995239082e-01,1.646094344744240823e-02
3.330195555362959192e-01,-2.009950436655252026e-01
1.879606199835727187e-01,-2.512576569990134304e-02
6.397203435446188746e-02,4.188650907667661877e-02
6.397203435446188746e-02,4.188650907667661877e-02
1.483428658043533799e-01,-1.558753412547669026e-01
-6.430859793137551350e-02,-9.660420186155016520e-01
-3.053169020785708732e-01,-1.726598824515531039e+00
-4.714411935088002048e-01,-1.646173563915641180e+00
-4.174480226428231022e-01,-9.728005394018454099e-01
-4.608965664080761915e-01,-2.891478145720415283e-01
-3.758902622132939131e-01,-9.982252126815933935e-02
-8.151551323684880224e-02,-1.366401751809004916e-01
1.426688160265899563e-01,-9.351827224545075090e-01
3.774034467934109793e-01,-1.418035446574040126e+00
2.841317056825211629e-01,-8.004482285694151100e-01
2.415069605855209023e-01,-7.183238970768336396e-01
-4.065840098905030425e-02,-1.519593193323770519e+00
-3.546305846043252274e-01,-2.242501614179993386e+00
-1.483190532346928547e-01,-2.237523165047176299e+00
2.053184348900305434e-01,-1.886446073282378455e+00
3.350512093051092877e-01,-2.024550709798734083e+00
1.983178472026376760e-01,-2.149620212942048969e+00
1.913576948780999765e-01,-1.250579955130720622e+00
3.365224164177158528e-01,2.148610842966913043e-02
2.396373769932396425e-01,7.806034024081617284e-01
1.201928094353302105e-02,8.008123328188464507e-01
1.347697830667890784e-01,7.866081913366075318e-01
-1.280542215523366480e-02,4.755279510461919434e-01
-1.355559242784885043e-01,4.897320925284324722e-01
1.201928094353302105e-02,8.008123328188464507e-01
-1.130801544762471446e-02,5.111540392796471988e-01
7.635542807599482451e-02,5.988964750050523173e-02
2.164621880364743511e-01,-4.277127721755185491e-02
-1.731355831077285579e-01,2.953975680828759107e-04
-6.722961931563197213e-01,1.378747028175465184e-01
-3.909370621710775984e-01,1.598916284626773210e-01
5.456713624972284876e-02,9.062242522854407900e-02
-5.717973093671802065e-02,-2.102300904385520294e-02
-9.151713073140697874e-02,-9.116920066300937542e-02
1.841523337563178708e-01,1.688777569454534555e-01
-6.559363880868671060e-02,-4.039610158517971117e-01
-8.386352250624985460e-01,-1.518129216917127433e+00
-1.467553940110283950e+00,-1.787631884800628956e+00
-1.689757874328816634e+00,-1.371930583422015237e+00
-1.267590871216010218e+00,-7.961067089966203936e-01
-6.742583531516526119e-01,-3.507836330170231998e-01
-3.527788781247013783e-01,-1.122307731955623084e-01
3.817865685589332259e-01,-1.624884349888902346e-01
7.937561636253506192e-01,-3.232462787053766440e-01
8.491996156831158604e-01,-3.587663152099215824e-01
4.058854713611290688e-01,-1.202131454796151466e-01
5.456713624972284876e-02,9.062242522854407900e-02
2.128065599908174899e-01,-2.977161398661593017e-01
4.724450342221578336e-01,-6.977893000976458371e-01
6.810915375894184276e-01,-8.236296292717281142e-01
7.020460980138498730e-01,-5.022338020209766718e-01
1.256864092252887311e+00,-1.021652370222681377e-01
1.741670576348449462e+00,2.523563345228073129e-01
1.472643825910941784e+00,-4.830802674234709049e-02
6.331925220534690979e-01,-9.713083950158231117e-01
-1.225604928542328720e-01,-1.721675909817239614e+00
-2.438662707155072884e-01,-2.010984591643572905e+00
8.697344523544267569e-02,-1.812427102410722135e+00
3.109302228425356862e-01,-1.301923568406863518e+00
4.084287346364934845e-01,-2.358329661933679378e-01
2.172845202760692596e-01,5.015853037301252204e-01
4.980070144672623517e-02,8.518549538700623813e-01
3.622746483564186493e-01,1.091771739241697237e+00
7.000925991647223290e-01,6.627772297968073101e-01
7.635147645250566217e-01,-2.342790921292129125e-01
6.943007546328201496e-01,-8.205369482497880673e-01
8.082399969023666975e-01,-4.183073185915082148e-01
5.723722413114936680e-01,3.705283539869725917e-01
4.181119788346815414e-01,5.242139703331408773e-01
4.425659262400509775e-01,5.667889815501067075e-01
3.055134645252628456e-01,5.879959005074811840e-01
4.304522330984190265e-02,2.757645003886242119e-01
-8.590850988013304379e-01,-3.214455578365409960e-01
-1.761287942151300356e+00,-6.090590829732323019e-01
-1.562757312943783505e+00,-2.885739434532693659e-01
-3.866029855253305114e-01,2.049340555148740639e-01
1.156534884838927635e+00,-8.326431334866293277e-01
2.064658104551925000e+00,-2.699678701675197523e+00
2.637453654135962555e+00,-3.594226111387749611e+00
2.491772903091639346e+00,-2.916644584865641487e+00
1.731269962765401571e+00,-1.355034306387230103e+00
6.548060997524732807e-01,1.469731900651746748e-01
-3.689104790391348199e-01,1.221051215801577161e+00
-1.206714691171376641e+00,2.040000745625483169e+00
-2.021969349533943916e+00,2.736228270420251629e+00
-2.688026674488908085e+00,2.901381060467503215e+00
-3.047873476349225008e+00,2.416349669653526266e+00
-2.607188265146296313e+00,1.508875686015930473e+00
-1.777019697063471959e+00,5.790777812790215417e-01
-1.357432864501755487e+00,-1.124228143553226700e-01
-1.117058628272131537e+00,-4.227561463615483461e-01
-1.186763342065806581e+00,-6.417601131948459381e-01
-1.096008807405708607e+00,-6.874326035062533480e-01
-4.117683022690439287e-01,-3.343490189828331460e-01
3.577674379960921192e-02,-2.704917937522208771e-01
-1.585849839831425523e-01,-6.626661931546922180e-01
-2.825089645325772336e-01,-8.502257543092653913e-01
-2.536540620665826973e-01,-6.103099743414429623e-01
-3.446065855987226478e-01,-3.528325268209581145e-01
-9.707165637930571522e-01,-4.768086364663869370e-01
-1.489774221934457188e+00,-9.898075939479615837e-01
-1.049132279329549000e+00,-1.300966976995787672e+00
-3.999321942889726977e-01,-1.383045389872064934e+00
-4.589033673257700285e-02,-1.125520054191228692e+00
2.185391559771435732e-01,-3.575920062566282365e-01
-4.283311287330061889e-02,1.518768507861243400e-01
-5.095056429059107161e-01,1.695867327480174713e-01
-6.959796856461586412e-01,2.528016228869037207e-01
-4.450107143330604420e-01,3.779281730037055143e-01
-7.104673768372124498e-02,3.755998598606795080e-01
-4.136420293713268664e-02,2.196486904788327033e-01
1.060592905594723190e+00,2.391680815875135702e-01
2.034567878146113618e+00,3.490260554310582741e-02
2.324617925700279919e+00,-4.773392865494858195e-01
1.546695818672896738e+00,-8.555795485045993853e-01
3.590762251639383895e-01,-6.073612116025776109e-01
-7.507825241983484554e-02,-1.246143272140011610e-01
1.298908777340813114e-01,-3.911918908884884916e-01
4.791899915604906912e-01,-7.800686082114710596e-01
3.244344329201786364e-02,-9.495356815145378215e-01
-4.654272843140263571e-01,-6.975570733569056436e-01
2.735800727197836846e-01,-6.188617148057727890e-01
8.324993498520220081e-01,-7.270529828315626109e-01
7.019760728705329855e-01,-9.027598881193934499e-01
-4.403524635626803602e-03,-9.772964359689593206e-01
-5.434857572361834199e-01,-8.536411687193091735e-01
-5.434857572361819766e-01,-8.536411687193091735e-01
-5.109653762463886029e-01,-7.119776893129372564e-01
-4.286535119361032931e-01,-4.079148175367652840e-01
-1.233257480747685236e-01,-4.430582486304305845e-01
3.449211924844167720e-01,-7.320908386981874738e-01
5.555877528386862219e-01,-6.992958340003880835e-01
4.446438360895990649e-01,-2.945817615184239679e-01
2.314259336535268163e-01,-1.422570370926271865e-01
1.144806003193427069e-01,-2.244937423786843300e-01
-7.909545301812598295e-01,-6.876243660364477206e-01
-2.675028461304858940e+00,-6.771580246279233772e-02
-4.698976746094122525e+00,1.483640945877546136e+00
-6.906258688935388079e+00,2.683652238337434159e+00
-8.311902613216938462e+00,3.267208740974441028e+00
-8.132251825342663665e+00,3.281973102726015057e+00
-6.047840191113254882e+00,2.705641262358157828e+00
-3.134731515035007909e+00,1.759298431944501084e+00
-5.253145308259795643e-01,9.366349640741695737e-01
5.095336740255538288e-01,3.668870499724224410e-01
7.938755383463964588e-01,-4.786108915485273729e-01
7.722935142804527864e-01,-8.255136561473506163e-01
6.746389017181793069e-01,-6.543140671203612202e-01
-2.489911451292707578e-02,-7.166974003290275119e-01
-2.439143397722524920e-01,-2.801544621359971510e-01
2.413845582657469513e-01,1.537246170034669013e-01
4.649639801050858279e-01,4.645452532701096343e-02
7.042812619711237287e-01,-1.291184153868526197e-01
3.959416450878394111e-01,-1.400527780689448387e-01
2.614823300225946889e-01,-2.893521110599212021e-01
6.043822611345949225e-01,-6.820795608215018957e-01
7.104630562066513999e-01,-9.527524847307065059e-01
6.641418826124086960e-01,-8.497167526543005778e-01
6.641418826124086960e-01,-8.497167526543005778e-01
6.170276753248580270e-01,-8.686540883288444981e-01
5.672659262637784749e-01,-4.578159806355078798e-01
4.639168894674592369e-01,-1.212157516685827136e-01
5.570943845439085829e-01,-1.547073046126689333e-01
8.364310620898295356e-01,-1.546264942267165932e-01
8.364310620898295356e-01,-1.546264942267165932e-01
8.272277794294675968e-02,-5.307968029190549553e-01
-1.202483836845520626e+00,-6.877732220909652527e-01
-1.333576059262414404e+00,-5.156860601684114531e-01
-4.184491374221483428e-01,-4.034828532182059280e-01
3.421535216994502915e-01,-2.610536877696335578e-01
6.064727011607342622e-01,-5.758062685009767145e-01
3.146434177121995024e-01,-1.444757750037543698e+00
-1.344685112565079388e-01,-1.569593735099039655e+00
4.714384901844761305e-02,-9.423338828127044708e-01
3.421535216994502915e-01,-2.610536877696335578e-01
9.046833652247464608e-01,-1.199920134438295094e-01
7.432739413517573945e-01,3.262516295288658275e-01
5.081160050542347095e-01,3.942777581700520617e-01
9.815169115586658277e-01,-2.137593433511816299e-01
9.297983438821154634e-01,-3.735416141500060294e-01
8.364310620898295356e-01,-1.546264942267165932e-01
5.826884400106595585e-01,5.058315832820545754e-01
4.906296101018754463e-01,2.059208016756579163e+00
3.957943506908462861e-01,2.971963432072704858e+00
-4.743240602426467833e-01,1.929056579391825732e+00
-1.181654215123859153e+00,2.080641988396600139e-01
-8.445637271909688382e-01,-5.027883396120895743e-01
9.441498551304572384e-02,-5.193771503560787872e-01
1.624910822550982070e+00,-4.691190434073300164e-02
2.572100374169254078e+00,8.258404907223415581e-02
2.571151372658393441e+00,-2.329189089526431111e-01
1.444478970702902876e+00,-8.400143365033305720e-01
6.391012614070126219e-01,-1.252120676846152358e+00
7.008267336630841227e-01,-1.200695124712144235e+00
3.435136104150993686e-01,-1.117844360316680330e+00
-1.054137389444723127e-01,-1.062096367235848993e+00
-1.155727205220455023e+00,2.093732326011810488e-02
-2.263753960139506916e+00,1.354936616659253357e+00
-2.707225069460066358e+00,1.937917447594320830e+00
-2.088928309448657483e+00,1.436923825631131635e+00
-8.557168379880296660e-01,5.026216948667775464e-01
1.871557280177524318e-01,2.379445755678469554e-01
2.967757726271383345e-01,7.192266114721981851e-02
1.303767324257395777e-01,3.650698448330144674e-02
1.045472621693875059e-01,2.864900311245676678e-01
6.301881867742285814e-02,-8.990674505928049343e-02
4.839865558569194093e-01,-5.170213187104394370e-01
7.808545811703745398e-01,-5.409447168411312123e-01
4.238015190527709697e-01,-4.232053480593385153e-01
-2.952818853489920861e-02,3.100053064523048199e-02
2.456000809035866483e-01,4.858455704353289439e-01
4.982076162404783792e-01,3.836816825279014131e-01
4.433610757277967607e-01,3.425490319703710096e-01
7.550046766626504757e-01,2.738370833372132385e-01
9.610799329994964557e-01,3.736330983733921612e-02
7.665108891383383138e-01,1.648894514678278245e-01
4.982076162404783792e-01,3.836816825279014131e-01
4.433610757277967607e-01,3.425490319703710096e-01
3.684302020305353365e-01,4.714600505147057974e-01
2.952942507080447143e-01,1.340648545232335231e-01
1.803750910078197323e-01,-2.438201562127416400e-01
-1.806316139550511596e-02,-2.247198622189678086e-01
-1.887083279651013135e-01,-4.449836037966612978e-01
-2.958982977285907201e-01,-7.830685638785118696e-01
1.798295741282658344e-01,-5.383446004989316247e-01
5.445404042073543893e-01,1.427601544780485454e-01
3.936023515023727160e-01,6.997088634507012128e-02
2.008336080899792708e-01,-3.134651500703812266e-01
-1.529931217884182848e-01,1.175347982550899312e-01
-5.111134177669482970e-01,1.011904997336677603e+00
-8.134074622192631887e-01,2.144254895537467842e+00
-6.291577138911556011e-01,2.415866214584584615e+00
1.934007946227535302e-02,1.459566044578753052e+00
4.001343055237459034e-01,5.165527506294810278e-01
2.007585746553412209e-01,3.554842806707564917e-01
2.439236369904159707e-01,6.160413684276180302e-01
2.773913937790745687e-01,3.558165572687161937e-01
5.801067836804900679e-01,-3.399329496332890166e-01
7.372884226093021631e-01,1.208474388303109048e-01
4.297543884308666073e-01,6.043340145488844684e-01
3.852136066242843326e-01,5.530326597911012776e-01
5.223873281186047768e-01,4.468505995688509813e-01
6.062377990224018243e-01,1.261799021622224404e-01
1.245242173471268643e+00,1.355066987775294385e-01
1.657146995781674237e+00,9.670783714947905896e-01
1.099660867288455801e+00,1.394473050165671690e+00
4.908541755026728515e-01,9.947719532837114853e-01
2.254179209423598229e-01,5.417573892144861292e-01
2.952942507080447143e-01,1.340648545232335231e-01
3.150122909442615859e-01,-3.268597160551838243e-01
2.134957004326928920e-01,-3.017700011301803764e-01
4.789770543458756746e-01,-7.104711475884912808e-01
5.181788763863878211e-01,-9.074330579712529543e-01
1.653433838883486828e-01,-5.301583394949178629e-01
-2.091097395460949152e-02,-5.092378081653098354e-02
5.456713624972284876e-02,9.062242522854407900e-02
-3.107718293928337649e-01,-1.052116990326843249e+00
-1.374083882380902732e+00,-1.954411012497629496e+00
-2.485990839822346032e+00,-2.372340286371652507e+00
-2.185928556651362875e+00,-1.860262485772329999e+00
-9.695511624442744170e-01,-8.439433325234820815e-01
2.111019562120832749e-01,9.669706657751554746e-02
6.123976293695334583e-01,2.707764981069072374e-01
8.073942211617575193e-01,2.810872398124831389e-02
6.715413259745367514e-01,-3.832344480005581699e-01
5.077851063611618088e-01,-7.170009791256540810e-01
5.473103064837312459e-01,-1.052027179995647765e+00
3.446699186936416637e-01,-8.361032032453056262e-01
4.075734936974418909e-01,-5.121454111051172431e-01
6.943007546328201496e-01,-8.205369482497880673e-01
5.758827428420583150e-01,-7.768495015136395176e-01
5.178703122852461593e-01,-3.676521816541958310e-01
8.072825577557135590e-01,2.584268634059174591e-02
2.007114647261372120e+00,5.562252393121353000e-01
2.581834942341403316e+00,1.303334082315136921e+00
1.886507420773265720e+00,1.799055108840535544e+00
1.192623708134441296e+00,1.548788893611398043e+00
6.417022635584744839e-01,6.384261542741784812e-01
4.767049675725115176e-01,-7.946144092078454013e-02
5.730608122113050040e-01,-3.735284526952455386e-01
5.018621948709908187e-01,-3.030753339636452215e-01
3.687676348148640204e-01,-1.711910630146723789e-01
4.180129445976902280e-01,-2.306677175315750006e-01
5.800181672593343052e-01,-4.290291407033860471e-01
4.993598330266831309e-01,-6.450569438599671468e-01
2.571454242300416637e-01,-4.098889579806809236e-01
4.876219716704870977e-01,4.875575200623664257e-02
1.675788464341049888e+00,1.567468996071307852e-01
2.806067147426411612e+00,1.819675861117717730e-01
2.586346092689664644e+00,-1.025077521900971123e-01
2.163720867133321679e+00,-7.528974273120305760e-01
2.139264520395690816e+00,-1.277671863359225002e+00
1.871817114534167104e+00,-1.257136760795857455e+00
1.333335014866503299e+00,-8.798514336249300127e-01
1.527563479695124515e+00,-5.248837853317843694e-01
2.163720867133321679e+00,-7.528974273120305760e-01
2.139264520395690816e+00,-1.277671863359225002e+00
1.871817114534167104e+00,-1.257136760795857455e+00
1.522006799846297609e+00,-6.151376919436551960e-01
1.517866188490551771e+00,-5.582309657120928560e-03
1.517866188490551327e+00,-5.582309657120519165e-03
1.091818746225426073e+00,-5.490305830067646609e-01
4.524142530025014319e-01,-9.481221600058648002e-01
-5.588331504689725976e-02,-7.278762265146804245e-01
-5.444775424349029835e-01,3.395436360891899204e-03
-1.012631814806661756e+00,7.467932452559196133e-01
-1.060820141982196319e+00,4.531663968702382972e-01
-6.092996258480922744e-01,-4.610099651040647784e-01
-1.399880669929449428e-01,-1.539062981278166653e+00
-2.514614366250753630e-01,-1.525102057409157164e+00
-7.100310860641972921e-01,-6.331783480620546412e-01
-4.229808940418119390e-01,-1.401505372576662689e-01
2.123438725814792150e-01,-2.758672438881525357e-01
3.598831889606610712e-01,-4.318064649094109919e-01
4.843250729995521864e-01,-5.511435994142943606e-01
5.661451562203111409e-01,-8.433189422325522433e-02
7.362742365151618840e-01,1.889768053912147527e-01
7.799047735259038161e-01,-4.209992864654055755e-01
3.167434386672264290e-01,-7.498894674445846231e-01
-1.074376867284637216e+00,-1.640908853295445224e+00
-2.628988869112634408e+00,-3.088099356586328170e+00
-3.522395746195121191e+00,-4.326039694381630163e+00
-3.115014880631374439e+00,-4.916841553181159341e+00
-1.819508130326272122e+00,-4.822781637473960714e+00
-5.853615896581152445e-01,-4.150938827617189908e+00
-1.337134590985034344e-01,-3.179365039442620944e+00
-3.561091126963354392e-01,-2.160698180008014724e+00
-5.752280606235151694e-01,-1.289654461466702706e+00
-4.446391506356927037e-01,-3.921137811729207834e-01
7.866314281368544381e-02,2.433764467604176973e-01
3.890843554487358191e-01,2.263345243986747135e-01
-1.463751605780157838e+00,2.441481814266477368e+00
-4.409330046994591967e+00,6.160729239827749559e+00
-6.762210570161776069e+00,8.698495052534394034e+00
-7.409749230698670530e+00,9.198466236111492833e+00
-6.387024875736724283e+00,8.152756827218437863e+00
-4.430502480217034744e+00,6.310452253116629606e+00
-2.700665048936005785e+00,4.666721001140812675e+00
-1.561544257865446594e+00,3.453372932183758959e+00
-3.910007747564727132e-01,1.868553356192188319e+00
3.078325682687884507e-02,8.083209373283944954e-01
-3.290068916391152287e-01,6.405778631058899331e-01
-9.251723088285558338e-01,2.195425916508104980e-01
-1.624752071485167759e+00,-8.709852263891136870e-01
-2.102282784369296387e+00,-2.675370212192268671e+00
-1.149466164694701087e+00,-3.732049057230440336e+00
-1.962243019080877129e-02,-2.520597415916907558e+00
-1.884379476106893408e-02,-1.049448994955574088e+00
1.041572595195693479e-01,-3.175864933792841294e-01
1.651791097367770467e-01,-8.483361126753206083e-01
3.621285195456375172e-01,-1.265358892734266938e+00
