3.872261189213389576e-01,-1.827090323213958201e-01
5.884325969929468103e-01,-7.939865867877347883e-02
8.695285182802561241e-01,2.264770055713245106e-02
1.123662919589614839e+00,7.303825771159305758e-02
1.067527969905392338e+00,1.651347056582276596e-01
8.195248440801438106e-01,1.943856070315886919e-01
3.268371935506756421e-01,-6.610715622986285123e-02
-4.713266711387559260e-02,-4.397885741396708181e-01
-2.357157228376842162e-01,-6.869985711353847613e-01
-4.423397828886926342e-01,-1.423731153116732262e+00
-4.450640011384813799e-01,-2.189963379771709739e+00
-1.064042730698745026e-01,-2.767688841167931013e+00
2.292243183148719443e-01,-2.701678080287086114e+00
5.434997611380966154e-01,-2.045702022634826811e+00
4.732628357753770887e-01,-1.296833424210840580e+00
4.647191795483597843e-01,-4.738402765566524510e-01
5.311092680214172246e-01,1.678528861599862809e-01
4.896554006897416711e-01,3.058854984247987296e-01
3.079791476564583408e-01,7.834700576053020560e-02
1.779538885551620597e-01,-9.333570132782122997e-01
-7.545095698631675007e-02,-1.269484185842016721e+00
-1.355188613682979104e-01,-1.424275310122847804e+00
-1.916104128711679233e-01,-3.822564450609636788e-01
-1.793066336638870269e-03,3.941690950823477091e-01
3.724256694383591415e-01,1.296564994605293064e+00
3.724256694383591415e-01,1.296564994605293064e+00
3.933781735055895679e-01,1.483623119523463707e+00
2.890071416264284321e-01,1.345957530397871915e+00
4.440405975466267807e-01,1.486565294557169681e+00
4.985578163769222582e-01,1.100289614783494851e+00
5.600124700112487641e-01,6.159261770772198608e-01
5.284894910819671887e-01,-1.977786978983978594e-01
4.325583578997161949e-01,-7.080804074277886606e-01
3.117515507568288657e-01,-1.128225441530871453e+00
1.713643519832415696e-01,-1.040040557869227333e+00
9.360049786139687522e-02,-1.175358899764891163e+00
6.990760972985879396e-02,-1.244668930082805547e+00
9.073187725269128701e-02,-1.436806495445375864e+00
1.389178749328744689e-01,-1.017934291442806449e+00
2.142067481040514088e-01,-1.811741558647993744e-01
2.160180673500999848e-01,3.051658331837436844e-01
2.258542705848177179e-01,6.629766392054401436e-01
2.745469890203758312e-01,5.349563121797603626e-01
4.082003169836946332e-01,6.450080578761289152e-01
8.922664920052332249e-01,8.517124823801874856e-01
1.491269275556533325e+00,1.368123577473303598e+00
1.729171115407039272e+00,1.681827018525539730e+00
2.142644566317503330e+00,2.837272563893150856e+00
2.451324155116045400e+00,4.348611454961496925e+00
2.656256441727271156e+00,6.251626954729641916e+00
2.317877171326272023e+00,7.356155032290811135e+00
1.892756159151714135e+00,7.583938374927143400e+00
1.874618400299523868e+00,6.846063219062038741e+00
1.813120563208936664e+00,4.822278834112067258e+00
4.077104227628986166e+00,3.256074697381413419e+00
7.472906108732562558e+00,1.910087297829826225e+00
1.161209585512512454e+01,1.737640835211745616e+00
1.440741591376546182e+01,8.276295395323184367e-01
1.553568293570569736e+01,4.862298440228573354e-02
1.452615226498642187e+01,-5.251231937214548839e-01
1.180411879134438280e+01,-7.480699419099450242e-01
7.874632591605660537e+00,-7.855142354895658929e-01
4.061386151866592797e+00,-5.797652696757331636e-01
1.343903491365751934e+00,-3.686713523212409860e-01
2.057063982133457980e-01,-2.130935919505946297e-01
-8.487128579381982008e-02,-2.825083106474172712e-01
-1.032507360950168096e-01,-3.418038976052713007e-01
1.131171104929826060e-01,-1.009624090510967132e-01
6.784949132355964085e-01,4.271468647752345582e-01
7.841630753539829968e-01,6.120576381537587984e-01
8.438397503320637094e-01,2.361100919350261618e-01
7.808624975426005366e-02,-6.247420014580289394e-01
-1.693093303676616590e-01,-7.284413657068377068e-01
-9.546235917451222075e-02,-6.999479395505990853e-01
4.632815690284162319e-02,-6.153296549338616028e-01
9.019445091875654130e-01,-5.587144908390282438e-01
9.707307428533418214e-01,-5.765504239019711985e-01
9.306183286395393051e-01,-5.953784731111388950e-01
-2.254958474967403981e-01,-1.726473939869228591e+00
-8.682966848348032673e-01,-2.925482747355020230e+00
-1.404831220231662181e+00,-3.972691494905693510e+00
-1.300006102488738602e+00,-3.713740191770465771e+00
-8.697964334394937547e-01,-2.600059696750242733e+00
-1.114523186529056409e-01,-1.209366930988052369e+00
3.574200523284880027e-01,-3.724746897542684509e-01
4.734497622330121058e-01,-1.514313132511715398e-01
2.900746924899539336e-01,5.198905540019074789e-03
1.526303941014792998e-01,1.935564772535897093e-01
3.788007183866790029e-01,6.421686474298544667e-01
2.918108730018954544e-01,5.646871047714954184e-01
5.208533454817123459e-02,7.183478035866941447e-01
-2.307803984485563287e-01,3.015108017541821561e-01
-2.539701209580386698e-01,2.072460169969913280e-01
4.760101606828465726e-01,-1.785007002615202343e-01
8.356782953275718739e-01,-3.672778721435274174e-01
1.067364443124364293e+00,-3.666935304628238801e-01
7.197958164149963478e-01,-3.378181125112164063e-01
4.734497622330121058e-01,-1.514313132511715398e-01
4.495958227438682786e-01,-1.380710167312475256e-01
3.507036988040453940e-01,-4.568961344519772982e-02
4.309805280862137600e-02,-1.436009759021406873e-01
-4.101923034957506431e-01,-8.371367130031033554e-02
-5.837334778480718356e-01,-1.200914091007974360e-01
-6.932640177077253885e-01,-6.907164216897100639e-02
-1.466128085011578985e+00,-1.221896780097909918e+00
-1.500525312016798285e+00,-1.580155831023360991e+00
-1.463454819642748150e+00,-1.688612189704102651e+00
-9.365889262013401551e-01,-8.860271893908213681e-01
-7.258846282695760044e-01,-2.173835761625624863e-01
-6.043682099916016792e-01,4.450692548192776710e-01
-5.555528192379919350e-01,6.711482329551137216e-01
-4.259571973745737150e-01,8.129997174238564606e-01
-2.576785166641897273e-01,7.224115649792356431e-01
6.838437690056431428e-02,5.743368810726120488e-01
9.589413875365575268e-02,4.120122295939600554e-01
-4.726613179705635437e-02,3.947893450774744850e-01
-3.675597813552852755e-01,3.678329678552839654e-01
-5.208391527313788183e-01,2.888470683285509488e-01
-6.385801441412646273e-01,3.983811894428294087e-01
-7.201420681746588670e-01,2.016429146221791202e-01
-3.977652469986787120e-01,6.369332888651297875e-01
-2.415570358042542498e-01,2.090305981371894106e-01
6.605703921453796867e-02,-5.263698615789250135e-02
1.798223769797852589e-01,-4.320251965505507719e-01
4.716579076515418079e-01,-1.411520108010779970e-02
5.655451030088052278e-01,6.331303636418663672e-01
3.055837495257023306e-01,8.463656160881544155e-01
1.308350039314784830e-01,1.179031650410510945e+00
2.333749742252803905e-01,1.240792448282862948e+00
4.882245492662192765e-01,1.113269864572909773e+00
6.511617484208892526e-01,1.167016467928721157e+00
5.270781232419852191e-01,8.445687001778106051e-01
5.567305692371090631e-01,6.894808151616167446e-01
3.677139254461238571e-01,2.293117049348216419e-01
1.521573142139101276e-01,-1.418226573876214536e-01
2.647455093379585955e-01,-2.515675597304590019e-02
8.383084338002773084e-01,5.734990923190763645e-01
8.383084338002773084e-01,5.734990923190763645e-01
8.683325120629238336e-01,5.635054240286631044e-01
5.417220641766242739e-01,-1.279435561828566048e-01
7.336768332314395069e-01,2.255065828048175847e-01
8.785340887120076658e-01,6.874273261429085791e-01
9.703113022780485153e-01,1.293694004011791465e+00
7.264989457583530541e-01,1.353188212485564090e+00
4.602175465822077038e-01,1.145356048615599587e+00
1.881942240781412090e-01,6.931882290295360294e-01
1.046782961222658404e-01,3.179845727445956838e-02
-2.050873267115679577e-01,-6.628660531379981791e-01
-3.333148910801889131e-01,-8.220838862112987977e-01
-4.009991438954474963e-01,-2.394135730411365015e-01
-3.453581552445967318e-01,5.369418690569622843e-01
-3.173098702399669846e-01,7.572838397507490882e-01
-6.837404774723790379e-03,5.909260963947013945e-01
6.830749425451959622e-01,7.132236426918603378e-01
1.133311127319657219e+00,3.544152673419797006e-01
1.377435579771280061e+00,9.680665670253532085e-01
1.324231192434248694e+00,1.116835656076497818e+00
1.356652444755686915e+00,1.475852986336322559e+00
1.117477011554172783e+00,1.088410561232583174e+00
9.364700409421565785e-01,4.385076477368695658e-01
6.445727856779980280e-01,-1.371142396851489087e-01
4.962127718325357595e-01,-3.219322616573633833e-01
3.271054554183868701e-01,-4.196172630568738016e-01
5.279815418983546671e-01,-1.157649498991496939e+00
6.788590262965151778e-01,-1.892754380436306283e+00
8.510852897021217167e-01,-2.160137598674094495e+00
9.221072583422094127e-01,-1.478488770512941919e+00
9.013710053709794723e-01,-7.140856910023959392e-01
6.054961259359692427e-01,-2.159025112961040216e-01
3.471936033345466854e-01,-4.120239219394444818e-01
1.608031284408289185e-01,-4.701146463438768963e-01
1.608031284408289185e-01,-4.701146463438768963e-01
-1.047805846766070373e-02,-4.054109044077894297e-01
-7.026968274162812000e-02,-2.801351108061273520e-01
-5.313943700691357852e-02,-8.142845115712839255e-02
-3.110814962438529507e-02,4.904543517835560640e-02
5.688660856967280716e-02,-1.357510565401339742e-01
5.688660856967280716e-02,-1.357510565401339742e-01
1.819130321649075066e-01,-3.675769351115121264e-01
1.614726445037339420e-01,-3.782130989535001375e-01
4.526737612223379337e-01,-5.833898615947926691e-01
7.401541817925719746e-01,-6.426570514589079464e-01
1.152808328120796144e+00,-5.379265405342873452e-01
1.032814808268946116e+00,-5.067549524788943494e-01
1.000171232474304839e+00,-1.014825827767215305e+00
8.082451367748358928e-01,-1.685268706171939135e+00
7.268807296552987074e-01,-1.662157047569574164e+00
8.779762812514733117e-01,-2.368648562473248287e+00
8.510852897021217167e-01,-2.160137598674094495e+00
7.790560912899403556e-01,-1.728650618381984527e+00
7.009758994184227543e-01,-8.186332723125521182e-01
5.615307623100482814e-01,-4.305501525901735127e-02
1.326494612319062627e+00,-3.435953937818896353e-01
2.455296804944700373e+00,-9.086426709392108059e-01
3.481439824011719697e+00,-1.728123172625447790e+00
3.669226735999200351e+00,-2.064386360248576135e+00
2.989542437412883835e+00,-1.851879956200910504e+00
1.616423670788224465e+00,-9.907554693800079137e-01
-7.400902233343197023e-02,6.396825759349002161e-02
-1.471069899323178554e+00,1.010625430207834352e+00
-1.934245478858622524e+00,1.349563115546251524e+00
-1.797002057372875328e+00,1.396975067895513511e+00
-1.637578924932484803e+00,1.801201841559382899e+00
-1.302439311632795693e+00,2.154023761964900974e+00
-1.187628667803098503e+00,2.434351012509132772e+00
-7.603494720851342592e-01,2.268243709971416333e+00
-4.342338504479973937e-01,1.922411336153390549e+00
-4.275979243118770423e-01,1.509911672856618647e+00
-3.090225606941047753e-01,1.092828690765800692e+00
-3.875973903254506525e-02,6.500601000061514423e-01
-3.373974400977597377e-02,5.132034403797893773e-01
-1.435445908760735467e-01,6.060767750046197611e-01
-4.032622674140898256e-01,8.611727279338391439e-01
-2.537647247078427259e-01,1.077453002260630566e+00
-6.830274022393122146e-02,8.542970289225755298e-01
3.011784180384149412e-01,5.351640948425764321e-01
6.071945136853557079e-01,3.096728306946540665e-01
6.114672788964602423e-01,2.271688411497760074e-01
3.440761278276591173e-01,3.271451567361601670e-02
5.157697498404809761e-02,-3.007589201425845404e-01
2.567083337014619548e-02,-3.224642948260073583e-01
-7.537557551908866671e-01,-2.902088576954682253e-01
-6.380342475397841051e-01,-8.478465369522024397e-02
-8.396356127981389195e-01,-2.058249129052230342e-01
-2.068310527079287864e-01,9.388229502522410508e-02
-3.223088490136161721e-01,2.860220019521778623e-01
-2.860446652295532410e-01,4.092627336851666353e-01
-2.388805420622381048e-01,6.014637525866435297e-01
-1.096894792539466756e-01,7.704004711876105693e-01
8.149285396870030451e-02,9.974510685538640065e-01
2.917239327477225141e-01,6.854555958831235474e-01
3.652258324117597099e-01,4.004184823249400949e-01
-2.978914120576476102e-02,3.629611482835368164e-01
-1.900887351655017876e-01,3.657787702761823856e-01
-4.610611067650607353e-01,3.460499399650007746e-01
-2.886244552332563607e-01,1.897869504315874423e-01
1.447218580315070852e-03,2.981534434258474309e-01
2.618230112505012253e-01,3.152985927700027724e-01
1.089542747685510321e-01,2.963782028673182523e-01
1.989063625250018508e-01,-3.931648542115630945e-02
2.584954271550900518e-01,-1.606697641437634105e-01
3.909091593652159191e-01,-1.290750664298236650e-01
3.197262677187367452e-01,1.720576105063096328e-01
1.862690708188945443e-01,3.191875773682697481e+00
1.271238855072188700e-01,6.048581769178383638e+00
-1.263003544710211701e-01,8.719852536834642009e+00
-2.030993981520346769e-01,9.648213907020974034e+00
-1.636507685081297347e-01,9.122029218104120929e+00
-2.733103946478573909e-02,7.264908667991297975e+00
1.152453450165661086e-01,4.509628555350687407e+00
1.693197668530623812e-01,2.493829974072877320e+00
1.262668629629228045e-01,8.900166143969430177e-01
1.646998757873753202e-02,2.161266797669877948e-01
-2.090414730882966116e-02,-5.113989799350048271e-01
-2.286367963923621738e-01,-1.321060265814185009e+00
-2.298514741635524772e-01,-1.309172540680512586e+00
-3.601967312098385277e-01,-1.263500951049345344e+00
-1.586878031797946120e-01,-3.154600123165889336e-01
-1.788073699530911553e-01,-1.799183588980540482e-01
-2.581227859432843608e-01,1.440853515873558588e-01
-2.490167794940256474e-01,1.253946957973263721e-01
-5.083045616961816560e-01,1.078805793474866270e-01
-2.546986372314692937e-01,1.113672190553412350e-01
-8.120771908577271991e-02,1.374068290739005882e-01
2.238098546340759609e-01,2.238773371249539734e-01
5.094447698676835001e-01,3.151522788334757963e-01
2.806405393170652296e-01,1.619552238342542305e-01
4.055843448376780791e-01,2.262442323138829370e-01
-2.286350325823992002e-01,2.475485480385632708e-01
-8.415356770417836696e-01,2.959365289417453249e-01
-1.236017457686325871e+00,5.083112909903659826e-01
-9.472185894284446128e-01,7.270906933844173414e-01
-6.930874526109045419e-01,6.391325496391654370e-01
-4.791742177155473570e-01,4.198647109461602356e-01
-2.948004117390400913e-01,1.370410351065447785e-01
2.286868672394585245e-01,9.301243393515580549e-02
6.367079263001511613e-01,2.294934935982888558e-01
5.518774410041447087e-01,4.638843949061050714e-02
5.169947226846780541e-01,2.223880850726488445e-01
5.169947226846780541e-01,2.223880850726488445e-01
4.485304771307094263e-01,2.846638428753422434e-01
3.458345733616973727e-01,3.646865330081369705e-01
4.002448063201692330e-01,4.409489087255918371e-01
5.575716974468100107e-01,8.566242032880976298e-01
7.028621842211698612e-01,9.324739419870428092e-01
4.711344003162507704e-02,1.174438690597251700e+00
-6.569883139436878405e-01,8.936361765603718643e-01
-5.907718903870389227e-01,9.512155760262918092e-01
-2.215944784936945688e-01,6.829539178973141889e-01
1.302150950548074115e-01,8.429089336774522323e-01
-4.508547449203186841e-01,9.779631128316252919e-01
-6.926495266850145605e-01,7.576810723869756847e-01
-7.794270942340537633e-01,2.742316533765808972e-01
-5.157874045530832507e-01,-9.179370438558155654e-02
-3.918442081957146383e-01,3.518613856093291692e-02
-6.140663554766560006e-01,5.078425611995824873e-01
-5.419954447027212074e-01,3.242923967835288357e-01
-4.888124824006106484e-01,1.063910604314839137e-01
-1.164006793681987145e-01,-5.991316833578926859e-01
-2.318757445049680621e-01,-6.591632561676106228e-01
-2.881640849869532839e-01,-6.550875408972823832e-01
-3.411928441469283535e-01,-4.188188322874452085e-01
-4.280816330134623593e-01,-3.151720238607567670e-01
-5.052562573888949027e-01,-3.149470663445078644e-01
-7.475141328107869354e-01,-3.833476896432543302e-01
-6.008467064330755836e-01,-5.111433588160188002e-01
-1.002070605698275330e+00,-5.252312968426735562e-01
-9.516070123975843842e-01,-1.701627245724669502e-01
-1.285882876811084818e+00,4.402891055501075845e-01
-1.622356885243458890e+00,2.747482322370439878e+00
-2.563423706348971098e+00,5.452664382421035683e+00
-3.263621675885848727e+00,8.495232012576064307e+00
-3.246960839425414136e+00,1.058121055986895698e+01
-2.511068372255656822e+00,1.091251554600875373e+01
-1.393987953394202561e+00,9.390306761509114253e+00
-3.475798924864298423e-01,6.327845293461174414e+00
3.842216371798994889e-01,3.257362744537138699e+00
5.919583001854411553e-01,1.114751013426836135e+00
7.475818462753731630e-01,6.457333191987636445e-01
6.417769793972409875e-01,1.067547458332447213e-01
7.460606386945561885e-01,-4.769821650666801194e-01
4.387045592637102698e-01,-9.392554828244461529e-01
4.387045592637102698e-01,-9.392554828244461529e-01
-2.527757107866736574e-01,-1.659192136906890491e+00
-1.207572474768153548e+00,-2.513347453144898935e+00
-1.996303788724479666e+00,-3.059699973223653835e+00
-3.049537543745107993e+00,-3.602036337600405869e+00
-3.672464548264287920e+00,-3.665810216288001744e+00
-3.927535367320222903e+00,-3.632394320410959665e+00
-2.776036053099609102e+00,-2.527616128892443470e+00
-1.541847140084057433e+00,-1.304309654441387023e+00
-2.821899675053444745e-01,-1.646801057783078837e-01
-1.413503278659790641e-01,4.325819047675109053e-01
1.391392018722497903e-01,7.464045424561082109e-01
2.322139315672865911e-01,5.567857174412073062e-01
3.475263747777815933e-03,2.815108755061287993e-01
-6.510579807499980998e-01,3.129191182916354896e-01
-1.144095774181871139e+00,6.356316407702475857e-01
-1.922377349311679362e+00,6.469561231654309408e-01
-2.113692170264243053e+00,6.399748575081104507e-01
-2.560955448306841742e+00,5.548455723458339817e-01
-2.254184305758812901e+00,4.746896585662608858e-01
-1.846566051275384091e+00,4.012124699662482641e-01
-9.691433164090849095e-01,4.157184591137980806e-02
-3.204371125223132166e-01,-4.584493114734795871e-02
-1.471545486443684714e-01,-2.659933999586966968e-01
2.524134306691945828e-01,4.248054608915694530e-01
5.989515084489660524e-01,9.994961814670788591e-01
9.789025692923754018e-01,2.029042179434523696e+00
8.447856017939884277e-01,1.720018152814149381e+00
1.000788238224465720e+00,1.970094738954121460e+00
1.063249438685217818e+00,1.291272692668886890e+00
1.122549830743310384e+00,8.694167225096008922e-01
1.000166249239979210e+00,4.753195985234328624e-01
6.722911232803481241e-01,4.271516075293286807e-01
2.772611340491334952e-01,1.703919436004342480e-01
3.768927096240062835e-01,1.588024083231372174e-01
4.764544323239346402e-01,-1.042758201662347256e-01
7.285006248740869550e-01,-6.362655795689003968e-02
7.640511220624087718e-01,-1.364702269866968458e-02
7.394993221423591390e-01,8.326980806815445502e-02
6.224666709126627229e-01,-1.585783082528162413e-02
5.905813053867356999e-01,-3.267928490721532658e-02
4.761972511132192554e-01,-2.160243501980131375e-01
5.212823683786540485e-01,1.156543007799626793e-01
4.764342453236170005e-01,2.444119277461360706e-01
3.699392193789690086e-01,4.472278015485331437e-01
3.701525672536581935e-01,3.566339271984307890e-01
4.445369083588244230e-01,3.912267127228100105e-01
5.498139284912343383e-01,4.600233984233987883e-01
3.694265752327633989e-01,3.779559797230125917e-01
-1.797342439393836144e-01,3.582458639877012518e-01
-8.154893921677037749e-01,3.287783717227689695e-01
-1.072417144087742580e+00,4.244457711009415601e-01
-9.267559337428868949e-01,3.905789602820124440e-01
-3.193264258006832113e-01,7.367026757638988066e-01
4.867058073737220991e-01,5.685419946963058413e-01
1.061704454776673412e+00,3.583862741703059962e-01
1.268099024374932160e+00,-2.190876224543117645e-01
1.193806096488039259e+00,-1.498058267215113537e-01
1.193806096488039259e+00,-1.498058267215113537e-01
1.010805023764406174e+00,-2.536497758140239256e-01
8.169388501764631716e-01,-3.289084694245498763e-01
6.077295493551593264e-01,-8.709295920256350243e-01
7.165526587822095284e-01,-1.848116779271270493e+00
6.467905187000803080e-01,-2.388089676515264603e+00
6.997436943601473835e-01,-2.830120134751407779e+00
6.997436943601473835e-01,-2.830120134751407779e+00
8.436331737609300552e-01,-2.836498731829898201e+00
8.846178101181875197e-01,-2.703975744061527742e+00
7.404431914293639894e-01,-2.258219487144540683e+00
7.851720029922510946e-01,-2.049608575932102106e+00
4.710805552572428501e-01,-1.419148198953344320e+00
2.629782289726358968e-01,-8.408608428554374958e-01
3.711370682673713062e-01,-7.930960667029276490e-01
5.474513510042376963e-01,-5.719635182137894347e-01
5.261672475211304212e-01,9.771413351881096110e-02
3.827854501198423298e-01,5.901840817542919337e-01
2.918979952056380625e-02,1.924187045020004705e+00
-4.049898382931383933e-01,3.303007495113650549e+00
-7.386487905480109140e-01,4.222673339675577786e+00
-8.542961377646801635e-01,3.960683020012189193e+00
-8.064073306913539518e-01,2.828350444902509864e+00
-7.148984879628916822e-01,1.490399568994152935e+00
-4.665446300532747892e-01,3.221821178356316095e-01
-3.396096227684998192e-01,1.414072241865549362e-01
-2.015617652687034522e-01,1.626072201501026493e-01
-1.041355693727430698e-01,9.667102744470008890e-02
1.057482794642332913e-01,4.149564133677844519e-02
-1.952502576359598646e-02,1.801980921169988800e-02
2.546233711574801828e-01,7.035528976627694608e-02
5.223965601305153861e-01,1.247083615255233646e-01
7.238672030562961490e-01,-2.592859574024143632e-02
7.242649944938793771e-01,-4.823762746844125621e-02
5.002302216998083528e-01,-1.284355311017947310e-01
4.948314223159595016e-01,8.215435976034324295e-02
2.415601086155594879e-01,1.716273057810682179e-01
1.374499942331636748e-01,2.595803359652080755e-01
-1.712545172493079304e-01,2.845824759539826720e-01
-2.276315980438385345e-01,8.759583567686056449e-02
-1.635625004261946625e-01,-1.795692106528900822e-01
1.138504690719215617e-01,-1.723992750100941385e-01
4.596246304578523456e-01,4.096414533892711596e-01
5.979888238268535883e-01,8.033086178530919330e-01
7.479640942401556414e-01,1.068092906301250311e+00
5.362896105855170514e-01,6.476150712160554379e-01
8.505063280791631541e-01,1.325775464898482969e+00
1.098108702900922884e+00,2.007783351549139450e+00
1.336720336839428702e+00,2.626260094688169566e+00
7.947997294009061520e-01,2.176282743431956046e+00
2.475841099355682307e-01,1.536945075656593662e+00
-2.555861497289463879e-01,4.233397407356774833e-01
-4.111699389851130593e-01,1.522734082301579472e-01
-8.768027840934086159e-01,-3.504428360034366752e-01
-1.000287802607547016e+00,-1.582244705301513454e-01
-1.087738232468716815e+00,-2.424569543669280736e-01
-6.327532762563375934e-01,-7.235810210996532384e-03
-3.272365891672591731e-01,-1.875416875935878025e-01
-6.093222474053111570e-02,-2.968118515691822723e-01
8.063765259627941884e-02,-3.727202970668194171e-01
8.063765259627941884e-02,-3.727202970668194171e-01
-6.093222474053111570e-02,-2.968118515691822723e-01
2.110589652013913631e-01,-8.248804701785031335e-02
2.703647054949646078e-01,2.243803074315241508e-01
5.815964805773002899e-01,4.424056594747969445e-02
2.140662569773832680e-01,4.893160733893886505e-02
-4.571552070488844183e-02,-6.388371172277061694e-02
-3.901928488671830286e-01,1.115326234619792856e-01
-1.473803345110040811e-02,2.744441568793650754e-01
2.358680497090325512e-01,2.129181860727497322e-01
5.308791410806850131e-01,4.649844544688549325e-02
2.110589652013913631e-01,-8.248804701785031335e-02
-3.570467978487451566e-01,6.697910361748785624e-01
-8.669108310239402870e-01,1.629716762653260265e+00
-1.461059648972113489e+00,1.970083130864020537e+00
-2.135913864888555391e+00,1.727975396827710952e+00
-3.835594563643935473e+00,7.625239915332470142e-01
-5.868516663622173724e+00,-5.043809504604184202e-01
-8.034930968943502450e+00,-1.836530115032067867e+00
-9.145785305468155713e+00,-2.701878981062277862e+00
-8.963321727346844625e+00,-2.858260674641906363e+00
-7.522770500548531025e+00,-2.469562165600665438e+00
-4.846653764737222758e+00,-1.520929826900929260e+00
-3.367354680790288768e+00,-1.063796706544282378e+00
-1.624027424035998868e+00,-4.318598181633368505e-01
-1.510196895710290477e+00,-6.547091904352281277e-01
-3.068781102796124816e-01,-9.421816606617028356e-01
4.373947640758852479e-02,-1.354774156497589255e+00
2.324611435314640623e-02,-1.350278400165669579e+00
3.195254646017260391e-01,-9.968087182185565442e-01
5.769570000964386880e-01,-7.735632618740988509e-01
9.115960548533207364e-01,-6.173559777247836777e-01
8.530272969399137484e-01,-6.117125771971082537e-01
3.462740037996413500e-01,-1.657682005357048460e-01
1.589583694880652986e-02,-7.209784683091551537e-03
-1.600826624872582205e-01,3.358456512623430590e-01
1.960368642582271670e-01,2.811327085934152703e-01
2.336909810770218532e-01,-2.096249347365201077e-01
2.116848527989876327e-01,-5.263466219963672810e-01
1.541481014436893449e-01,-1.806324275076313546e+00
3.403605904987566655e-01,-3.921469290104168781e+00
4.884076726542612712e-01,-5.283955709660983047e+00
5.706911320667004128e-01,-6.005584293414253594e+00
5.706911320667004128e-01,-6.005584293414253594e+00
5.706911320667004128e-01,-6.005584293414253594e+00
5.540452093130584510e-01,-4.732355204367973300e+00
5.937272462891506342e-01,-2.905096036329043674e+00
4.313381405146790581e-01,-1.189482106541313922e+00
4.313381405146790581e-01,-1.189482106541313922e+00
2.209468742733970703e-01,-1.435243552587430749e+00
5.810876097474750035e-02,-9.635713999005800501e-01
-2.389648604549123034e-01,8.077803726628209058e-02
-2.724499405372305394e-01,3.599373994168829638e-01
4.045302851515292925e-02,5.420323753725208027e-01
1.237778818944042514e-01,3.687762577251713081e-01
8.867316897682346946e-03,3.177269592385427166e-01
-2.559664161613581790e-01,4.078875190365370274e-01
-3.933988778802337549e-01,2.312915823094788825e-01
-3.366945066069548798e-01,-9.024472226480493176e-04
-2.812196928808377572e-01,-3.474715019203335475e-01
-1.110010531763686858e-01,-3.485932089013696888e-01
-7.659462444985726259e-02,-1.096560373846275499e-01
1.724269326307852623e-01,1.487764089473758156e-01
2.613927135835837912e-01,2.131656213362840835e-01
2.538303812270785720e-01,3.201816952547298367e-02
9.814714534126149637e-02,-7.074245686071477246e-02
-4.204260860586474073e-03,3.332138248498739408e-02
1.996045072409881049e-01,2.954809619517919650e-01
7.030494668338678477e-02,2.395478775293387042e-01
2.199254099247483496e-01,-1.631249839154890469e-01
1.412755804027816461e-02,-2.488421802018870588e-01
8.066650852811253769e-02,-1.442915335042002645e-01
2.273464883640541612e-01,-5.590556788402884641e-02
3.488993489768079659e-01,3.800433140236998963e-01
3.134243629686646604e-01,1.102297364934281543e+00
-4.833971164280366495e-02,1.936079278137994519e+00
-3.255598845997831892e-01,2.823142081967052519e+00
-5.281469454626716020e-01,3.299359159363652427e+00
-5.002171733347594573e-01,3.360882354096424773e+00
-2.646769283735646572e-01,2.538961614178020909e+00
1.593753675910136447e-01,1.316442485281485109e+00
6.479891243258819600e-01,-2.178789200444828378e-01
1.057503143985894400e+00,-1.858138880871810672e+00
1.063256275970252185e+00,-2.133915173521336861e+00
8.812054435453871015e-01,-2.042449966693216101e+00
4.496282311272145060e-01,-5.543087082485598227e-01
-2.173050273396846810e-01,8.209737990052761170e-01
-4.138693001229466484e-01,1.796946295846236108e+00
-5.867129555174253053e-01,1.673635660593782992e+00
-4.534223395626656994e-01,1.054275777277394521e+00
-4.554642627870273408e-01,-1.558271382249741821e-01
-4.700411625011245986e-01,-6.531809476450826102e-01
-4.683713608150903429e-01,-9.718847831412291693e-01
-3.230087473476336291e-01,-1.098376472944028182e+00
-2.078893268725490184e-01,-9.445933018484781174e-01
-1.304659404553545066e-01,-5.143262908804294709e-01
-1.110999433886874638e-01,-1.080012749517753473e-01
-9.438284968617036141e-02,2.589778015534884292e-01
4.607752909310493770e-03,7.936178527265398686e-02
-3.248996481873507314e-01,3.177720274785573729e-01
-4.195267663818284531e-01,3.457129206956261469e-01
-5.677170068131903724e-01,6.203793969774099581e-01
-5.268592357176654639e-01,4.167607713645655743e-01
-7.302106920003406110e-01,6.292220594198748573e-01
-5.848877472894989937e-01,8.965607114417871726e-01
-7.066608232160493941e-01,1.529737838512423176e+00
-7.550563644529224572e-01,1.915341072320998483e+00
-1.023721539603966724e+00,2.288071862696560377e+00
-8.762027911078418274e-01,1.971634678738289681e+00
-8.041443632844181844e-01,1.897309007882602039e+00
-8.032793061352104802e-01,1.871239039183768549e+00
-9.736403662683396076e-01,2.144657051181958707e+00
-9.725382079267849145e-01,2.004250266965704963e+00
-4.583195523412820771e-01,1.348548702901503082e+00
-1.654701796044922013e-01,6.190813771875193217e-01
8.495189874876707403e-02,-9.216827747270914251e-02
-2.182238654712045645e-01,-2.453225747139232971e-01
-1.778353643317806543e-01,-6.823326806352504326e-01
-5.001418038284138889e-02,-1.138137120216456077e+00
8.792679379092918635e-02,-1.268001161232822138e+00
2.327305861581881741e-01,-1.205722185344348274e+00
1.020610620514371264e-01,-2.707823357216554427e-01
-5.920624941707182398e-02,6.644706685971522031e-01
-1.807020176173599890e-01,9.914861399110110884e-01
-6.126134849748533784e-02,1.143695572300331920e+00
9.540006707970676014e-02,5.434398772788144871e-01
-1.557776893726527390e-01,8.953245957761326590e-01
-5.803689120711486016e-01,7.486921591272321930e-01
-8.483299114785165518e-01,1.146124267874635727e+00
-7.538761354634107015e-01,1.172111075835711835e+00
-6.197677533774172964e-01,1.646907213803423531e+00
-2.078689623064828018e-01,1.463912545685195132e+00
-1.676793223610925643e-02,1.228212150290663551e+00
-1.003137412433668940e-02,6.051323736081419824e-01
-4.713330718446366863e-01,1.076200558737610891e+00
-8.669108310239402870e-01,1.629716762653260265e+00
-9.403053876488617346e-01,2.080799078923454726e+00
-9.392667354232743238e-01,1.948482502061452903e+00
-9.033552778826051677e-01,1.538438862817983921e+00
-9.312041482485053923e-01,9.607513585501387121e-01
-8.932960359635016001e-01,4.795759015123582936e-01
-6.545539680205192390e-01,1.167854387601850730e-01
-1.868542890457690342e-01,-3.000639846336810093e-02
9.569389751794186993e-02,-1.217626865807401870e-01
1.172548421089103232e-01,-2.223221991486733218e-01
-2.066615669187141235e-02,-1.110700310891390152e-01
1.515219552995102775e-02,-7.831222565249047751e-02
5.307979423704623639e-02,-3.584472411037054745e-02
-1.027970275188264948e-01,-2.705821293642358683e-01
-6.036794802650702341e-01,-3.887504059901061848e-01
-1.004412583177357821e+00,-5.199097953682485507e-01
-1.268046634327427702e+00,-6.358769801917391051e-01
-1.268046634327429034e+00,-6.358769801917396602e-01
-1.085412996923064588e+00,-8.085437538846290684e-01
-7.807604016901840138e-01,-7.508051901562138308e-01
-3.478702539305306707e-01,-8.403229822019432360e-01
-2.733152028143859824e-01,-5.824270132475317663e-01
-2.340138419786179091e-01,-6.305670935649089204e-01
-1.637952133039368152e-01,-4.565709207263030645e-01
3.278332590803845759e-01,-7.435818920368613139e-01
2.753085795438484640e-01,-6.333054944853375723e-01
3.438572977527210583e-01,-9.019509716459888082e-01
1.503446132893893061e-01,-5.990968211637596186e-01
2.055587168040388657e-01,-3.896599597001820792e-01
1.104936511082858508e-01,-1.391974330428785156e-01
-4.547548129327587396e-02,-5.994366725371805954e-02
-7.297496293124680622e-02,-3.179625612472433693e-01
-9.665586354708378680e-01,1.679669560722361898e-02
-1.523157255598874382e+00,1.592215910545161095e-01
-1.776802860513922999e+00,3.250303818189889116e-01
-1.316586198326410218e+00,2.339991725690839797e-01
-8.397052577484063196e-01,-7.879269427327167952e-02
-3.299617835485407213e-01,-3.500670695875804372e-01
-6.615311380641855643e-02,-8.363949768406615526e-01
-9.188118618883585331e-03,-7.397805184906225406e-01
1.934028250898202905e-01,-5.117067607012846242e-01
1.754147791172259163e-01,4.578439448065537709e-01
2.964020386059057488e-01,1.058824513992017602e+00
2.242679626376720969e-01,1.255416218087464175e+00
3.479621061778738755e-01,1.117483394610080838e+00
2.560592478109920966e-01,7.670251166146341282e-01
-9.876704079698653271e-02,6.250354468147748532e-01
-4.884319494562326947e-01,6.647818788324563188e-01
-7.176006401492853737e-01,6.141798419402432208e-01
-1.182603516475373207e+00,8.029015447771264968e-02
-2.206869004513394295e+00,-5.638160912567434790e-01
-4.344014243737951197e+00,-1.319658566061024052e+00
-5.977866581047845962e+00,-1.785781953255790588e+00
-6.764071899942471155e+00,-1.868018714809263292e+00
-5.247390952197475755e+00,-1.264792025600982583e+00
-3.972907827956584814e+00,-8.207363170463662927e-01
-2.653802167765064279e+00,-5.622607395293088839e-01
-2.068511210016627633e+00,-4.201758162835055876e-01
-1.016780278388518477e+00,-3.375701990950469855e-01
-6.693984785254110115e-01,5.346234868306849741e-02
-2.735419435182163683e-01,1.828708614037713454e-01
-2.355270164229689434e-01,3.657009306021717365e-01
-1.389570003165154777e-01,1.678031296176318299e-01
-2.167773552438159168e-01,1.589084964807365441e-01
-1.544524961724374860e-02,-9.452482027586232849e-02
3.632730152700892612e-01,-5.624076557075106120e-01
5.497687547762590832e-01,-6.804665533012639322e-01
2.422937323767668794e-01,-6.519375272174594560e-01
-2.319193652334488875e-01,-2.834487358428883774e-01
-8.019372875884822616e-01,-2.279984821782252147e-02
-1.647881905473534081e+00,3.408624380118536190e-01
-2.226541836708805455e+00,4.185272225561896264e-01
-2.542566255134982800e+00,3.438233535164529897e-01
-2.727981623216607865e+00,9.847602044415851297e-02
-2.765925558256653094e+00,-1.143317550067632915e-01
-2.765925558256653094e+00,-1.143317550067632915e-01
-1.866550123483507795e+00,-2.363756577995209107e-01
-8.564869615424002269e-01,-2.090363095863398135e-01
-2.671600902934941346e-01,-2.634628045621697501e-01
-2.368509579865032133e-01,-3.679619574027632178e-01
-3.984766791809001840e-01,-4.051626164000156627e-01
-4.675683351343019045e-01,-3.428112211768227779e-01
-6.275114148883353948e-01,-1.261863662708690159e-01
-6.985826497487946929e-01,-2.338045258381529212e-01
-3.507149105256283650e-01,-3.000754823027609319e-01
-1.577847416943465308e-01,-3.483512448386226201e-01
7.817564532978513170e-02,-2.263944749159473580e-01
-1.285362873558957009e-01,-1.152160184754156547e-01
-3.317789411237748731e-01,3.809437749561726122e-02
-1.486311323219613012e+00,-1.560130945146591952e-01
-1.931822538749557783e+00,-3.966607108273011995e-01
-1.722807666074454902e+00,-4.548680111135917636e-01
-9.360839866395527231e-01,-2.668638654302334934e-01
-2.996982367079555898e-01,-1.175532030119837493e-02
-2.019916246817216321e-01,1.457664204090893811e-01
-1.394046285259298856e-01,3.415763479392203844e-02
-3.285887510968134029e-01,-2.379972416450166495e-01
-4.213906600747121534e-01,-9.982991001577366796e-02
-6.460476960188117346e-01,1.718808673090066186e-01
-8.610611058824860775e-01,2.660775143674382059e-01
-1.003955016362491293e+00,-3.291241462015170871e-02
-8.884079517941048110e-01,-3.472437724571471040e-01
-6.860203737244731093e-01,-6.471490912075588131e-01
-2.363481202540245185e-01,-1.082668375674058936e+00
-8.791140612492603966e-04,-1.491705301391992533e+00
4.251791174668207406e-03,-1.441791310862533093e+00
-9.834299866961395686e-01,-1.757605398205495106e+00
-2.633018262401889853e+00,-2.323281195513429154e+00
-4.357614445710786377e+00,-2.126650504010227039e+00
-4.374525206647873254e+00,-1.605260228198925887e+00
-3.449242239394172405e+00,-9.180487025432102488e-01
-1.909380967455862610e+00,-6.526872422897520565e-01
-7.426151166510484014e-01,-2.993148441064992227e-01
-6.966330609879112234e-01,-2.388143410691701829e-01
-2.531229346878552944e-01,-2.242363533291734934e-01
3.197809793585144611e-01,-3.573802229620076654e-01
6.649934533135369863e-01,-2.944055713103915783e-01
3.997762881796639856e-01,-1.888945094659510715e-01
-2.027077335305368655e-01,-1.610109406957676292e-01
-8.692584631765645220e-01,-2.758243240059147783e-01
-8.692584631765645220e-01,-2.758243240059147783e-01
-8.692584631765645220e-01,-2.758243240059147783e-01
-7.474812453241456156e-01,-1.357979775251075402e-03
-7.642784172227452544e-01,2.328615357307505795e-01
-6.090206087929024292e-01,4.635096356663670480e-01
-1.826981091800056189e-01,4.583976312176166884e-02
-2.631993830176047600e-01,-1.901823978673906068e-01
-2.596180874575540476e-01,-3.951306246162841207e-01
-9.201811945970840290e-01,2.927011913879648888e-02
-8.471627764194799015e-01,4.943666226271784502e-03
-9.505004939255237151e-01,-1.585591226858509839e-01
-5.874367180890009976e-01,-2.064204942945006005e-01
-9.372293264364834897e-01,-2.995321906546163926e-01
-9.372293264364826015e-01,-2.995321906546168922e-01
-2.046983141382007432e+00,-4.462251824012313239e-01
-3.653697071336840629e+00,-8.248364664675302826e-01
-4.772565188731399566e+00,-5.377036193621494986e-01
-5.098616331264206991e+00,-1.062349361040896834e-01
-4.150102628596282983e+00,5.139868561881475451e-01
-3.081814662167543517e+00,6.042048940890578645e-01
-1.994328018862020935e+00,3.262759871759920438e-01
-1.454836900638486252e+00,-3.824531712315538956e-02
-1.022198337424292225e+00,-3.134010263598930313e-01
-9.099518832942655733e-01,-2.320966539395508677e-01
-4.829584378526690647e-01,-9.612600154686772036e-02
-1.849832353142436270e-01,-9.779091705825256053e-02
-4.891713985595787934e-02,-3.564696923787376986e-02
-3.676176023270515125e-02,-1.608798185987246263e-02
-7.511064341408218992e-02,9.920762594724939765e-02
-1.162676583879762443e-01,1.982189804991822124e-01
-2.349033824183972552e-01,4.215922426086620156e-01
-5.611645064630801233e-02,5.076101369519828710e-01
-1.274313322792240410e-01,1.150815664253691667e-01
-3.014150788331428354e-01,-3.012088464800846133e-01
-7.166626941493796643e-01,-6.496831768072531821e-01
-1.144942747755895773e+00,-2.663189790670364987e-01
-1.245729962523399514e+00,-2.062544046675097165e-01
-1.609115055539009242e+00,-4.155473086531436336e-03
-1.480635842360359167e+00,-1.651910301780240009e-01
-1.400483509570430884e+00,-2.154554583751129848e-01
-7.042574439673677800e-01,-5.127471589868761725e-01
-1.208040222040136780e-01,-6.403721217415140332e-01
6.470505005295558443e-02,-4.650798838265572943e-01
9.993094488633434691e-02,-8.375380717095899652e-02
1.479016150359200588e-01,1.462481910762513104e-01
2.894837548227723323e-01,2.076060615267731058e-01
4.516993345376916769e-01,4.138012408517525720e-01
4.500198254390531671e-01,6.811469470729788478e-01
3.829313105358621572e-01,1.059838944001148198e+00
2.019424791826778809e-01,1.033529674399587650e+00
-3.701998376658546808e-02,7.763898746637508674e-01
-8.182619067881760633e-02,3.975104857751179943e-01
-8.695097763181108830e-02,1.257228786588488467e-01
-1.661186673103162703e-02,1.307036464607506665e-01
-3.694583193296547274e-01,-4.982891601998928194e-02
-3.884621130890588692e-01,-2.784486146101237125e-01
-1.693642723428177288e-01,-4.214364211520718606e-01
1.785240126864070243e-01,-2.968396874762474491e-01
6.085147094715920302e-01,-3.525929475179170325e-01
1.608540186794309879e+00,-5.766782195839199598e-01
1.832378094225613374e+00,-6.307035581431745808e-01
1.530929495515002348e+00,-1.243785903267052184e+00
5.500833844009466178e-01,-2.492211908738497517e+00
2.401960889750065498e-01,-3.480924452492843546e+00
-9.243962590426830356e-03,-3.591947623937184808e+00
-3.861594483728905125e-01,-2.612427867193844122e+00
-3.181813426480990525e-01,-1.620215300708423012e+00
8.495310586239802897e-02,-7.042665673016409444e-01
8.832274166219333811e-01,-6.928795117982174956e-01
9.659208739215766615e-01,-5.433700916987084240e-01
1.305626145824509754e+00,-5.006557072059114599e-01
1.305626145824509754e+00,-5.006557072059114599e-01
1.546658479182567492e+00,-5.132100804635297830e-01
1.760563226035369411e+00,-3.047794673187090297e-01
1.451331313629863118e+00,-2.561692895459081187e-01
7.441597074994479311e-01,-1.770760459623998695e-01
-3.272365891672591731e-01,-1.875416875935878025e-01
-9.288164847871134278e-01,4.377326080131453412e-01
-1.041916248377678045e+00,7.823842813187819045e-01
-8.085178533724926009e-01,8.228688241715258478e-01
-3.460211275973658074e-01,1.632035803613805514e-01
2.779218379435055564e-01,-1.760287274804666069e-01
4.366746290562228405e-01,-4.350425595718965810e-01
3.257361055577787101e-01,-1.114888266414314488e-01
-4.571552070488844183e-02,-6.388371172277061694e-02
-6.474699042801339566e-01,-1.060683082651286968e-01
-7.774114308162606291e-01,-2.188251787972310403e-01
-8.185824693066974245e-01,-2.805162010683912022e-01
-7.049043376708746811e-01,-1.114798665232866887e-01
-4.588406794277440914e-01,-1.984949215661286626e-01
-1.093205374341497532e-01,-4.084873222520635783e-01
2.126948222643000042e-01,-5.136118467728395531e-01
3.693044512277462443e-01,-4.209488013272167373e-01
3.185396459622912291e-01,-2.002819029896133474e-01
2.561155440780750747e-01,-3.565779886612041594e-01
1.351541105728733816e-01,-3.799109102100398094e-01
1.813472881175113294e-01,-4.489606924335550198e-01
-2.837449072823634566e-01,-2.605460680620829139e-01
-3.476981390597138066e-01,-1.823282923836192504e-01
-5.345195041989675433e-01,1.174085564468077408e-01
1.102107713945723461e-02,2.333957876509439311e-01
5.351758535507767922e-01,2.528402497779213554e-01
1.141387881226412437e+00,-2.798079638210390976e-03
1.357246561711874300e+00,-3.748194879405856161e-01
1.312221420250726966e+00,-8.231770540468964503e-01
1.562548163908331178e+00,-1.829690605239984835e+00
2.013098534504454307e+00,-3.094840545539909726e+00
2.373672173545068098e+00,-4.184808926457115774e+00
2.469281712538496709e+00,-4.922175470465914415e+00
2.469281712538496709e+00,-4.922175470465914415e+00
2.469281712538496709e+00,-4.922175470465914415e+00
2.469281712538496709e+00,-4.922175470465914415e+00
2.003649410813435949e+00,-4.485160172406872370e+00
1.437243812274935362e+00,-4.164123409010478838e+00
6.082823093552933713e-01,-3.568716218428624742e+00
-1.044424380128109453e-01,-3.480443971943159021e+00
-6.553742872689388710e-01,-3.002049855958220270e+00
-8.116262251674732919e-01,-2.354216270171126002e+00
-4.709267929261274910e-01,-1.601560293691221881e+00
1.528750286744252618e-01,-1.749448582408752895e+00
6.769497345870403304e-01,-2.500949480762931554e+00
1.203637857282850554e+00,-3.563597344552276613e+00
1.198053211414246144e+00,-2.968875880064718142e+00
1.018267588744974583e+00,-2.433440938635830442e+00
4.773772239156631181e-01,-1.411957783815301015e+00
5.780272432256732262e-01,-1.508741109878241726e+00
7.017349787978737208e-01,-1.102765039524799429e+00
1.081692275415356175e+00,-7.851475480367808846e-01
1.285873063903246516e+00,-4.591619375526530544e-01
1.247716298285090231e+00,-1.999416108316671159e-01
8.861236608583380470e-01,-3.041405833795740588e-01
7.137474305466926516e-01,-2.684815404005551076e-01
8.136421457338752772e-01,-4.233137793417315331e-01
1.088414365921009042e+00,-3.213904265949423245e-01
1.172310447052493654e+00,-5.037427887523332481e-01
1.035178136345192845e+00,-7.140488681167482810e-01
7.848225422862593614e-01,-7.250359909320521767e-01
4.137319193186710931e-01,-5.326811682109761081e-01
5.609159459238138856e-01,-2.980759971684007192e-01
5.302496748485412414e-01,9.760646187114230266e-02
5.641622933877502577e-01,3.766156614027429406e-01
1.909695058737355122e-01,7.109692528689798285e-01
-1.660447855270175133e-01,8.921106869168815567e-01
-3.740067568455608393e-01,9.082826179048255621e-01
-6.032603543666390511e-01,8.203000450198355553e-01
-6.591910120543884588e-01,5.996782477249757992e-01
-6.513166811375744603e-01,4.254732136268107312e-01
-4.038377534111736167e-01,-3.055669340734055162e-01
-1.649961690332729658e-01,-1.526722870807165400e+00
2.129457168750228113e-01,-2.630645219689626391e+00
6.189211219666660435e-01,-3.334195964401704515e+00
1.275374540060763895e+00,-3.756170918273590953e+00
1.131984205243632191e+00,-3.218402611096224941e+00
9.570297170399836295e-01,-2.508451081260266946e+00
3.319197604185125661e-01,-1.323543925171693170e+00
4.319721226885984700e-01,-1.148680805480538858e+00
1.688253778315393638e-01,-6.438869841548825468e-01
-1.169992046919159923e-01,2.265593842276751035e-01
-2.810165080555948047e-01,4.888816436934499965e-01
1.163326365959373443e-01,4.549585464984426952e-01
5.536818496257964739e-01,-3.151699700559110195e-01
4.967758717482511632e-01,-4.954815278447687321e-01
4.795523943855968252e-01,-7.649245826589811115e-01
7.382021647155927457e-01,-9.178273388578029879e-01
1.030484957847205507e+00,-8.772365411663074486e-01
6.541422154514449083e-01,-7.813656587136785792e-01
3.223445155134594398e-01,-4.328138291288318173e-01
1.641061081529448240e-01,-2.225603454640093792e-01
5.184708046392031422e-01,-8.602000941723697558e-02
4.053296296476140981e-01,-2.871555484505474709e-01
5.664117319018382446e-01,-4.517329766948540715e-01
4.436918154244964274e-01,-3.232743013464210446e-01
6.668241158388222845e-01,-3.737502277813605778e-01
4.289875647996865271e-01,-9.963766594278190836e-02
5.271192725991344918e-01,-5.307401391446431999e-02
8.409331888566086155e-01,7.061150550131565229e-01
1.086753905608937032e+00,1.153905680566053915e+00
1.243655202675894689e+00,1.289129983076510388e+00
9.986490042349305263e-01,7.802527535838420514e-01
7.769201434358143921e-01,4.329978255849352697e-01
2.232855843523215700e-01,6.018580919575161614e-02
3.777079094782588853e-01,1.125169736210276938e-01
4.815059480039944606e-02,-1.221526176486000120e-01
-9.841388291488845086e-02,-3.777713668491587962e-01
-2.122635113821954855e-01,-4.174025845939441925e-01
-3.350551239476745047e-01,-3.934980742191956926e-02
1.106865206467452234e-01,1.736410876834767192e-01
2.079402563966809281e-01,3.361903738401516017e-01
6.631282564585411210e-01,2.090799257900943509e-01
1.169559286943346432e+00,3.871065198817130043e-02
2.328012963456537410e+00,-2.042948680745225176e-01
3.440721125376376754e+00,-4.069067165006477471e-01
4.166351264537156318e+00,-2.524202287747742135e-01
3.662417418422523330e+00,-1.248515323117345838e-01
2.520264367768953129e+00,2.681272729555747580e-01
1.039634284870900149e+00,4.879036911112679120e-01
-5.356361664348090190e-02,1.214097201442875029e+00
-1.605734820828885301e+00,1.381899332261617763e+00
-1.735563023604000055e+00,1.526699386124983793e+00
-1.782973887789604639e+00,1.079913595121773318e+00
-9.400197931196880852e-01,9.469268897059872625e-01
-4.541770715161692062e-01,8.407496827367447745e-01
-3.213285588264863102e-01,8.578445340450164824e-01
1.222408799063711277e-01,1.113795348849172528e+00
5.825563741631436532e-01,1.354285397474490393e+00
1.332308925299817037e+00,1.337071176668956696e+00
1.877111490522473725e+00,1.202860642395629842e+00
1.527221351263217564e+00,7.829959858904178560e-01
1.760902235099182755e+00,6.962351933374913981e-01
1.128075773344213939e+00,2.647785014531946479e-01
6.964049469152057137e-01,-5.624721191433212225e-02
4.214992068323939467e-01,1.719477545932029949e-02
6.878082032207172292e-01,2.343246842726087187e-01
1.204385023193935256e+00,1.067340345192766410e-01
1.146258019569065478e+00,2.341748664674013491e-01
8.874720550754862103e-01,2.233808133041257360e-01
6.403860638669136573e-01,2.636689501208656083e-01
6.461153540023432118e-01,-6.315004745955336840e-02
4.888886968197027616e-01,-4.437984090803776538e-01
3.395750024522594668e-01,-3.540424649509306132e-01
4.346804244219934499e-01,-2.882637600088421292e-01
5.943351999114895312e-01,-3.374790809970494854e-01
6.333155012321191046e-01,-4.577932959204484842e-01
5.818998767902792135e-01,-4.984422342815227336e-01
2.656217872165630989e-01,-5.130145475360293750e-01
2.226128611792360379e-01,-3.435661625959565701e-01
3.584419383313867113e-01,-3.779269372877277489e-01
6.394295510856009557e-01,-2.739498078056333830e-01
4.294243762119265284e-01,-3.891462539391363773e-01
2.680686152311420045e-01,-6.078706379347916799e-01
2.167100725166417607e-01,-6.704372761382397794e-01
-3.474398510249702143e-01,-5.183339447946129219e-01
-7.406649460935078588e-01,-4.769560686532147709e-01
-1.024345034439458679e+00,-5.326345548187513268e-01
-4.984748535278092363e-01,-9.232794219445015216e-01
-3.445828801253401907e-02,-8.623546904955482484e-01
3.571739023618574205e-01,-7.834496759942590760e-01
8.064908082428250413e-01,1.227350377723760849e-01
9.623274757978023120e-01,4.520157847312154531e-01
8.438397503320637094e-01,2.361100919350261895e-01
2.806966524251768846e-01,-5.536056949201672017e-01
1.541559126412672676e-01,-5.586233335029293645e-01
-1.278116542422704505e-01,-3.282853533038997962e-01
-5.933735400596917842e-01,-1.476809635107936836e-01
-8.159088781763507159e-01,2.295142572541535031e-01
-1.739050475805104634e+00,3.901029447557577412e-01
-2.607984622727784085e+00,4.382420701286946496e-01
-3.599921791875097643e+00,2.178594856997867202e-01
