-5.988542192136283582e-01,-2.372185167743413814e+00
-2.277830194583275736e-01,-1.179437868478522278e+00
-1.197607711764873822e-01,1.838185232511258538e-01
-2.066935158162532815e-01,2.942566193516423789e-01
-1.511778198813325258e-01,-4.201540099583709470e-02
-6.810672069145244645e-02,-2.820378984009879741e-01
7.283489116668514889e-03,-2.672693395308727848e-01
-3.151823745852948971e-02,-6.872589090913247545e-02
-4.652197992159173845e-02,2.424634491158872418e+00
8.286505810210060829e-01,6.385823189984334292e+00
2.194267914040061829e+00,1.082724934688143392e+01
2.882319719588721796e+00,1.218071624152963750e+01
2.761453605377435228e+00,9.773056678141990972e+00
1.770690675267352354e+00,5.174150949840702118e+00
8.432953122486265274e-01,2.096398892481781573e+00
2.595494957542542752e-02,1.892595923212005538e+00
-7.432781848765368515e-01,1.585263069868575458e+00
-5.306537051618630541e-01,9.276367918254767586e-01
-7.117707399232575671e-02,3.647163239338282459e-01
1.839685573093554904e-01,-1.935545369881258804e+00
-2.161992050218396466e-01,-4.393782710993591856e+00
-1.414078479323624071e+00,-5.013366321789590074e+00
-3.230167486673582999e+00,-3.450834658778492159e+00
-4.956913494317766400e+00,-1.083831265715362813e+00
-5.735733371490515431e+00,7.052002459096632370e-01
-5.065811663925029684e+00,1.527316831346763104e+00
-3.496263051032428848e+00,1.850268403906664361e+00
-2.377012265362957955e+00,1.682627899411897276e+00
-1.537201964127776543e+00,1.366681785048136311e+00
-2.505213540712463161e-01,1.335703637566959978e+00
1.108252830215414431e+00,1.198554817089419133e+00
1.782523649995472415e+00,1.971883790108445833e+00
2.092982631609501265e+00,1.552909326079941366e+00
9.911074295495578834e-01,8.904510693822784706e-01
-1.995253041532140392e-01,5.377132656791827614e-01
-9.757961837455034204e-02,-8.892965316366792106e-01
-7.457267283518047574e-01,-6.067073920280988686e-01
-1.772104528663760004e+00,8.669142499301193405e-01
-2.453395756786675097e+00,2.790808344593304735e+00
-1.472900729640629791e+00,3.811562123409549585e+00
6.342276499234720255e-01,3.257007197001961174e+00
2.100046328871115975e+00,1.924091520158873525e+00
1.459914286446515996e+00,9.963903063536918570e-01
3.116841072098447754e-02,1.072786814439796954e+00
-1.505056000308589104e+00,1.282517916148885995e+00
-1.835259741230214514e+00,7.953060971252264855e-01
-1.223149742665381012e+00,-1.062613495257209578e-01
-4.504529807409083375e-01,-7.092992279119588739e-01
3.876205888897197305e-01,-7.652973204190114398e-01
6.744166023510757002e-01,-6.855964353755495955e-01
7.087727655699150864e-01,-5.248500992558901013e-01
4.219063169395176893e-01,-4.849522901542435149e-01
3.514794295067625862e-01,-5.359240191183386459e-01
3.514794295067625862e-01,-5.359240191183386459e-01
-9.757961837455034204e-02,-8.892965316366792106e-01
-1.424029164860137753e-01,-3.611747541634481862e-01
1.199714579084259491e-01,4.134670002095975905e-01
1.309655267019410041e-01,7.909565020972528226e-02
1.070734187173679880e-01,-8.603218761800193737e-02
1.146826897996493927e-01,1.241263825550430362e-02
9.783610472415435466e-02,3.415963788591503958e-01
-4.210970856091077186e-02,6.005132471072850420e-01
-8.881187259477196783e-02,3.282040209668239950e-01
3.964970985529423647e-02,-2.865762188572389402e-01
-1.171621187310651208e-01,-8.231927572032945450e-01
-1.171621187310651208e-01,-8.231927572032945450e-01
-1.171621187310651208e-01,-8.231927572032945450e-01
-4.791274097671853194e-01,-7.019629215643562459e-01
-6.216941759976745141e-01,-1.922358818410829506e-01
-3.404444186038051434e-01,4.578777706194963049e-01
-7.573165348245336492e-02,6.169084451640736155e-01
2.346736295115058046e-01,3.759792522137868631e-01
2.565556877096855648e-01,3.943679556959723415e-03
-3.561550284207274375e-01,-4.192095472944816492e-02
-8.281550739541673201e-01,-1.578482187607876397e-01
-8.627328158428354543e-01,-6.064707795735602147e-01
-3.599122645525630326e-01,-1.012068631789849515e+00
3.553557957865886019e-01,-1.030677952161339173e+00
1.402485031082569611e+00,-1.137206033634845515e+00
2.100447972443157063e+00,-1.204858758102061778e+00
2.357461385219626226e+00,-1.168912198934092039e+00
1.999466003371933587e+00,-9.201354366663344608e-01
8.918411241267621969e-01,-2.998859742577085208e-01
7.506434597997560521e-02,4.962556718227530833e-02
2.232417654844752464e-02,-1.979883503138333833e-01
-1.185697489641267810e-01,-3.807809106679045374e-01
-4.581277505214249868e-02,-8.320390286057897933e-02
-2.160998957257671549e-01,2.296502554314793776e-01
-5.888959237538059499e-01,1.532762419463221115e-01
-3.688928948024295940e-01,-3.444998126402684102e-01
2.248017410186603227e-01,2.877617349162554516e-01
1.750154723363076259e-01,3.951124658079703811e-01
-5.020061134313433815e-01,8.235849023283539627e-02
-5.694660072170293352e-01,2.708816582268022688e-01
-6.810672069145116969e-02,-2.820378984009886403e-01
-1.602082174257516145e-01,-9.453227438221951592e-03
-1.665994966857641812e-01,2.809785185886312098e-01
6.160229848421699961e-02,-2.630650934988058853e-02
3.095438108879593891e-02,-2.893842245964478033e-01
-5.020061134313433815e-01,8.235849023283539627e-02
-1.032805027090244243e+00,5.584951958841393171e-01
-5.863578891049014974e-01,3.499921162044132283e-01
-7.513969166611222938e-02,3.755352560496080794e-02
-4.386323458495057226e-01,-6.715919810442277926e-01
-6.455210217625914071e-01,-7.891079493249067989e-01
-4.436192181409425728e-01,-6.026767507366992405e-01
-1.277361980974796862e-01,-8.594667761097917191e-01
2.793839669401724027e-02,-7.262163564763675083e-01
5.207155756769761279e-01,-6.598956646884149846e-01
7.262150736915986560e-01,-1.214767742047961202e-01
4.638873336832898264e-01,8.481336904627718720e-01
-2.923349520745601171e-01,7.914514480470259405e-01
-1.472738374901386482e+00,1.263850180272388490e+00
-1.754972067846706230e+00,2.082471992120962678e+00
-8.121867171022447707e-01,2.121318736817821016e+00
1.294184200066400559e-01,1.480398679584587596e+00
1.490706482077204173e-02,4.330870883520352987e-01
-3.232308418475329237e-01,1.833049141238684565e-01
-2.110466329059019486e-01,7.356826039166407538e-01
-1.277481209870802992e-01,6.657199775089563953e-01
-2.023451603369377683e+00,-4.494577296049212523e-01
-4.570790977964669821e+00,-2.121833117934385893e+00
-5.790575146758033753e+00,-3.909247251121924727e+00
-4.642929772955845635e+00,-4.337008119504568882e+00
-2.079554581061357155e+00,-3.072121850197403692e+00
-2.878502242176739722e-04,-1.535735901290234517e+00
3.997943898100494442e-01,-5.501511438838445622e-01
3.504185999356982939e-01,2.768796010420792042e-01
2.869874143668896260e-01,8.110938143678437795e-01
2.497113893669984652e-01,4.691130966734870511e-01
-5.609267303054387144e-01,-4.573977030801145705e-01
-2.127629083733118431e+00,-1.368639599736710677e+00
-3.567772109160117111e+00,-2.380494040702227032e+00
-3.944027253166184632e+00,-2.774746376837909700e+00
-3.434990421907190949e+00,-2.385050407323790811e+00
-2.533655809021229999e+00,-1.947854805912157650e+00
-1.461432727941356813e+00,-6.796344893284326227e-01
-1.032805027090244243e+00,5.584951958841393171e-01
-5.863578891049014974e-01,3.499921162044132283e-01
-1.186620607491816609e-01,2.912920966707995274e-01
-3.179019870518271507e-01,4.648557981458435462e-01
-2.180065809272695165e-01,7.965058400400408800e-01
1.004265028161456241e-01,1.064218389283801081e+00
3.314923801086295807e-01,8.129325579896827803e-01
8.072384301189362843e-02,2.476921306224018904e-01
-2.941078161787602507e-01,2.465650910319037714e-01
-5.846263793915945639e-02,3.544336363654113087e-02
-1.819228124456206616e-02,-6.093650543816344634e-01
-4.235672899389331114e-01,-9.710006273060869386e-01
-6.244901739242167960e-01,-1.378870705803090013e+00
-4.078778804948041681e-01,-1.964655174328392429e+00
-1.882899838636082068e-01,-2.082229351976153886e+00
-1.672821665648603351e-01,-1.036141791197506823e+00
-6.938374005014172896e-01,-1.351369070806820449e-01
-1.221915403275495304e+00,-1.414882983101119207e-01
-1.215591642344042711e+00,9.619307968794284236e-02
-8.243705686612941008e-01,4.028590419961133873e-01
-5.871542840652115292e-01,4.275761563583383440e-01
-2.305153739629935306e+00,4.515116584421033363e-01
-5.087419816351430590e+00,4.939874337854865960e-01
-6.915496792177990848e+00,6.012421734176227883e-02
-6.572791496995588290e+00,-7.673516517859568786e-01
-4.495226734759611098e+00,-1.588108872158197071e+00
-2.448591230163386534e+00,-1.411415268491836406e+00
-1.580491465701400200e+00,-2.437618509961353708e-01
-1.566278250403297045e+00,-2.041745044958886424e-01
-2.434626832585828460e+00,-1.372520941348005064e+00
-1.341923325873765949e+00,-1.512956417615152205e+00
5.803839401750610083e-01,-9.958574053109900959e-01
7.956799217628307552e-01,-9.395866649924907721e-01
6.442887747262663334e-01,-9.560313010904155639e-01
3.289712755347857787e-01,-7.182382258386831309e-01
1.347012078280573621e-01,-4.691246245460629627e-01
3.193860254725922609e-01,-8.445819513773118459e-01
4.926983416925014847e-01,-1.135679958483747143e+00
4.284583364052202414e-01,-1.029204944139513023e+00
1.319696787316774422e+00,-1.265698474142667340e+00
1.529196978310739530e+00,-1.264702374410985097e+00
4.728075804369449298e-01,-6.464315203688988376e-01
-3.098452205602015841e-01,1.084739023062263608e-01
-3.427148877504848645e-01,1.149453757549858679e+00
3.615875824958020290e-01,2.033980326809160744e+00
1.316169893247168543e-01,8.389001058208817030e-01
-1.775720521055707823e-01,-6.042811169714853436e-01
5.379445514706084897e-01,-5.010533978895580498e-01
6.437866333480627423e-01,-7.764298188907770015e-01
3.759487034682820195e-01,-6.814682438637150730e-01
4.429323996544745623e-01,-5.562747754553979407e-01
6.644462844498318921e-01,-4.139993553450273533e-01
3.772961573656481993e-01,-1.992217747086465762e-01
3.102694197204831084e-01,1.167756093262647434e-02
7.134795841828923679e-01,4.396828917146848592e-02
6.830044999125025607e-01,1.683197602784345520e-02
2.674315926070477412e-01,4.100687587483217017e-02
1.509404005368078783e-01,1.460544415852545463e-01
-4.369749452983375249e-01,7.203011358127200392e-01
-3.899944394521561719e-01,1.466248291941900206e+00
-4.629705010567802120e-02,2.551245896777707411e+00
-1.292490620889875874e+00,3.722958778419609871e+00
-2.498161073667913179e+00,4.018615539499974076e+00
-2.103987025165182878e+00,3.401545134788174440e+00
-1.488591699554545844e+00,1.750752451880399185e+00
-1.129171582130160667e+00,6.564376266550444594e-01
-9.297336596410173959e-01,8.101388391286852286e-01
-5.725357102366229745e-01,9.883600059043012864e-01
-4.500198132633925763e-01,3.941839724018936231e-01
-7.052426471765255167e-01,-7.017452312224149447e-01
-5.493988391020045992e-01,-7.885959091182742631e-01
9.928481153811692661e-02,-2.635258708208731981e-01
6.039844058669120441e-01,-3.420929200897226963e-01
5.164112379490345406e-01,-1.709549191410784375e-01
8.759644551309175853e-02,8.618682238178639043e-03
8.759644551309175853e-02,8.618682238178639043e-03
-7.513969166611222938e-02,3.755352560496080794e-02
1.760219182718008035e-01,3.197311874249642027e-01
4.638873336832898264e-01,8.481336904627718720e-01
2.202538761668876854e-01,8.503092163673052761e-01
-2.759858056803394244e-01,6.524304297211599435e-01
-5.860895378615834650e-01,6.273148443771059402e-01
-2.528284866495245642e-01,3.472759769807010621e-01
-8.809920684307251393e-02,2.688656914610804138e-01
-4.012710166342450258e-01,3.253277381514110833e-01
-3.858974766489073893e-01,5.498179573158114009e-01
-6.523934113080598340e-02,7.798548809259472359e-01
4.894326728316600317e-01,4.205893877337343323e-01
5.529928399459783650e-01,3.081421168926514256e-02
1.567527190776662194e-01,-3.193543717586267427e-01
3.131134385292256295e-01,-8.551587336626639280e-01
4.178431007889663595e-01,-1.354968166491451687e+00
1.248132349373965756e-02,-1.324083290493529130e+00
-5.700847531389533485e-01,-7.545256713520623881e-01
-7.296982746653798424e-01,-2.222903160837963465e-01
-5.284942460659336483e-01,-1.151504970621851365e-01
6.069880077212735925e-02,-4.312148382442262395e-01
6.437866333480638525e-01,-7.764298188907783338e-01
3.759487034682820195e-01,-6.814682438637150730e-01
-8.594492380593541370e-01,-3.035358461137365182e-01
-1.966801419659333972e+00,-1.788422072851703071e-01
-2.307408809556517504e+00,-3.725399104267955730e-01
-1.518582321404694513e+00,-7.285622291518710769e-01
-1.750601454196845985e+00,-1.150127298709350931e+00
-2.806257515421095139e+00,-1.331147151035612097e+00
-2.412355148175448605e+00,-1.109644638699149644e+00
-1.051415590779471998e+00,-7.344412580771730870e-01
-3.624091118068038520e-01,-9.220775875884473782e-01
-4.861978564527898450e-01,-1.574870499163143700e+00
9.494247036271383777e-01,-1.145094233503565873e+00
2.713054330763582822e+00,-6.084764143635544575e-02
2.042857184689445660e+00,5.164079622527532054e-01
4.638873336832898264e-01,8.481336904627718720e-01
6.627894264844350625e-01,1.278265383980552672e+00
4.811671054684585891e-01,1.679507805374574447e+00
1.216666580355084265e-01,1.753121176151331229e+00
9.158393779455151207e-02,1.357322908682075502e+00
-7.190215783267645856e-03,7.112399726080304019e-01
1.238036140660886408e-01,2.951872793775515702e-01
4.330297568603831970e-01,9.243748722118168004e-01
2.704380485577623228e-01,1.581675256286655618e+00
-1.265633277897014186e-01,1.343561061596394657e+00
-2.395613994842472061e-01,1.051911200832540194e+00
1.976524221465805059e-02,4.953239938338928616e-01
4.380959976163641412e-01,1.269571386355525522e-01
1.705334309616510502e-01,2.714390570724429241e-01
-1.104840733831730787e-01,1.261511938844915026e-01
1.116827210805922260e-01,-3.159924728048205209e-03
2.647069956407556712e-01,-4.654723506104679887e-01
8.131580842066070680e-01,-1.331253091460679716e+00
1.041383200809317566e+00,-1.413573327008199820e+00
5.906665276383838981e-01,-7.685101973827374033e-01
-2.009947808007770120e-01,1.872896333515501888e-01
-5.995944143384609459e-01,6.582441159615884940e-01
-8.256614242183525354e-01,1.075404824191449560e+00
-9.921163394347128905e-01,1.018734818474705150e+00
-1.130649533377230398e+00,3.558474659084501779e-01
-6.162966209498597081e-01,-7.511512429993588702e-02
1.251035727194071689e-01,9.483378361028818593e-02
3.128701079537460350e-01,4.346681169388580401e-01
4.638873336832898264e-01,8.481336904627718720e-01
3.855813423478109403e-01,5.487656773318858594e-01
2.346736295115058046e-01,3.759792522137868631e-01
2.624589647934185699e-01,1.263481158190026488e+00
5.789117096736773327e-01,1.771044845296132486e+00
3.547773874383546300e-01,9.492603777871568838e-01
3.752106589507192558e-02,-3.719265953697380167e-02
1.330737628125880923e-01,-2.964235696216041549e-01
7.439805273182306276e-04,-6.742593817621921337e-01
-1.706212444786008031e-01,-7.516605650732393062e-01
-1.339200591636766635e-01,-6.210181395794123205e-01
-1.279891705172094551e-01,2.692584623747748540e-01
-8.318704394485239295e-02,5.450827546520948808e-01
3.109146673454232790e-01,4.155447640681433352e-01
4.638873336832896044e-01,8.481336904627709838e-01
4.891917952997064112e-01,2.167868461566978266e-01
3.590897138380985121e-01,5.729522980436881768e-02
9.688478303212189058e-02,7.261588152726164980e-01
3.916650846858174551e-02,8.185810187943833860e-01
8.898757366799615875e-02,2.854922085183906888e-01
5.117800127081106182e-02,-3.265739602155291466e-01
-1.795701106118399448e-01,-1.267996187751802450e+00
-1.271376978201376462e-01,-1.392359650408903526e+00
2.922038900992741661e-01,-1.112233037878407549e+00
5.274249684770273561e-01,-9.202420596301745803e-01
5.922890966123345313e-01,-6.410308091399574693e-01
5.988307525865993464e-01,-4.511494475044552366e-01
8.188644186165023875e-01,-5.200573176103940459e-02
1.516476500295664831e+00,-2.528506986298689752e-01
1.706737805163524690e+00,-7.117823189106080584e-01
1.087525787033025049e+00,-8.587669436219573793e-01
4.432092705668354005e-01,1.970811944302050811e-01
1.882540177124518710e-01,1.073760132056186700e+00
2.133279218214933007e-02,9.439840666561729599e-01
-3.633080639022832903e-02,7.567436256614100687e-01
-6.999482897379595281e-01,3.496822466642744986e-01
-1.683223577025498185e+00,2.761586200364544164e-01
-2.100404707349915245e+00,9.223244802721967117e-01
-1.896644690843035885e+00,1.746276129217057216e+00
-1.469318750630247861e+00,1.991423130061180213e+00
-6.660804532717687909e-01,2.169258681338578132e+00
1.104009348921469180e-01,2.269779537471678932e+00
2.950687064855309627e-01,1.632464056159011356e+00
1.150776160169079548e-01,1.006341808322365639e+00
6.048100597853111049e-01,7.831348042226717876e-01
1.409628454826898469e+00,9.282858401137787929e-01
1.295607587967617214e+00,1.137119767325851072e+00
6.228147495023550473e-01,5.526103654392895415e-01
4.643097190418166154e-01,-5.998190333102615401e-01
4.525027552026992250e-01,-5.493867104974352600e-01
2.389280828241690524e-01,-4.648067164242855043e-01
3.393996413555556702e-01,-1.106970140958163151e+00
3.700024907806654939e-01,-1.202425819025533027e+00
3.093696510290241397e-01,-4.238056816928739701e-01
1.679661460078932800e-01,-1.087409237442756721e-01
8.130688879704191241e-02,-3.255294889690890092e-01
-9.363082914268482104e-02,-6.323572593983527446e-01
-2.398818596263351810e-01,-6.636146583601082449e-01
-1.293790611290580039e-01,-5.082192501489710690e-01
5.818748132167245180e-02,-2.843532539233226131e-01
-2.035390773808624654e-01,2.542090108532795156e-01
-3.949685760929269596e-01,4.904741642064381346e-01
-3.400842265186002633e-01,5.995292505626412805e-01
-3.728822157152295591e-01,5.986589434022572265e-01
-1.356274733743194072e-01,1.769171311282383696e-01
-2.035390773808624654e-01,2.542090108532795156e-01
-8.604197284802352907e-01,9.230179302946416309e-01
-1.182443016464153063e+00,1.539677012151458468e+00
-1.113065020134486494e+00,1.116780680365094591e+00
-7.447938612930306013e-01,7.788848363443693669e-03
-2.169908804207160147e-01,-2.817335338722143367e-01
-1.194933305101752441e-01,4.645079899940112583e-02
-4.502654414950260642e-01,3.761689310784150364e-01
-1.297905133867276739e-01,5.680322931612945547e-01
3.141222542636122328e-01,2.904969373551332112e-01
-1.929577498379994038e-01,3.250252422914621242e-01
-1.297905133867276739e-01,5.680322931612945547e-01
4.255593414295280597e-01,3.178708544752962828e-01
4.492524278248180014e-01,1.153013279911623556e-01
6.689394246274311673e-01,8.607472092175612044e-01
1.042985446925824400e+00,1.449092484842853690e+00
8.016321407381796771e-01,1.008205852515771994e+00
1.197884869749895886e-01,3.800534893868997011e-01
-1.803004883604023001e-01,3.028149946102207460e-02
-1.955878240460919848e-01,-4.166216830886032008e-01
2.582524839416013365e-03,-6.045527296107631177e-01
-6.157311241290808201e-01,-3.993363505308349798e-02
-1.699136449937330484e+00,7.557802918065416042e-01
-1.687631059084123475e+00,8.377129529054193613e-01
-8.459904406755462958e-01,3.657191443752457749e-01
-1.562480168410064485e-01,1.207163370516112916e-01
1.568035234899389230e-01,-2.563299026052414664e-01
6.437866333480638525e-01,-7.764298188907783338e-01
3.759487034682820195e-01,-6.814682438637150730e-01
-2.141524872491083753e-01,-1.873255742311947733e-02
-5.512018030444904015e-01,7.213923218741165044e-01
-1.067266241166425322e+00,9.462243378414963990e-01
-1.234180855333895988e+00,5.306825849042258181e-01
-6.258898901251607194e-01,1.340724604192736480e-01
2.228913803823150130e-01,-6.905796155544174919e-01
1.046413802490709477e+00,-8.184762236277955960e-01
9.840842856617842971e-01,-2.863536507857511459e-01
6.751604400044436405e-02,-3.069501365707392737e-01
-3.878013992960735457e-01,-9.080298063508196460e-01
-6.401314567847774528e-01,-6.998988804942649633e-01
-6.109578518144506143e-01,-5.571507041015408834e-01
-6.203333762298014475e-01,-1.081848212124677078e+00
-4.535221167655312802e-01,-1.062966099193503933e+00
-1.430611196231687254e-01,-8.575302616453936988e-01
-5.644568352297808789e-02,-3.295512053232477756e-01
-2.698518118336223903e-01,1.967957628368949830e-01
-4.755415217879893630e-01,7.083160127218594004e-01
7.119635780259515878e-02,7.856306031068924778e-01
7.854411249183184118e-01,5.802894665982989419e-01
6.432068800669745734e-01,-4.482046407906583596e-01
4.694602411580267587e-01,-1.381073354009537901e+00
4.694602411580267587e-01,-1.381073354009537901e+00
1.183751072189982156e-01,-3.875764678447395917e-01
-5.551984896653776314e-02,1.120395332051604909e+00
-8.089362941755073866e-02,1.434694202596549895e+00
3.657292758606732752e-01,4.366021650834511214e-01
1.138866700212798788e+00,-1.258642337694733104e-01
1.516057504781000764e+00,-4.769914244991476648e-01
1.271120724648224121e+00,-6.621333298042018090e-01
1.572023988417500684e+00,-1.210748957505022316e+00
1.357870951541183757e+00,-1.366565845259833045e+00
5.168636420320621427e-01,-9.890221893919125540e-01
3.338601262522192248e-01,-8.461886939728872070e-01
1.755329108257896731e-01,-4.675853102722330457e-01
3.180277013778152195e-01,-1.583142235184734903e-01
6.647679369183867593e-01,7.722262492163409209e-02
6.460226644187744283e-01,3.758914521423001309e-01
1.825639742334202453e-01,2.015996865537580396e-01
-5.705505321811624869e-02,-9.412648053309058405e-02
3.312214938158313249e-01,-3.351565478868017700e-01
5.363505585052726898e-01,-6.063647403538103831e-01
6.437866333480638525e-01,-7.764298188907783338e-01
4.272365970050495121e-01,-4.476082738336101818e-01
-4.612408684108063595e-01,-6.274783648023768423e-02
-1.040494014903108111e+00,-4.423826169999283686e-01
-8.696774901917515566e-01,-1.267336759155857528e+00
-7.869311079992008517e-02,-1.589970419423909265e+00
1.320364339024584222e-01,-1.296649234879024171e+00
-3.831857973495492731e-01,-4.532176510937335201e-01
-2.637824027237891666e-01,1.456111935116849443e-01
2.776779324500806556e-01,-8.280504146230971418e-02
6.462089299503792628e-01,-3.975160388604730977e-01
3.355340470375657302e-01,-1.319156934564544859e+00
1.573709524401489535e-01,-1.309407909625540212e+00
5.988307525865993464e-01,-4.511494475044552366e-01
8.215506924047608628e-01,5.420960882275632775e-01
8.820917951971699589e-01,1.446025490611291708e+00
8.509695091699435165e-01,1.677969393874432669e+00
9.310939612182898006e-01,1.057799686520555893e+00
7.021568686663747227e-01,1.619159894921579634e-01
2.254181774890096079e-01,-5.530037927294028099e-01
-7.048141535000689017e-02,-8.230469746070585568e-01
-2.591251988700456199e-02,-4.488371367489024655e-01
4.996126870964898159e-01,2.850777264299822478e-01
2.923856333169544963e-01,4.467839335210726515e-01
-2.310748141747242523e-01,2.554827980636412699e-01
-5.574699146574714492e-02,9.300844010630643366e-02
-2.807617924458451729e-03,4.645787082422763170e-01
-1.885305123889065293e-01,6.186020695734897323e-01
-2.331755105782034460e-02,1.925617252762144571e-01
9.439274617088243557e-01,-1.729666281593731370e-01
1.485066114320694020e+00,-1.078260677108791449e-01
1.143136468988384724e+00,3.720632779753432762e-01
7.854411249183184118e-01,5.802894665982989419e-01
5.136656456791198755e-01,1.653889800280571032e-01
5.233649555846436180e-02,3.931219543269314776e-01
-2.605709669683191620e-01,1.032227701961799360e+00
-6.057540768490407013e-01,1.253217665647509360e+00
-2.765992697681445289e-01,4.916082730931519151e-01
4.530011028163052345e-01,-4.198948067660394634e-01
6.717168881981578910e-01,-1.001348339916402708e+00
5.149130418891467720e-01,-1.387602144630809553e+00
2.287321020319382225e-01,-1.563573580906255200e+00
2.116006444308890788e-01,-1.631489050878253577e+00
2.646679956837581504e-01,-1.103988592116960765e+00
-2.392731453614272905e-02,1.922163311096525273e-01
-2.253020254501481301e-01,2.255339993992059533e+00
-3.647273924467259176e-02,3.320931583551592681e+00
3.006774548001787672e-01,3.020874017718191862e+00
3.477521908758463565e-01,2.098903872613628430e+00
2.862952075108312622e-01,1.663852295232919554e+00
3.810398472528348512e-01,7.361482759986806013e-01
3.159764750725790328e-01,-1.113843515301311121e-01
2.041645457681044162e-01,-2.629827379709439028e-01
2.637930170764034576e-01,-1.292671881325929348e-02
4.481146334403114939e-01,-2.274988037229168647e-01
5.363505585052726898e-01,-6.063647403538103831e-01
6.437866333480638525e-01,-7.764298188907783338e-01
4.272365970050495121e-01,-4.476082738336101818e-01
9.635167523492392527e-02,-2.792334639070144231e-01
2.913746755041995429e-01,-5.365973217117827460e-02
5.032583903178841078e-01,6.178153594038257035e-01
4.817054749667064040e-01,1.172463096030485596e+00
6.677509892245103718e-01,9.701483547910026983e-01
1.456209616458742806e+00,-4.634454824963165076e-01
1.360889120708436817e+00,-1.053643085913693156e+00
3.935466924208420592e-01,-5.697691349171186692e-01
8.925714855369415446e-02,-2.735647989387134937e-01
9.045312820195357262e-02,3.251159717784971037e-01
2.634625585286104466e-01,-3.715118139222368665e-01
2.319558306316642504e-01,-8.979655482045439951e-01
8.619533906505943630e-03,-7.762040320431355944e-01
3.987821955257578321e-02,-6.146938884138757331e-01
-1.559119704647741189e-01,1.407337983983924790e-01
-4.207173242180309303e-01,4.042060381115540890e-01
-3.401766645091558461e-02,-1.457338369223918906e-01
4.317164239130670822e-01,-9.454791767243833078e-01
5.256806203374803088e-01,-2.840229874409072042e-01
7.176905003380376069e-01,4.897477578995544367e-01
1.638908767164912295e+00,7.840282806326208664e-01
1.596474851458163480e+00,3.178154400745860086e-01
2.847615952662964633e-01,-1.111096924441967504e+00
1.262456937330337092e-01,-1.581109179639223816e+00
2.795150977945242698e-01,-1.205035701444330254e+00
2.311390274315863191e-01,-8.203521976599420507e-01
3.581848427842872495e-01,-2.800581593237634892e-01
6.269590509621639773e-01,3.431065378747933381e-01
7.854411249183184118e-01,5.802894665982989419e-01
4.601572147088052178e-01,-2.183898514115504771e-02
4.330418919958558543e-01,-6.045394304384357209e-01
7.254158567415882608e-01,-3.180225446302903936e-01
4.566541651809449820e-01,5.132218323406614012e-03
3.640922186388582255e-02,5.106931652558012180e-01
-1.321118148018358973e-01,5.277260701481240046e-01
-9.201509269902709287e-02,-1.891984552824826638e-01
3.914508661302252834e-01,-7.255852979527257496e-01
6.098582882235067393e-01,-1.166539783104078465e+00
1.132678404768532321e+00,-2.904328702604617174e+00
2.443807690086027495e+00,-4.938237778183255600e+00
3.800127936923697547e+00,-5.429187210382268702e+00
4.435187956177389701e+00,-3.831565066487972349e+00
4.220034584835191005e+00,-1.387243025946617081e+00
2.733636914433527743e+00,4.376642932531101260e-01
9.389877709067773193e-01,9.009367221630895095e-01
-1.321118148018358973e-01,5.277260701481240046e-01
-9.201509269902709287e-02,-1.891984552824826638e-01
3.367475462926434182e-01,-1.375088008264188470e-02
-3.721366428876143329e-01,1.286736802092960374e+00
-1.859397657963516970e+00,2.949640667501471469e+00
-3.140798866058526873e+00,3.910212314362725650e+00
-3.209692767461277185e+00,3.168415941571141925e+00
-1.844657058407301431e+00,1.685736272346580078e+00
-3.370791327969250295e-01,8.100242106225469252e-01
6.330662677933425186e-01,7.997022631700225759e-01
1.367389506666672139e+00,1.508159147060970373e-01
1.183272582640731763e+00,-5.776817341823833329e-01
8.563982631836366544e-01,-1.298545842240916404e+00
7.364650184241549047e-01,-1.740228089267892075e+00
5.510706010297476976e-01,-1.353871963172115889e+00
4.219731679967886895e-01,-7.198213717320587346e-01
3.575721183575351070e-01,-6.112748344251994759e-01
4.641883842923983511e-02,-3.536213839637093459e-01
-9.201509269902709287e-02,-1.891984552824826638e-01
7.242016446424653919e-02,-2.768280529726490080e-01
-1.016924145408572705e-01,6.037255355127327805e-01
-2.498425965123271253e-01,1.129825839138217214e+00
-3.245153947628941909e-02,1.081082362361555971e+00
6.779864614808531753e-01,8.505531279564942926e-01
1.748532642231269696e+00,-2.736968165469219061e-01
1.419941678073876723e+00,-1.131477936081880076e+00
7.640250701847544068e-01,-9.601089001802389777e-01
1.253998241727405816e+00,-5.448559854665124824e-01
1.076817190728116991e+00,-1.233139869761966942e-03
4.903508208324292017e-01,3.303688433402578173e-02
4.394628041122060624e-01,-3.458261567949465487e-01
2.168271662980996439e-01,-8.507381848078505726e-01
1.515697529080144157e-01,-1.292877220393883864e+00
3.095595869874371298e-01,-7.440187678763022783e-01
9.635167523492392527e-02,-2.792334639070144231e-01
9.885078983427417199e-02,-2.881778658216499478e-01
3.412136863205749715e-01,-4.533185038344552664e-01
5.938651224172600829e-01,-7.690639929352919291e-01
1.357474449632835256e+00,-1.255927185163381088e+00
2.186872197050958366e+00,-1.756947526016561234e+00
2.232854146000668560e+00,-1.655348657751599228e+00
1.791611998790284321e+00,-1.876005566368039501e+00
1.126118111688823475e+00,-2.398506687047151420e+00
7.340803612643134746e-02,-2.132907201153388499e+00
-5.989800185280715894e-01,-1.426449815711904545e+00
-7.749767151745005078e-01,-1.166420391527186018e+00
-9.464021625268839166e-01,-1.593063157505756333e+00
-1.158532307724789545e+00,-2.017655568511456110e+00
-1.037447091424151369e+00,-1.752745892831367502e+00
-4.505426091417654710e-01,-9.706834971036857329e-01
-1.735384276802005576e-01,-5.622293465943661167e-02
-4.538473623052948769e-01,3.659137267197816734e-01
-3.370791327969250295e-01,8.100242106225469252e-01
4.857287649911654764e-02,4.311226625251790567e-01
-5.104843227587034515e-02,-3.397836381720417687e-01
-8.908398561493500664e-03,-3.000396796305197511e-01
1.657127016561537602e-01,-1.120206453354005982e-01
4.368302782092267633e-01,-5.426354799592537637e-01
7.764896069485091035e-01,-9.881602693904398826e-01
7.492642251130755549e-01,-9.716190058490981052e-01
5.988307525865993464e-01,-4.511494475044552366e-01
3.023709139563954817e-01,3.771901666091546645e-01
2.770608272972055822e-02,8.432481138365934825e-01
7.814018305473005230e-03,5.862427196984449917e-01
1.877799652906923453e-02,-3.946799858126219529e-02
2.650663272708800866e-01,-3.761687432087454930e-01
1.326800492317233404e+00,-9.591216092130655513e-01
1.250502787150257422e+00,-1.263152873325678716e+00
1.796802632648291931e-01,-1.567024480403060305e-01
2.186380350916384829e-01,4.705402643317029288e-01
4.281611212770819463e-01,6.999595408002944330e-01
6.310645979371377612e-01,5.691663039288001880e-01
1.816202291891263920e+00,8.849577417561848014e-01
2.689111806130152882e+00,1.161858295082245807e+00
2.954245531044604967e+00,1.306839616614633437e+00
3.150388754341914677e+00,1.426598864618970453e+00
2.419178057284361305e+00,1.032111750870762679e+00
1.301481200912266045e+00,5.136937093092428519e-01
5.791341661184239431e-01,1.752746147774309760e-01
1.697938058077727852e-01,1.151158200666682618e-01
-3.749994104098280934e-01,3.567000657682511400e-01
-5.658529273189166764e-01,1.004287975750434825e+00
-4.595103809804228501e-01,1.460112866805031162e+00
-1.830474870358810291e-01,1.259524844978482161e+00
2.485100761633136576e-02,4.998219632491941455e-01
1.162301369350023095e-01,-8.455183624268503007e-02
3.445870953966087002e-01,3.424250997258697637e-01
4.638873336832898264e-01,8.481336904627718720e-01
3.087623251365553129e-02,1.114868366471787331e+00
-3.362978831657327805e-01,8.209212416231460585e-01
-4.700209199706835705e-01,1.867757912644596729e-01
-3.459623057258723322e-01,-3.550060255154884326e-01
2.418417310893130612e-01,-3.786215674050852908e-01
4.435392519592632476e-01,-2.635169520759560458e-01
2.182183997765668182e-01,-4.057157331011108092e-01
-2.583697462612197238e-02,-5.516349494912879958e-01
2.901784862378515295e-01,-9.349919827119104188e-01
-3.182665102769736132e-01,-1.102515995547025840e+00
-1.814596891601000017e+00,-8.943682855371858365e-01
-2.182957561588621420e+00,-3.720928013071561069e-01
-1.449733858113277263e+00,2.707355534696737620e-01
-6.028857231615889489e-01,6.802737826760772988e-01
4.063507792837000449e-02,4.497856179388918796e-01
7.192449471914033055e-01,4.542542972662148570e-01
1.358070015632979688e+00,1.243040888743210726e+00
9.520290334231230611e-01,1.416168259184891642e+00
2.754030237588382390e-01,9.827981534865258828e-01
6.463972820743892067e-02,9.122532765009009337e-01
-2.964758470206397267e-01,1.177102957588105792e+00
-4.301613365502307551e-01,1.402637563707067381e+00
-1.445897039409284046e-01,9.830667634130260124e-01
3.360864705411307773e-01,7.772464162309297153e-01
7.854411249183184118e-01,5.802894665982989419e-01
9.292574921355818418e-01,1.611112013996914838e-01
3.191504920156549852e-01,9.218490197740344949e-02
-3.333197059826376041e-01,3.515545662559064199e-01
-6.549257102555906540e-01,4.877955658011171591e-01
-1.074520772295963100e+00,6.557233028314281009e-01
-9.494699174225430527e-01,7.696870304641140192e-01
-7.251439484888576592e-01,6.850992411805961746e-01
1.057254306200768185e-01,4.940550659757336760e-01
5.627784062019849376e-01,2.828663975397277541e-01
2.073717537163731750e-01,1.878357094105713165e-01
4.795717319690531721e-02,8.243424136743070230e-02
2.289981815787537345e-01,-2.741284717844552077e-01
5.897819651905246152e-01,-5.880590015791036240e-01
2.558714482549535041e-01,-1.069997966297406428e-01
-5.518906060851065387e-01,1.202285822976289775e-01
-4.087680291160556423e-01,-6.665734816545799968e-02
9.648923031173733684e-05,6.555593241398460780e-02
1.763896984862261264e-01,5.576019965024030939e-02
-1.197165320768493579e+00,-2.972527764143461648e-01
-1.876660930455141596e+00,-5.947588851341428090e-02
-1.074520772295963100e+00,6.557233028314281009e-01
-5.061104935156227613e-01,7.411047223308614429e-01
3.770935193204333902e-01,6.406059198023156265e-01
9.183859441396799994e-01,3.577140769281194066e-01
7.003228345600553961e-01,2.655569466552782920e-01
5.958014816937281521e-01,3.191281666616365142e-01
6.572208806754633592e-01,9.252660488438686492e-01
5.974152043966474146e-01,1.932218110290613744e+00
3.535805604977254601e-01,9.838885781397970209e-01
1.843504992250145080e-01,-8.220527651865665586e-01
2.340075331409333381e-01,-8.446971550569108977e-01
-2.257480264788343672e-03,-5.724560208356574975e-01
-3.493240030202212076e-01,-8.616568685108123848e-02
-1.593743953988170647e-01,-3.845882814855169224e-02
3.352497492410862479e-01,-2.017313052658509798e-01
5.677249997859014075e-01,7.191225091482452703e-01
3.974520485890697952e-01,1.698169660093511002e+00
-1.339555258654467895e-01,1.784778491890137486e+00
-8.464661766316202707e-01,1.148192796307366370e+00
-8.619946984129429612e-01,5.494627150477308097e-01
7.848544903551755991e-02,5.200443794163682742e-01
7.854411249183184118e-01,5.802894665982989419e-01
2.321613176917220744e-01,4.858720298287279582e-01
-7.453156527966086076e-01,7.780090504715477806e-01
-7.868110249796956834e-01,1.237792436485281256e+00
-9.930853271496880019e-01,1.695153840051878413e+00
-1.874666423698216899e+00,1.890055876066143226e+00
-2.510328020750266287e+00,1.185193297729013162e+00
-2.305205793803681846e+00,-2.190623297121406521e-02
-1.470555664752646541e+00,-7.341451899775148782e-01
-4.889895306387782581e-01,-7.769693943975881645e-01
-1.028405152516161242e-01,-4.174194661587979360e-01
6.498035288632847406e-02,-2.205676823370143758e-01
1.172416582946589902e-01,-3.989543162983325009e-01
-4.036195734425507969e-02,-1.203203155165544630e-01
1.991257341719391838e-01,7.841771948646126811e-01
1.217160897561985422e+00,1.403373612983025431e+00
1.801826420544184293e+00,1.379718968017614733e+00
1.169344173538236165e+00,7.829483111844913745e-01
4.786477902215236502e-01,-4.856185763482337436e-01
2.548442264910900090e-01,-9.865120059903941252e-01
-1.338694595099042539e-01,1.948541315563325493e-01
-4.062521893875159495e-01,9.795266082626958859e-01
-1.659400662680282634e-01,7.423937384632368630e-01
3.984500948130740294e-01,-3.871080809539088619e-01
1.048822542540625048e-02,-4.180980437265761074e-01
-1.128130178704774167e+00,1.883957035523175616e+00
-1.890530357376241977e+00,4.043029753958012229e+00
-2.265103188695574588e+00,4.558161248562473844e+00
-2.398512417672814756e+00,3.180439419863453576e+00
-2.377012265362957955e+00,1.682627899411897276e+00
-2.003905523347529805e+00,7.410227793715502553e-01
-1.640749721618014023e+00,-8.075001692543566645e-02
-1.571545443885243420e+00,-3.821576078310706115e-01
-1.576859559701242919e+00,-3.320183742332572518e-01
-1.018967037297190181e+00,-5.267396675281824647e-01
-1.668440925412987275e-01,-9.139242536455383092e-01
6.489666435587863047e-01,-9.662594122830887589e-01
1.000130286647543665e+00,-3.838278407161097583e-01
1.824152704011227977e+00,-2.402768654266137019e-02
3.189658639286029995e+00,1.226706650291414184e-03
3.684794172635045495e+00,4.274842217686506407e-01
2.784981556217351439e+00,7.182994999620944121e-01
1.237521187784667243e+00,2.830990611408466529e-01
-5.104843227587034515e-02,-3.397836381720417687e-01
-8.552797452276400536e-01,-4.836604668574138732e-01
-1.145256282015825411e+00,-5.640902879548181925e-01
-6.113332429089227693e-01,-8.745550364000842514e-01
-1.825133487426006465e-02,-1.113421162094102579e+00
4.998790442239173237e-01,-6.690825813841727587e-01
3.758816805048516008e-01,-4.107634284904359556e-01
3.093519935771618656e-01,-1.109530716977210840e+00
4.694602411580267587e-01,-1.381073354009537901e+00
1.320364339024584222e-01,-1.296649234879024171e+00
-2.655372304205067535e-01,-1.502127329606322004e+00
-3.804771316879281273e-01,-1.736854977244983500e+00
-2.124609054293504218e-01,-1.290773410472316973e+00
-8.082465812072561206e-01,-3.646200462057976877e-01
-2.147819636535576837e+00,2.858826535024835414e-01
-2.904205680604356132e+00,6.364209808427493398e-01
-2.496166493804384601e+00,7.137361913207492803e-01
-1.218274162722253751e+00,5.597863535355546150e-01
-1.817428476431929285e-01,3.178921966123936516e-01
4.283831218405687730e-02,6.842657494750434277e-02
6.750969249679046602e-02,-5.206796682389158715e-01
3.402099404710194896e-01,-9.972416581225665988e-01
7.367552962070431644e-01,-1.082002176444884167e+00
4.801883803202433576e-01,-7.479150822796940545e-01
-1.485444311788523541e-01,-9.415766992030666707e-03
-4.511462865414612305e-02,1.239180276652014773e-01
2.073284881939506108e-01,2.457526345401526424e-01
1.497218057160782378e-01,7.157344518735425654e-01
-4.446706953174647120e-02,5.932575168062820259e-01
-3.541521321003154865e-01,-2.547489638432376968e-01
-3.205574194679960409e-01,-8.412317125904515969e-01
-2.753878948756481593e-02,-6.591584980165683394e-01
3.390870773265391297e-02,-5.143853989437902063e-01
-1.702044614966412017e-01,3.956319607014008310e-01
-2.286368239857206747e-02,1.093206267747423910e+00
9.543108708355888536e-01,9.217234884475515866e-01
1.949457812412005886e+00,5.363337126795204579e-01
2.180076834575212175e+00,-1.118141483461707608e-01
2.168192570258681950e+00,2.974373563125404796e-01
2.690355446962807928e+00,1.221035292314110121e+00
3.251202219006733340e+00,1.716552250243464250e+00
3.180058482950234300e+00,2.093376440643053282e+00
2.319522202538684574e+00,1.565752241511732201e+00
1.095630050235137931e+00,1.919431630956926482e-01
-6.726493898214294664e-02,-1.230032109776841631e+00
-6.955333588904974995e-01,-1.732438273739024703e+00
-8.246043431275383861e-01,-1.457083124487268844e+00
-3.627547372987077745e-01,-7.515314201065589339e-01
-6.927531546962953368e-02,-7.355371192543380676e-01
1.336499974144704783e-01,-9.914483776053822917e-01
1.530514355693788908e-01,-1.098932906210301264e+00
-1.356499829322323214e-02,-8.930450274323066262e-01
8.945726536555202377e-03,-7.418911122416788073e-01
-4.828615180827298958e-02,-1.022412821870280819e+00
-7.857481681496240877e-02,-1.016427776105868874e+00
4.800141248890025386e-02,-8.102511577972434376e-01
1.207881454224377094e-01,-6.754698530744703833e-01
1.097240215520814827e-01,-6.286005562030971827e-01
4.932498196313737232e-02,-7.289610067205468669e-01
2.663790635831274067e-01,-4.573514955527961945e-01
7.305418869023772022e-01,-4.105333995484082288e-01
6.395537093598433476e-01,-5.798718765775099371e-01
-8.393949407460850332e-02,-6.564663706487592343e-01
-8.801012094762434845e-01,-4.990099939760353487e-01
-1.057643352089881805e+00,3.760845810844206105e-01
-7.868110249796956834e-01,1.237792436485281256e+00
-5.945445412838130661e-01,1.508038134800699259e+00
-4.361915983492919424e-01,8.418930343269696026e-01
-1.966691458126235137e-01,-4.656027055632915301e-01
1.515697529080144157e-01,-1.292877220393883864e+00
2.548442264910900090e-01,-9.865120059903941252e-01
4.355696942854178633e-02,-6.632313514122548659e-01
8.568170293598043052e-02,-1.933316236190773807e-01
7.603404924664322606e-02,4.273499080866776656e-01
5.634165344813288172e-03,5.976175931883560555e-01
-1.344529272762177707e-01,3.265001736607503480e-01
-4.021141885561261842e-01,1.972865472689841748e-01
-3.339846197535845107e-01,-6.769681924434703402e-02
3.844050417310953538e-01,-1.406125977688061357e-01
6.849731574646781285e-01,7.203984501980745248e-02
5.381703236295947157e-01,-1.958289701594036203e-01
1.190153424696924617e-01,-5.060562292497780001e-01
2.664301628860071269e-01,-2.708163876484475097e-01
7.677180986963193510e-01,2.151421912294650962e-01
1.073048380745965868e+00,5.189704326940201007e-01
8.786977034999767788e-01,5.580615451993935494e-01
1.457315950184240871e-01,5.329544348648084240e-01
-7.252143703300249766e-02,8.039239942322821131e-01
2.852547918096383084e-01,1.010874816177332658e+00
2.497113893669984652e-01,4.691130966734870511e-01
2.228913803823150130e-01,-6.905796155544174919e-01
7.802147368005977190e-01,-8.669900257417223477e-01
1.750143638970325988e+00,-5.350135581319835909e-01
1.985573562816026705e+00,-4.921073191204450303e-01
1.366735758060779071e+00,-6.056268273317821915e-01
4.166064153798927916e-01,-8.747720622385455336e-01
-3.890397791902790448e-01,-3.701789201258663398e-01
-8.782164093472177857e-01,1.204162682054942035e+00
-1.460542647036327413e+00,2.176639836042640663e+00
-1.603526746484749799e+00,2.539200278775615160e+00
-1.202473316936556458e+00,1.871421313488788041e+00
-6.825363311410640454e-01,9.485550352163908405e-01
-3.192320213087793679e-01,3.891701754095299171e-01
1.609668252419816509e-02,4.652897517604680511e-01
1.525833940817205858e-01,6.584567603195499164e-01
-2.569161778034468879e-01,4.800101922368281704e-01
-6.202256226747192569e-01,-2.198209727546716896e-01
-6.300309368926575448e-01,-7.393858738515843854e-01
-3.020342378797783445e-01,-6.695221296158259117e-01
1.441086685468257467e-01,-3.060640204201562908e-01
2.513985774397803907e-01,-1.330169340203108119e-01
4.805600100050919643e-01,-2.452396741766448840e-01
4.219063169395176893e-01,-4.849522901542435149e-01
-1.303334534291475666e-01,-7.659091627646554337e-03
-3.192320213087793679e-01,3.891701754095299171e-01
-1.065415820466684982e-01,-5.150656794530949351e-02
4.735527890134285517e-03,-5.181440968246964901e-02
-9.958460031997107276e-02,5.130130431309267713e-01
-1.421494264066798907e+00,1.498283627686197939e+00
-2.377012265362957955e+00,1.682627899411897276e+00
-2.011869037520187309e+00,6.566745271588975141e-01
-1.189922323485603117e+00,2.620101740096038578e-01
-5.070730029912744463e-01,4.187059257988215433e-01
-2.575463556949794675e-01,-2.126489474815073111e-01
-1.208990579998429765e-01,-1.681335354731982867e-01
-8.724023638598569219e-01,1.013090232069744356e+00
-1.748493299227412923e+00,1.456685573679552537e+00
-1.944165757543219630e+00,6.529876798505404034e-01
-1.406447880059962019e+00,-3.066339280704205583e-01
-7.708028515680230841e-01,-5.488618547156485228e-01
-8.092488575420452024e-02,-4.084879166299403841e-01
1.047675170938145300e-01,-4.564003312279419355e-01
1.298758036243418124e-01,-8.392641809113247919e-02
1.490150514945579596e-01,1.281854535328885991e-01
-3.816041893779558714e-01,-3.237982374362680105e-01
-5.783335402744833598e-01,-4.616729460953972741e-01
-5.543194818996189932e-01,5.720220940247427999e-02
-9.302036039026023717e-01,1.165262131783827204e+00
-1.298884790847415482e+00,1.593065174428120123e+00
-9.700115508553865951e-01,9.852141930840697670e-01
-1.649545199205316059e+00,-9.094662944119888404e-02
-3.117883164785760108e+00,-5.481499271760473802e-01
-3.565740381270742887e+00,-6.766719748018410474e-01
-2.585080394584306607e+00,-5.291105677403510343e-01
-8.851101793174878107e-01,-4.212705886720602977e-01
5.763920783908477175e-01,-5.113400167984111233e-01
6.615292948486093394e-01,-5.135567801947170663e-01
-4.615487236391885295e-01,1.154679670634314453e-01
-8.371204424025001645e-01,8.781713906659934787e-01
-7.705859860946453477e-01,5.645257203443000416e-01
-8.281550739541673201e-01,-1.578482187607876397e-01
-7.826860870730752984e-01,1.049810256730204783e-01
-3.598229865622266654e-01,1.838327145128453022e-01
-2.007463201560332616e-02,-2.993517937416022567e-01
-1.303334534291475666e-01,-7.659091627646554337e-03
-3.192320213087793679e-01,3.891701754095299171e-01
-2.599207120573068241e-01,7.025540952883083667e-01
-3.061488231037271524e-01,7.670791827291174592e-01
-2.331755105782034460e-02,1.925617252762144571e-01
-4.666737952193968919e-01,-3.778458067810809284e-01
-4.926967787451912439e-01,-1.170340437441429238e+00
1.800952616201005052e-01,-1.405501333274377318e+00
2.331791143517837339e-01,-6.963588751706226709e-01
1.005401818606539988e-01,-3.385732619761165907e-01
1.731447756040373209e-01,-7.975166402745870187e-01
-6.645937846052746290e-01,-1.874088013642655204e+00
-2.003378225186219108e+00,-2.630473454088415597e+00
-2.338814848766741950e+00,-2.166192555730770408e+00
-1.393329976339100051e+00,-5.816234243640275858e-01
-4.525530275343067066e-01,6.961260514138030153e-01
-3.234126051598849028e-01,8.496794887336245328e-01
-4.258735149029845013e-02,1.150287263046907871e+00
3.650887408497487802e-02,1.495604762777100083e+00
-2.178150550587907019e-01,1.006167422575771742e+00
-8.004418483598008116e-02,-2.143919833477602940e-02
1.810979578564137493e-01,-2.438148456489974691e-01
5.947855907343030379e-02,-6.399723882220770266e-01
5.758488644877437362e-02,-1.337136898391373396e+00
1.108806118054554146e-01,-1.318654521965149096e+00
1.207881454224377094e-01,-6.754698530744703833e-01
1.714240982148771131e-01,-4.872044557792314379e-01
8.271964013706147034e-02,-2.224374152762007562e-01
-2.610541039663715757e-01,8.146998306179159544e-02
-1.118402869994103987e-01,1.137446047261666676e-01
-6.353381912504416640e-01,3.601100597586043284e-01
-1.864219801920937725e+00,9.640565205523845549e-01
-1.411335579439298993e+00,1.263004643398075277e+00
-3.518178759307939441e-01,1.278303148900684638e+00
-1.113337021447867309e-01,9.815987572311295484e-01
-3.030739278354300237e-01,5.313948621497806002e-01
-8.485339349415286225e-01,9.879784631084296276e-01
-1.257929562793169254e+00,1.838328275389656152e+00
-1.398112961965730427e+00,1.873442861725420183e+00
-1.092224406287497063e+00,1.411968329860498805e+00
-6.464564355405726381e-01,1.020196741348984526e+00
-6.121088052262741996e-01,4.547339493259980325e-01
-5.502115948256554034e-01,-4.719036978712384256e-01
-1.308641762164954384e-02,-1.292490570516259485e+00
4.300375016466559397e-01,-1.500897814199454672e+00
5.192659430260800901e-01,-1.466869253308338727e+00
1.839590010596568348e+00,-1.809270439248442885e+00
3.855834665960411023e+00,-2.133164185101391830e+00
4.844227531752128613e+00,-1.559704177046746132e+00
4.425258807874087985e+00,-5.497984707509717683e-01
2.410878696027828116e+00,9.138755837404849425e-02
2.660284909203311510e-01,-4.658084937006130022e-01
-1.217052228837835370e+00,-2.092391187598082514e+00
-2.463993966867515706e+00,-3.777062859443915954e+00
-2.855085601644729021e+00,-4.828945353272260377e+00
-2.162471169526733572e+00,-4.401085494755702321e+00
-9.846019667615617532e-01,-2.555138338631139927e+00
-1.423165993883135916e-01,-1.034358323789254408e+00
6.123135250271179858e-02,-5.732376703391783845e-01
-1.780758738393395935e-01,-2.372878647678610883e-02
-2.475970586419061759e-01,6.246881580463611305e-01
-2.901892885477932449e-01,7.822041490643977246e-01
-6.692869791779826327e-01,-9.386427038863201511e-02
-7.507384738692475246e-01,-4.108971486987911814e-01
-6.391924082816220487e-01,-1.064263990321999004e-01
-4.934357560878294136e-01,3.754390474737449579e-01
3.325562818752639260e-02,4.119023509365954960e-01
4.642324737808583568e-01,-2.595649381279335199e-01
4.241090627052677142e-01,-4.024719954759495288e-01
-2.640312035009824698e-01,-4.788765636482661958e-01
-6.462141120012139250e-01,-1.519869447687888231e+00
-2.267662931661190429e-01,-2.391818086827100842e+00
1.183008817495625919e+00,-2.473188603047062450e+00
2.575792808976653525e+00,-1.975992314380042636e+00
2.559695621390329467e+00,-1.687049530104545170e+00
4.518253518428842597e+00,-3.240681502033276651e+00
8.476913566710859271e+00,-5.815766940775613847e+00
1.117153869698050350e+01,-7.317314787071968141e+00
1.135901118058975712e+01,-6.946975550859586512e+00
8.922013168477112899e+00,-4.757923519013579572e+00
4.751228432023816950e+00,-1.524969642862931352e+00
1.078612725297572350e+00,-2.569374590676014036e-01
-9.013633067496414908e-01,-1.286677443383188679e+00
-1.184263618678301322e+00,-1.897412647902544380e+00
-2.082781890866873820e-01,-1.333104005239585055e+00
-1.446532642218063547e-01,-5.451532451996411455e-01
-3.420748493782065913e-01,-3.390448336436679977e-01
-4.264488315475359892e-01,-1.148000718181049207e+00
-1.988858425561027266e-01,-1.322966554087738444e+00
-1.359562704320835536e-01,-5.357663098449780836e-01
-2.563352792472772257e-01,2.963837682480368607e-01
-5.856891153124832439e-01,6.440133975803556954e-01
-8.060564285065848766e-01,1.062299265498115597e+00
-5.164577740804013883e-01,1.530129356535656626e+00
-5.704013596373109785e-01,1.443698275305162371e+00
-6.496639302244746617e-01,7.850577350911144281e-01
-1.100502066779549759e+00,1.662885040753772081e-01
-1.805893314220111234e+00,-1.257800674527943113e-02
-1.195271845558403268e+00,2.152575088489459554e-01
-3.353979017140119034e-01,7.524996252904528338e-02
-3.099115670916974818e-01,-6.479390414269887710e-01
-7.994012604745539541e-01,-1.776965501151279492e+00
-1.139449489353367762e+00,-2.713664066198944624e+00
-5.290214005288595978e-01,-2.907564760366902590e+00
-1.061536069631239115e-01,-2.357060305707612713e+00
-1.528403716942995649e-01,-1.428744120795567341e+00
1.917222275934140352e-01,-1.193942897894318067e+00
5.276968851236961688e-01,-1.060300213102700617e+00
5.988307525865993464e-01,-4.511494475044552366e-01
5.742542225916903442e-01,7.893176597709855580e-03
4.231404608356211794e-01,2.596103853590505869e-02
4.940125853585072280e-01,-2.131127022655467662e-01
7.033341169436736484e-01,-4.352827582699019260e-01
5.840729932284050019e-01,-4.589866076426072361e-01
2.273041520058622922e-01,-2.847585972745842464e-01
-5.319136043494589183e-02,-1.285464735103834522e-01
-3.409566596750815415e-01,2.532895957431279266e-01
-2.079075600402696677e-01,3.477936383452133740e-01
3.197527213090863851e-01,-8.405029389223894754e-01
4.622539064309487133e-01,-1.743634904481613512e+00
1.993617452850926230e-01,-1.372399239840054852e+00
4.598424549447675119e-02,-7.399635538339707219e-01
2.481892537260771969e-01,-6.370704696673576972e-01
3.727918177077428341e-01,-2.394498785243794337e-01
2.314366050015385368e-01,1.136474334531363539e-01
2.555473211553894730e-01,-1.532292976366977089e-01
3.972431698462511318e-01,-3.590795542001612994e-01
2.977228061731787383e-03,-2.718744231890087015e-02
-9.710383743003079271e-01,5.237728160810736222e-01
-1.864219801920937725e+00,9.640565205523845549e-01
-2.384245959552183436e+00,1.291964259672857995e+00
-2.367943870592962075e+00,1.344667823593852951e+00
-1.182605552062686582e+00,3.803907852039337123e-01
1.388823112210951505e-01,-4.645793748314193394e-02
4.889614489357337751e-02,6.782219537497756745e-01
-2.406271540052856983e-01,7.534926384928638532e-01
-5.032015968441282405e-01,4.024056581329218951e-01
-8.566958388953871406e-01,4.254483243279412741e-01
-1.074520772295963100e+00,6.557233028314281009e-01
-5.157437055597420272e-01,2.248749821673628468e-01
-3.197315149450265515e-01,1.205527908738954629e-01
-5.987408868914044779e-01,1.105471085405119958e+00
1.166993828120987398e-01,1.154575727476492730e+00
7.854411249183184118e-01,5.802894665982989419e-01
7.186814442975446582e-01,1.024444105839096952e+00
5.974152043966474146e-01,1.932218110290613744e+00
7.405548939034624079e-01,1.868386457781214816e+00
8.141326695665427327e-01,8.921207894286534712e-01
4.737473229090439220e-01,-1.113400439838452272e-01
3.111384223576718067e-01,-8.016254628012521311e-01
4.550564997245310495e-01,-8.370362145024990985e-01
3.101222789167555338e-01,-8.031544182061206572e-01
-4.828615180827298958e-02,-1.022412821870280819e+00
-1.143969064985284501e+00,-1.309639575611461604e+00
-2.314002472572983748e+00,-1.586491101246359170e+00
-2.313789572162778363e+00,-1.849437524632578711e+00
-1.221486563909627510e+00,-1.831737995132600050e+00
-4.114398901703210376e-02,-1.388225992864558389e+00
4.434664325246884808e-01,-6.589892441497092745e-01
4.793507726890433029e-01,1.119809400483494921e-01
2.207439729654029903e-01,-2.196718592008674309e-02
-2.167800430316694782e-01,-9.461534815569223600e-01
-1.046570461671419761e+00,-1.489969418190504546e+00
-1.542239864318687426e+00,-1.285724001471960198e+00
-1.225162903516712198e+00,-6.913449525429633535e-01
-5.891050797162107333e-01,-2.035643324960084710e-01
-2.723767758480514778e-01,3.216102509655376362e-01
-2.146019047971036431e-01,9.582427327171191278e-01
-4.301613365502307551e-01,1.402637563707067381e+00
-6.145258836480131936e-01,8.695458847635796351e-01
-6.375194596909271594e-01,-5.183583490739610555e-01
-3.652446440207415268e-01,-1.284612915552892476e+00
-3.596026942260446141e-02,-6.173066706243113266e-01
2.839543869851595542e-02,5.311232936566102625e-01
2.701172250045987266e-01,1.435030386948306536e+00
1.223465650829065332e+00,2.227069738054975989e+00
2.556344460832439047e+00,4.254368298236921753e+00
3.448215392556020831e+00,6.330860505392521098e+00
3.580995243378878978e+00,7.018787129277042958e+00
2.726114040192643362e+00,5.872461043808164582e+00
1.378892365966933653e+00,3.731181078869052925e+00
4.760855840164710528e-01,1.884073814911946254e+00
2.071861827076332263e-01,1.336727427913213528e+00
5.337589986345918358e-02,1.097629533347120434e+00
2.616359150849941750e-01,6.289180227475452689e-01
3.523545466557714279e-01,3.449332680649299654e-01
1.839819898583476276e-01,1.903155838025747948e-01
1.133484434005780361e-01,-3.099466142061096940e-01
1.707216401381854709e-01,-8.036662570282494533e-01
1.755329108257896731e-01,-4.675853102722330457e-01
9.878487309482709977e-02,5.109564646558485412e-01
7.496521535653064006e-02,1.129031456094989228e+00
1.340913345740776530e-01,1.169962715184461821e+00
2.117996969690528197e-01,4.844327975660017715e-01
4.655035781732456690e-01,9.553037821244397820e-02
1.142282829329505756e+00,6.775056534527289509e-01
2.481834891950259525e+00,7.664239865526777384e-01
3.599643459618732777e+00,1.121001282534921151e+00
3.492630828265271603e+00,2.091551892370627552e+00
2.349370293493271422e+00,2.091202202572701729e+00
2.534408771275727279e+00,2.389969469531807000e+00
4.390198456358142209e+00,3.311385932914245434e+00
5.485500702535031969e+00,3.793299261571537517e+00
5.127799240538715608e+00,3.905282928398486231e+00
3.473758452284736897e+00,3.434523891703397336e+00
1.419162195721829001e+00,2.088239495765042086e+00
-1.840492728951611534e-01,9.482389582721350019e-01
-1.013826162419067423e+00,2.266007774964119703e-01
-1.663845005927066412e+00,-1.060431450047254698e+00
-8.652518592576842194e-01,-1.388093758223220009e+00
1.558809384049802738e+00,-7.457473462411354781e-01
3.345426365805437730e+00,-5.533528962046996291e-01
4.194533086267147937e+00,-2.525044455836668034e-01
3.811044399550000517e+00,1.320937912875476683e-01
3.742603990269590675e+00,1.549396569870877677e-02
3.885094757168786828e+00,-3.549245211786745124e-01
2.757330533576892062e+00,-3.458832004579117658e-01
1.380678913700200461e+00,-2.271668824532488140e-01
8.823000671384846338e-01,-4.727879922109394228e-01
6.361276546656026154e-01,-1.007024188614224380e+00
5.333312332960956637e-01,-7.302542570959821289e-01
1.920588446020881912e-01,3.864086391452605240e-01
-9.798999958273146849e-02,9.830194259898932252e-01
2.480157615628553747e-01,1.790355202682005542e+00
3.242366532198995843e-01,1.582323353273090483e+00
3.432642525102172493e-01,2.845225967908335263e-01
4.380284165961267906e-01,1.102042253187425908e-01
2.856222013019788508e-01,2.125164343535226597e-01
3.653579205763677340e-01,3.580037295524348697e-04
7.393262975480682231e-01,-1.780694381234451673e-01
6.641606688560258709e-01,-8.552806885235554601e-02
2.623784044394212311e-01,-6.897898966112554764e-02
5.429780718872479275e-03,-6.907197904855835735e-02
-1.753266263569301930e-01,1.984876416847627389e-01
-3.086107015452178026e-01,7.276676280334098967e-01
-3.232065256043376023e-01,1.072927282837231600e+00
-7.099290501845170742e-02,7.295009375078594926e-01
2.537577243081416967e-01,-1.648712142622684174e-01
3.953287155205714720e-01,-8.594717023662060695e-01
3.093696510290241397e-01,-4.238056816928739701e-01
3.172503772287764146e-01,-1.564900049926899184e-01
4.579183113285167361e-01,-3.826613585144234553e-01
7.565564201587013926e-01,-4.688317567583425438e-01
1.360458125594057988e+00,-3.531744935576691669e-01
9.945939514654600355e-01,-3.241771568839275641e-01
-3.775929486755414954e-01,-7.749851610611238062e-01
-5.614981331400459297e-01,-4.973851599122678935e-01
-4.865049298915125053e-01,1.856145522879463494e-01
-2.939704300437827600e-01,-1.339406100278505568e-02
1.464612205513691756e-01,-1.008475028665853368e-01
-8.754520613210567404e-02,2.148592393482675611e-01
-1.039927515987585593e+00,2.043619613980278693e-01
-1.917370165407433324e+00,-5.021864767271915220e-01
-2.051545867581481275e+00,-1.420666882096141448e+00
-1.659576010450970696e+00,-1.888720704029793751e+00
-1.063029925832059464e+00,-1.603622393649033695e+00
-2.696598785676874166e-01,-9.302321930070081013e-01
2.318078994976572327e-01,-5.441593159993338702e-01
4.336990648053644093e-01,-4.023663575326020814e-01
2.975626896011867029e-01,-4.329630648021661754e-01
-6.233216726870370074e-03,-3.625413395886998846e-01
-4.581629952805689188e-01,-6.280553741716657923e-01
-7.379063813389097337e-01,-9.283688164487362560e-01
-4.026043595005301956e-01,-1.315854512918336328e+00
-3.293383511643972472e-01,-1.329379092159766129e+00
-5.209952181895353140e-01,-5.644301133000800830e-01
5.157342594759838778e-02,-1.103621867872658091e-01
7.835016258381261034e-01,2.083325780580057573e-01
3.857464679119157469e-01,5.576159618978567822e-01
-9.935887666502944970e-01,1.533653943598408897e+00
-1.797814286118685434e+00,2.519219355958743911e+00
-1.317873550177471653e+00,2.398414298042398141e+00
-6.302875846006152916e-01,1.827985742601379027e+00
-5.346534707748422655e-01,1.077024246698037313e+00
-3.726850884846779066e-01,7.571787043527506977e-01
-1.309900384822036690e-01,1.081060188671613576e+00
7.907238629973513400e-02,9.667314191160862880e-01
1.705800396146507358e-01,3.196712449578750226e-01
-1.418561219043316113e-01,1.823408956800995073e-01
-2.562901090200971899e-01,2.068765215802526314e-01
-8.720368464323073610e-02,-2.186988341090326526e-01
-3.624091118068038520e-01,-9.220775875884473782e-01
-6.933714128253620768e-01,-1.414467239642891894e+00
-6.641192930986300480e-01,-1.546648234403861011e+00
-4.809854350015571600e-01,-1.328997869891898054e+00
-5.013321992915172887e-01,-1.046919167364447789e+00
-1.197726250807020998e+00,-5.100991146984413804e-01
-2.195572087699412034e+00,-3.428916131084548957e-01
-4.346001787639680813e+00,-1.686031128781604105e+00
-6.552472115014259302e+00,-3.209848075853483973e+00
-6.209326607932823094e+00,-3.686079784574177509e+00
-3.769192800444702396e+00,-2.777074381280597137e+00
-1.047445923661340705e+00,-1.223336140117000204e+00
1.013447133310537429e-01,-3.424736859076756845e-01
5.882097509480931352e-01,1.590191845086997013e-01
1.376526085696073931e+00,9.004838960554882865e-01
1.829691181225135521e+00,1.286674738772111581e+00
1.376759911619081178e+00,8.981346056752947948e-01
5.882097509480931352e-01,1.590191845086997013e-01
1.013447133310537429e-01,-3.424736859076756845e-01
4.568034407473300362e-01,-1.049557861084284838e+00
1.214873871416224382e+00,-1.415247350171359386e+00
1.188606301572091795e+00,-9.447793803661375112e-01
5.348020079436746066e-01,-2.687137684664042125e-01
2.927668017145527157e-01,1.148774744273422660e-01
9.867282587392463000e-01,7.928068896574003155e-01
1.539558316247184866e+00,1.243172677591123154e+00
1.089153576131148382e+00,6.793458412739200591e-01
5.141639083648379405e-01,-1.181116780183119469e-01
6.768465853793443898e-01,-4.274142939089098370e-01
6.693868499499301405e-01,-1.884650118645972983e-01
4.418242910392867762e-01,-2.338253810347951933e-01
4.170098674895506563e-01,-6.357091397887393303e-01
-2.555422114239180309e-01,-2.018896794335744427e-01
-8.264407886517792790e-01,3.366420812796740436e-01
-5.720629262125417336e-01,-7.514721426432792450e-02
3.339389513981798618e-01,-8.477689750355645038e-02
4.820593707895235447e-01,3.012213598337209475e-01
-2.415796884431248293e-02,1.935388003954939262e-01
-9.436456904530330370e-01,3.200492882181185106e-01
-2.344477047170802742e+00,4.167159908001826230e-01
-2.968181592980026373e+00,3.403588219737538334e-01
-2.414495448344692541e+00,1.387803043396871883e-01
-1.259665355489500538e+00,3.018888746854310190e-01
-3.537223601488844738e-01,-5.172872625726561424e-02
4.080896756100022699e-02,-6.128246757133359868e-01
7.439805273182306276e-04,-6.742593817621921337e-01
-1.630009765383018949e-01,-6.269945980928922635e-01
-1.423019895348929531e-01,-3.269413904943095361e-01
-5.504832389578179219e-01,-1.945243950074343198e-01
-4.149171112804428962e-01,-1.058949727327753443e-01
-2.682784071583211097e-02,-7.843972605301168244e-01
1.907234287838534270e-01,-2.307456404354447876e+00
3.620127681755177518e-01,-2.862948627614500641e+00
2.491247405066923659e-01,-2.322140526044923714e+00
-1.740961204668560192e-01,-1.628813817594260360e+00
-6.314609287850466712e-01,-1.132321765518660373e+00
-5.258158027925281530e-01,5.626097768545374952e-03
1.360730336802906670e-01,2.233434040265187548e-01
3.895774748991442382e-01,-1.258481175914821226e-01
1.964664275451095954e-01,1.838691128358420357e-02
-6.328745250059482075e-01,1.503776122739218790e-01
-1.357745022539109225e+00,2.003603796355223621e-01
-1.808056939314037992e+00,7.779714372647489329e-02
-1.040229979044678732e+00,-2.644542834181243807e-01
-1.559146332248043977e-02,-4.728720792696390340e-01
2.175668113317630881e-01,2.694856293134373706e-02
2.294855573998742515e-01,5.777699629481449772e-01
-2.199775306366093808e-01,1.733064446313638263e-01
-6.467324889337575655e-01,-7.782785536921550396e-01
-5.455030037220938155e-01,-1.407785525152251305e+00
-9.414183968812274775e-03,-1.322742010510206345e+00
9.369309885493667944e-02,-8.884138276861315298e-01
-3.717598364230642050e-01,-8.094700525860965001e-01
-4.052863025965960930e-01,-2.552432200625828207e-01
-5.417733056553454551e-02,8.892338702987692689e-02
5.011229425665353343e-01,1.942146568003931817e-01
7.055106477441064339e-01,5.595310705635831994e-01
4.638873336832898264e-01,8.481336904627718720e-01
1.085085408210006985e-01,8.452856420005693261e-01
-2.240479140410378267e-01,6.506281825684722131e-01
-2.262080871834322715e-01,7.907138298414516653e-01
-1.235772662599742416e-01,1.457759494659954358e+00
-1.985997597477423826e-01,1.499147715779005408e+00
-1.438183484602096329e-01,3.510523158415401190e-01
2.582524839416013365e-03,-6.045527296107631177e-01
9.943094354622472597e-02,-1.162682071963403896e+00
3.444143558265573835e-01,-1.417161063709800217e+00
4.926983416925014847e-01,-1.135679958483747143e+00
4.424605944131053681e-01,-1.264145066228006042e+00
3.141401589807513717e-01,-9.010775992152286751e-01
2.334263432297409638e-02,-1.569654693844380611e-01
-3.542556534504633370e-01,3.782000663369563531e-01
-5.871542840652115292e-01,4.275761563583383440e-01
7.259225256100848567e-02,-4.770966323442967782e-01
6.551584984103281384e-01,-1.301543822435945685e+00
4.626791175610999174e-01,-1.155430094686145104e+00
1.197968739131452243e-01,-6.888034350823069030e-01
2.650663272708800866e-01,-3.761687432087454930e-01
2.730094322352327185e-01,2.095542733360529486e-01
6.878534681689238428e-02,6.549694725616828084e-01
6.878534681689238428e-02,6.549694725616828084e-01
-2.071048209770125492e-01,6.144481958057582682e-01
5.090769640080092806e-01,1.195389009660529744e+00
6.075984682981092622e-01,1.217329493254857953e+00
-3.015650031533039128e-03,3.132447090664375877e-01
2.346736295115055548e-01,3.759792522137871407e-01
