8.144336677439359962e-01,5.872837845850374661e-02
8.448308716683945452e-01,-4.424915407609775198e-02
8.431826598131670902e-01,-1.656592958756782641e-01
3.258121813369539987e-01,-4.205378323709170751e-01
-8.257128618652184726e-02,-5.000802260147690914e-01
-5.251957421128499170e-01,-5.418836242605311604e-01
-5.157961977496496875e-01,-1.754313157634437154e-02
-6.837872088060858999e-01,3.846813660094243748e-01
-4.828939966999648004e-01,8.616244558863414005e-01
-2.242505442481574074e-01,7.380720910889261299e-01
1.497530927792502520e-01,6.709984720379542633e-01
2.414194600783806377e-01,3.545016711122366826e-01
1.630142837796910993e-01,2.026423325723195057e-01
1.110995482316115418e-01,-7.236788522429414561e-02
2.551619795288285197e-01,-4.698819202547680485e-01
3.759528915098093726e-01,-1.030281197323840159e+00
3.231750667444833192e-01,-1.476339748545772546e+00
2.543303290341009659e-01,-1.748846353652105279e+00
2.971046510415474573e-02,-1.681933941124599929e+00
2.200384443925909594e-01,-1.235287111664553183e+00
3.252294722427173657e-01,-8.011233993857175273e-01
5.746606149540207653e-01,-1.628399449463000526e-01
4.947578333089868718e-01,4.637690541289223728e-02
5.033538052986707978e-01,5.264080203331241714e-01
6.050978590427822379e-01,1.120505618623063526e+00
5.355879579758727749e-01,1.252471472191157398e+00
5.283200881312617447e-01,8.393722801223959529e-01
1.599691199778061901e-01,-7.153856990326772358e-01
1.677935761303601669e-01,-1.055717278154927996e+00
-7.497490793919292518e-02,-8.131210585799004686e-01
1.116843639809280385e-02,-2.360940261452860178e-01
-2.124870782660333735e-03,-2.953999247206987588e-01
1.254212736386158822e-01,-4.669539968114899686e-01
1.986572161560276051e-01,-1.625236826729711259e-01
3.396064332531364971e-01,-2.248385862992196838e-01
4.727821789412627318e-01,-2.811401313097844912e-01
3.685893822561603916e-01,-6.148811114408049283e-01
8.147486839431370559e-03,-6.106992878872457009e-01
-3.005253781739224972e-01,-4.787354211108867941e-01
-9.356952874407631349e-02,-3.675991408772803781e-02
1.001219028746775236e-01,5.862851173055261267e-01
2.107675061199451583e-01,3.570224283185388647e-01
-1.367071128890671450e-01,-8.364108273477938171e-02
-1.445098447353511395e-01,-8.331682545875925827e-01
-3.109571953831896107e-01,-9.198491400093616877e-01
-3.835097623904017428e-01,-1.038826286931019194e+00
-5.471223616647891141e-01,-8.685148071427221117e-01
-6.257959166398603390e-01,-9.474552765450489078e-01
-7.520442789842433085e-01,-8.600819369614667309e-01
-7.520442789842433085e-01,-8.600819369614667309e-01
-9.680777053378167851e-01,-3.505849532131004032e-01
-9.657568883532693382e-01,-2.773914396990091458e-01
-9.307955163571973722e-01,-1.473452871740408010e-01
-5.317852670655172087e-01,-7.586206190839767105e-01
-1.335836770862051659e-01,-6.587140924741036185e-01
4.328831753449701725e-01,-3.845986182622023741e-01
1.090221916081412390e+00,2.590872401834815597e-01
1.506301062237147326e+00,1.406904597420939096e+00
1.540138402723674860e+00,2.335079867294364675e+00
1.439777564382481945e+00,3.174108220551189241e+00
1.439777564382481945e+00,3.174108220551189241e+00
1.439777564382481945e+00,3.174108220551189241e+00
1.047692017128343478e+00,2.705947512046305903e+00
4.879659310226068247e-01,1.868040837454320702e+00
-7.260757815856995478e-02,1.484953788573453393e+00
-2.480851549118866795e-01,1.290177850615291444e+00
-6.150876260159753028e-02,1.677611956890879163e+00
1.062213118693694225e-01,1.635985335228087978e+00
4.964890854338561699e-01,2.145942210938514449e+00
3.657095889298139224e-01,2.194938823217564394e+00
2.091220146285894810e-01,2.050698191146275828e+00
-2.473273160633028822e-01,1.046598721901216722e+00
-1.017325371512521004e+00,1.064186150522802743e+00
-1.940048151928920994e+00,1.629261733200489948e+00
-2.992371066011158653e+00,3.028949070418846201e+00
-3.612852267996229827e+00,3.940491143195467227e+00
-3.786589375216998121e+00,4.307819992156604272e+00
-3.409420183990541808e+00,3.805154585870645256e+00
-2.573858745820640781e+00,2.471137473327176259e+00
-1.700789513405490672e+00,9.791791297676756267e-01
-9.307955163571973722e-01,-1.473452871740408010e-01
-5.396316381700089204e-01,-5.927610518868400291e-01
-3.059835951768470896e-01,-5.690966580978651379e-01
-1.955188075091128519e-01,-5.459872462659501879e-01
-2.140922442003390103e-01,-7.489371043864085919e-01
-3.997819901253593655e-01,-8.832102454738539610e-01
-3.997819901253593655e-01,-8.832102454738539610e-01
-3.347126302985363733e-01,-8.793876248183447597e-01
-8.210796706292232405e-02,-7.716262339266380943e-01
-7.865143660967038874e-02,-5.858078768641222789e-01
5.384807364101729804e-02,-4.388443064782964198e-01
6.616665293394402569e-02,-3.661936552873817363e-01
3.387041722227339402e-02,-3.903563194980002038e-01
-2.892041866666281158e-02,-4.120494778946757197e-01
-1.570653551388325464e-01,-5.939715597620889298e-01
2.933573952258984874e-01,-4.277642076326290677e-01
7.258649157744689884e-01,8.716242342214747252e-02
1.221550902327237509e+00,8.399110261980154979e-01
1.389989971571530480e+00,1.251068467562535425e+00
5.943491125265532027e-01,1.013208137631808725e+00
-6.217588753177323568e-02,6.171016855076836283e-01
-7.945479333480237605e-01,4.119772119063495053e-01
-3.381073929944414802e-01,-7.966122303911971070e-03
1.027256344205189353e-01,-1.262085301058345210e-01
6.735873277712989271e-01,-5.367417393657728519e-01
9.143816129119042291e-01,-1.175769003325418810e-01
5.586205966849684401e-01,-2.171227631731502128e-01
4.098740607106981515e-01,-8.564824153086146585e-03
3.117630358417587955e-01,-3.252738301859598585e-02
5.140502956546124658e-01,3.971764618486081089e-01
1.056543182863427299e+00,1.235858950278438062e+00
1.755595992004088668e+00,2.273760762964016191e+00
2.511868007742507736e+00,2.817112914261298506e+00
2.415095669615612284e+00,2.632358025566243764e+00
1.561780374855420428e+00,1.536731383602630840e+00
5.010511438818795460e-01,5.474990781589975652e-01
-6.260583234850133350e-01,-1.568782483632790992e-01
-9.212117498464170717e-01,-1.681210806199582852e-01
-1.520515498637629914e+00,1.054892187659056818e-01
-1.892046636472737076e+00,6.449449877724922064e-01
-2.339007239527320703e+00,8.714537514386784256e-01
-2.123899140329441604e+00,6.344858671204006706e-01
-2.107513146938515991e+00,-1.541708250124955160e-01
-1.978231838263729836e+00,-7.051417191755541269e-01
-2.098755083971718616e+00,-1.054597766230827460e+00
-1.579032591651770012e+00,-1.005365874631872547e+00
-9.948951229575152544e-01,-5.962144342279035447e-01
-2.148774766760896404e-01,-2.241439773410994485e-01
1.762383484917990628e-01,-1.786734615586816621e-01
1.787685261148644900e-01,-4.574874568890894833e-01
-1.267115141664273137e-01,-1.010621767902889934e+00
-5.015135792005773752e-01,-1.128737862659457303e+00
-5.822383629996420451e-01,-9.638381723435150983e-01
-7.580043772513986866e-01,-5.699562404403855087e-01
-8.188024166913663304e-01,-2.127442968589362410e-02
-9.444714249625479896e-01,7.417918049862008978e-01
-1.348696548115300375e+00,1.137765959246004321e+00
-1.117818439791554486e+00,1.117757540109364234e+00
-1.596986455140006811e+00,9.692168810258361411e-01
-1.411533718765692669e+00,6.483281521034380823e-01
-1.509020468030180417e+00,-1.148255807447563608e-02
-1.264195554685791478e+00,-4.380989908510699027e-01
-1.059912394573850891e+00,-4.695415576109317479e-01
-9.278709230315907996e-01,-2.583403485931037857e-01
-5.615732803039822363e-01,3.634777896530568264e-01
-5.012522573567086415e-01,6.494526133138984747e-01
-4.110555789929311588e-01,6.885816473597246024e-01
-7.040287439078694032e-01,6.582961214665357108e-01
-7.145016111081200494e-01,8.682128928949470748e-01
-5.411670982785902195e-01,1.227907803246069518e+00
-3.653765176412723248e-01,1.224891160091299058e+00
-2.155204488666804530e-01,1.126074372685994973e+00
-2.486210695027922177e-02,1.061764930719823807e+00
-1.460083917966719380e-01,8.207644852658358969e-01
-3.697612535022590796e-01,4.061383612469714466e-01
-7.245235523628779095e-01,1.893284878458700582e-01
-7.609692290370503320e-01,3.352401824599588465e-01
-6.572724039048190026e-01,6.384813957150823338e-01
-4.679967489746551523e-01,7.521058563489738669e-01
-2.784635043407189259e-01,8.921151529628937871e-01
-1.161532437459185246e-01,1.247097850701328170e+00
-7.543743388142704065e-02,1.553950812106081880e+00
-6.639086020997035653e-02,2.574192970475501774e+00
-4.671397479444213130e-01,3.101081977679420731e+00
-1.020918187600090121e+00,3.376812815294302883e+00
-1.771271400714709676e+00,2.497636611092550307e+00
-2.010881616291254836e+00,1.917126952779356408e+00
-2.285055126014599480e+00,1.315569842622587471e+00
-2.211978883067684976e+00,1.070145806454309678e+00
-2.141580918487060892e+00,7.480782539084959160e-01
-1.633659252009946439e+00,2.696040625855938844e-01
-7.782493764283251458e-01,1.262324060612903254e-01
-1.732783286095320174e-01,5.838545252397656649e-01
-1.477083944017203720e-01,9.379037327041336303e-01
-2.061661203179326607e-01,1.077467060416587019e+00
-2.901652417835163256e-01,1.167119277422342005e+00
-2.335608086224023883e-01,1.196672227892874751e+00
-3.744240642986153556e-01,9.292407207949691106e-01
-5.675393127854002628e-01,9.203396864399746580e-01
-7.319064253386076135e-01,5.401755520334940996e-01
-7.319064253386076135e-01,5.401755520334940996e-01
-7.319064253386076135e-01,5.401755520334940996e-01
-4.982106865208003055e-01,1.070251660575991304e+00
-4.292898858765792358e-01,1.138227430324816103e+00
-3.699183368570800323e-01,1.096560545270368836e+00
-4.982036851527255061e-01,1.070253248678585178e+00
-7.612843799436547210e-01,6.384515713399220305e-01
-6.824802351006064027e-01,3.113705126981924365e-01
-5.957347731727167250e-01,3.022935355994068041e-01
-5.266800767294612662e-01,6.526411793047788290e-01
-3.349135864084931691e-02,1.616629517372884850e+00
5.999561166147028279e-01,2.532816302422507437e+00
1.259189392342909608e+00,3.601957403325650287e+00
1.460304250256407199e+00,4.355773641071862379e+00
1.427872064263764340e+00,5.096825206397953778e+00
1.210009549211633617e+00,4.466501547057021071e+00
1.033998237371537732e+00,3.640534955206168544e+00
9.286474173922946163e-01,2.350793322542263475e+00
7.720931305006930589e-01,2.166678921656006729e+00
2.904314443323467998e-01,1.627286510069595904e+00
-2.099594543661296442e-01,1.391004127085543329e+00
-7.319064253386076135e-01,5.401755520334940996e-01
-9.344593534695571080e-01,2.592824073275674102e-01
-1.149517944105903577e+00,-6.027381455854571857e-02
-1.281763435683830554e+00,-5.811004060811086024e-04
-1.198073468911212469e+00,-2.802003522747909675e-02
-1.027241158823052780e+00,-4.802720338839960856e-02
-9.304856489601580627e-01,-1.921931618205889591e-01
-8.964966406744679928e-01,-4.152951549837446410e-01
-8.195551856979440553e-01,-5.706769034961503007e-01
-6.193264882827062001e-01,-4.185863852830103982e-01
-3.995304111976722417e-01,-2.006020259981460274e-01
-1.365771321513401804e-01,2.046239916359492428e-01
7.952889557384218433e-02,4.583660110655847775e-01
2.325968120770426639e-01,6.303833608002307187e-01
2.226770677843782631e-01,5.243466073704425856e-01
2.529692916649870504e-01,1.610918707322173404e-01
4.186198413540912489e-01,-3.532844955276291388e-01
4.804997169483277708e-01,-6.876268848309624593e-01
7.367334256421146366e-01,-7.072337012140084145e-01
5.999536751666374457e-01,-5.054741861688545335e-01
5.417692480273915701e-01,-3.955971375400533230e-01
6.212446530558710794e-02,-5.479779333205869740e-01
-1.445098447353511395e-01,-8.331682545875925827e-01
-1.382524950580344969e-01,-7.437447208403022980e-01
-2.041398150631958397e-01,-6.295755954045562097e-01
-4.973743821550263289e-01,-4.015853664025136327e-01
-7.668755809417914238e-01,-3.859525120830320510e-01
-7.150757753059525657e-01,-6.706590547835898919e-01
-6.010811942864362489e-01,3.316078094487163314e-02
-6.188830542147610858e-01,9.816266307754238918e-01
-6.855146319380038822e-01,2.391994158123249559e+00
-7.937589397853995754e-01,2.592997665714800171e+00
-8.697285081622223579e-01,2.131722251220988351e+00
-6.468468500437826174e-01,9.204273954289848847e-01
-4.746878405829018654e-01,8.442468747001868890e-02
-4.496994372548799856e-01,-4.960652180012109502e-01
-7.236274662655124423e-01,-7.994777515235149679e-01
-5.188100343580426266e-01,-9.439312695654725749e-01
-3.610861414000209324e-01,-1.029706137993781523e+00
-3.514591000326502956e-01,-1.093791927466057468e+00
-6.193595062396173301e-01,-8.711611623648701785e-01
-7.699177403830803623e-01,-7.799514339734903157e-01
-7.475975783540708131e-01,-7.075635672127437159e-01
-6.036775237680991335e-01,-9.758027105719023764e-01
-4.089552445732562713e-01,-1.092302846309707309e+00
-4.171581891668214581e-01,-1.079472657544288117e+00
-3.514263961790865531e-01,-1.145975684414260343e+00
-3.741542753283843420e-02,-1.012011361286355493e+00
1.183425680966688986e+00,-8.117179528259060861e-01
2.821289385903738900e+00,-2.641953025226931318e-01
4.563943347463830236e+00,1.451382441569150084e-01
5.592741596259844350e+00,4.830617849177466505e-01
5.735191908169143815e+00,7.083772989560466193e-01
4.848806692238144755e+00,8.159200604770207033e-01
3.310212103831889241e+00,1.045091618196577476e+00
1.909653394068794752e+00,9.270003701455400424e-01
7.554502022351492485e-01,8.316546522331424995e-01
-2.301902605248284384e-01,-1.001801681713191255e-01
-5.677962670595096961e-01,-2.706171131618576586e-01
-7.785296820910876381e-01,-2.667680533910182228e-01
-8.281294197533443091e-01,-3.156499539615725269e-01
-4.693482647401280849e-01,-1.667589852625541991e-01
-4.429506897523887154e-01,-1.836477147073528604e-01
-4.429506897523887154e-01,-1.836477147073528604e-01
-4.429506897523887154e-01,-1.836477147073528604e-01
-2.863522136473130031e-01,-3.313837682960376063e-01
-2.444210012153491263e-01,-4.944053361366355648e-01
-4.585006155506829439e-01,-6.790985943617058318e-01
-3.116362273405003935e-01,-9.079144831523026093e-01
1.191707566209743607e+00,-7.827878955110024739e-01
1.597172571157732257e+00,-7.656973590898719095e-01
1.429355052705981510e+00,-6.303533988200522575e-01
-7.219262860126547665e-02,-6.197924947902029302e-01
-8.009460965561987500e-01,-5.389811792561567394e-01
-9.299162334404906805e-01,-3.902631226492329075e-01
-8.227911379620062027e-01,-5.281720084983884123e-01
-7.484580300265223363e-01,-1.450766813676008203e-02
-7.833675120404132164e-01,7.090681868254450348e-01
-8.914387221897660529e-01,2.083055661629931166e+00
-7.791583730146739439e-01,2.945509707750234352e+00
-3.702460038657947039e-01,3.440959245964704483e+00
3.273984293646426957e-01,2.897720111540752264e+00
9.445436403427759364e-01,2.299309001626998583e+00
1.341640357702625019e+00,1.539129580106319395e+00
1.232285577354533590e+00,1.353708646215877831e+00
1.218115671835615199e+00,6.929622360667028191e-01
1.036426238882614204e+00,2.636769449008867228e-01
7.343505471085457481e-01,-2.326762079777024150e-02
9.512257585322784204e-01,3.322391997774128969e-01
1.699729352247385528e+00,4.786149047052102867e-01
2.826953786360602461e+00,3.817612583345811328e-01
4.197877459809028267e+00,9.432100744367410972e-01
5.566760645256353612e+00,2.192246724146192705e+00
6.613355153080556548e+00,4.107292555622520602e+00
6.764368246210696434e+00,5.465364059271828445e+00
5.877547585509444339e+00,6.469445853150369352e+00
4.782080475589872037e+00,6.660782644341075809e+00
3.517531928140007924e+00,6.173069005840814860e+00
2.633480614083750115e+00,4.927966760016184722e+00
1.419101597891373467e+00,3.389376902723098439e+00
3.958435345383494730e-01,1.651975863607034523e+00
-3.638547083995908871e-01,7.620893720349968259e-01
-7.874819441837065392e-01,-1.713631208746651535e-01
-8.763413755085394108e-01,-4.323914034716467847e-01
-8.300675703221992441e-01,-9.900857649228619328e-01
-9.032986748599869387e-01,-7.817288478995582102e-01
-9.179995542807214415e-01,-6.957255063195117994e-01
-9.930130431511846600e-01,-7.151291243629019911e-01
-6.995113114287286882e-01,-1.460548499322572580e+00
-5.060153010402943519e-01,-1.315414002645825198e+00
-2.991859451759154021e-01,-1.082430808590310489e+00
-3.888900171636588965e-01,-4.099812169952479768e-01
-8.077453939128344251e-02,-5.408958206923971668e-01
-8.421101881602734152e-02,-4.939355446174166220e-01
-6.023629772800435933e-02,-5.245365017753693682e-01
-3.145824913669400535e-01,-3.159347103987954902e-02
-2.403102074965959845e-01,3.690416127996465345e-01
-7.961981847320705186e-02,1.034745100072336221e+00
-9.033542610382867821e-02,9.637718657716088932e-01
-3.006581620672907698e-02,7.014441229180008452e-01
-3.196145560066300240e-01,1.553117341438125798e-01
-4.604929534606620467e-01,-2.201511193924833021e-01
-4.441373720254443991e-01,-7.924258495971172600e-01
1.112086840535179283e-01,-1.663871018775748389e+00
7.500901409700979627e-01,-2.418398629721929538e+00
1.276209905207212891e+00,-2.846425185000153846e+00
1.276209905207212891e+00,-2.846425185000153846e+00
1.270302495743455884e+00,-2.717866792863338876e+00
8.245562868679623403e-01,-2.270938194940255617e+00
4.834573092989197240e-01,-1.831820790635197094e+00
-7.707401120637767666e-02,-9.700215981914164232e-01
-3.202698543948432897e-01,-1.595911551933265060e-01
-4.386754473632106799e-01,5.099126831152159811e-01
-6.223589757541367895e-01,5.655845210152207203e-01
-6.994232241939382089e-01,-2.256998961550811811e-01
-7.679297002091266533e-01,-8.578404475126060191e-01
-7.516833603572018463e-01,-1.266866531966646559e+00
-6.303158039714595873e-01,-1.150777406752906185e+00
-5.489114982032604617e-01,-1.255684582457079257e+00
-5.273416828769311726e-01,-1.191619336155011366e+00
-6.065287792486929730e-01,-1.118956109113041331e+00
-4.257366817605340858e-01,-7.460877313192758598e-01
-5.680421259153508595e-01,-8.352319273708588288e-01
-5.694950890546068845e-01,-6.731934349587757049e-01
-5.763325281496262109e-01,-4.127326924536670050e-01
-5.646101370000009556e-01,-1.278588175111115555e-01
-3.884094952310434556e-01,-3.521938630465538955e-02
-3.755444833208144290e-02,4.706210660153107433e-02
1.197634830172275289e-01,-2.467285552713194274e-01
4.622894141789293115e-02,-5.837271634909823037e-01
-1.949320277601856721e-01,-9.672664186268281616e-01
-3.674526053679164628e-01,-1.237407690760750745e+00
-4.867324882414600373e-01,-1.213789673140286407e+00
-6.196293138701720604e-01,-1.318231033520718354e+00
-7.615576080717083585e-01,-9.823136031854609040e-01
-6.652136475135601579e-01,-1.022351465597725051e+00
-7.439912968171547014e-01,-9.169802216539142403e-01
-9.561058562435378327e-01,-1.263496866726818046e+00
-2.077458487234600693e+00,-1.571163750862454078e+00
-3.543625070674015554e+00,-2.111809113429359730e+00
-5.185525105549609215e+00,-2.742539256359673328e+00
-6.270483064275103047e+00,-3.253695601038689933e+00
-6.462286383354599373e+00,-3.419321784477556303e+00
-5.648553965703047908e+00,-3.132216159673770761e+00
-3.929739953246442763e+00,-2.459078528326151591e+00
-2.115822651994804904e+00,-1.569924103364538581e+00
-6.429448351501130254e-01,-6.932866276449868304e-01
-5.354374959589508487e-01,-5.923916231018342415e-01
-5.354374959589508487e-01,-5.923916231018342415e-01
-7.111208442062735280e-01,-8.624637207924725768e-01
-9.792357982479464873e-01,-1.047460945999596493e+00
-8.739078060511015211e-01,-1.203030620956915708e+00
-8.798137635192778694e-01,-1.389812215812181284e+00
-1.486756504848399385e-01,-1.830289861519862615e+00
-1.000431119230250909e-01,-1.928093408622046923e+00
-3.513364470962958459e-03,-1.732453007027578540e+00
-3.848923582551119216e-01,-9.955678226491070371e-01
-6.330284916224487857e-01,-5.144153739607396636e-01
-6.070321013718480430e-01,-1.095508403615284981e-01
-2.344935659484469470e-01,1.873341804019160867e-02
-1.708069126180384312e-01,-2.111894257869458280e-01
-2.518748005977768933e-01,-4.998773340201698723e-01
-6.250664142834458925e-01,-1.255544438569829779e+00
-5.473741632356166065e-01,-1.388499617841464140e+00
-6.195078426979653274e-01,-1.596967592420837523e+00
-4.887490167824857790e-01,-1.143558383855952876e+00
-4.203611049835210833e-01,-9.901074886332575931e-01
1.023065257699637964e-01,-1.236478088112602097e-01
8.833146412115532309e-01,9.613071539867188431e-01
1.743494425327777098e+00,2.241629439230972576e+00
2.307084922411964722e+00,2.925713800832300926e+00
2.389101668979773940e+00,2.978326705907077265e+00
1.765978793521346901e+00,2.172743677616470581e+00
8.425493464379316677e-01,1.026168666631423143e+00
1.209293556215366022e-01,2.633146078998532813e-01
-1.356553372160628768e-01,-2.749127105789506698e-01
-4.709598850869765596e-01,-1.065652126384540876e+00
-6.089356311012809053e-01,-1.739683431950804993e+00
-7.483276884231492287e-01,-2.049686337819727200e+00
-9.035471750219463694e-01,-2.255388549136504661e+00
-1.023068284397890215e+00,-2.167231549177935257e+00
-1.117877673334233046e+00,-2.010874791774508896e+00
-1.113863976554089641e+00,-1.445215093372073323e+00
-1.002399301532487463e+00,-9.907984867220814840e-01
-8.109783794987885930e-01,-5.312628825119485310e-01
-1.376653660907077414e+00,7.462951942081988421e-02
-2.227403191041261277e+00,9.306625005730707612e-01
-3.833876689248944647e+00,2.496286701365403093e+00
-5.064679641686740119e+00,4.071867424907927635e+00
-5.941724520564757306e+00,5.471228989992130920e+00
-5.808440864714920160e+00,5.908742434998051074e+00
-4.881462890066388560e+00,5.422629398091717512e+00
-3.467172413777502182e+00,4.229966230448163778e+00
-2.187273253799678852e+00,2.881895035281764716e+00
-8.674726974219245657e-01,1.502602428454687056e+00
-3.401313154742113820e-01,7.468555613557126271e-01
-4.624721549321010872e-01,6.427986843095288005e-01
-9.224421279477538205e-01,5.779304245810672480e-01
-1.112410618490881076e+00,2.574503373338946077e-02
-1.036835659076091432e+00,-8.252362327908060458e-01
-6.947798142685023270e-01,-1.982875463030573160e+00
-3.775974117611191616e-01,-2.653725658635365470e+00
9.546445775072498474e-02,-3.060228544534935313e+00
1.914902484521632808e-01,-2.153170461164488181e+00
1.679344031601987808e-01,-1.246875543252146779e+00
2.548310171743803365e-02,-1.197834370090180345e+00
-6.320199767329590101e-02,-1.738489947077519915e+00
2.091874538215488522e-01,-1.276845154824952422e+00
7.600446863832367450e-01,8.403943686812047342e-02
1.252096452004464178e+00,9.948048591134314167e-01
1.797076580296355308e+00,1.796897203969402224e+00
1.992150352298838190e+00,1.977079653445037222e+00
2.062345548829359387e+00,2.034825977064466329e+00
1.532485296794134033e+00,1.855183100561207166e+00
5.233233045186609367e-01,1.680029992302072728e+00
-1.170212639712828878e-01,9.912409683656230319e-01
-4.680069770350477887e-01,-3.028534627559414938e-01
-1.341728231296536455e-01,-1.436016029361609103e+00
-3.223378696709783275e-01,-1.995306922240568825e+00
-6.789160238406118930e-01,-1.829412200225551510e+00
-9.465521074320225603e-01,-1.412207349503799003e+00
-1.002785286810498278e+00,-1.149139923669491692e+00
-7.517084813072208993e-01,-1.230549094993917070e+00
-4.596388491696485890e-01,-1.383657221462905262e+00
-4.421230838961726084e-01,-1.178522240642350338e+00
-7.304888485915773666e-01,-1.084967481756595964e+00
-8.504440176307691557e-01,-6.784565575916402524e-01
-8.564899764786538805e-01,-8.935046322781706740e-01
-5.667032315979823043e-01,-4.998062485400170951e-01
-9.476154500334036390e-01,-3.816565256401785455e-01
-1.015798280606099890e+00,2.656515260084244545e-01
-1.003622873734387966e+00,4.620064032198538673e-01
-8.964970914726702045e-01,1.481921582275517180e+00
2.053829337636475447e-02,2.998208215766149820e+00
1.523158266250509651e+00,5.130375045849655535e+00
2.721250618413210365e+00,6.373904758867375620e+00
3.088662492671179205e+00,7.113383441242270955e+00
2.200889801841887206e+00,6.736686718636198279e+00
1.246337354957119059e+00,5.797453010962641429e+00
2.811123426833594952e-01,4.537095726352244895e+00
-5.064262121274242245e-01,3.154766989750031225e+00
-9.124354639778905485e-01,2.055810822762368595e+00
-1.304298617530822213e+00,1.027796230813146305e+00
-1.080723292632230548e+00,3.620197363835208071e-01
-3.240227079706577418e-01,-8.940750923356170776e-02
3.141632028249337072e-01,-4.321004027132525627e-01
4.601380091049313559e-01,-4.575465271383346577e-01
4.588267381766515142e-03,-7.773948506019056071e-01
-1.483224330721201745e-01,-1.455316839242585480e+00
-1.794336693667250293e-01,-1.772927383982350280e+00
-9.736278104451975834e-02,-1.924785088055926741e+00
-1.363037198013327018e-02,-1.480917045624208228e+00
9.213318935959141642e-03,-1.217551831086787884e+00
-5.471974379027812890e-02,-1.143079996023814715e+00
-1.641804705320724644e-01,-9.275287841449632031e-01
-1.478766674077344190e-01,-7.827872140775417042e-01
-8.029606563222556337e-02,-1.986413313023080163e-01
-4.805585758581259331e-02,-9.706342986765792435e-02
4.043441356641627044e-02,1.205629951553518625e-01
-8.163436259582354526e-02,-5.992874648777598429e-02
-9.981063000540951746e-02,2.082053943681763941e-01
-1.554786008851902490e-01,3.276456229853911273e-01
-1.080420472076973198e-01,4.267716703920045318e-01
-1.780122045541923381e-01,3.971793306399648560e-01
-2.905506863123759054e-01,2.568730003092635772e-01
-5.455875343460638849e-01,8.628804076061184769e-02
-7.031234486820776564e-01,1.570089161256994770e-01
-8.257650813344384888e-01,4.507331350501744827e-01
-5.855788504953711726e-01,5.684020191922879439e-01
-3.822629749063216620e-01,3.015351487333575164e-01
-2.425102446343465126e-02,4.188025823431357209e-02
2.885562907752635686e-01,2.614674012492088084e-01
1.935273427417115444e-01,5.068282892545445950e-01
-9.016432930807784241e-02,4.221290812953722993e-01
-8.416136595389619446e-01,2.213551924592215558e-01
-1.682864254542262072e+00,4.536093597901151298e-01
-2.503644210873308573e+00,1.095129476536075064e+00
-2.380867943750939020e+00,1.009919604196939380e+00
-1.944004012576938001e+00,9.151138718925843074e-01
-1.128378771557739357e+00,5.530959453397813474e-01
-1.077651645020744509e+00,8.303104033345864998e-01
-8.795715478616752403e-01,8.832327295490021157e-01
-7.456659569409099797e-01,9.270859417611232445e-01
-7.597941144339269703e-01,8.502218083088909362e-01
-4.963506017940241266e-01,7.297645531491759874e-01
-3.060723933418307285e-01,2.609185910877050985e-01
4.043441356641627044e-02,1.205629951553518625e-01
2.885562907752635686e-01,2.614674012492088084e-01
6.850706857835929808e-01,7.518108479869821670e-01
1.049436510853554161e+00,1.075813886521616247e+00
1.049436510853554161e+00,1.075813886521616247e+00
1.167580945682420879e+00,1.193874928429575988e+00
1.128911805379993138e+00,1.207965863664255401e+00
1.053960323299116819e+00,1.220447938461957316e+00
6.248617000010319167e-01,9.682256711451717734e-01
-2.535826858716202017e-02,3.400035449530839915e-01
-2.535826858716202017e-02,3.400035449530839915e-01
2.280065743406841372e-01,4.804138304806344628e-01
5.330938799940201367e-01,1.034773952186633261e+00
3.758703842806485618e-01,1.064929423105722694e+00
4.080058099158745573e-03,8.748073250602489415e-01
-4.721456855315560308e-02,9.173492506325333640e-01
5.651588827747962285e-02,9.672751876273467664e-01
3.634123008497505136e-01,1.168438258728990098e+00
3.300368849223352941e-01,9.611674682180685325e-01
1.366254087773026704e-01,8.617637706547566223e-01
-2.866613270181760931e-01,8.213245564136838484e-01
-5.517254140297452869e-01,9.382034429390054830e-01
-7.847557607393870205e-01,8.837697007036695585e-01
-7.994208389121987279e-01,8.063105940529360360e-01
-6.770002625496848170e-01,5.499658413036631055e-01
-6.314918052043144714e-01,2.209464925759004605e-01
-6.314918052043144714e-01,2.209464925759004605e-01
-7.311064706028588267e-01,4.032479324817530575e-01
-7.711695208092760323e-01,7.012517958728076151e-01
-6.523714150787117694e-01,5.469254436881517689e-01
-5.191032906778343392e-01,-6.422493284319273632e-02
-3.041316244951564607e-01,-8.843407200061161877e-01
-1.792524965595790332e-01,-1.046395945385673709e+00
-1.821782271419160604e-01,-6.548660780619246502e-01
-4.434712978580614140e-02,-3.081023588205171748e-01
-4.277721206171374857e-01,-4.954927109590687162e-01
-3.993878433821734242e-01,-1.012392111655788574e+00
-5.862342534562381413e-01,-1.520048110417538734e+00
1.694478337226111297e-01,-1.787416664472321726e+00
6.648839199336823436e-01,-1.744261820165619703e+00
6.937674784922436277e-01,-1.275586623896671101e+00
1.983368826656395911e-01,-3.448689630673892892e-01
-4.063117782358208196e-01,8.548734607622621162e-02
-5.066313655473982935e-01,9.334032801630755272e-02
-6.478563076994581227e-01,-9.205346059024148431e-02
-6.135136408359965765e-01,-1.793224387056473468e-01
-6.903139276744256758e-01,-1.902707160153656873e-01
-2.798502093779781097e-01,-3.027356305649450130e-01
1.488389740015174101e-01,-3.132186128914741241e-01
6.219905896569620785e-01,-2.850900459424687283e-01
6.553433290170935788e-01,-2.517415373457709132e-02
4.506715997067872737e-01,1.933891564210976632e-01
5.280603321968454500e-01,2.054975792096338516e-01
4.656357026950747602e-01,-3.254294669158300790e-01
3.214624945588710481e-01,-1.079493348075875048e+00
-9.482695068222012080e-02,-1.837383917071398365e+00
-5.988302651588123249e-02,-2.095837374134600140e+00
-1.198948745073629835e-01,-2.449629925055490709e+00
-1.198948745073629835e-01,-2.449629925055490709e+00
-1.198948745073629835e-01,-2.449629925055490709e+00
-1.122404106023285053e-01,-2.151248000869400379e+00
-4.104098893503915768e-01,-2.246995867592034735e+00
-6.769590649773123969e-01,-1.930565070554348672e+00
-1.042719806258699533e+00,-1.638941872465199845e+00
-8.762544841941124485e-01,-1.121531595704131856e+00
-1.085718404781263136e+00,-1.606332475931927073e+00
-7.143284691159504929e-01,-1.753195439833770797e+00
-5.273505767602527650e-01,-1.823375807757168232e+00
-1.215421524752193644e-01,-1.753794955159939217e+00
-1.574849083058315335e-01,-1.487194134475843699e+00
-2.726666157398424106e-01,-1.152482245249683901e+00
-5.107028192410024703e-01,-1.121315150743049882e+00
-6.449248049848174125e-01,-9.475773244779190918e-01
-5.043064242808972253e-01,-1.362847379520297775e+00
-5.071539529112801814e-01,-8.931628585181408120e-01
-6.333036047626252607e-01,-1.372956373352627990e+00
-7.478713555563952786e-01,-1.354258803409474687e+00
-6.318053404641337245e-01,-1.627633002242770965e+00
-5.288192006909403498e-01,-1.587521191008155474e+00
-3.083269020881028166e-01,-1.213154427619668407e+00
-3.008931024459665649e-01,-8.076596507024773608e-01
-4.190582961477726798e-01,-4.301593177706148907e-01
-5.349175304227573591e-01,-4.316734931680009102e-01
-6.190773228197460343e-01,-1.615866592707140559e-01
-3.904574175294109328e-01,-7.737284489328988268e-01
-2.804189808408398821e-01,-1.498266735851412790e+00
-1.851352688102814448e-01,-2.277121674804856610e+00
-5.385527481431588992e-01,-2.117121385421932622e+00
-5.867325683935378233e-01,-1.898816685643045510e+00
-5.679556726171328673e-01,-1.887427064874493521e+00
-2.700625656379375128e-01,-2.047325836023525358e+00
-1.778316888669787543e-01,-2.244659477567981121e+00
-1.851352688102814448e-01,-2.277121674804856610e+00
-2.056123958020310283e-01,-2.199518317398368783e+00
-3.131380585613255385e-01,-1.754964666053105082e+00
-5.101938439046033169e-01,-1.379175412382343202e+00
-6.974191220125142143e-01,-8.385424061022300757e-01
-8.765452454282024464e-01,-4.429645174263596163e-01
-9.643490987971253814e-01,-9.467178596737320373e-02
-1.219004957697169544e+00,4.414671141237590940e-02
-1.233151788322721432e+00,5.671061320492261359e-02
-1.219338611980645748e+00,-9.148862984772820894e-02
-1.022604938482196690e+00,-6.252205360415510338e-01
-6.751365543881608922e-01,-5.774674518899134412e-01
-2.001836394274964792e-01,-3.556568659738301719e-01
1.028349023179603305e+00,5.546360224892946666e-01
1.574995129035708485e+00,1.585167744585037841e+00
1.793293648456808498e+00,2.576906957365131312e+00
1.027492780426927155e+00,3.032240191261029061e+00
4.889638703548546683e-01,2.897817330352672194e+00
-6.624695735926175444e-02,2.022160784906669839e+00
-4.915939536420314560e-01,1.270194422405071855e+00
-8.550103503952041217e-01,7.211605777339250567e-01
-7.747161819108109304e-01,7.108906097634000165e-01
-8.838770573505395634e-01,7.007351812765054699e-01
-8.651465178742854256e-01,7.301804865271742662e-01
-1.017507787007523756e+00,7.934779596022154546e-01
-9.701972903078819321e-01,5.150452477409729335e-01
-9.140570494518948097e-01,2.533314939880118577e-01
-8.904063481688867521e-01,-1.726188134781509592e-02
-8.904063481688867521e-01,-1.726188134781509592e-02
-6.178587789140189690e-01,-2.112636637791464600e-01
-5.630471009675103167e-01,-2.530008112103748763e-01
-5.117647580195278101e-01,-2.311803208789258435e-01
-6.388993362025601197e-01,-2.454807720687669781e-02
-5.391875351434615160e-01,6.271498194021590811e-02
-4.240570235363393947e-01,3.020972066163713499e-01
-5.209254016670362697e-01,4.777897086341628685e-01
-6.736687315800981013e-01,7.407946309654992456e-01
-6.796135988392226768e-01,7.897591440558177078e-01
-4.804790424361003454e-01,8.031803724018033996e-01
-5.118161792501608742e-01,4.278633464421039423e-01
-3.667764896887801274e-01,2.531291221642482658e-01
-3.514462770701590189e-01,7.309507077055454882e-02
-2.642021747155459122e-01,2.836738577835248853e-01
-4.765289965342223155e-01,4.504734783648693397e-01
-7.778005544564560170e-01,4.695314284674587668e-01
-9.757109912495226522e-01,2.765380020183684229e-01
-9.291255677571582661e-01,-9.451960917312799207e-03
-7.435312915067050499e-01,-1.095749980838700011e-01
-5.696158756051089567e-01,1.728468332817394149e-01
-7.522739995618786812e-01,3.183557079953535651e-01
-9.500948734676935015e-01,2.775806113879500936e-01
-9.955326116463564246e-01,-1.311199782423884130e-01
-5.564259732881596809e-01,-5.101563512363560537e-01
-5.759726066590516863e-02,-8.660427046396850237e-01
6.129901862609510310e-01,-1.210616654489955257e+00
8.892925697378813998e-01,-1.243165169954077776e+00
8.226966731067801852e-01,-1.185952744794041891e+00
6.112665790448519321e-01,-1.055334671127604373e+00
1.005611793753744126e-01,-4.992877690956374903e-01
-1.960766701341044027e-01,-2.582175668565340199e-01
-3.931443795469271585e-01,3.447923120343419079e-01
1.152339733113773579e-01,3.067188505966928491e-01
4.336523964642675644e-01,5.458210403506214003e-01
4.552229654959592531e-01,4.640213635352092858e-01
5.280603321968454500e-01,2.054975792096338516e-01
4.189123550665051487e-01,2.954607615351151906e-01
4.189123550665051487e-01,2.954607615351151906e-01
-1.903586421544773422e-01,1.637121836835475630e+00
3.019122386713775641e-01,3.482953908566626122e+00
4.341469225301718970e-01,5.982830831659406101e+00
8.478468101662401946e-01,7.710938261370075431e+00
6.749940575635500206e-01,8.643529768363260146e+00
5.600035374408888211e-01,8.237672661309886735e+00
4.327486592889141503e-01,6.739736837094988608e+00
3.969461943782340851e-01,4.569702414179285910e+00
5.261815088454347977e-01,2.351240158047910533e+00
8.133143712193855457e-01,3.555350845339799726e-01
1.010879242986033155e+00,-6.603812011687545391e-01
1.129486342355449979e+00,-9.989779831287973755e-01
9.033886356170863774e-01,-4.891385033734962917e-01
6.053927566448571440e-01,-9.426794124061270430e-02
7.938071072975724785e-02,3.266604161088993985e-01
4.370898904205809676e-02,2.031917561677840933e-01
3.258887058467357933e-01,-2.412839481091166582e-01
7.000660493924181216e-01,-7.585200285473895354e-01
7.168697876141639780e-01,-1.495076436940754316e+00
3.700737826473088354e-01,-1.784549882874358451e+00
3.094054012899215972e-02,-1.814219561750373577e+00
-1.646386523048952166e-01,-1.037766931936061399e+00
-1.958235433370374146e-01,-5.500051409096206045e-01
1.786648782238079158e-01,9.888392434465868852e-02
6.730998228456464005e-01,2.549517840250652978e-01
3.908142193513632345e-01,5.824909175772926551e-01
-3.052696460311890014e-01,2.938405889113879788e-01
-8.610638326721350433e-01,2.395418992739313246e-01
-9.931301268511180114e-01,-5.661994720655506574e-01
-6.529962977992189721e-01,-5.194465547469335753e-01
-6.434138040406990333e-01,-4.438259813418167221e-01
-2.225989469006662558e-01,1.636018673782898766e-02
-6.046583152011444917e-02,1.959794114095925188e-01
-6.046583152011444917e-02,1.959794114095925188e-01
6.516365564249838871e-02,3.096773694696829393e-01
1.919747237783303861e-01,2.922075252989050909e-01
3.177219666646259877e-01,3.989684903903795710e-01
2.884316190197888652e-01,5.308049365391102059e-01
2.951573109979624410e-01,7.501512552667553013e-01
1.168621548343020400e-01,7.767703328203695579e-01
1.168621548343020400e-01,7.767703328203695579e-01
-6.471565834551078721e-03,6.197281719045955040e-01
2.295774537903123580e-01,5.357169632467478904e-01
2.454206116094721501e-01,4.452777851776019147e-01
4.030824948735784452e-01,4.038405333279096454e-01
3.324876595013187552e-01,3.007344448748848764e-01
-9.548443449698972713e-03,1.537227540937508019e-01
-3.009427117403673524e-01,-3.426034518685349695e-01
-6.552921316811436414e-01,-7.601057810801304937e-01
-6.128155320922212823e-01,-9.559973318594269243e-01
-7.262412733532945808e-01,-9.447917529845469842e-01
-8.505294024222276317e-01,-5.248297913933122061e-01
-6.997705391061889157e-01,-4.863074246601633011e-01
-6.444487135855727633e-01,-2.706169433944002334e-01
-5.185156293994898080e-01,-6.040108649336551894e-01
-6.391521872418228778e-01,-7.480745290341701548e-01
-6.611536081495265060e-01,-5.990697934400418534e-01
-5.422709901526017173e-01,-5.115408297520406267e-01
-2.054690776229155524e-01,3.498117990064792543e-04
-3.180521380235710738e-01,-1.626817998554007938e-01
-4.295700831505834816e-01,-3.370145827365739755e-01
-7.225261317622930779e-01,-7.819332146482881329e-01
-5.164213993856938689e-01,-9.870349850900096422e-01
-6.408842811606789702e-01,-8.013331490862063422e-01
-7.147248296437161974e-01,-7.451755422778535420e-01
-7.933701461502756791e-01,-6.018857627564702106e-01
-6.175620669853457700e-01,-9.300191175233766261e-01
-5.408586718747835365e-01,-8.419755075973067715e-01
-2.550324618165493717e-01,-1.023589914594713823e+00
-3.219891338016216964e-01,-9.508243660147193133e-01
-3.694116740531158682e-01,-1.176776726455891708e+00
-6.180007929317447024e-01,-8.784692293931863905e-01
-5.561489962126594522e-01,-8.285514215436461383e-01
-3.746683225553156249e-01,-7.634532158147442349e-01
-9.434588430351646682e-02,-9.219379821752966553e-01
-1.380951539955124485e-01,-9.514111123770142564e-01
-2.629250370165029937e-01,-1.036664655508637400e+00
-5.705381395726690785e-01,-1.231143163950190189e+00
-4.500927048900542626e-01,-1.585564615416875434e+00
-4.535257539330295740e-01,-1.945703923001515845e+00
-4.128122532788700005e-01,-2.029843170778695693e+00
-6.045967038406250271e-01,-2.009620889066010552e+00
-6.570203446853124518e-01,-1.712835262310626216e+00
-5.443574424452130023e-01,-1.963973433116086742e+00
-3.260704870958900936e-01,-1.439277960978125659e+00
-2.756247803424759502e-01,-1.657496055219765729e+00
-3.794586630098129576e-01,-1.149663212388208011e+00
-5.186220871582143399e-01,-9.585242382587819687e-01
-4.033090681889256457e-01,-7.297108398311318300e-01
-3.944207755479157695e-01,-6.930065194458528977e-01
-4.530653798715854053e-01,-1.123250083525502374e+00
-5.314944869930497973e-01,-8.997072239874607247e-01
-4.997246083812262873e-01,-6.332719294950880373e-01
-3.781289325504747501e-01,-2.796107123218645185e-01
-2.428242728106107251e-01,3.324250875049280379e-02
-2.432482348659611715e-01,1.466522701813086915e-01
-1.905029531475597726e-01,1.556813302465892834e-01
-2.776809313843661142e-01,3.534204236158775686e-02
-2.703619321682690368e-01,-4.373861687430696810e-02
-4.922812718878491478e-01,-2.001319128756404164e-01
-6.296131364036431366e-01,-4.153351277336779224e-01
-1.105655209444385223e+00,-4.487912721293285112e-01
-1.488534373946646561e+00,-3.388297535358636980e-01
-1.683005577236478034e+00,-2.433871840073047188e-02
-1.447741155615626552e+00,3.664860559860583233e-01
-9.772363098818974692e-01,6.927797901879164666e-01
-6.899627172762056171e-01,6.158239327808221475e-01
-4.829308798582190310e-01,1.617166820752785616e-01
-2.457183444078744339e-01,9.611546817243508956e-02
-6.217054719075701397e-02,7.185528049371410486e-02
-3.816984299927023150e-01,6.408832423376871201e-01
-7.809022425223650643e-01,5.330219684610388864e-01
-1.060079283966190777e+00,9.628996225053936264e-01
-1.060079283966190777e+00,9.628996225053936264e-01
-1.006231029970455548e+00,1.202053809134898232e+00
-7.547393201590413270e-01,1.018223111767829092e+00
-2.284223476454418922e-01,9.720811731606416872e-01
2.870860386357454996e-01,9.805447147261486807e-01
8.142929972296749641e-01,1.010488127046392348e+00
9.607249972539713134e-01,8.684715190067020529e-01
7.827491159981687652e-01,6.255321837985667877e-01
1.899671398212089968e-01,3.056519810405903814e-01
-4.123978085311836295e-01,2.934400360587700873e-02
-9.315402884585989307e-01,-8.890014957049366395e-02
-1.072078156687965134e+00,-3.940610110988564119e-02
-9.669754119344267096e-01,2.120498804426330375e-01
-5.345387740744355076e-01,5.691829026445754947e-01
9.598088266205341557e-02,7.846657985696250392e-01
1.103887489484741913e+00,1.103666458544256379e+00
1.971484538757614535e+00,1.224378071138617852e+00
2.410963965480318993e+00,1.207399733233197381e+00
2.192497853188466017e+00,7.332089802544721202e-01
1.713454100184571782e+00,1.307880157000487209e-01
1.039012885252714069e+00,-3.170736295779346126e-01
6.527564343248654088e-01,-3.106181459759665420e-01
1.197444414883119257e-01,-1.486231279376442060e-01
-3.266846067337476622e-01,6.794852724854555381e-02
-5.933765521224552142e-01,4.166300185966678171e-01
-8.760960964778586879e-01,3.079729565388003021e-01
-1.070134387666133335e+00,4.633377216770854234e-01
-1.245483355041780760e+00,5.027456889758827874e-01
-1.137798815350548498e+00,8.873206634592987196e-01
-1.186867518728723869e+00,1.422767137205413146e+00
-1.045546679456110795e+00,2.165463016019234743e+00
-1.079662834648051684e+00,2.813727465798048222e+00
-7.287567396777673290e-01,2.972789965209256646e+00
-2.221673401642400014e-01,2.671416182064425104e+00
6.294562774395322524e-01,2.303323278174234101e+00
1.643406335744086899e+00,1.933220002965002848e+00
2.493177476819609772e+00,1.312841845216087489e+00
2.678124252372877656e+00,8.659033399964031208e-01
2.794781855681087279e+00,7.018048871601534344e-01
2.730257941528210441e+00,1.046231830591507261e+00
3.557162808431952872e+00,1.015845011652809049e+00
4.091528644028575634e+00,5.616579978983109456e-01
4.413951274281409987e+00,-3.192968753032858764e-01
3.827974926549313039e+00,-1.082618455336761487e+00
2.501549944803155512e+00,-1.807018604909530479e+00
1.320150385136339644e+00,-2.042013918713478926e+00
3.779012529332606563e-01,-1.924728501350458254e+00
8.341814234378782666e-01,-1.519358614789849016e+00
1.074390790323266343e+00,-1.329405740808192515e+00
1.346179103014506939e+00,-1.330323520302219009e+00
1.346179103014506939e+00,-1.330323520302219009e+00
1.103087704037354344e+00,-1.160885538182927723e+00
8.041010531016379304e-01,-9.560131943740438620e-01
3.264601994465397561e-01,-4.296954325035583500e-01
-3.549468301554875582e-01,-5.772601075711791818e-01
-8.250595922976874386e-01,-4.998209337594735624e-01
-1.084783532688006202e+00,-8.065736622953919577e-01
-8.859845241496626667e-01,-6.518696124889590271e-01
-7.617362002495581264e-01,-1.241148710819323764e+00
-4.687418797249346958e-01,-1.225406521119598358e+00
-3.427704578994792972e-01,-1.426787931812020016e+00
-1.489442044783233776e-01,-1.503125992154050738e+00
-2.430847678902982034e-01,-1.423747425176876691e+00
6.306671239525692974e-01,-6.775536076797920026e-01
1.107155881971814582e+00,3.839490368756778849e-01
1.510540158972961677e+00,7.617108814905300118e-01
1.360503296538825735e+00,9.298520483316093932e-01
1.284891409272463481e+00,8.315756686240166617e-01
1.312862661826243116e+00,8.942820186004456495e-01
9.738124145926915221e-01,8.557810732200267223e-01
3.866618334891242514e-01,1.039412538287327825e+00
7.650619676353043186e-02,7.203602554987165174e-01
-6.962993732626369947e-02,5.280271616730896067e-01
3.564125868178597556e-01,7.572056613697908389e-02
3.608956484789263008e-01,-4.987604184253185413e-01
1.290216941121702932e-01,-1.012436232937980130e+00
-2.049930958423656080e-01,-1.394186655381616902e+00
-3.485106293878016959e-01,-1.227917203662194812e+00
-3.003151035284582493e-01,-9.513289669017671590e-01
-7.394334591416654168e-02,-4.535629147442704068e-01
7.625314956389833698e-02,3.832862498591402961e-02
3.564125868178597556e-01,7.572056613697908389e-02
4.212432815521469642e-01,1.207168461635114570e-01
3.090439048674383793e-01,3.133241407791407251e-01
1.132331745310488913e-01,5.423518125169107806e-01
-4.300316738908659953e-01,1.079842896147602538e+00
-7.698989969711960146e-01,1.338764352284461001e+00
-1.145861922878630867e+00,1.827708746745842605e+00
-1.145861922878630867e+00,1.827708746745842605e+00
-1.026360028131675373e+00,1.624809889300517174e+00
-7.544179192339504070e-01,1.066785887447060155e+00
-3.614530161432000233e-01,7.464063859087114450e-01
2.795149581117458149e-01,6.223813010988342720e-01
3.344928685787962874e-01,6.662388080097569887e-01
2.652535120634696986e-01,4.922347165983995687e-01
-3.139734848993717686e-01,-1.189933703329303649e-01
-5.479621993574516070e-01,-6.501248395046864692e-01
-4.402472301440646385e-01,-1.402980465833914892e+00
5.456046249692467209e-02,-1.776539520764890634e+00
1.137346210000360847e+00,-1.857388172528890991e+00
2.285830325281307029e+00,-1.293197207927449854e+00
4.491051123455939376e+00,-1.093343728769283985e+00
6.628086303951039149e+00,-1.028975482084718784e+00
6.054438712662936872e+00,-1.025465276132873749e+00
1.025223163249297187e+01,-1.760915276650483641e+00
1.255312890744172272e+01,-2.233952085229369278e+00
1.530712969952545066e+01,-2.733180346379518344e+00
1.530712969952545066e+01,-2.733180346379518344e+00
1.530712969952545066e+01,-2.733180346379518344e+00
1.341135991567796459e+01,-2.428351928178878349e+00
1.051536037624263109e+01,-1.950697528106278389e+00
6.475422675448224474e+00,-1.214683389491833632e+00
3.244811705524470291e+00,-6.861956523990784262e-01
8.714160773052946896e-01,-4.213713971858075724e-01
4.172920818224492567e-01,-6.967470822528727403e-01
-9.435485802206107497e-02,-1.093480144098684548e+00
1.237164121989249854e-01,-1.779219659228239214e+00
2.177916563660216298e-01,-2.160094202449343470e+00
5.478990700354047227e-01,-2.263960433402834482e+00
4.723890863463287015e-01,-1.648661043253845104e+00
8.452379706428239103e-01,-8.179858259940330223e-01
7.592977205742704738e-01,-1.809238749158066928e-01
8.246705847349431462e-01,4.120675384909045502e-01
6.446290339338480724e-01,4.846187474869447787e-01
7.042548223057674139e-01,5.499920931047618256e-01
5.336780364876692051e-01,2.992936403921673816e-01
6.583955784153980861e-01,-4.647527852263155790e-01
8.658606520294795938e-01,-1.114299840761913352e+00
9.787946998718192182e-01,-1.439572241789448537e+00
1.083612853721230840e+00,-1.599172439777021726e+00
1.100648580703877499e+00,-1.872302562455362640e+00
1.411520725068986293e+00,-2.217478347593896615e+00
1.410079817277820613e+00,-2.111544494348659651e+00
1.353864841448637391e+00,-2.037513299751211093e+00
1.334211546985897279e+00,-2.264726133187198620e+00
1.386397859499578500e+00,-2.783227745388240582e+00
1.222358854692086938e+00,-2.937996660393563886e+00
1.146461716036787148e+00,-3.128641371584535591e+00
1.071027943689470519e+00,-3.055117133378066008e+00
1.181628595563284367e+00,-2.743055542360835375e+00
1.097651335390799288e+00,-2.146466804615772439e+00
7.756047282770848206e-01,-1.311143230760783318e+00
1.104126004131047445e+00,-1.648506865429045787e+00
1.022236373675341925e+00,-1.144341092902529278e+00
9.245545687448781802e-01,-3.843370764788864857e-01
6.664574584549983749e-01,5.023062180142549016e-01
5.894639006802787629e-01,8.314733648400065569e-01
3.672950206756374625e-01,1.137025461955490702e+00
1.164635726553151507e-01,1.080610885125082632e+00
-2.900822505765762727e-01,8.665590439222493613e-01
-4.260046733374969752e-01,2.981908802669919756e-01
-6.747887767937159609e-01,-2.881485680713984365e-01
-7.372949011314823275e-01,-4.309358693613427049e-01
-9.987738160434246337e-01,-3.485556700494384375e-01
-7.882721854873039335e-01,-3.261964909442726102e-01
2.617719290078793226e-02,-2.576209176137822521e-01
1.210528667425309735e+00,-4.029070593649792253e-01
2.192782267050214173e+00,-3.918273701430050604e-01
2.839465588461182577e+00,-3.664669716258101007e-01
3.079777589709238317e+00,-9.564112602519403428e-02
2.877309705854063537e+00,-6.346660222970171294e-02
2.228963772996072734e+00,7.003292418952027087e-02
1.318821784346292603e+00,2.448409124397206774e-02
8.861807880040877272e-01,3.438950340956305474e-01
6.731825138038304290e-01,4.979479678418911592e-01
1.149217810482052959e+00,4.799552379562290194e-01
1.477546542447201627e+00,2.905556695110151910e-01
1.792525062550427872e+00,7.676930922926467234e-03
1.549225365538180688e+00,-2.971060951620973500e-01
1.003082967503951872e+00,-5.122238590882072229e-01
2.192669959654118539e-01,-5.617852981414220848e-01
-4.403635973769127743e-01,-4.517558652222840587e-01
-6.525600079297988465e-01,-3.686440646391053733e-01
-3.442710924098518199e-01,-3.779584792071228327e-01
1.435777212267758673e-01,-4.761899193366801453e-01
6.860850291135355272e-01,-5.021332831117290008e-01
1.384712446784210016e+00,-4.713047503014291539e-01
1.564913308657544189e+00,-4.148475412885095359e-01
1.406317527587492622e+00,-2.705488629019002778e-01
6.591829767286132569e-01,-9.930778327297568042e-02
4.275323554912303647e-01,2.573055421765155226e-01
5.586785104712289618e-01,4.715785504748942203e-01
1.014725034282091043e+00,4.511897073960785542e-01
1.230281921298627790e+00,1.853552267695508515e-01
9.329785050413880176e-01,-5.447446460495087434e-02
4.702962901151392372e-01,-7.086077829407208539e-02
-4.010503571572169440e-02,-2.536321950508230727e-01
-4.707480201696480071e-01,-6.210229202149272210e-01
-7.503828492629774916e-01,-8.837976840323312766e-01
-9.260140232424290962e-01,-7.379002467235494800e-01
-9.597785376977774341e-01,-2.711418543606727294e-01
-8.499232758636473539e-01,-3.687822698548190448e-01
-5.461523719063737792e-01,-7.020660599117919398e-01
-4.084505192787798999e-01,-1.658094136279124831e+00
-2.213529282371932139e-01,-2.239066338113983701e+00
-4.400740720276385409e-01,-3.761128132143054970e+00
-6.056368321310505731e-01,-5.201926951915752717e+00
-8.190174046680225306e-01,-6.170647003177585077e+00
-8.190174046680225306e-01,-6.170647003177585077e+00
-6.818024861029965411e-01,-5.640353597715421330e+00
-4.510676383758141506e-01,-4.673002096220354673e+00
-2.528811948084126460e-01,-3.805669536102008976e+00
2.553756935255910854e-01,-3.402123050337504839e+00
2.758861408382956570e-01,-2.683394684372437666e+00
2.747881098879907946e-01,-3.626579271173681285e+00
-2.427453128983487474e-01,-4.087596365274965393e+00
-4.509143195259556758e-01,-5.061154529114667788e+00
-7.172636215732415277e-01,-5.842445567299734854e+00
-8.190174046680225306e-01,-6.170647003177585077e+00
-7.789345632797559649e-01,-4.816683857879473507e+00
-6.972558410408179475e-01,-2.984115755086861110e+00
-9.984228921699487280e-01,-7.822805177627363271e-01
-6.073475779734134328e-01,1.555959281439945330e-01
-6.997765091269089743e-02,8.007669894044280312e-01
7.519671047184135482e-01,3.917134021217131834e-01
6.074947778870872783e-01,1.053418077006817444e-01
1.903032684050223466e-01,-1.934646882941353507e-01
-4.107063839613996903e-01,-2.799710404661444052e-01
-6.935223151436393785e-01,-4.073413320148161487e-01
-7.679667783840598005e-01,-6.040062266596988305e-01
-7.574766181198693271e-01,-8.435136551021827911e-01
-7.050157818359839013e-01,-8.049919544541810357e-01
-5.034763783710373142e-01,-5.428002020972351183e-01
-4.489460341921193143e-01,-1.123474759876521983e-01
-5.214504656909796365e-01,3.991714860927015468e-02
-4.088237518766441037e-01,-3.487271266981535889e-01
-2.524778393051975711e-01,-1.042308753758944828e+00
-3.661559098791354883e-01,-1.390783485903755112e+00
-2.768775399099050460e-01,-1.018650547830218800e+00
-3.239378413718216332e-01,-8.399409992360445942e-01
-2.863270070588534444e-01,-5.997018760642794932e-01
-7.225823683252466934e-01,-2.827079316183951918e-01
-1.187125312524841991e+00,3.642747981004277880e-01
-1.448103153168278201e+00,8.938427381781510750e-01
-1.320337117489301493e+00,1.191151190080775191e+00
-1.190972526919330532e+00,1.131188994644918733e+00
-1.146446491716161420e+00,1.110382199019399607e+00
-1.450262511925174413e+00,1.202665359082910168e+00
-1.121309590866313544e+00,7.485834361077547960e-01
-7.408976135174480948e-01,4.835145485792927134e-01
-2.277383703644058899e-01,-7.013454002534048881e-02
-1.313569896756353328e-01,-1.466123587129816441e-01
-1.391709084208175573e-01,-1.360849518517002477e-01
1.666668601170364639e-01,-3.489150699096500441e-01
6.181892414831763327e-01,-3.016810878956289743e-01
1.019032862455651944e+00,-5.623177343414036411e-01
9.869637568460584154e-01,-4.012973378201160068e-01
8.043859317109391949e-01,-2.673073204577362527e-01
5.334372181054097828e-01,1.104935532369292484e-01
1.849573502972225725e-01,5.313009860086095326e-01
-2.832002224650606026e-01,9.628637627117205833e-01
-6.213555648720775482e-01,1.235720642582636142e+00
-6.213555648720775482e-01,1.235720642582636142e+00
-6.213555648720775482e-01,1.235720642582636142e+00
-5.940392876514044573e-01,1.032638743127471503e+00
-4.669831037506701477e-01,7.934931457429128532e-01
-3.944707292729847659e-01,3.396849773078565171e-01
-1.629970251515764634e-01,3.720446819592888865e-02
-2.832648920552497396e-01,2.138993841117524108e-01
-3.288232189407829797e-01,4.977238319714077930e-02
-6.593786846455697015e-01,-8.703727991261851760e-02
-6.827794432189562279e-01,-5.802457749808814791e-01
-7.122594922498732828e-01,-4.752057871341035522e-01
-7.528253859012995486e-01,-3.973341710331256826e-01
-3.618216437961072063e-01,-2.182667678988801582e-02
2.959801777409623233e-02,4.197331499231299889e-01
3.733259693307534599e-01,9.459909995148981787e-01
3.290436281492856163e-01,1.211515896964349581e+00
1.018861012668770688e-01,1.151758832062687032e+00
-7.968585242694831150e-02,7.004463169282876267e-01
-2.779049835828301118e-01,1.172411935107339209e+00
-4.142016637321805916e-01,2.182569054138140174e+00
-9.379641211258614719e-01,3.466847054477497192e+00
-1.524828098888969308e+00,4.017624270739187153e+00
-2.052340511850801796e+00,3.867559004461467609e+00
-2.115422049611521693e+00,2.989397726536540123e+00
-1.948922839928069806e+00,2.377936400369656145e+00
-1.633626615194460063e+00,1.881419869937459133e+00
-1.255261237530349128e+00,2.004541673448626327e+00
-8.383839946654461084e-01,1.856523978362096594e+00
-4.557906490493169871e-01,1.682771210894072889e+00
-2.617966256202582942e-01,1.463342684326733201e+00
-1.287817739420861196e-01,1.099798180159796690e+00
-2.476130249345220857e-01,9.508476613773596542e-01
-5.297599504096596190e-01,8.549328952321856301e-01
-8.110599260869780780e-01,1.813883945805872644e+00
-1.212054484637280272e+00,2.531558197177989911e+00
-1.719479170651746047e+00,3.538189740224674917e+00
-1.882266327525825567e+00,3.167997744782228065e+00
-1.372496453481826029e+00,2.203674134116162975e+00
-6.095894621848083617e-01,1.015328027292629942e+00
-1.632464521744169950e-01,2.332122170747279732e-01
-1.433753774374646461e-01,3.792188430230686302e-01
-3.775116691113262202e-01,1.021850257281870650e-01
-6.293558275119309764e-02,-8.107138425997922893e-01
3.918201422271395118e-01,-2.015345361064622143e+00
9.492422288070105907e-01,-2.754123846078138094e+00
1.049077942215026038e+00,-2.726576247611478099e+00
6.990142601293480862e-01,-2.360612364811640163e+00
3.219840558428488930e-01,-2.102545765373044162e+00
-4.554224379144708457e-02,-2.012262733609511134e+00
1.834527929346568484e-02,-2.415647264494530599e+00
-1.353278115351453370e-01,-2.301270918883360661e+00
2.201498142280850501e-01,-2.541955476985359397e+00
5.397807960993384890e-01,-2.864679885378599078e+00
1.233882376348719223e+00,-3.630290837006987736e+00
1.696202409381282861e+00,-4.041217027267453688e+00
