1.738077077652702418e-01,9.263526896400923194e-01
3.466220103938490449e-01,7.916951690730589242e-01
1.659119824332925541e-01,3.557348715894697588e-01
1.009765155326281943e-01,9.930695628898449090e-02
-4.307327029039947908e-02,2.143207366052768750e-02
5.505588398510083067e-03,1.099078568884091500e-01
1.342415174366659858e-01,2.999492579399193337e-01
4.253412753554301484e-01,3.992300268525716955e-01
6.882353798277719426e-01,3.502146286348901683e-01
1.196531489800146897e+00,3.323209811418476600e-01
1.639896475214071003e+00,3.581461218261577928e-01
1.874783745744980745e+00,3.180403405509206749e-01
1.777968624957085630e+00,3.405005937553120532e-01
1.424873513882248366e+00,3.808212148738548963e-01
1.174857919204508105e+00,4.232391623037906059e-01
9.510747062302001842e-01,1.867517947150930391e-02
4.332864795315886086e-01,-3.421211538952773634e-01
-1.795303642340327077e-01,-5.873097670845138785e-01
-8.395882438968693684e-01,-4.783316590835091087e-01
-1.073522265194339687e+00,-4.844125381032780564e-01
-9.259028293361103445e-01,-3.613016379249888721e-01
-6.237667663747349378e-01,-3.599263109024161134e-01
-2.646479531951838049e-01,-2.278300819069186689e-01
-1.608928606850995868e-01,-7.456484063658891381e-02
1.436697085895932424e-01,1.512190616470969196e-01
3.106994541081024575e-01,4.115114371759567291e-01
3.969971886398339644e-01,6.602640345490171647e-01
2.145539018091161265e-01,9.331468865310692529e-01
-2.258678844811799757e-02,1.219141337538293346e+00
-4.396994736284765004e-02,1.351724456440596356e+00
4.686595888775613727e-01,8.887081168678181431e-01
9.039008256574846412e-01,6.572129014929898316e-01
1.126937577986703909e+00,2.724908770530492519e-01
6.640791896792633819e-01,1.091644138794357899e-01
6.112568067059082760e-02,-4.592558419470426090e-01
-4.596291501116209210e-01,-5.569817569745173502e-01
-7.915598318771531750e-01,-5.688461812683378582e-01
-1.222905366363040480e+00,-5.552767096721327178e-01
-1.597185600170256681e+00,-7.707731682667283701e-01
-1.737888814258549131e+00,-6.790841620886505225e-01
-1.478010234518745802e+00,-4.219227287080630218e-01
-9.424278841290631981e-01,3.248465881032024105e-02
-8.045390473249053320e-01,2.402807162058121226e-01
-8.136260985517973499e-01,3.371490176342330503e-01
-9.349342199211915228e-01,2.997303986286427580e-01
-7.821100961315171629e-01,3.192451791241652237e-01
-6.933156178445357698e-01,3.382982669320730440e-01
-6.716137293405893827e-01,3.711452664448387506e-01
-7.986183126276331645e-01,3.856947651834965463e-01
-8.913301726389253332e-01,3.860822104212781047e-01
-8.164915750520027604e-01,2.976282497264356453e-01
-9.645026065831773243e-01,3.407365615997282049e-01
-1.031006599153973191e+00,2.308306046987988747e-01
-6.562570141084201891e-01,2.157832658997228467e-02
-5.465782598264501413e-01,1.792574709761214913e-01
-4.718457820361594557e-01,1.148363500237045004e-01
-3.662613162399129818e-01,1.630788256607881570e-01
-3.313132190990571990e-01,-1.113553047132063850e-01
-1.908034182209495389e-01,9.603361254408539216e-02
-3.088596140331937301e-01,1.638859535915190291e-01
-1.454616105178456464e-01,8.726725502292274894e-02
3.695137343549773634e-01,-3.054749867138562176e-03
8.990484931754401110e-01,5.336387754765887365e-02
1.333546407509735410e+00,3.615068695614982452e-01
1.323691051028845100e+00,5.207947878212380033e-01
6.681615655278554389e-01,1.083902485975380081e+00
2.397870943696005785e-01,1.841272636611311908e+00
1.766122895918767199e-01,2.679933215218673670e+00
6.147385262338003198e-01,3.031776171865293357e+00
6.738128560444616166e-01,2.556428608781882605e+00
5.287516338157033369e-01,2.057724856859740381e+00
2.723783285945649557e-01,1.412455550893792378e+00
-1.628422991762303040e-01,1.334955247558911484e+00
-2.036979235419108802e-01,1.701121925813575242e+00
-1.249386989672466447e-01,2.149987463432788903e+00
3.410838829433166519e-01,2.409392079022694588e+00
4.826807597115526649e-01,1.768250121848824907e+00
5.530629031422487074e-01,1.052731444420741624e+00
7.905458133110928598e-01,4.284384891383216654e-01
1.032660766811589248e+00,3.881741220556366168e-01
9.092474024107649599e-01,3.854429948326725253e-01
9.993663308205598117e-01,-1.206509582400009245e-01
9.287547997338679862e-01,-7.087398996437189735e-01
1.236964703909057661e+00,-1.249496517762383352e+00
8.205367085685004724e-01,-1.055970880606726947e+00
3.118379644832310893e-01,-5.411548913198198640e-01
-1.034519348268723993e-01,-2.100465956949048862e-01
-2.071494522337241628e-01,-2.448686533549108701e-01
-2.396518273971426360e-01,-1.978916246320760741e-01
-1.240308578967950180e-02,-8.607020232832618412e-02
3.025885339339310365e-01,-1.218689037209436943e-01
4.291962069623837528e-01,-2.835950122211873814e-01
6.884887325753760168e-01,-4.734574180836180757e-01
6.484774269742989983e-01,-6.619584601663557333e-01
6.618371160776427287e-01,-6.582037299882436132e-01
4.236510441108685132e-01,-3.227895100798873207e-01
5.162072446225401956e-01,1.685795742609912107e-01
5.624910682047135069e-01,4.118099455028130795e-01
4.484004202427122054e-01,4.654124321874558157e-01
1.636851271788732909e-01,3.366586121502880280e-01
4.843371547727701870e-02,8.934862057475495556e-02
4.952609862802413027e-02,-3.177441803076278548e-01
3.487834886120311229e-01,-5.925459373969056420e-01
1.597423300529948742e-01,-6.178573773470616981e-01
1.776195185738642102e-01,-3.426633308578795334e-01
1.692857021376569515e-01,-1.313317926454621865e-01
4.592741728296955150e-01,-2.838531940879393881e-02
4.592741728296955150e-01,-2.838531940879393881e-02
5.338718295460158636e-01,-3.726462720149666119e-02
5.349110664743844668e-01,1.559178954692822250e-01
5.019625037905069975e-01,4.995913914457053018e-01
5.075520189515144720e-01,6.546485982765857248e-01
4.457296690338449219e-01,5.717635421113997918e-01
3.285374272325075617e-01,2.569370583029097488e-01
2.288402248841970577e-01,3.760041787970537230e-01
1.712057877047960253e-01,6.713489787921814722e-01
2.357029799232955858e-01,9.502576501481021509e-01
1.569215180549910493e-01,1.118653562404523516e+00
2.470053142736339524e-01,1.021758954871392344e+00
4.589150087136208422e-01,7.433517001739005092e-01
8.365297159605240562e-01,9.876909789937571293e-02
1.193942459632764574e+00,-9.056575885497111233e-01
1.423167979201479527e+00,-1.967446984107915631e+00
1.655588755468183182e+00,-3.828645351682097520e+00
1.734582443200177959e+00,-5.574478186781838041e+00
1.648591949648194221e+00,-6.555346389598065038e+00
1.328753454132003631e+00,-5.998217830600681921e+00
8.753124251333334049e-01,-4.158996904697757735e+00
5.946067081294149625e-01,-2.185226867203568624e+00
2.199438990050947840e-01,-6.568406695336281853e-01
-2.314630451418971113e-02,-4.389377303489037097e-01
-3.022062225570680272e-01,-5.106527916870814421e-01
-2.579174101829984078e-01,-6.106823662978830836e-01
-2.100964069434567982e-01,-8.239750838325423654e-01
-2.407858321955143044e-01,-8.357596720003617197e-01
-3.591881282536039666e-01,-7.339545365939880162e-01
-4.216383949657582231e-01,-5.118001830248407602e-01
-1.031131708833156052e-01,-3.043724560065392826e-01
1.002231973888843414e-01,-4.018065805846706695e-01
4.400920582325819619e-01,-5.132574157604281595e-01
2.199438990050947840e-01,-6.568406695336281853e-01
1.229957637157572808e-02,-6.182966828124059067e-01
-3.854031104432926180e-01,-6.991831311257095116e-01
-5.893944008926943479e-01,-7.407092619344513018e-01
-6.161754863273020133e-01,-6.786785359080947932e-01
-5.578035854757638079e-01,-4.939199835617701373e-01
-2.143436790063721620e-01,-5.665583201136124014e-01
-1.539206113020957431e-02,-6.743279146170185756e-01
3.218735021069852320e-01,-7.919150863429390563e-01
2.199438990050947840e-01,-6.568406695336281853e-01
-5.260706304138996342e-02,-6.990570648150954414e-01
-4.362563472389595631e-01,-8.433806893261179827e-01
-4.664537591841585451e-01,-9.823277596520031407e-01
-3.422039480147182067e-01,-9.989609038739306612e-01
-2.375327945947473818e-01,-5.305104810274955396e-01
-8.532434145983784635e-02,-1.923876971349917087e-01
1.153523220923890341e-01,1.005911666812530303e+00
4.834308080513481376e-01,1.044510349404408789e+00
6.448295997692219395e-01,1.232875834650629443e+00
4.831396203094585062e-01,7.853857888772667328e-01
2.658557522063899614e-01,9.695861633309446059e-01
8.095781398199941581e-02,1.239300521966083313e+00
-2.258678844811799757e-02,1.219141337538293346e+00
2.171891106082386724e-02,5.878544632316708984e-01
1.693157372631948210e-01,-2.438127145614564853e-02
3.578459184636370027e-01,-4.502269719779178336e-01
-9.043154916543803823e-03,-2.307651423814185976e-01
-8.144662698395388478e-02,-2.424926087255328544e-01
-3.326560537169411802e-01,-2.285939803471168930e-01
-4.876917912306895087e-01,-3.116948665784587957e-01
-1.022870064053674533e+00,-3.278808645640441943e-01
-1.290028656308405353e+00,-4.371662454269127362e-01
-1.363181263746541250e+00,-6.143651037585240449e-01
-1.376207068920545895e+00,-5.966826808049658926e-01
-1.376207068920545895e+00,-5.966826808049658926e-01
-1.004464862102953049e+00,-1.081621042387971576e-01
-4.916098713695608025e-01,2.921712840134451095e-01
-4.522521773457538474e-02,6.075175091151508999e-01
3.690084659407013579e-01,8.128230891558140270e-01
7.700610604377587931e-01,8.967414334089777173e-01
2.109928997508541570e+00,1.439100969226530413e+00
3.542077374575901771e+00,2.122232754989735071e+00
5.049088059294811082e+00,3.059011530087120789e+00
5.383346956205444123e+00,3.548984830262259749e+00
4.700886401250762070e+00,3.567274539641595688e+00
3.084063954996104417e+00,2.979412549395227927e+00
1.509090689912485850e+00,2.221316850696257283e+00
1.790524433640486301e-01,1.256909153631317944e+00
-9.363172317231041597e-02,8.137652435691058450e-01
-9.657952053846839691e-02,9.266140332736622076e-01
1.697524715044962385e-01,7.554550209788245541e-01
4.041834764891543558e-02,3.138319951292147247e-01
-1.012658940571015548e-01,-1.760442407112214336e-02
-5.255448439231419355e-01,-4.379875172334802419e-02
-6.235308030553834424e-01,-1.887303933789516719e-01
-6.639263884219880341e-01,-3.745365173786295854e-01
-1.800079763827185098e-01,-2.431943955336851593e-01
-3.488499659624369476e-01,-1.981964937008253991e-01
-3.634291293560696912e-01,-1.063035677428877668e-01
-1.867630168980525251e-01,-4.073754958353215105e-01
6.398299443955422772e-02,-3.921914843202399248e-01
1.536387541971726001e-01,-3.157224204997138850e-01
-4.217606571790981085e-01,-1.230505477173295809e-01
-8.131123428624662530e-01,-3.953386203297983292e-01
-1.223541677501339242e+00,-5.298432147850971052e-01
-1.376207068920545895e+00,-5.966826808049658926e-01
-1.312120242144650506e+00,-3.654045515935280264e-01
-1.120178474725020523e+00,-3.571601816044389088e-01
-1.115887126547186137e+00,-3.978365467449009318e-01
-1.215365007848952628e+00,-4.048735339705194503e-01
-1.415079665633293793e+00,-1.582535796984190779e-01
-1.277938597270893428e+00,3.062390605637761998e-01
-1.239182725990319645e+00,3.903872121749753510e-01
-9.504434353580806238e-01,5.179074552201725634e-01
-6.164740166211871708e-01,5.424490889082022038e-01
-5.755019471131407605e-02,5.708615136722404726e-01
4.293468984207721162e-01,5.361343330700608645e-01
1.027039242873481362e+00,-3.787086524008985156e-01
1.661023670765539251e+00,-1.217557195075835264e+00
2.058612823235330236e+00,-2.010618015304299178e+00
2.093420752738647472e+00,-2.280196429210156417e+00
1.933419391511377539e+00,-2.413572488405281824e+00
2.662362920621302198e+00,-2.853287663455403855e+00
3.978756073032279073e+00,-3.616381926724853813e+00
5.768048899356911896e+00,-4.734662486334041631e+00
6.257010414133021392e+00,-4.491930911772967328e+00
5.555837196840313297e+00,-3.440199205573835073e+00
4.159596132672091606e+00,-1.585202910847676838e+00
2.821940254097275780e+00,-4.904167281444145599e-01
1.887708960552818116e+00,-2.458792651995640177e-01
6.068889570995621430e-01,8.656077456193390918e-02
-4.185280931985049802e-01,4.167669545082945959e-01
-6.711800687842668367e-01,8.602578758270582604e-01
-7.786109289710885228e-01,9.894817818397086961e-01
-9.306511389057000594e-01,5.679023485594694165e-01
-1.148226925929230813e+00,-4.890514889640944565e-03
-1.209438859925950016e+00,-4.152102841560317281e-01
-1.095760127801058914e+00,-5.773787970722252805e-01
-7.224137909823716841e-01,-3.340151427349752344e-01
-6.728153187416232583e-01,-3.770148780510770292e-01
-7.648809448756748175e-01,-3.240108493825656355e-01
-9.213188147402919803e-01,-1.039190456064277068e+00
-6.651501299374186216e-01,-1.198800852986060761e+00
-2.700737779244993253e-01,-1.119855182626405377e+00
4.405598847986613165e-01,-6.903364404059897375e-01
9.027004757685093139e-01,-7.866445721909947064e-01
1.004186937656933676e+00,-1.172481471499966732e+00
9.578315648373568747e-01,-1.645304614295519441e+00
1.159166112008133576e+00,-2.386964667745965496e+00
1.275531117676651505e+00,-2.487107463361054371e+00
1.018601078738493371e+00,-2.064596448719011157e+00
5.503528041571263962e-01,-1.489580471292902608e+00
4.024206184714087531e-01,-1.353484199818698164e+00
8.771744612397862351e-02,-1.439282379331923822e+00
-1.642807711843315699e-01,-9.995295536645655288e-01
-8.004759680709734315e-01,-8.276167392568700709e-01
-9.598355273507706009e-01,-8.226480443560271194e-01
-1.124076864136547282e+00,-1.168701577389809731e+00
-1.092724382012011386e+00,-1.473488713951621953e+00
-1.212253279348254775e+00,-1.884158479550766874e+00
-1.339254920395620552e+00,-2.133796464998073183e+00
-1.577039576901495543e+00,-2.095826007703095684e+00
-1.645934025070896922e+00,-1.935885271677299846e+00
-1.472956154236608972e+00,-1.526617691173302260e+00
-1.286859349119724882e+00,-1.235681838915316355e+00
-9.261926940008378129e-01,-9.919130685942075809e-01
-9.871880113310197435e-01,-1.121172637321224297e+00
-9.486867040872847268e-01,-1.241447612354598107e+00
-1.058438774195867849e+00,-1.590006080406490607e+00
-1.176094173414729438e+00,-1.940978176754658779e+00
-1.339254920395620552e+00,-2.133796464998073183e+00
-1.153824288139992271e+00,-1.630444455220384947e+00
-1.087452663401176522e+00,-1.229113860552594639e+00
-1.127430797882045477e+00,-1.082375303539643951e+00
-1.491715024792400035e+00,-1.389644444651339406e+00
-1.398941028436888390e+00,-1.314695464172924488e+00
-1.239898683701218030e+00,-1.160141666830205587e+00
-9.494302653129362835e-01,-9.570759342683314852e-01
-8.526129827262045602e-01,-8.473149389211525051e-01
-6.620766348397700840e-01,-3.363617171522093052e-01
-3.967570571528307166e-01,-1.498287832549842664e-02
2.538114255819209353e-01,1.280972513063363127e-01
8.513639455636703435e-01,-6.305327932733813256e-02
1.027984195818090418e+00,6.711152414201635406e-03
1.109292417895436866e+00,7.735066497785453299e-02
7.990210863839528610e-01,2.119703029541592787e-01
8.490424827041768152e-01,1.319509054498894385e-01
6.391478002803688829e-01,1.780742312903156252e-02
4.732426885266641792e-01,-5.470800528328970819e-02
1.301896982566367045e-01,-3.405709662227182077e-01
-1.922314180827738861e-02,-6.118634645436523689e-01
1.053192091702236516e-01,-8.092829109500823126e-01
3.641703380143882507e-01,-5.420333967193823321e-01
4.645443101168834632e-01,-4.214737995376717228e-01
7.838852340919864048e-01,-4.233131243253606679e-01
8.833932687355177116e-01,-6.237534147442300725e-01
8.547180072658511207e-01,-7.135347485349672336e-01
4.489837964711855256e-01,-7.801098571732849596e-01
1.430829080490066407e-01,-8.643369466863662920e-01
-2.882614247573654920e-01,-8.439490028359734053e-01
-4.382477986989887220e-01,-6.433822375957892747e-01
-1.426078903480202942e-01,-3.241445901121759454e-01
-6.726352520308404546e-03,3.789002025757157860e-02
2.912961501967357633e-02,3.400814145136777933e-01
-3.841794350709035744e-01,2.756723246260195034e-02
-4.655784604221713807e-01,8.987698466590449131e-02
-5.084989891955324914e-01,2.471722696841462397e-01
-4.084102987517957972e-01,7.120452231296048318e-01
-4.391389720727625900e-01,7.198869151680797884e-01
-3.866774195596965336e-01,6.417442510464940186e-01
-8.679324261633706294e-01,3.454516366032446828e-01
-8.464788593945085093e-01,1.380211461744558776e-01
-7.519945361490613100e-01,3.643307342420915723e-02
-4.365993376942950421e-01,5.932020153131445372e-02
-5.433940144685017737e-01,2.004810414936642263e-02
-8.530477607614549429e-01,-2.882686447333627361e-02
-1.332352138044945455e+00,-1.654710589986831681e-01
-1.263411358045931410e+00,-2.129167200395124526e-01
-1.280407403169879998e+00,-1.907812478976475268e-01
-9.071402225663508512e-01,-5.919312761929939638e-03
-8.240975889430421919e-01,-2.209613974818829818e-01
-9.442252837328263260e-01,-3.834832030388451440e-01
-1.429935599450198769e+00,-1.056774356480145949e+00
-2.121857668948250897e+00,-1.391297952886013656e+00
-2.242363551704021241e+00,-1.587720164293808356e+00
-1.818515969515441810e+00,-1.177855478936539191e+00
-4.050798606757367026e-01,1.627201524120054921e-01
2.260082133633885548e-01,7.845091285458675179e-01
3.347213807554610399e-01,9.892844228520067951e-01
-6.723379782895968493e-01,1.146357841806420058e-01
-7.133917544499391861e-01,1.006320377608034417e-01
-5.560772533714795074e-01,1.969369350018780607e-01
-5.791713042599258010e-01,3.540269884715501747e-01
-8.298433525040842529e-01,6.536215811937261533e-01
-1.350591092571753471e+00,9.557188892815293713e-01
-1.967016579895543460e+00,1.270476700318383445e+00
-2.461397234474596019e+00,1.493023212477448736e+00
-2.532831197556532743e+00,1.591736302133154757e+00
-1.832820386573823956e+00,1.725372728737648131e+00
-1.108229405063922313e+00,1.576553752839457090e+00
-3.457492822879810745e-01,1.486960012277620091e+00
-1.584930861058829188e-01,8.840624889590470437e-01
3.408153020685213419e-01,6.037661758182801819e-01
1.783280861645735182e-01,4.773632333097908159e-02
-2.511317845426791484e-01,-1.142806162278566517e-01
-6.119532315580960002e-01,-2.699134519786761666e-01
-9.425167228657792551e-01,-2.598046684145693952e-01
-6.148180674175209859e-01,-9.586977496235840612e-03
-7.608561785128088450e-01,1.734965451898904942e-01
-4.901619603389820723e-01,2.698283221849183677e-01
-3.333758103773454273e-01,3.451891994242457518e-01
7.330013687502566488e-02,4.943772945113246164e-01
1.875381272218473450e-01,8.129704167606969234e-01
1.020534430917635765e-01,1.050502103471085080e+00
-1.338800913600146636e-01,1.016239941095375743e+00
-4.006468290308611291e-01,7.473187209663770814e-01
-3.476372378077901559e-01,2.321407746169663333e-01
-5.773306294771328728e-01,-3.327914516200497497e-01
-2.722635588986891883e-02,-2.634591710207437876e-01
-3.810937659786605702e-01,-1.349830404117842442e-01
-5.224434796819686921e-01,6.189931133169435801e-02
-8.333472605097234087e-01,-7.143717105278418744e-02
-4.759134585590256705e-01,-4.369747934676131845e-02
-5.648505504483566746e-03,-3.471985313533566125e-02
1.068518080652231195e+00,3.175555069137052655e-01
1.836684131968321809e+00,1.998921564136403872e-01
2.727588441163282695e+00,-4.653209004783832176e-02
2.553320859560805456e+00,-6.154594829548837298e-01
1.788229574901512242e+00,-6.991864384144146349e-01
1.001768695818207267e+00,-4.877676999331688745e-01
2.319102439646039335e-02,-1.324405102873814633e-01
-2.714024314877651611e-01,1.949159815967420606e-01
-9.097575867007375860e-01,1.740878404530747658e-01
-9.602685472000053180e-01,-5.411464577086756711e-02
-1.553928180641257928e+00,-1.205858747812506571e-01
-1.251585919060833163e+00,2.704249553833643627e-01
-1.330539900755396188e+00,4.424044377307294607e-01
-6.184347842841230181e-01,9.308316062516587552e-02
-7.478198869382605141e-01,-6.983855064791206768e-01
-4.208580324055433142e-01,-1.046100278759589441e+00
-2.382556838484606310e-01,-1.081052049356957534e+00
-1.597223035649156242e-01,-6.746423202004017128e-01
-1.578438283020072996e-01,-1.530871570492255973e-01
-5.136988805397686431e-01,1.688334465482455304e-01
-1.117081363604575328e+00,1.652437169914899862e-01
-1.320028279918352698e+00,4.539720790366004455e-02
-1.223175067725282616e+00,-4.819001773085790363e-02
-4.378939669781362620e-01,-2.423443760539861769e-01
8.579021273777506784e-02,-4.444839477903069214e-01
3.786508231723567652e-01,-5.785520125670570168e-01
3.856576148122253245e-01,-5.425705671903851002e-01
3.840420865583240029e-01,-5.324353432709382217e-01
5.333611778914872925e-01,-4.021357402995741070e-01
1.128007548881627686e+00,-4.388951205354067464e-01
1.977631594711013907e+00,-6.087641643868481056e-01
2.230504475687979493e+00,-7.514822689651574628e-01
1.972748282990480995e+00,-7.948250148065386655e-01
1.066806920446154550e+00,-6.285424635288315853e-01
9.732094923872565140e-01,-5.721974499020713312e-01
8.207881918784103448e-01,-5.825732870155647669e-01
1.246784417855443916e+00,-7.294995668569287384e-01
1.554563397555791093e+00,-7.448799022638823430e-01
1.399647975423124135e+00,-8.024950599579202537e-01
1.845722617375018082e+00,2.875234530149796686e-01
1.768375519068310586e+00,9.532318399031139977e-01
1.862353436326314338e+00,1.664667603212470315e+00
1.322489707147878946e+00,8.976794369636652560e-01
1.160787199656779567e+00,3.919416208422288883e-01
2.136326543060791838e+00,-3.144288922828503141e-01
2.123771013589435874e+00,-7.094732783623564076e-01
2.145020749421620021e+00,-7.634933901682469104e-01
1.365796527171184493e+00,-6.428691470184112466e-01
1.367146596815750792e+00,-6.156869554077879503e-01
8.783482958428995291e-01,-5.885847058725058867e-01
4.088734067499134039e-01,-3.913572670594103187e-01
-3.320106188082958543e-01,-3.829518871697708549e-01
-6.620047834460297542e-01,-4.900644371677509437e-01
-6.334001082660205562e-01,-7.731765494350182344e-01
-6.407944644026114522e-01,-8.893243720859460577e-01
-8.187298941370073635e-01,-1.008196233092693905e+00
-1.041760602392406643e+00,-9.981974829618538436e-01
-1.132039604747705930e+00,-9.928137778096191024e-01
-9.986704738883297461e-01,-9.679473400511119374e-01
-6.794154844746818078e-01,-8.377894472339261212e-01
-4.547740587532813072e-01,-6.021809509520362758e-01
-4.150043281611286994e-01,-3.626170900125484930e-01
-3.018282695271083393e-01,-2.109908787505088978e-01
7.428644373705094450e-01,-8.615358807109325667e-01
1.051949871950321969e+00,-5.984777137199960295e-01
1.187289241327255773e+00,-4.244490463110442424e-01
2.043187938786215074e-01,2.649118170226073543e-01
-1.514099046521704961e-01,1.770558916855902443e-01
-2.069753552795972340e-01,1.401087801715843739e-01
2.618633196449461353e-01,4.268681469204945733e-01
6.151930393687455867e-01,5.338052021119961132e-01
7.714241956401437506e-01,6.056519222537120051e-01
5.950121972656108316e-01,3.266138860451213710e-01
6.055026607764714131e-01,2.633052031833422735e-01
6.273968938304012033e-01,2.635158279817536031e-01
6.889690973317691425e-01,4.534667901494816022e-01
5.914824644822913591e-01,4.810278251165586161e-01
2.224979735038741802e-01,3.690020448657136409e-01
2.224979735038745687e-01,3.690020448657136409e-01
2.224979735038741802e-01,3.690020448657136409e-01
6.263822258927023157e-01,4.446227917366422089e-01
5.920936726491002888e-01,2.807789453564765170e-01
5.111585716808710878e-01,1.470601683534804860e-01
4.656120034585390921e-01,1.018558996228369068e-01
8.692370825478915597e-01,1.412729225423947632e-01
1.013322097792604071e+00,3.257262143266495547e-01
5.128869955592758600e-01,2.006506382588164605e-01
-8.495370782474198634e-02,2.958300398563027955e-01
-4.174515356905705299e-01,-1.803624416957107582e-02
-1.909565381864741507e-01,-3.652236745747354241e-01
-6.772145284348579652e-02,-6.295968942196422669e-01
-5.352731092516820055e-02,-5.565660860257742870e-01
-4.764845625031533666e-02,-4.475866488305957347e-01
-4.109654957315147517e-01,4.232768437258910277e-01
-9.519226351440344125e-01,1.333771309743273514e+00
-1.606813323918376835e+00,1.985377882018051432e+00
-2.162545375800347891e+00,2.280074880484383559e+00
-2.557232825912349572e+00,2.089994367597783675e+00
-2.557232825912349572e+00,2.089994367597783675e+00
-2.261579901044766139e+00,1.455550622254897286e+00
-1.585343252469017861e+00,9.796617068625973479e-01
-6.826283314796572910e-01,3.960591641026333098e-01
-3.555697732417719137e-01,1.001390217076308514e-01
-3.454526756200247961e-01,2.823460759258840380e-02
-2.029904377044554065e-01,-3.375769617297472852e-02
-2.051052399473138610e-01,1.801864204816648884e-01
-4.609488458721224813e-01,2.837513448299431307e-01
-9.887916136691418112e-01,2.890553428177407014e-01
-1.319612983930377847e+00,1.374398945186106891e-01
-1.656108162821996688e+00,8.640904963682331796e-02
-2.116913483852062683e+00,4.094026799951266948e-01
-2.435367492388792687e+00,1.019684332263155024e+00
-2.556089104485606889e+00,1.517926448742861645e+00
-2.261579901044766139e+00,1.455550622254897286e+00
-1.703543996231087876e+00,5.432905480470092696e-01
-1.337684697710795234e+00,-3.610959855810581542e-01
-9.598436248699916407e-01,-5.686012717900817970e-01
-1.059155123920242803e+00,-1.033075641646240550e+00
-6.858746712451164740e-01,-9.649784289918318381e-01
-2.772901798763183212e-01,-1.915096568871783145e+00
-2.260025777566459018e-02,-2.768360948495779184e+00
1.214656531070288509e-01,-3.706123662571902067e+00
2.611669696842423005e-01,-3.705399404919329953e+00
2.602930621528924959e-01,-2.732269708518543005e+00
2.911156346509604642e-01,-1.722210956743959631e+00
2.158849818806850007e-01,-8.003293956782958629e-01
1.346027545949745330e-01,-5.542458991320176054e-01
-2.333885984710579176e-01,-8.141952013094108653e-02
-6.645569167141994749e-01,2.511146324577337996e-01
-8.557669796049967026e-01,2.399701417026736117e-01
-7.657918403966278431e-01,1.767058235246608544e-01
-6.365092997941493858e-01,1.974661176444933997e-01
-7.301179483087771871e-01,2.775557464142040520e-01
-8.770948483727876166e-01,2.489989958276272175e-01
-8.770948483727876166e-01,2.489989958276272175e-01
-6.666550620020245121e-01,2.283825001653745912e-01
-5.787981440623298779e-01,3.251580063409636456e-01
-5.245301520955597541e-01,1.799798158489413769e-01
-7.013607698125183809e-01,5.633288866199387401e-02
-6.154231917719240608e-01,-1.560474610448743873e-02
-4.980846525880232023e-01,3.480139635837876944e-02
5.013365088783615642e-01,6.740980904481502778e-01
6.736817819222549186e-01,8.429567105564157448e-01
8.388821177028027432e-01,7.838589645459558275e-01
1.477840640026052699e-01,8.550092531534099483e-02
2.012667109397941467e-01,-2.096388568261979279e-01
-2.166132668970892350e-01,-4.370671868732593501e-01
-3.196596987877416418e-01,-3.313978275129285112e-01
-4.478454986366386947e-01,-3.604899425590592232e-02
-1.621176035893324707e-01,7.367538519107123818e-02
-7.031329397599424269e-02,1.880773206987777085e-02
-7.324868411329193973e-02,-2.979900170268424270e-02
-1.595798127403751654e-01,1.771724329058770031e-01
-3.571687305428405401e-01,3.001555646784920817e-01
-4.701342408693215402e-01,4.385911967444194315e-01
-6.690293397980964230e-01,4.196092369189916571e-01
-6.454529991246561460e-01,3.677564767808066404e-01
-5.629867919927384889e-01,3.048684391930754911e-01
-5.275625033765305449e-01,4.023011487143821618e-01
-9.084389241075013777e-01,5.332151320998657074e-01
-9.219301431587341167e-01,4.918499869598117469e-01
-7.221388924890203009e-01,3.786631993234768068e-01
-4.471443935889580779e-01,3.037245771894573343e-01
-4.816104359130379819e-01,2.794022434358547358e-01
-4.960688813221577620e-01,2.579307107760511197e-01
-4.088196284855401541e-01,2.170993356926966822e-01
-1.056588541055466929e-01,5.145482487028489871e-01
-8.406104804818072262e-02,8.457086591681473031e-01
-4.434833262060363518e-02,9.762666475573024139e-01
-1.523022972363050065e-01,1.049454956598870448e+00
-2.605363594915695580e-01,8.984529930329989700e-01
-3.166554579903034794e-01,6.768972155496618681e-01
-3.207389934559978228e-01,4.208213111127240280e-01
-7.978069430701194287e-02,7.433460313171480482e-02
5.576803681184960143e-02,-2.306947615331059187e-01
1.549316576148412616e-01,-4.287333898653271080e-01
-2.038054455657229702e-01,-5.403272457972055909e-01
-3.066555828946957996e-01,-5.001524034628423987e-01
-3.763540386222790080e-01,-3.183418654152110339e-01
-1.400750763911663144e-01,-1.027995005505989573e-01
-2.146331549690311258e-01,1.015198175204828634e-01
-5.290745312549114399e-01,2.310697288181603748e-01
-4.151443916420046176e-01,3.822632694808279497e-01
1.203786397533946617e-01,4.098023398184773014e-01
3.865724366419702185e-01,1.049857311679132793e-01
5.981549551252027808e-01,7.226713102102348685e-02
1.264165414929225850e-01,-3.700008707043759837e-01
1.494227171415550559e-01,-2.877595134310197422e-01
5.589599077716608799e-02,-5.865446549015357336e-01
2.400467890992783737e-01,-6.176156703759902999e-01
-2.756947034377957295e-01,-8.367976601900467548e-01
-5.787915883918094417e-01,-1.156387947657592452e+00
-7.489641591407466548e-01,-1.111009135441582751e+00
-3.840829459339840102e-01,-9.796613264091693640e-01
-2.600057735022205385e-01,-6.949803674007843934e-01
-2.345785560042036866e-01,-4.319282038009528146e-01
-3.901194771000152661e-01,-7.882908252772277136e-01
-3.934536349020451573e-01,-1.413804175443834632e+00
-3.288922495578890937e-01,-2.173159557309854772e+00
-1.037977813862167864e-01,-2.171060222477846580e+00
5.160278385761334768e-02,-1.738803172201397462e+00
6.629086047413339511e-01,-1.688611321988062963e+00
6.719420734563819053e-01,-1.830910495501732349e+00
2.953272773479401203e-01,-2.204970092257956704e+00
-3.194857467249850869e-01,-1.798604568493226807e+00
-4.951324794893725567e-01,-1.376423139837823495e+00
-1.649022660530920781e-01,-7.943679193010690920e-01
-1.604916807463885042e-01,-2.617221351842603516e-01
-2.879922268374370820e-01,3.158022621056925244e-02
-5.141878972645310686e-01,4.633516346221981663e-02
-6.966779827511756507e-01,3.532532222202627165e-02
-5.711459602634562094e-01,-5.799658000265916352e-02
-7.781206864182875771e-01,8.978810879648799204e-02
-6.027599042769278270e-01,2.907513296256438937e-02
-4.543587967886258960e-01,1.320887967494948634e-01
-1.844142634976741746e-01,-1.602329760427854966e-01
-2.879770675776617828e-01,-1.285419334814109082e-01
-7.434545075108320300e-02,-2.434635290731657353e-01
8.488680661390075877e-02,-1.142832423086119764e-01
4.739098424959344302e-01,-5.005141773816874640e-01
3.411495918556246565e-01,-4.261229159321277549e-01
-4.723692185306652830e-02,-4.448741811708656346e-01
-5.868039707729308940e-01,1.035221618293361151e-01
-8.431321905500221980e-01,4.240900523407333256e-01
-1.086664598847135954e+00,9.627763632686796580e-01
-1.231851712421731415e+00,1.220209696207625427e+00
-1.327126365022486487e+00,1.404893316435908091e+00
-1.230894077840923195e+00,1.272135151293243505e+00
-1.059386886637025738e+00,1.113363561936124402e+00
-5.501390591879739000e-01,6.040708882924331613e-01
-3.186908649212606970e-01,2.145143793000288956e-01
-3.085006415333210184e-01,4.857216604613102950e-02
-6.602357396165744463e-01,5.237497666520728179e-02
-7.619475087182615569e-01,3.813736513747025686e-02
-7.938711603067981626e-01,-6.594428557104509148e-02
-6.846006399230318840e-01,1.519828671954974175e-01
-6.625918253631556398e-01,3.642993703104939751e-01
-7.063169545205306710e-01,4.185452277841411051e-01
-1.017566472321824067e+00,7.616890270846782274e-02
-1.053396724275185381e+00,-2.967311870185117550e-01
-8.323246629301217503e-01,-5.763273801439434685e-01
-3.313691844365185268e-01,-9.338618333074927280e-01
1.211229032316616938e-01,-6.764852235382465828e-01
3.876826468884378984e-01,-4.237875041686384181e-01
5.509058788528501394e-01,-6.215764819226796828e-02
5.524683779141290607e-01,-1.977620765792633684e-01
1.136853980241384843e+00,-5.158350847018705609e-01
2.310174246684190358e+00,-1.103630656005423427e+00
2.487028666997238346e+00,-1.308399226990523578e+00
2.341807892892608489e+00,-1.299092491945580186e+00
1.636986305662263996e+00,-1.191192917442455146e+00
1.626560411694072172e+00,-9.584131570130256517e-01
1.387189607426199345e+00,-1.303824118229161888e+00
6.569105260531759027e-01,-1.061956437825651189e+00
4.984334252932096088e-01,-1.867857711121408970e+00
1.891039191913612416e-01,-2.086736970401215974e+00
4.032240866959052594e-02,-1.975572827414768140e+00
-9.000829098596571654e-02,-1.457389168979924321e+00
-7.043856423990431381e-02,-9.076860563319303354e-01
-2.713157971583201045e-01,-6.194584975307312336e-01
-3.580970163198398115e-01,-2.644013735126660714e-01
-6.763217152131903998e-01,6.359577938966956556e-02
-4.508587179110571941e-01,3.523696943749488747e-02
-3.629743816244718202e-01,-7.204501013649033600e-03
-1.879126089077537420e-01,-2.797814350198383759e-01
-2.168410957896176328e-01,-5.003599828727159915e-01
-2.171838468079305418e-02,-4.984625420225541892e-01
2.006545424957988100e-01,-2.285192071769944211e-01
2.565691043671426974e-01,1.664925842117708291e-02
9.983912741164474580e-02,2.357347972900829536e-01
-3.218886533139613260e-01,2.936800428765757309e-01
-2.488431747553095652e-01,6.612212494324114509e-01
-3.657266231559769820e-01,1.012980300457872351e+00
-4.396994736284765004e-02,1.351724456440596356e+00
-5.735263446553757749e-01,1.285846731659424202e+00
-1.299665268824979236e+00,1.133127872345583542e+00
-1.580926237383400546e+00,7.545194204476898259e-01
-1.783202520722105611e+00,1.089994103478077181e-01
-1.790303413184280101e+00,-2.409672363436650075e-02
-2.238864438348650232e+00,2.814389007488966032e-01
-2.731534166943581532e+00,6.817418939948546308e-01
-2.898686084219398662e+00,6.399702140995315869e-01
-2.785323987721627592e+00,3.142926106095309535e-01
-2.083909657343442134e+00,-9.166063446524673475e-02
-1.186451855235263864e+00,-3.460987681030038288e-01
-5.387158994380043531e-01,-5.249273859463372549e-01
-3.878662778582521176e-01,-4.146429480873794482e-01
-2.559948398514451662e-01,-4.333042303175976273e-01
-1.364341525557232482e-01,-2.486486375578193797e-01
1.561221978180705738e-01,-2.476458559835281736e-01
4.112198009032996815e-02,-2.909538470206692318e-01
5.132027995243558516e-03,-1.331004449259732270e-01
-1.126171273051444488e-01,1.244976642713052639e-01
-1.884516180629552951e-01,5.243570083413228167e-01
-4.774511053053335230e-01,5.568945710078838651e-01
-7.797797484061244067e-01,4.749894205569177852e-01
-4.000910062379662846e-01,1.655247320704075764e-01
2.558140709106600588e-02,-1.510799171126992468e-01
1.011567120331776232e-01,-1.192474599372212174e-01
3.721668399892573420e-02,-2.520889541742181716e-01
-1.097924169621538326e-01,-2.299784146742273883e-01
-2.433909307002782643e-02,-3.835069491400160957e-01
-5.215971161719973326e-01,-2.385638422955427551e-01
-7.819937369655856063e-01,1.648595164424171769e-02
-1.386045786573802951e+00,-9.252252471093997885e-03
-1.759564805662757969e+00,-1.437172775353992016e-01
-2.057901823075381387e+00,-4.089455664165310145e-01
-1.775717064151491220e+00,-5.029927281889199353e-01
-1.350238499659491609e+00,-4.678549276296933290e-01
-7.386196374544130583e-01,-1.558744891880469441e-01
-3.868096305353052600e-01,1.915620591025309627e-01
-1.295958354467168505e-01,6.050657186857767433e-01
1.662057810075191489e-01,5.744603551962360610e-01
3.840950775023331820e-01,2.081270682119098769e-01
4.284381666683003687e-01,-6.301072139376548975e-01
-3.001205417495766622e-02,-8.807579543781831610e-01
-1.768702094320065421e-01,-3.660768746261412465e-01
7.363122482477870746e-03,1.076668341356416425e+00
6.883636319554657934e-01,1.439215096381798675e+00
9.547579974810015413e-01,9.641733428741824374e-01
1.088751603893403752e+00,-3.071674367847598286e-01
7.128617848882369268e-01,-9.152112048679476031e-01
2.357439178064402452e-01,-1.147508242657649724e+00
-7.124885612777714927e-01,-7.802011487494873165e-01
-1.069742840745882440e+00,-6.529939923490746256e-01
-1.239312059254153109e+00,-5.323529116801311023e-01
-8.456503222997391322e-01,-3.623536000967647053e-01
-3.839758820262564876e-01,-2.667101455922423620e-02
-1.205656368487474928e-01,2.056577170654732001e-01
-3.424972777733864548e-01,1.577981491770436007e-01
-5.571347516860862825e-01,-2.914133039307567064e-01
-5.134671491717669456e-01,-5.554576367801147274e-01
6.741232000862666940e-01,-1.175529570510206234e+00
6.923212837334650205e-01,-1.145254709902365997e+00
5.614262658747732893e-01,-1.043047551869090039e+00
-5.492806009296313796e-01,-4.886627655590263242e-01
-6.346960320512057274e-01,-3.717019241429477261e-01
-6.961013042007623275e-01,-3.981733278515288688e-01
-1.026820152723842750e+00,-4.061783138312108354e-01
-8.191266325983437291e-01,-5.833140843035325984e-01
-6.885892328184702871e-01,-5.170767478963977926e-01
-3.262075363391018362e-02,-3.801322513077413645e-01
2.490654899117364929e-01,-3.941880850714849505e-01
3.768066452001904709e-01,-5.947850088504735844e-01
6.356009881712606502e-01,-1.085709411702797444e+00
1.059794658090928543e+00,-1.594189348022452046e+00
1.330732458056659961e+00,-1.754657598982422906e+00
1.042463063899091935e+00,-1.213397688095429583e+00
1.012774651864568831e+00,-6.991188872466597148e-01
9.785759805259446331e-01,-4.054713430220271420e-01
1.185371462003238285e+00,-5.838685656205847563e-01
1.029924371197899591e+00,-6.781900687648507731e-01
7.816197256089116863e-01,-6.923486751416035867e-01
4.823678303630462572e-01,-7.267190685227403746e-01
-9.332212059019721895e-02,-6.401979477863082302e-01
-2.933826643868615025e-01,-4.346918578899715002e-01
-1.999328733214391363e-01,-3.385197941364356256e-01
7.646975497157775248e-01,-4.703794497186622459e-01
8.230013427743445575e-01,-3.601131603809237802e-01
3.844341331177852927e-01,-3.320033031047889271e-01
-6.248000912718021382e-01,-2.566583478794490225e-01
-9.405606216330084646e-01,-6.039721322994479058e-01
-1.036632450794616966e+00,-6.227223753046813304e-01
-6.687809888298562599e-01,-6.289380697963333766e-01
-1.053075798901906279e-01,-3.717916631594468946e-01
1.913236799593790172e-01,-6.703558113711616251e-01
1.332986089604768776e-01,-9.226978043150267927e-01
-1.930849696865365173e-01,-1.112378402145771439e+00
7.764264362171439948e-02,-6.044745194744641781e-01
4.671355550817652413e-01,-7.046189813876515551e-01
1.174004480054331889e+00,-1.008812587179059639e+00
1.330732458056659961e+00,-1.754657598982422906e+00
1.437337191928903968e+00,-1.359805979818418331e+00
1.028846730758547379e+00,-8.494578347523452644e-01
4.597782332794644322e-01,-2.143289283221964103e-01
-3.822194214326480322e-01,1.029713316494118916e-02
-6.552092281365244908e-01,1.363206381012959378e-01
-6.552092281365244908e-01,1.363206381012959378e-01
-6.455748559538655451e-01,1.214640834368189565e-01
-6.778623751375284501e-01,1.346425281687934350e-01
-7.534036032856574749e-01,6.456062454119183835e-02
-6.536150353655378886e-01,1.728518167219097457e-01
-5.114869223995941461e-01,2.212943625054188124e-01
3.177769629686162667e-02,2.736537339817403658e-01
-1.388353955989568012e-01,3.766583458232482529e-01
-3.153033779132667358e-01,6.736059409458831082e-01
-6.230453066408316865e-01,6.623191374480787985e-01
-5.956927898104552588e-01,7.388426022975240759e-01
-6.736624774692954176e-01,3.967497810754881393e-01
-1.479385163726403496e+00,-1.959712425354567106e-02
-2.402887571264211264e+00,-5.617474554029935341e-01
-3.172339444936370434e+00,-9.469337340229584399e-01
-3.293251452777172794e+00,-1.018010709113473578e+00
-2.896737867782090969e+00,-6.872332697678952274e-01
-1.932793066558680328e+00,-1.835385537274701051e-01
-1.310335522780545547e+00,4.231801936742535797e-01
-6.230453066408316865e-01,6.623191374480787985e-01
-7.306762579886120212e-01,5.171053201506020658e-01
-7.976966899020767610e-01,6.159897871146468445e-02
-9.682894180923706795e-01,-2.092786553550818329e-01
-1.041681904280881588e+00,-3.844254649716138950e-01
-8.066343456403056722e-01,-5.762868698272534118e-01
-3.678321120651254494e-01,-4.810012813186243519e-01
3.696760177845979101e-01,-3.242599454798009151e-01
6.107580655302112804e-01,4.024506904835603582e-02
8.581983239989423584e-01,2.858924414112627987e-01
1.022017350543168890e+00,3.208145692634873369e-01
1.373851748441993870e+00,-1.850477239975402977e-01
1.985565359149503717e+00,-6.542494840097894393e-01
2.271082810847920186e+00,-1.022142315834616122e+00
2.294209562769974120e+00,-1.114722485416099973e+00
1.534468563175201750e+00,-7.809254181159760444e-01
5.388968540201577451e-01,-6.491619641872701241e-01
-3.193602743896207796e-01,-4.331822662292239556e-01
-5.757695510550454587e-01,-8.109363606817876491e-01
-8.734302825951288929e-01,-7.406882161958832089e-01
-1.150219216035901937e+00,-4.186746732397320092e-01
-7.058945989346996353e-01,5.215112897773135220e-02
-4.244181398135775662e-01,7.157398765561487908e-01
-1.691565892172211538e-01,8.802131109083999316e-01
-3.712499875691687712e-01,1.333575830518883620e+00
-4.790308517059673754e-01,1.081255909817008032e+00
-1.725908866638754535e-01,8.434169236476416476e-01
3.704781967807624365e-02,3.676813900231840071e-01
2.031982814124646264e-01,4.361303539187565970e-01
-2.689681779335930112e-01,1.447347253025498548e-01
-7.391419693634904142e-01,1.139390309428016529e-01
-1.118646584174434633e+00,-2.745048511383772760e-02
-1.352989696100754147e+00,7.197693706846557127e-02
-1.695167558929710383e+00,2.359628407742451681e-02
-1.855197967653220870e+00,-1.254821850607329425e-01
-1.632497892479084944e+00,-2.088619540561164056e-01
-1.183302785453063999e+00,-4.662005015412130637e-01
-7.616572653044547669e-01,-4.852960373673176897e-01
-2.797387450812193199e-01,-4.356215944233537418e-01
1.264992642483656893e-01,-1.159532443430481424e-01
1.213368937660612934e+00,3.971360796487473088e-01
1.754911148442054536e+00,7.384768197041426951e-01
1.729399600828783745e+00,6.924003143496364476e-01
1.074316569447244740e+00,2.191711683383861520e-01
1.454816969016220207e-01,-1.962594906962443764e-01
-2.701645771755088465e-01,-6.006340034028427866e-01
-4.724442593457381379e-01,-1.375934702205841909e+00
-3.310765981621389131e-01,-2.668812270583388546e+00
-3.783489531321085897e-01,-3.263895279082453360e+00
-4.546313347874518240e-01,-3.557075399857036135e+00
-4.813653761574041567e-01,-3.253902157294318531e+00
-6.987805982247758951e-01,-3.127762484598027637e+00
-7.127152172712962752e-01,-3.401030420295389600e+00
-6.861629718798581967e-01,-4.061067986594884438e+00
-4.614080308144330456e-01,-4.987342271537131388e+00
-1.525906218941422698e-01,-4.705868285465298229e+00
4.968738507755208200e-01,-3.115507064119505731e+00
7.223227265669006636e-01,-1.882492001625603040e+00
5.830692625836546572e-01,-1.432627416502169071e+00
6.186976487038395311e-02,-1.265846228411784402e+00
-5.763980401231831585e-02,-2.605194308201927433e-01
1.097034327482195870e-01,1.242000924436496234e+00
3.225641279828105890e-01,1.896035545784120480e+00
3.731108058158391638e-01,2.191641649173720729e+00
3.022605230113958874e-01,2.004826848733472389e+00
6.327348914431517313e-02,1.596965857305643111e+00
8.850456311903556750e-02,1.127650357299620376e+00
3.370321194481465943e-01,8.118508884232900069e-01
6.321705181387269334e-01,5.590859740179880966e-01
9.717620468618525242e-01,1.593688724329157536e-01
1.045392127063222487e+00,-1.240324416934877189e-01
8.692074049323090801e-01,-2.905699947909746728e-01
4.391127740668480661e-01,-1.793204261725815651e-01
-2.549449164712720428e-01,-6.499504971383966712e-02
-7.725602341848641919e-01,3.056350904001597923e-02
-8.595389835535506284e-01,-1.049752630674414128e-01
-8.173091811598625078e-01,-2.231809716430435686e-01
-7.216328229460153842e-01,-2.574887621078651434e-01
-9.655477768217531898e-01,-4.076083442288849223e-01
-9.392052574435840739e-01,-1.295966908038451160e-01
-9.811212037380976358e-01,4.774181339147906544e-02
-6.548772669063483987e-01,3.147685307423278567e-01
-4.423251468828853783e-01,2.317373722998875840e-01
-3.474481937938747600e-01,2.829207302169760574e-01
-5.305123992360430973e-01,4.438313286978133321e-01
-5.787589245550301964e-01,3.545859756599561985e-01
-3.963882866314497044e-01,3.088559227113581440e-01
-6.582544898598111094e-02,7.909929456707831541e-02
6.289312461232038354e-02,1.993043461165389940e-01
6.488688293573037502e-02,2.061831118238197924e-01
-1.159687305133809132e-01,3.473728090965885196e-01
-2.346772222911893413e-01,3.829015767961903016e-01
-3.828639756680968231e-01,4.108332694137584729e-01
-3.622000556162527363e-01,1.241747287440568559e-01
-2.347272434068145563e-01,-3.850949908472709460e-01
-2.285573889192274721e-01,-6.321848678406107869e-01
-4.380225692816862026e-01,-6.234660612227703735e-01
-5.833454556250877721e-01,-3.489590315518772967e-01
-7.171535795949141034e-01,-1.766538858410638124e-01
-6.206875504278523970e-01,1.432179977951202748e-02
-6.231343599110817921e-01,3.638759925496332648e-01
-6.654381504481110543e-01,6.580761371339446386e-01
-5.865439408634011142e-01,5.850782717595768290e-01
-4.801631368390461563e-01,7.876194645558237672e-01
-8.669103427209774726e-02,1.397675089209858390e+00
-1.837736577612098798e-01,1.517032687842789995e+00
-2.627095870553334822e-01,1.947325741443709068e+00
-5.147194525410123678e-01,1.529857229362859394e+00
-5.521358144779310306e-01,1.676249800777720456e+00
-5.176904800332466916e-01,1.469593460230229853e+00
-5.274011426479865428e-01,1.641068881938481994e+00
-2.929721456863388918e-01,1.696676990372265603e+00
-2.029542517697855430e-01,1.519564904416186524e+00
1.381405006192966967e-01,4.490282778589169133e-01
5.191912880272283592e-01,-5.714299403557975277e-01
1.059794658090928543e+00,-1.594189348022452046e+00
1.330732458056659961e+00,-1.754657598982422906e+00
9.679251382128254422e-01,-1.346397838617024334e+00
6.463423304748437959e-01,-7.735321119419450442e-01
7.753646112222707387e-01,-4.037257093941176711e-01
1.267749329257642499e+00,-4.586892799189762338e-01
1.603033388607510545e+00,-7.435175163462575121e-01
1.518483092289469649e+00,-1.101922804330372818e+00
1.439176246413085947e+00,-1.526059046401626373e+00
1.330732458056659961e+00,-1.754657598982422906e+00
1.282087257714080719e+00,-1.458035977663222127e+00
1.004385757205441987e+00,-9.535850852602745231e-01
1.293272449848920091e+00,-7.384932389150182797e-01
1.541553873289541077e+00,-6.326632463672464679e-01
2.887202752529467453e+00,-1.221072440318981212e+00
4.098613283434540122e+00,-1.833272709113173526e+00
5.265069785713835770e+00,-2.530740607752738569e+00
5.346379438443667809e+00,-2.880132895800343817e+00
4.431770869701868953e+00,-2.778323963284535125e+00
4.069012912675069593e+00,-3.038341411997422803e+00
4.902028842775976614e+00,-4.058942747123825079e+00
4.902028842775976614e+00,-4.058942747123825079e+00
3.896250092465572301e+00,-3.648537619143053856e+00
1.815757163599247548e+00,-2.192354347776675372e+00
1.427884447530402001e+00,-2.068725670995123167e+00
1.330732458056659961e+00,-1.754657598982422906e+00
1.403474738339126393e+00,-1.403776874140596043e+00
1.412233642493332164e+00,-8.661937945224720270e-01
1.346723902091356839e+00,-4.589820238955469867e-01
1.038168375438160096e+00,-2.972293105655861023e-01
7.979854299957086505e-01,-1.611848798220244794e-01
4.092761020854787657e-01,3.707925846853135643e-01
3.168183422377603420e-01,9.132059477055346486e-01
3.576648644406123512e-01,2.005975670862562232e+00
6.536375965315988079e-01,2.868201427582987240e+00
8.278559785610051236e-01,3.171652692761822934e+00
8.025039120387221780e-01,3.173502501149694677e+00
4.732654362064158682e-01,2.594684065601974510e+00
3.107594197120615576e-01,2.614627221157722392e+00
8.739040098774589205e-02,2.001820787388732370e+00
1.674847086740842150e-01,1.828132634200300588e+00
2.156198667560566343e-02,1.075312328343250190e+00
-2.082097041853058217e-01,7.390820585320723168e-01
-2.703055071416028410e-01,9.828886030107292227e-01
-1.139845232641568118e-01,1.693099692057701500e+00
2.298523144989202682e-01,2.385385365280417336e+00
6.486229160231599122e-01,3.110113108799469117e+00
9.258116696355376263e-01,3.592942086829675308e+00
9.258116696355376263e-01,3.592942086829675308e+00
6.753442496722512622e-01,2.860793812751352139e+00
1.401040384459491805e-01,1.768802097958676267e+00
1.093358020965495697e-01,9.216009577494497229e-01
-4.380277285296649836e-01,1.056683165493977450e+00
-8.227196358096678930e-01,2.160834575355482734e+00
-1.555905315454318982e+00,3.536342995821355917e+00
-1.876929166882716604e+00,4.134366173794848720e+00
-1.789645961711969102e+00,3.811826913983375142e+00
-1.203900433348285892e+00,2.616282854520648016e+00
-8.130620227865495986e-01,1.317892196840485308e+00
-5.505979115355101872e-01,5.715296584790584555e-01
-7.027179302177036790e-01,6.881478272999186352e-01
-6.754131231611367747e-01,7.212073467593534959e-01
-3.559491521911790080e-01,4.112456170368257724e-01
-6.082102533090867347e-01,6.962686542407985069e-02
-9.385695418795553246e-01,-4.294851180590743278e-02
-1.695167558929710383e+00,2.359628407742451681e-02
-1.669785655902552124e+00,8.013355765366135530e-02
-1.284363056434215222e+00,2.431622013367751300e-01
-5.792064325799325397e-01,2.314503042488022244e-01
1.064531137275202544e-01,3.759247347081334789e-01
4.471203897485525047e-01,1.493093471303070241e-01
2.446907299631784216e-01,2.420082326991192245e-01
-1.877551660099181785e-01,2.480698518045164891e-01
-4.323526501917568376e-01,6.786608982993304062e-01
-3.563823698250313532e-01,1.167348651928791892e+00
-3.645425426863421747e-01,1.226257238868195820e+00
-5.344140603582027138e-01,1.013858874159767609e+00
-8.817877410406589345e-01,-4.998290426012635401e-01
-5.288753541126263169e-01,-1.225846321471587785e+00
-3.587906719016827062e-02,-1.819393796232366300e+00
5.388315072974908526e-01,-1.660722023543074410e+00
7.670914293197218514e-01,-1.488364237315497052e+00
7.985223621162474972e-01,-1.065361643552140247e+00
5.328362363736434126e-01,-5.811199855248508905e-01
1.697261395209617718e-01,-2.982887299675090476e-01
-3.033177726966577170e-01,5.123916235895691063e-02
-1.122910252791701646e+00,-3.148013092671200219e-01
-1.533406881639112429e+00,-5.860502720916647146e-01
-1.764000633240554228e+00,-6.166567065066967945e-01
-1.176526357127048783e+00,-2.670726159590024462e-01
-5.941798153503113911e-01,1.099724560361366593e-01
-1.611402695755407288e-01,-3.976142358599124571e-02
9.221191274969051666e-01,-8.523327050827852469e-01
2.769218001004006613e+00,-2.679418853345588047e+00
4.820059353115533796e+00,-4.792245261946890267e+00
6.780004811970087530e+00,-6.643617936057401252e+00
7.628826623606862256e+00,-7.026678773966457570e+00
9.205668202082978979e+00,-7.950944470080473891e+00
1.079898004074401108e+01,-8.852778033431878413e+00
1.265667491002530198e+01,-1.025384446471668554e+01
1.283961010908651623e+01,-1.013282530505779810e+01
1.160998080127651733e+01,-8.871520476698792734e+00
8.637616303796338713e+00,-6.203200778479975419e+00
5.463149211177360520e+00,-3.367341346407277225e+00
2.245780143145276853e+00,-3.923964535402634790e-01
7.912485198679781728e-01,8.162522105409205642e-01
-6.631209205707846444e-01,1.416187979098641136e+00
-8.845748690054966445e-01,6.207425472480114781e-01
-1.144681899952709081e+00,1.374983189902192482e-01
-1.165596017306355980e+00,-1.992065917418971432e-01
-1.053156637301388532e+00,-2.095072925161239330e-01
-5.924073832276028906e-01,-1.057382112570347671e-01
-5.909868689582130630e-01,-1.298172037275368562e-01
-6.721856437926309047e-01,-1.009815006004750881e-01
-1.102697124058511946e+00,-1.127800086797848406e-02
-1.041706816835134886e+00,1.605812337826797720e-01
-7.621385906196153082e-01,3.010953939408901325e-01
-5.005848451201604377e-01,1.526871276269570754e-01
-5.493247961737671714e-01,1.910451104492189023e-01
-8.509375697216421397e-01,1.251463888478988595e-01
-1.087547733698750907e+00,2.524824213128967210e-01
-1.072623983273215398e+00,8.141990716759049673e-02
-8.920542962894212335e-01,-9.886378950179261493e-02
-9.137687622192540715e-01,-3.147931817206215399e-01
-6.448468109081288979e-01,-5.081727478557769295e-01
-4.606237949549379374e-01,-4.705210907890701733e-01
3.633779765413870655e-02,-5.333312024243320737e-01
2.212301191090945141e-01,-4.358841281746480001e-01
4.302508109384052537e-02,-2.728348461490357479e-01
1.477796071736780237e-01,3.577014439966296616e-02
3.383433143262669085e-01,7.304969999659709223e-02
1.005248928882837456e+00,-1.228102007096016635e-01
4.661684797645140321e-01,-2.194204241836390235e-01
6.682154367933497430e-02,-7.039972680532423366e-02
-6.398687213838002430e-01,9.543286569413365894e-02
-6.854136439351317112e-01,4.058307175597583583e-01
-9.753401199829864199e-01,7.178659536557250309e-01
-9.150439772518698112e-01,9.669639325579026945e-01
-9.635898353086489454e-01,8.405477062817161560e-01
-4.719395449025442502e-01,1.043786353062012395e+00
4.378699380762147153e-01,1.430882985095471183e+00
3.449052241788611362e+00,3.842497040067536673e+00
7.231369388094673667e+00,6.814773517723793361e+00
1.161692219472434573e+01,1.042102082285842357e+01
1.461952049770846074e+01,1.282293601650886750e+01
1.603395318151655502e+01,1.393057017548264831e+01
1.541786099166742297e+01,1.333730140145265963e+01
1.317386541442207282e+01,1.135757340383016256e+01
9.109099813784931499e+00,7.790780505801109257e+00
6.025881839625758296e+00,5.033691745578025234e+00
2.912632640745838941e+00,2.350403373455926204e+00
3.479922408442735815e+00,2.684062770733879777e+00
2.465320264111927173e+00,1.793328977517268719e+00
1.721294685153902160e+00,1.191097965346073595e+00
9.344301093769918909e-01,9.823932509950820124e-01
2.946462861760451024e-01,8.802809573532649479e-01
9.843472531654548496e-02,1.079118637510328105e+00
-7.988873006580039793e-02,8.267235930063138172e-01
5.224411578374161397e-02,9.437839585462003411e-01
1.480231604303195933e-02,2.502255702673634730e-01
2.084768879577041101e-01,5.632978461573172613e-01
2.481621277907959111e-01,2.911056547419876850e-01
2.663905781875417489e-01,6.489819562475164227e-01
-5.830203779109713325e-03,2.589949318107608311e-01
-4.201853867632877604e-01,2.215524838555223974e-01
-8.192030373294345580e-01,3.332127522471688419e-01
-7.437155659243018802e-01,5.508025140000838427e-01
-5.315890181868974107e-01,5.607909570653888398e-01
-2.642653516800023139e-01,6.196736792565212815e-01
-1.911402743784769709e-01,5.538955359894267572e-01
-2.172165053521556144e-01,2.866691254122950561e-01
-2.456363703282772870e-01,4.828177937336856906e-02
-4.467901616770705853e-01,-7.255118817952911359e-01
-7.713240624557958780e-01,-1.532776189040319093e+00
-9.459859343182202007e-01,-1.999990185765974537e+00
-1.402588940820231445e+00,-1.853917707886945321e+00
-1.754994946235267639e+00,-1.148930842650202067e+00
-2.216225527481848978e+00,-9.998001394323545454e-02
-1.877326194506273804e+00,6.440607937835683972e-01
-1.853694917723841318e+00,8.042400188027285513e-01
-1.482209053928936093e+00,2.332009073248320075e-01
-1.414023484983343737e+00,-6.809853604097771632e-04
-9.150731034633092786e-01,-7.360232608267451571e-02
-6.701035663746726101e-01,6.182980247412737246e-02
-4.848380869675190108e-01,2.026608742087228354e-01
-3.696759486041063525e-01,2.655831887685675685e-01
-2.987091463346546738e-01,7.561685102580940898e-02
-2.198716373730817131e-01,-9.940794936875810284e-02
-1.724034704580836574e-01,-4.657257834569335231e-02
-1.329064732026371543e-01,1.268040801589255528e-01
-3.877631625122423542e-01,2.637214485989053392e-01
-7.181073149891865626e-01,3.232617855001876928e-01
-1.042737131965895125e+00,3.244858942506334554e-01
-1.117312536034410941e+00,7.188817664898321247e-02
-1.127920311499932993e+00,3.098593191752611609e-01
-1.127567332072736850e+00,2.114642545973827725e-01
-9.848922590020079415e-01,3.134601137303023588e-01
-7.352563591654429631e-01,3.364045057010975337e-02
-3.379974630661262691e-01,1.191489365740721201e-01
-1.635016964551110064e-02,4.742277542334434777e-03
2.060503937335384783e-01,-1.265193424157450008e-01
-2.496447903473410571e-02,-3.357864388747641704e-01
-3.253150140320940631e-01,-4.438798184741766240e-01
-9.764874355272812334e-01,-3.407885142118249333e-01
-8.892733113904877085e-01,-2.160491707543963358e-01
-8.927421323481404825e-01,-3.028279095019824341e-02
-3.445113858209089552e-01,-3.820975427762298565e-02
3.073743767857067821e-01,-1.479410875324451702e-01
9.473699613906858552e-01,-1.457034840422082589e-01
1.111155583666181279e+00,-8.258977988205508380e-02
7.021821589783737716e-01,3.917443000798374875e-02
6.232663475167953271e-01,1.960267091245257720e-01
8.367875853222809246e-01,2.869093657143259035e-01
5.376293077339264759e-01,2.794405174315706120e-01
2.418075434250448741e-01,3.460680176990148238e-02
9.400102831786277466e-03,-9.004049592926967327e-02
3.542835433301148862e-02,-1.518374900243909809e-01
-1.964282019795198231e-01,-2.299099088934000445e-01
-2.117203158335027868e-01,-5.097579681385615985e-02
-2.826415607675386577e-01,1.022214598141717029e-01
4.661803357901992406e-01,-2.822592819358371238e-02
6.430391258208660865e-01,-2.568058841781468704e-01
5.957241194390970884e-01,-2.209280190562130375e-01
1.307672144758097732e-01,1.441351387688181995e-01
1.184318716140177023e-02,5.542948432230897504e-01
8.900463952538791024e-02,9.154283472306306013e-01
1.721352900303461247e-02,1.200376481792609917e+00
-3.243355481452744327e-01,1.077066384580414260e+00
-5.079667429306442550e-01,6.538771260674727248e-01
-1.023708401408699675e+00,3.888827601246589993e-01
-2.264721590235828419e+00,4.742227058932339534e-01
-3.265606460116071030e+00,3.916165746835700845e-01
-3.329303501553797506e+00,3.344236970995773106e-01
-3.043383103764824682e+00,1.236689607806887997e-01
-2.406346251527255120e+00,-1.107872725598916114e-01
-2.053422766076157036e+00,-2.837445611707372639e-01
-1.476318220726702934e+00,-4.391743146175048906e-01
-9.207937872844427218e-01,-3.198624862099192501e-01
-5.387934917136322222e-01,-1.111869575619382627e-01
-3.682074190828260041e-01,3.230852921047190629e-02
-3.508944133853045266e-01,1.097198447565024965e-01
-4.521271113650289775e-01,2.066875247423178019e-01
-5.755068193410072253e-01,3.334216288620808766e-01
-6.585338451672529958e-01,3.992162083822022312e-01
-7.573844322377347726e-01,3.528320345125081636e-01
-8.296180160525850056e-01,3.257960363422615080e-01
-7.609307310331708818e-01,1.874443871191888988e-01
-7.268084546641058186e-01,1.213777363194514791e-01
-2.610525230965834442e-01,1.470916722841888458e-01
-8.268246035220680468e-02,4.417383989096489438e-01
2.395096124723348485e-01,8.773199344513191722e-01
-1.322546216460518675e-01,9.336456571017974770e-01
-3.208007247739151913e-01,7.666088208260709580e-01
-5.079691666187019505e-01,4.003203017980012657e-01
-4.911126668066000400e-01,2.394929040015983945e-01
-5.346030135830609487e-01,2.645731718009128874e-01
-4.253146741420219534e-01,2.967470978850066943e-01
-1.691192687973758768e-01,6.344365410237250424e-01
2.566122263734695319e-01,8.457042193496038252e-01
3.684190218840895925e-01,9.452092588185470046e-01
2.938030514546203231e-01,7.675875616871912221e-01
5.248786601695987902e-02,4.728979114423014218e-01
-2.746706864673031379e-01,2.566550467960675985e-01
-2.890068184738592838e-01,1.781020727266681980e-01
-5.622369055257512294e-01,3.763009731033766792e-01
-8.274995166807014302e-01,4.846167562830834830e-01
-1.125687385907212290e+00,4.886124929231180358e-01
-1.040145794218275466e+00,4.084192565037678690e-01
-8.101132713274076247e-01,4.026626693466096585e-01
-4.684495209080778988e-01,4.599386049249181152e-01
-2.416171780124555801e-01,4.766935038779333556e-01
3.382917578988676177e-01,5.545166164335947334e-01
1.005345200583038556e+00,7.287076704209611844e-01
1.448654598281842176e+00,6.244226869606037678e-01
1.980947170433959847e+00,8.617685625795868942e-01
2.296990123198867195e+00,8.877924432527914966e-01
2.901582677635484497e+00,1.946844152169241449e+00
3.194331657804740043e+00,2.348531087677317331e+00
3.395921286633709624e+00,2.849999654658972759e+00
2.974462128077004497e+00,2.366901662339778944e+00
1.731346981017168218e+00,1.361385787545525528e+00
6.082595166372707363e-01,5.506674551776112869e-01
1.866680639497197980e-01,6.103332255013228513e-01
2.051415808689422693e-01,1.194405306154873836e+00
2.756348625265746533e-01,2.190193365844603335e+00
3.804404541997079559e-01,2.861282180771938854e+00
1.185139919883134274e+00,3.721478054139107705e+00
2.213316127653905951e+00,3.759600719617456122e+00
2.978150379837919637e+00,3.337137518002866621e+00
3.395921286633709624e+00,2.849999654658972759e+00
2.974462128077004497e+00,2.366901662339778944e+00
2.603766985225487662e+00,2.066005122061254973e+00
1.767636042830226240e+00,1.339849070073545034e+00
2.146510338177897825e+00,1.552918501522937644e+00
2.480318807165746264e+00,1.875640370849084970e+00
2.974462128077004497e+00,2.366901662339778944e+00
2.255509082276406119e+00,2.193467465880933442e+00
1.329661167852727477e+00,1.865553654994518640e+00
2.889333225765450264e-01,1.592341549853793836e+00
-4.684222458182695226e-01,1.090531755971726025e+00
-7.648351395563213195e-01,5.886684225206386678e-01
-6.834930625327230169e-01,3.607973331820276131e-01
-6.100285585834174240e-01,2.148255233885187354e-01
-4.046077523645455476e-01,4.594755547225468639e-01
-2.259966594408781837e-01,3.906335557022416194e-01
-1.874276277732897511e-01,3.878135094376322090e-01
-3.571687305428405401e-01,3.001555646784920817e-01
-3.467685879160585793e-01,4.108408813390356240e-01
-3.698953683003829984e-01,4.779786348339252755e-01
-3.081607260372601353e-01,4.522202655492885692e-01
-3.314980674318591114e-01,7.868109607810651607e-01
-3.584284619912593284e-01,5.755290161636628099e-01
-4.563932964114541524e-01,5.418009437573624298e-01
-5.097380144114238565e-01,9.461835896765806442e-02
-5.836437683339742444e-01,2.864147037818187691e-01
-7.402988472270716214e-01,3.010749569267473502e-01
-9.100217854031804610e-01,3.927774028008121365e-01
-6.966957334583948613e-01,4.052883922363504365e-01
-4.036507215857339514e-01,3.605014584608627892e-01
-2.821901821519365861e-01,4.368091603309885440e-01
-5.599029399892648806e-01,4.026861551307650555e-01
-8.878224528181345443e-01,6.459480594317714708e-01
-1.404188401667196162e+00,8.432021029668680390e-01
-1.684278508733660917e+00,1.043069376918562607e+00
-1.793099999400068700e+00,9.502710952980546466e-01
-1.520142463519682519e+00,9.216541740771513336e-01
-7.647497299032640639e-01,9.609870219233749289e-01
-5.937585448821904865e-01,9.732394247572829782e-01
-5.919002874566525046e-02,1.494606785590587128e+00
-2.651178685974284743e-01,1.297710798149213529e+00
2.448904475704867523e-01,1.804256104762836044e+00
2.448904475704867523e-01,1.804256104762836044e+00
6.036537847014767921e-01,1.623825782822171382e+00
1.526848179515052362e+00,1.774124978561589794e+00
1.412437689683415210e+00,1.346116081666463238e+00
1.178803315150921183e+00,1.479477779281090255e+00
1.216098720087407416e-02,7.921041800200755434e-01
-2.545904322102551798e-01,4.323189632332115617e-01
-1.156164576225556934e-01,2.836380950355094077e-01
-1.840760283111259055e-01,6.248456541430914141e-02
-1.870153752660106417e-01,1.830597958743458986e-01
-2.309450964587240474e-01,4.850976620387953964e-01
-1.653562064769165119e-01,6.666630633415845386e-01
1.016351113748713703e-01,4.838740525038409679e-01
2.933546473743066721e-02,2.732353394758937903e-01
-9.541305196087138119e-02,1.142390104886977648e-01
-1.105554871302621311e+00,-2.446476565279887827e-01
-2.120613697007600607e+00,-9.288943842378258875e-01
-3.049292489111090187e+00,-1.763587440923670702e+00
-3.265934985602037433e+00,-2.255074123380892193e+00
-2.883407950718238855e+00,-2.282313751016348036e+00
-2.035998551227279574e+00,-1.553626721970830182e+00
-1.274224192144821632e+00,-8.924996596339094257e-01
-7.410304667358166286e-01,-3.108873230280897459e-01
-7.743111474605175459e-01,-1.572353286058088273e-01
-7.868860905807683048e-01,1.066764503997745805e-01
-6.981623779201490132e-01,3.891108685402639433e-01
-2.870998127512719988e-01,6.339370545641126453e-01
1.002067307940458091e-01,1.086219188912623812e+00
2.823574285480206503e-01,1.267199384277776897e+00
2.155908221733202901e-01,1.438948950250403147e+00
-9.660841334398244384e-02,1.738218993134115431e+00
-4.740655586632530061e-01,1.264543892640531242e+00
-6.818355542223138999e-01,7.844975760109711427e-01
-6.580808864214602316e-01,-1.427564817644237823e-02
-5.663142478606860708e-01,1.590598509747114253e-01
-5.273748659120061077e-01,8.522475452452393796e-02
-6.169205420044453492e-01,2.889857405780064600e-02
-8.266370266706164482e-01,-9.756797611797922432e-02
-7.351114697174707668e-01,-1.901695663557950722e-01
-6.850076149389039415e-01,-2.131571147674854450e-01
-3.712572107251418396e-01,-1.042913975295462481e-01
-2.956769618444006209e-01,1.321618342417079650e-01
-5.094430246114892702e-01,4.468702012953950642e-01
-4.746604015530186960e-01,3.512625156829268791e-01
-1.255618164846216134e-01,7.284036568350639451e-02
-1.675039570580272308e-01,-3.031972765343326492e-01
-5.392515528460765095e-01,-5.062484615317974779e-01
-1.215365007848952628e+00,-4.048735339705194503e-01
-1.681143116109607094e+00,-3.607403089161792531e-01
-1.855182799875354505e+00,-1.856673068613862998e-01
-1.860061452642420399e+00,3.351309871898192072e-02
-1.561727836492614818e+00,2.297548815175638470e-01
-8.502374850692485664e-01,6.465581906892917674e-01
-1.997694063480862647e-01,1.066967540238836554e+00
3.079850125027401853e-01,1.088686899277778508e+00
4.484977856628105108e-01,6.481840347056665452e-01
1.550844117401720124e-01,-2.758886565578505534e-02
3.661077608675905037e-01,2.051122103845201827e-01
4.696325481496955306e-02,2.469885876163500360e-01
-4.184697457446350660e-02,1.886860740824831406e-01
-7.413126368311508951e-01,-3.259796331123182012e-01
-8.367436132194666643e-01,-9.801406654463871160e-01
-6.710051654393304199e-01,-8.384102514376777782e-01
-2.935708262054250728e-01,-2.910754408830052431e-01
8.241679967679539642e-02,8.494057044688115843e-01
1.287082344129687195e-01,1.010153097880908346e+00
3.878404456884076978e-01,9.371775338211951745e-01
5.936969415781870874e-01,5.497264092046586503e-01
8.777167028539284432e-01,4.582248466301399592e-01
6.904864105305912325e-01,8.211729756575436578e-02
5.051226606245696749e-01,-1.337640734357263550e-01
4.450624769442952933e-01,-3.088907751720655348e-01
6.004724450931352431e-01,-2.193010134491696905e-01
4.318449974650042100e-01,-3.017789662953909713e-01
1.829791893717336582e-01,-8.372432086314629540e-02
5.917797998018833328e-01,-7.775781672948777201e-01
1.062614686819231435e+00,-1.183648851510327837e+00
1.567737168607040044e+00,-2.053327513810720095e+00
1.195555396964142592e+00,-1.596951121522748984e+00
5.232446894821861649e-01,-1.342735757505975513e+00
-5.461509697589752577e-01,-7.270447689368163546e-01
-1.494456318028384301e+00,-7.595684892507819086e-01
-2.246939602836060423e+00,-7.102299484626269921e-01
-2.365528487246179701e+00,-6.093281084680748361e-01
-2.310875663180661288e+00,-3.292954891282757757e-01
-1.876432865981521703e+00,-9.535900518718062879e-02
-1.498329994622231709e+00,-8.901604337461802019e-02
-9.783589537354515642e-01,-2.193024547435251659e-01
-1.725799944277851827e-01,-3.279664109135341232e-01
5.087064112076272737e-01,-6.895846048751615998e-01
6.714531139756231282e-01,-8.583160731083505635e-01
1.998885356120702061e-01,-7.516853893845195644e-01
-4.581704339433853024e-01,-5.082840725049971864e-01
-1.015278331184413796e+00,-4.185439468343599145e-01
-1.492913082642496336e+00,-7.445718726759447126e-01
-1.710891757015444492e+00,-8.682064663124851034e-01
-1.568174548703722637e+00,-8.281098996264645296e-01
-1.157490702229980073e+00,-5.735213075617757728e-01
-6.027683704695624423e-01,-1.173195798728304401e-01
-3.401129091397806503e-01,9.590586451228623466e-02
-3.417887563390666905e-01,4.110117317733387177e-01
-1.011845128320871368e+00,2.778772235112897171e+00
-1.876587936131096646e+00,6.136104608981495900e+00
-2.960789520639989902e+00,1.014692527873082284e+01
-4.096347955635520677e+00,1.309871619226452388e+01
-4.659072225888603924e+00,1.379762397361538540e+01
-4.407230703296987073e+00,1.216931251518083990e+01
-3.058520950420835494e+00,8.383701908112055179e+00
-1.740639095695956096e+00,4.735438172538643187e+00
-6.530274233338420053e-01,1.868538551822264582e+00
-4.686307204572951468e-01,9.328818826618289206e-01
-2.950015232154606579e-02,-2.006483165829962279e-01
4.359942537944241914e-02,-4.641249874627326188e-01
8.550394757282767100e-02,-6.486681581714006661e-01
-7.627047497978188713e-03,-6.541474322100113703e-01
-2.002134289735101047e-01,-4.257526150023180356e-01
-3.223923966942255914e-01,-1.923170838996186571e-01
-5.125779401334372709e-01,1.100033947317284599e-01
-5.298967772626952399e-01,2.159584602899917161e-01
-5.736990334334587383e-01,3.577463886058240838e-01
-7.574093559193916247e-01,2.041810747372283519e-01
-9.062640014309720771e-01,2.492026530049688132e-02
-1.477742910798270914e+00,6.683682466666068800e-02
-1.433248321694004179e+00,-1.379202664225292196e-01
-9.710005886134599473e-01,4.831581991894539074e-01
-2.078951103286797442e-01,5.167949928081896349e-01
-4.879373013975236151e-01,7.445304864412783941e-01
-1.605425054115058980e+00,-4.569188664175400511e-02
-2.823286854145727442e+00,-7.756367377421625742e-01
-3.911757055386239301e+00,-1.840780447598868497e+00
-4.328824445520895736e+00,-2.668635528065258722e+00
-3.860154549648333600e+00,-2.896148704661194895e+00
-2.341223851354778507e+00,-2.257584813795642908e+00
-1.157655496402648199e+00,-1.306725457304477311e+00
-2.085395893054893812e-01,-5.063861916770587834e-01
-4.365979756741281137e-01,-3.648468771708656688e-01
-8.366982374317823157e-02,-4.831990682013238003e-01
-7.256844325868699571e-04,-4.093231991228387101e-01
4.034417670837286279e-02,-3.347778501424676922e-01
-4.200493333519822459e-01,6.956877213943772620e-02
-6.673851492799254270e-01,9.730336095992857259e-02
-7.663513840917373088e-01,5.571720164117897889e-02
-7.194881350053524693e-01,-3.051832259224888655e-01
-6.762127420289071322e-01,-3.632868537258615582e-01
-6.992572590501765495e-01,-2.130140569057016875e-01
-8.321056658830742192e-01,-2.033812173211677066e-01
-1.034317662237655977e+00,-2.333883681704171653e-01
-1.089526951890965156e+00,-3.975657661693672851e-01
-9.748569970864872092e-01,-1.517032649662837518e-01
-8.178883633522814334e-01,-1.208276951057339482e-01
-5.793746310205890593e-01,2.570698302438678140e-01
-4.067353297958061220e-01,2.571303448352499910e-01
-5.192698979166774503e-02,7.680780805963166591e-01
-1.011467748226781704e-01,5.746712334714322301e-01
-1.782524976221771529e-01,3.555081966421145268e-01
-6.371361995887732110e-01,-2.552870027323078106e-01
-8.354153547520777323e-01,-3.841251558358330098e-01
-1.304069322144679299e+00,-5.470861662981669760e-01
-1.239698795709197832e+00,-5.206460826858094748e-01
-1.184437155709639145e+00,-4.989470699324985992e-01
-1.018148606671666512e+00,-1.991694378514091979e-01
-1.006618710415455142e+00,9.523177597164089736e-02
-6.633461644795051182e-01,6.760033558293462308e-01
-3.771110231604527518e-01,5.482913841211923822e-01
-6.338495523383732566e-01,3.672106941874660468e-01
-1.086708485734950491e+00,-1.048938206954653368e-01
-1.170322341792991994e+00,-1.831574078827519769e-01
-6.803074581165978740e-01,-2.433945175328010302e-01
6.188250278904721124e-01,1.507760435795324760e-01
1.360661513796413091e+00,3.112516539672742222e-01
1.672532871163668888e+00,3.575169776030048263e-01
1.328669671109163009e+00,-1.474462731484373901e-01
1.598601042823909912e+00,-3.965451268431517684e-02
2.131738983968988865e+00,2.857759817056921836e-01
2.592023500095852029e+00,8.660073397230262371e-01
2.753008411334735062e+00,1.066231040723148560e+00
2.832274888964290138e+00,1.108263180792603775e+00
2.687931410677630417e+00,9.049574534221161981e-01
2.274496382086226287e+00,4.713796832444540064e-01
1.783022848622474399e+00,1.591947754745447474e-01
1.167702838705667157e+00,-4.100638688671526949e-02
7.443092839974310149e-01,9.454418169927511495e-02
1.282888827013688449e-01,1.396684237664460315e-01
-5.836576868298017917e-01,-4.260294703979648073e-02
-3.648744640119520044e-01,-5.689347132699422716e-01
3.675738680704808414e-02,-1.204781782128717449e+00
6.535957094527367062e-01,-1.514970429738991653e+00
7.874203113882802807e-01,-1.452729167640999464e+00
5.188631045999452240e-01,-9.037463539472462282e-01
3.947740883448104254e-01,-2.886249046836072973e-01
3.533626891277767412e-01,-2.744917214227891172e-02
8.236620316006227904e-01,-2.263892298887536514e-01
1.007312069924042319e+00,-3.760539118524253710e-01
1.089557752376512756e+00,-3.632184400479021025e-01
6.834091780510004321e-01,-1.961596315216907471e-01
1.122532602910274874e-01,-2.859002973115430946e-01
-2.612504071908902104e-01,-2.113497464438624518e-01
-6.974294163016655501e-01,-7.579191514695177156e-01
-1.077390304476684380e+00,-1.740803867597220833e+00
-1.247825797989239094e+00,-2.854827459217685437e+00
-9.515055907185225870e-01,-3.818515570892142552e+00
-4.738501640950729121e-01,-4.003142352089403389e+00
6.673303616384239356e-02,-3.068027124911520520e+00
4.328739132697931313e-01,-2.221997688951357741e+00
4.217974478203985189e-01,-1.430014862302501299e+00
8.675574242200777275e-02,-1.244946529006923930e+00
-5.258208336928806848e-01,-7.571256196763784807e-01
-8.616748432654777190e-01,-2.385251087038829931e-01
-9.426087067342627801e-01,-1.060330336640094157e-01
-1.049617678270186483e+00,4.815842365929692143e-02
-1.108549946737518832e+00,1.327028421400039404e-01
-8.886727879158747845e-01,3.628382418262004472e-01
-8.726702602734471848e-01,6.433328497422470260e-01
-5.684483259381695186e-01,5.262427268353933041e-01
-1.906527599472280510e-01,4.849168709207712577e-03
3.612918801006701486e-01,-4.928582062296770760e-01
9.216940834221074574e-01,-7.746102782218327043e-01
7.894703670605855983e-01,-4.671726094624584213e-01
3.805018734905961098e-01,-1.632668034080042574e-01
-1.823393027989258508e-01,6.125750218248109807e-02
-5.660821410471229553e-01,5.607109914324640704e-02
-5.636992091279779959e-01,-2.118757704638848383e-01
-6.924746585209557992e-01,-3.159282577854408691e-01
-4.733645990828881933e-01,-4.029503201762886233e-01
-5.157458673071428912e-01,-4.891511124296095692e-01
-2.921451736842153313e-01,-4.662339649299950817e-01
-4.517771492218184415e-01,-2.737115732839354165e-01
-1.076178740763527042e-01,-1.014964034695120393e-01
-1.455642480920699700e-01,5.679063277436709190e-02
-8.182631923076703895e-02,5.953667728332994596e-02
-2.078642105437200904e-01,8.791328743763317244e-02
-5.508672964466363453e-01,1.631720548000207549e-01
-6.011119516004759245e-01,1.421709393382838971e-01
-3.240286173227908129e-01,1.567259088671387746e-01
2.273230539123248239e-01,1.690418971823700878e-01
4.499984139711977194e-01,5.650113361883669638e-01
8.557023840422497973e-02,1.051098890560163035e+00
-5.497747211086146946e-01,1.382306547036870947e+00
-1.085072536797092813e+00,1.369054052306767799e+00
-1.390978123203093997e+00,1.153636250296085741e+00
-1.235349083207217369e+00,7.606600807056669300e-01
-1.007868321132824541e+00,3.587332065138111314e-01
-9.192809701842674652e-01,5.946201730159585142e-02
-8.982307920107788224e-01,1.851085444016882173e-02
-1.247553349994225957e+00,-8.124765935884396828e-02
-1.601205594145083566e+00,-2.021646153265026780e-01
-1.585028012527230912e+00,-3.752330622072507227e-01
-1.318891467628905856e+00,-3.963764711255085005e-01
-7.068979936693289279e-01,-3.104541944101313344e-01
-5.479265833702455790e-01,-2.165772312071353733e-01
-8.782944389801984608e-02,-1.779043192580582675e-02
1.366376643991350504e-01,-8.304085723620814596e-02
4.385890621118145871e-01,-1.248058095361450903e-01
3.703626284353284115e-01,-6.164003146036881597e-01
9.008875018848728766e-01,-1.338561398913570955e+00
8.612832804349769278e-01,-1.920127799274541580e+00
7.191065528003933727e-01,-2.050807012771119542e+00
3.395823050896871337e-02,-1.241991521398097875e+00
2.319491272578805968e-02,-8.681127512279241953e-01
-3.005055031211988081e-02,-3.295847462011382012e-01
1.077595219427353312e-01,-6.875341391839014937e-01
-1.256194181042170378e-02,-5.980502612319075206e-01
-2.193067224489720357e-01,-5.897713049605595170e-01
-4.121957115991555787e-01,-4.257589976396197184e-01
-7.600104528393140102e-01,-1.013473046531553901e-01
-1.054299747260741382e+00,-1.210839204997496421e-01
-1.157785124992358750e+00,-1.681679114073806117e-02
-1.142498871725095899e+00,-1.168385588816855253e-01
-9.793686197615155686e-01,-1.580575140589643435e-01
-9.656069875674492264e-01,-2.952830693279451801e-01
-8.168377436500861011e-01,-3.414760684219410036e-01
-2.717895037602470754e-01,-1.779449253265263931e-01
-2.141005121062517502e-01,-1.046942352753783417e-01
-4.617245225088080773e-01,4.038121627584823070e-01
-1.042028821361278279e+00,4.406285701421773227e-01
-9.121337070588653173e-01,9.085233893665642935e-01
-8.561292238662003840e-01,8.414050150970389108e-01
-8.760774994639221047e-01,9.684297700765680528e-01
-1.046508551590970226e+00,6.180235881007153376e-01
-8.520463157957571809e-01,2.058649575892456396e-01
-3.955869579680328929e-01,-3.994950091062304254e-01
8.127815581697575564e-03,-5.279448750424908798e-01
1.331094792152346162e+00,3.886927034565796357e-01
1.834491238587192097e+00,1.099226690802107109e+00
1.858515430781412681e+00,1.397474814418728339e+00
9.970624383804098656e-01,7.640865172114885695e-01
2.309462321972131360e-01,5.099683665286232070e-01
-1.209589942616696723e-01,4.199746689083896922e-01
-7.066201466079012894e-01,1.387955889767827078e-01
-6.819634727113614847e-01,-1.101921374641882468e-03
-7.868585196603956611e-01,-1.455911471961159609e-01
-4.879584576581002531e-01,-8.157188126052840327e-02
-2.864757752977094563e-01,-1.422612881934736673e-01
-3.679789808950003627e-01,-2.436615633690255578e-01
-1.359895143612710466e-01,-5.596842367581298383e-01
3.177542140238957535e-01,-1.068100832775108477e+00
1.059794658090928543e+00,-1.594189348022452046e+00
1.330732458056659961e+00,-1.754657598982422906e+00
7.194561695815411273e-01,-1.140744159517790290e+00
5.241317840665323802e-01,-6.144781288441247824e-01
4.661500147395430949e-02,-2.063081661318442450e-01
2.707152209278893690e-02,-1.954007014101135642e-01
-4.982530196948244394e-01,-2.977776484342589125e-01
-7.231420968184634201e-01,-3.390198773560731405e-01
-7.231420968184634201e-01,-3.390198773560731405e-01
-8.199464577456013759e-01,-2.776935762700744048e-01
-9.669499196796127460e-01,-6.028208495896548308e-02
-1.274660891865464274e+00,-1.451621512072522324e-01
