7.670422608688948207e-01,2.191483495011079086e+00
6.799755337580590808e-01,2.180885396331811776e+00
5.560196714803250506e-01,1.883802185887654357e+00
3.372394745024818175e-01,1.687322576716802969e+00
2.255407659605282444e-01,1.238374155214744921e+00
7.398527273099941848e-02,9.583790985858695599e-01
2.578358203765900303e-01,9.152755780117004525e-01
4.009679392177581403e-01,8.977405166878303922e-01
4.874189493642321902e-01,4.277135387095695740e-01
4.174104014914402638e-01,1.721084851890454237e-01
4.174104014914395977e-01,1.721084851890443412e-01
6.496379198975388292e-01,6.176487920692004252e-01
8.820549927116091427e-01,9.381527038220371928e-01
9.503929212335179288e-01,1.035758434937565253e+00
7.926344209878616320e-01,1.011782289248886135e+00
7.101877047786256947e-01,8.872278664011529203e-01
6.297666683867765292e-01,7.810796046184583785e-01
6.078207901504582011e-01,5.325030142744041628e-01
3.209692167178316846e-01,4.677493535798402102e-01
-1.245481132766712296e-01,3.574831650323593846e-01
-2.747746556775180204e-01,4.829962489261906966e-01
-1.068435451347951870e-01,5.304567436277466408e-01
4.464720853253498767e-01,7.061949235204887376e-01
7.970494387223575616e-01,8.400764399111257941e-01
8.087609454811237608e-01,9.005745586473152819e-01
6.387375353636651765e-01,8.934038871867125975e-01
1.269371603043105146e-01,5.617014744769519563e-01
-2.279070643549425679e-01,1.230733141268130493e-01
-3.935083740003299524e-01,-4.268814723408373979e-01
1.279014220272859603e+00,6.227943707499582482e-01
1.582707290945385870e+00,9.736221042395623027e-01
1.449733033847437014e+00,1.107521252918632682e+00
4.587712571186329802e-01,4.465806407815580137e-01
-2.843213198457251734e-01,-1.064669932831915078e-01
-6.639614336484679358e-01,-4.219152521584308424e-01
-6.042617226895319327e-01,-3.828891017500809513e-01
-4.562535248213094863e-01,-2.194414405825447223e-01
-4.828995960661050524e-01,-1.623324798588159368e-01
-6.646955480983629538e-01,-1.953183552123504141e-01
-6.955612359678475798e-01,-2.465163172008838777e-01
-5.579916190484180971e-01,-2.379256628324857847e-01
-2.941061972173588113e-01,-1.668831874040498098e-01
-2.941061972173588113e-01,-1.668831874040498098e-01
-2.010923022877155464e-01,-5.279093760376860067e-02
-3.416231995661646037e-01,-1.932832149302541325e-01
-1.155195939389291743e-01,-7.327055150403222195e-02
-5.352942607106212503e-01,-4.498079202280384492e-01
-4.830634134804540070e-01,-3.921105541325401456e-01
-6.026213134121297665e-01,-4.993746903568092588e-01
-5.766122023679013386e-01,-4.945174668044867161e-01
-3.849457610732955337e-01,-2.684352347649028858e-01
-9.720853459912040528e-02,2.891292123861956553e-01
1.627912284278996702e-01,4.884784569993861902e-01
1.403065290186827074e-01,4.348433660048667271e-01
7.096855188074105425e-02,-7.816804410762720479e-02
4.343399084635511664e-03,-9.717272845896419708e-01
-4.578153380141494755e-01,-1.173445392026261302e+00
-7.141260970158789245e-01,-8.622310789312176427e-01
-9.451213437698617881e-01,-2.940624560658104958e-01
-8.483003489194262947e-01,-1.796251124770313068e-01
-8.620060403716702790e-01,-3.181401639602645659e-01
-5.544535752686001739e-01,-4.892619978936335601e-02
-5.807264727186277620e-01,-3.098448760740209473e-01
-4.033615542930436004e-01,-6.186215201411298104e-01
-3.725345195679707899e-01,-1.682820924895941150e+00
-3.328899448552042339e-01,-2.561879836355797302e+00
-3.156162555527750047e-01,-3.150238087379616747e+00
-1.700006420184821121e-01,-2.822295409823341483e+00
-5.997724946890296144e-02,-1.736807073827364878e+00
9.138759724797344830e-02,-5.317152501091578776e-01
1.875326419050250271e-01,5.681262826596952253e-01
3.053802701984920653e-01,6.538877632131622208e-01
-1.107377442992527050e-01,5.979176017304055346e-01
-4.383019620599787891e-01,1.817995028649015479e-02
-7.833135775927834166e-01,-1.183288368277058411e-01
-6.425924303276454586e-01,-4.471477547448314827e-01
-5.097937842658079033e-01,-1.403745232364047302e-01
-1.765553460397329966e-01,3.712460682454206684e-01
7.427464921922362351e-02,6.362518764599115473e-01
1.747831563160314461e-01,7.070173030602584507e-01
1.132942463574662939e-01,2.620181165133482204e-01
1.579599813955891996e-01,3.388107967013967436e-01
2.986717700390572605e-01,5.120836870545749653e-01
2.776940315465511455e-01,5.598919797250951902e-01
1.574195461357036918e-01,1.376403228340727647e-01
-7.690871196824704270e-02,-3.982741140417743742e-01
-5.815793561952965068e-02,-6.308413561730713548e-01
-4.309009519406990507e-01,-8.646066461060512021e-01
-7.803711979908501961e-01,-8.891206476103125089e-01
-1.187541710584220533e+00,-9.668061030307898429e-01
-8.695712214674514717e-01,-6.530909898737334851e-01
-8.785562305170303565e-01,-6.780730908291404679e-01
-1.053624436814514009e+00,-7.905434946885125935e-01
-1.614127650442662487e+00,-1.104673365371178884e+00
-1.585063068741945136e+00,-1.161655180450571478e+00
-1.509670424237198327e+00,-9.876273226135301453e-01
-1.706594623781674480e+00,-1.240668307161640449e+00
-2.241542718252274025e+00,-1.550784168223901638e+00
-2.660113322729497298e+00,-1.831274169228416460e+00
-2.624484866569921859e+00,-1.456441838852456705e+00
-2.157247480598434741e+00,-7.066527285853155815e-01
-1.346535961894130384e+00,1.527421780352254954e-01
-4.804677765765582587e-01,8.407804819663282636e-01
3.322952661132917984e-01,1.166573776122895145e+00
5.868407960624812958e-01,1.344266327738430578e+00
7.697346405531331204e-01,1.231542605442447202e+00
6.172598949186037798e-01,1.138153031465500398e+00
7.596288173275338451e-01,7.588108466378707950e-01
8.763188086779080122e-01,5.434503169118739541e-01
1.010550421772323793e+00,6.446304361702299701e-01
9.503208100356459465e-01,4.688090442917040579e-01
1.218939269367245393e+00,-1.226845793556394781e-01
1.625900847230336010e+00,-1.019005615428771661e+00
2.054469166660945589e+00,-1.442196290512824941e+00
1.642448138317284645e+00,-1.701669338641902840e+00
7.482668183001928153e-01,-1.625135297222569219e+00
-4.662771375312279587e-01,-1.985767248459136658e+00
-9.693145252787050969e-01,-2.057924232532748476e+00
-7.068964625941955848e-01,-2.044166164833805865e+00
-1.389582914112130752e-01,-1.671226709903246288e+00
1.237397183271352931e-02,-1.229970490765986302e+00
-2.226503987350670899e-01,-9.082981964461652735e-01
-3.389205296501128784e-01,-6.106764996924290978e-01
-8.413591987624690072e-01,-4.283537942445631019e-01
-7.575262263599669144e-01,-4.935178656320300394e-01
-8.645365776689493131e-01,-7.099226581745506914e-01
-5.676303033866382242e-01,-8.570705456014404700e-01
-7.064840978031834418e-01,-8.541059427095275547e-01
-5.700652648553229396e-01,-7.937581602538333891e-01
-4.203559335424238430e-01,-7.720934167453654684e-01
-3.467199105140487680e-01,-5.581904896043724529e-01
-4.339714384592797680e-01,-1.917456670197975888e-01
-4.345365250234466403e-01,2.420326288702586426e-01
-1.958876411899107828e-01,4.516720366041667156e-01
-1.957320714848781451e-02,6.559939601644482199e-01
1.845191158284563426e-01,4.806555349556413392e-01
8.393763145491844879e-02,4.818642083971758638e-01
1.707197830656133342e-01,8.833222390317239936e-02
4.927523856894652776e-02,1.413295255958397501e-01
8.467605269900439768e-02,1.492329936847322791e-01
-1.390255233947871594e-01,3.607960160274205352e-02
-2.133584273658528374e-01,-4.000672360666859134e-02
-4.771337574371242729e-01,-6.493081315386054486e-01
-2.767835936975615030e-01,-8.170877414857214971e-01
-1.964999662674462022e-01,-8.715916559440349820e-01
6.700335096763330167e-01,-1.712908702411567452e+00
1.912219049932011528e+00,-2.505321384084292724e+00
2.996074432625885908e+00,-4.717660552617974901e+00
2.930030898521563731e+00,-5.043827212520717751e+00
1.582798649518196932e+00,-4.347751027439803018e+00
1.623478408772928983e-01,-1.575245066086492063e+00
-3.644874398226817802e-01,1.158544542898011898e+00
1.776250272206663094e-01,3.024182915665018179e+00
4.399156083005492657e-01,4.460479259626101367e+00
5.603797031155676178e-01,4.424035780519407268e+00
4.595486061705811309e-01,3.342603312081312339e+00
5.359365155295149341e-01,1.874366106849285618e+00
5.386263722681225996e-01,8.294312292569113731e-01
7.793952534441881408e-01,6.928225675183884436e-01
9.534310480572937285e-01,2.445576418642464167e-01
1.426297916564409629e+00,-3.611695159656865828e-01
1.523401779227744335e+00,-5.825679225754899493e-01
1.390764190008062950e+00,-3.026190506848556172e-01
8.807092359769254086e-01,3.908812447660443556e-01
6.398707872503482941e-01,9.436888962677153492e-01
6.250951635342701929e-01,1.092699887540630410e+00
5.941986463494652870e-01,1.132243325739318740e+00
6.545029528373299543e-01,7.797131818324145591e-01
4.208419569538245919e-01,5.821404035877959515e-01
7.330986616491337315e-01,5.082013115097552269e-01
1.049341142896537793e+00,6.140227600004403152e-01
1.481008805533432726e+00,5.846823287523882362e-01
1.288722310587048447e+00,4.612034745604033370e-01
1.482386800585631548e+00,-1.477372335570934503e-01
1.280991009362536737e+00,-9.998165812258291707e-01
1.800441201593187435e+00,-1.546664287803460436e+00
1.836752055179214915e+00,-1.564196427271562273e+00
2.514999109706470115e+00,-1.164643038264882025e+00
2.789902951714890555e+00,-8.674532110916060024e-01
2.789902951714890555e+00,-8.674532110916060024e-01
2.224632719646334689e+00,-7.534668705261172716e-01
1.317834903545826553e+00,-7.784891389140187190e-01
6.505038691385648386e-01,-2.062685690407150274e-01
1.225705014091367367e-01,2.992818749332771255e-01
1.590366380335295482e-01,7.123300846844726752e-01
3.150378062568471860e-01,9.297291532868355857e-01
5.003448311821392380e-01,8.831686116454205981e-01
5.459907148350195971e-01,9.398894781820810174e-01
5.173791961252403038e-01,9.287130167788920643e-01
5.046975844806368405e-01,1.038192613108656071e+00
1.091508867664642723e+00,3.223608083277135772e-01
1.929795245389897884e+00,-5.528000768063312531e-01
2.612681324439420472e+00,-1.398767599502498182e+00
2.612681324439420472e+00,-1.398767599502498182e+00
2.612681324439420472e+00,-1.398767599502498182e+00
2.993218688648949133e+00,-1.484095131657131139e+00
3.587052093779433015e+00,-1.413087005830960141e+00
3.942038677274940284e+00,-1.660853316427612913e+00
3.814243511016475630e+00,-2.218268496826767411e+00
3.167969111017375994e+00,-1.953936577075134462e+00
2.817563074061399053e+00,-1.423855352228732274e+00
2.505512447089299766e+00,-3.274160476611032156e-01
3.178227947046636803e+00,-6.025626100975088884e-01
3.279322537398555060e+00,-1.226138447765685729e-01
3.335135151499497130e+00,3.415741374277269649e-01
2.541551606159515142e+00,1.157197456001797464e+00
1.710129624035371609e+00,1.249737686031277439e+00
8.008728099990203297e-01,8.589511993320869676e-01
9.983008815774445377e-02,7.569739658613093558e-02
-2.641394138208985054e-01,-6.179473667400332548e-01
-5.425083357125645156e-01,-9.254185960172277570e-01
-7.000047758489702510e-01,-9.683454165357233689e-01
-8.827016959876958779e-01,-9.302532696217293839e-01
-5.828398871239285350e-01,-6.368208937151543791e-01
-3.957116850668159769e-01,-3.908937298371426006e-01
-2.605371075075053541e-02,-9.602499237353198658e-02
1.548898955518812071e-01,2.017734651126437684e-01
3.975670171655986684e-01,1.325337470094536119e-01
5.603285791092040835e-01,-2.041840668698696459e-01
8.737728736157190923e-01,-3.653043685438337462e-01
9.529923298160277723e-01,-3.350141723976945984e-01
7.429529141163064843e-01,-2.849340229107062417e-01
4.927530974188468749e-01,7.568759130304679450e-02
9.988970637412102060e-02,4.471901849319910860e-01
2.252073325235462720e-01,1.110620189865145102e+00
-3.318084324941040445e-03,1.270908011052758413e+00
2.201246016101411351e-01,1.355136492910714141e+00
2.667515848444729776e-01,1.392716263837911805e+00
4.485632729257497675e-01,1.309359576904669975e+00
3.265478524107408020e-01,1.137631995247631256e+00
3.410243878100653880e-01,1.031355465359941936e+00
1.577768975115527439e-02,5.059976575597147086e-01
-3.363640678369564929e-01,2.977094006352316025e-01
-7.159571377257364366e-01,2.423210965416041918e-01
-4.900615025672148684e-01,7.262513447630534191e-01
-5.069986878153208698e-01,6.369504944789197154e-01
-3.326601520550133695e-01,5.890052326674580785e-01
-3.364980263006139838e-01,4.657545294112560574e-01
5.895392881057395784e-02,7.110889837465761421e-01
1.064252705649639530e-01,8.017208136313036526e-01
1.528128017372289982e-01,9.023159175237353002e-01
2.680616757550495499e-02,9.485282401833667887e-01
-5.790120364814311388e-02,8.661332023092339627e-01
2.096132178365641419e-01,-4.073469826405037297e-01
1.417239008634540998e-02,-1.069805127775645959e+00
-1.057895599242287127e-01,-1.570227011556673657e+00
-3.878270652392846185e-01,-6.586278696557792411e-01
-1.723095525370521020e-01,-5.044089819712648248e-01
4.875761044178174991e-02,-5.276282385793356067e-01
4.368687737543724275e-02,-7.488139601158392278e-01
-3.882268454805987840e-02,-8.390092747568674847e-01
1.318393945029285030e-02,-8.185834948860062354e-01
1.136922030815150086e-01,-6.156231237613335461e-01
2.108367242934578167e-01,-7.320907797663860350e-01
2.022298838202716831e-01,-4.570728002902479381e-01
1.229383225758660103e-01,-7.881378875617364166e-01
-1.499769518060363738e-01,-8.937854264621655220e-01
-2.355121605276221108e-01,-9.081353100820829249e-01
-1.258314676940328614e-01,-1.658869177888791235e-01
2.600222827023990213e-01,8.364603964999852703e-01
4.713901067829829872e-01,1.494782181092902507e+00
5.496799529892301139e-01,1.439612852269368526e+00
7.097414042218471719e-01,1.423988111787668043e+00
6.814954383444803421e-01,1.282796345207128486e+00
6.087709133100529524e-01,6.044212639120689623e-01
3.379459241491044041e-01,1.385860258419883695e-01
1.893379272315036388e-01,-1.495808059135815271e-01
1.680048916769623923e-01,6.281168556753435883e-01
1.775300863404658536e-01,1.078274326715273013e+00
1.393262972685060663e-01,1.180613331772058183e+00
2.666961864473667010e-01,1.327649783246109161e+00
4.151077696805879902e-01,1.394110719254807451e+00
5.639504868134095350e-01,1.518961547161606029e+00
4.631414759020405225e-01,1.305462194694992251e+00
5.036133508217764954e-01,1.253972322441028187e+00
6.053466145469187376e-01,1.173714338450342121e+00
6.560868777625322723e-01,1.131209133336662509e+00
7.011016990046133879e-01,1.356084793343811823e+00
8.622706262164994140e-01,1.715121000698091036e+00
8.570757790503220619e-01,1.911524054537835582e+00
8.433043265720465698e-01,1.870430763251114570e+00
-9.330988818648372485e-02,1.011898775785831095e+00
-1.095894144659575797e+00,2.847752886635629421e-01
-1.928559069919507651e+00,-3.560193268266308997e-01
-1.847384152654288458e+00,-3.319393655454335734e-01
-1.438239370450062005e+00,-3.313169700851066324e-01
-6.155243894067395916e-01,-2.164116603358898216e-01
9.615807494406276856e-02,2.418187838571501103e-01
1.680048916769623923e-01,6.281168556753435883e-01
2.165776001370751935e-01,9.814946212210404752e-01
3.443950651432324261e-01,1.191231349233903503e+00
4.693691732351824575e-01,1.227675705934722528e+00
5.403177122762549134e-01,1.108183268259353760e+00
5.174960091885176805e-01,1.132685617693368618e+00
2.785238148702495198e-01,1.061754823586499530e+00
3.989904502826574495e-01,1.743733289297877409e+00
4.240416437315402964e-01,1.801831672619254920e+00
4.622830545945497693e-01,1.700249988173194504e+00
1.727982492913734680e-01,1.289710505661741946e+00
-2.497105661490682874e-02,1.122280624095822077e+00
-3.126984381207609243e-02,1.150106367334330137e+00
1.766802778217018144e-01,1.028329419694314462e+00
3.386969285903201343e-01,9.737183164925306000e-01
3.776881665253745690e-01,1.011981505816300198e+00
3.074814898323938173e-01,1.356113987394021558e+00
8.119933432629149184e-02,1.650589132871865594e+00
2.458261173022386337e-01,2.125835736680475208e+00
3.790701066936525421e-01,2.096582500519871939e+00
7.481518546936252179e-01,2.171323933960819019e+00
7.481518546936252179e-01,2.171323933960819019e+00
6.689071902415160142e-01,2.467942754971742314e+00
4.451447227292021358e-01,2.536214670882620759e+00
1.269317888949056672e-01,2.118254665028578732e+00
-2.053980645206681666e-01,1.292300771359763845e+00
-4.758926224161926788e-01,4.156594820666398293e-01
-4.367870395675276241e-01,-1.519705056226307860e-01
-2.062229587433055122e-01,-4.535630202256064059e-01
-9.760604950042200967e-02,-2.825240528516188565e-01
-2.345117121969040319e-01,-5.694256644897716102e-01
8.258971082780633410e-02,-7.748300416528881573e-01
8.379001428056392919e-01,-1.147483222115208479e+00
1.914043208427310461e+00,-1.289749500720224207e+00
1.901263521232152254e+00,-8.092085745589281398e-01
1.714415864539445611e+00,-9.541604402001634400e-01
1.343348464463536507e+00,-1.183344855080358471e+00
1.616176878954447282e+00,-2.198380044228185337e+00
1.763431632819023598e+00,-2.166819618356609300e+00
1.261342118946359392e+00,-1.725636635347760572e+00
8.187219158023849586e-01,-4.452360046680668981e-01
3.615479294305219415e-01,-8.240018347904116691e-01
3.695041682806234351e-01,-5.026321885071057816e-01
2.418269768557557708e-01,-5.953236978568010596e-01
-2.217279254191022175e-01,2.730960510084622928e-01
-2.538331463347663908e-01,2.647470357700800192e-01
-1.645468188314938227e-02,5.691241805494953176e-01
3.749034009542387413e-01,9.016954788418658495e-01
2.558618487634525818e-01,9.287531692997308408e-01
1.127140990317990338e-01,7.996836384177590240e-01
1.176093170889926376e-01,4.975852186117288301e-01
2.988433184068398640e-01,3.886827523695581266e-01
2.943808817078699680e-01,6.680834050742648356e-02
-2.337525194378155355e-04,-7.842621169978009066e-02
-7.107086379657090447e-01,3.973395103719638555e-01
-1.097248379869256496e+00,9.780648213082364650e-01
-9.126804458385781027e-01,1.391531099781219805e+00
-3.572146358557545809e-01,1.232792576138895146e+00
1.714100680159176826e-01,1.087109053905332967e+00
4.584634299809364766e-01,8.699468024000769351e-01
5.205483952536869019e-01,7.696134257397123646e-01
-2.900953318208434051e-01,1.209837018918536788e+00
-7.523321180777668982e-01,1.502278658870883188e+00
-7.329288228023023155e-01,1.709342602975729264e+00
-1.679923305203049888e-01,1.288540726025964478e+00
-1.292541312734502845e-01,9.949740268245156338e-01
-5.687635092561783567e-01,7.196889402953388082e-01
-7.995389524857606789e-01,4.125547082535596100e-01
-1.365884876635439005e+00,2.356183053188331059e-02
-9.908074346960522583e-01,-8.561657305251007058e-03
-3.821831093751605901e-01,2.876856294143712023e-01
4.065556584015604380e-01,4.590598442035241367e-01
4.385615261043939173e-01,1.052315291770824085e-01
2.831205820895984354e-02,-2.953954291232733231e-01
7.050087870448223069e-03,-7.048512646033830986e-01
3.162999161465000486e-01,-3.355337627272328982e-01
1.106523291761216221e+00,-9.540035526176011971e-02
1.692812609541760605e+00,4.376016761014701606e-01
2.066680050829452497e+00,5.156492014169318239e-01
1.748628186861872491e+00,4.018395626699535206e-01
1.062910462189837757e+00,1.155931021821132165e-01
1.892247841317477308e-01,-3.016667870231924953e-01
-1.104071538530043028e+00,-5.807527042305311582e-01
-1.212204793718219653e+00,-3.676229553484115509e-01
-1.428360642646674616e+00,8.736399370177511114e-02
-8.459255762598018036e-01,4.434072514871664206e-01
-1.118403939685863380e+00,6.114739340557341363e-01
-9.227897119169135021e-01,5.956049556592072358e-01
-8.637168273368875937e-01,7.765827605459030281e-01
-3.495361769971408461e-01,6.997749272105741047e-01
5.114754571606104465e-03,8.698745209489157082e-01
2.776940315465511455e-01,5.598919797250951902e-01
-1.879398663681110596e-02,1.692552836485761991e-01
-2.271660028222938499e-01,-1.700831200581523206e-01
-3.988129111397283877e-01,-2.821012026373921899e-01
-4.871841007517103972e-02,1.468863104859332858e-01
1.032488893858937162e-01,3.158528896742393011e-01
4.814329025007405560e-01,8.716604921487616231e-01
1.217355049783063414e+00,1.742068785790401142e+00
2.238408376958035184e+00,2.331426966223163255e+00
2.886108968491534643e+00,2.318669840740452681e+00
2.690224568103050995e+00,2.147254121093746804e+00
1.818779794678533346e+00,1.848174105158840508e+00
8.714890018220360357e-01,1.443234245503002722e+00
6.668868930218643243e-01,1.017690205412569382e+00
9.449783084570542169e-01,8.220232335279110680e-01
1.271478750405921954e+00,7.456678770065899853e-01
1.481008805533432726e+00,5.846823287523882362e-01
1.425072782206622923e+00,4.977169790001136351e-01
1.028612239089144342e+00,3.506358509003683066e-01
5.933569316903826163e-01,2.395122837999314191e-01
1.208055264817993052e-01,5.381672074215255314e-02
6.454604892949902806e-02,-2.210271627026360597e-01
-3.503746811895398494e-01,-2.212248716979916541e-01
-4.631492639220068930e-01,-1.840686255385432998e-02
-5.667181596290996604e-01,5.533416806414819256e-01
-3.597883794174623340e-01,1.126234567929015773e+00
-1.004232651136498955e+00,1.742130397251044016e+00
-1.852614239559018161e+00,2.324842625556068132e+00
-3.132636064686068700e+00,2.725094052882948592e+00
-3.775355919933660598e+00,3.031403578969878776e+00
-4.177674265311819291e+00,3.063914326596011151e+00
-3.619475925408686123e+00,2.829198769606209751e+00
-2.571138519700141956e+00,1.899710080040080795e+00
-1.564281623414520705e+00,1.038069198259620407e+00
-1.036095700828453925e+00,2.950282599654819871e-01
-8.139670572014243710e-01,1.232145494669789482e-01
-6.187097058638991731e-01,-6.338898434851437946e-02
-5.398260313998799464e-01,-4.095194653554397324e-02
-6.250331883424404822e-01,1.548856136874678380e-01
-7.432388615299722057e-01,3.374467830544697344e-01
-1.032488665367820468e+00,6.167027572166935423e-01
-1.084324971936074800e+00,5.316828450405036710e-01
-1.885606859204604691e+00,1.081076317746594073e+00
-2.730056529322677505e+00,1.626373373124597732e+00
-3.646882440960038441e+00,2.461543743967103737e+00
-3.328159977660974267e+00,2.266260746420686978e+00
-2.856269640181841485e+00,2.096319739796383086e+00
-1.588714512218066366e+00,1.242488849694368014e+00
-7.351349534487229276e-01,8.357081319901552563e-01
3.316290893554398322e-01,2.527792721826341849e-01
7.723340875346870193e-01,2.571800938373749457e-01
8.472468642572624775e-01,5.309736436365594114e-01
6.884886680566270067e-01,1.008368273950838168e+00
5.617938260232389069e-01,1.239336779356841278e+00
3.944928592444755799e-01,1.041931603343196455e+00
-1.617259465601801061e-01,1.192550354120434974e+00
-1.122794449490053026e+00,1.658121679607828858e+00
-1.945001963510286203e+00,2.136438521732774376e+00
-2.609000134637962098e+00,2.152525287540640431e+00
-2.646386260689512770e+00,1.661358505513099715e+00
-2.522361483491179168e+00,1.388629041414779941e+00
-2.442212465673301303e+00,7.076833510354434420e-01
-2.154094848292004816e+00,9.971032476535495181e-01
-2.498457705209739643e+00,1.601372167668469793e+00
-2.649348089757962210e+00,2.751568561771819521e+00
-3.046085449909730958e+00,3.085350750390718044e+00
-2.774908266892439190e+00,2.992155723414811952e+00
-3.094571580178250514e+00,2.937202812412678554e+00
-3.496565304612688330e+00,2.911870664463572123e+00
-4.083049199041759003e+00,3.081374401405365226e+00
-3.349128982686670142e+00,2.552819824606164634e+00
-2.217859980904323347e+00,1.931084854879949519e+00
-9.775805835700663859e-01,1.343275787514735642e+00
-3.607948031694572233e-01,1.179838428925602312e+00
9.339832804893656582e-02,9.416966150958340220e-01
2.058179575965857766e-01,7.861146541833011758e-01
3.746200893683285793e-01,5.569014821461519826e-01
2.829834481338744379e-01,6.889400133181390329e-01
5.422815710872725958e-01,1.287720946120793464e+00
8.163356493168894001e-01,1.912932357423935414e+00
1.130115286690706711e+00,1.940427629350524708e+00
1.556651281131645526e+00,1.285648263221423671e+00
1.123674714315555212e+00,6.560419326603517121e-01
9.734420761752059503e-01,4.284920145533608893e-01
1.803719695885098312e-02,7.384035508517815538e-01
-3.464719795032387695e-01,9.719508777627452467e-01
-9.757513314034217400e-01,1.168630033508537780e+00
-1.130055782229473671e+00,1.032909193574889084e+00
-1.187414689030755088e+00,5.346457118965576294e-01
-7.833135775927834166e-01,-1.183288368277058411e-01
-6.974129288473288613e-01,-3.434840244067016157e-01
-6.336594331241555134e-01,-1.887296397674905202e-01
-6.520566994899388291e-01,-2.859276014766756746e-01
-5.082223159033967264e-01,-3.487020481298447883e-01
-3.957116850668159769e-01,-3.908937298371426006e-01
-1.134534141657080053e-01,-6.205813922872634864e-02
3.957954165659770263e-02,9.984107682317257260e-02
3.957954165659770263e-02,9.984107682317257260e-02
8.407665338721861947e-02,2.015497285383592851e-01
7.936327008094792856e-02,3.815866698174362748e-01
4.592283215058079460e-02,4.543739323163278887e-01
9.598527117321011340e-03,2.743588093232534608e-01
-1.024615717203497117e-01,3.378892961317954136e-01
-1.881053092378470182e-01,3.445126230218311103e-01
-3.125570759213880390e-01,6.115029370848621415e-01
-2.570744658802805449e-01,4.624360413522258240e-01
-1.974733952954657035e-01,5.800536301234531233e-01
1.012611629210377340e-01,6.284012713954653107e-01
3.098842183886527102e-01,7.058865036176718011e-01
3.296013266577579315e-01,7.847716269408072653e-01
1.541485071143371133e-01,4.708106122907558810e-01
-1.281511430795752304e-01,1.028221249454278480e-01
-2.184763813968566282e-01,-1.582199593628006717e-01
-1.881585120635354547e-01,3.176305108592664683e-01
1.424488504250455423e-01,1.198603097972813059e+00
3.707844722714723207e-01,2.037681576682921492e+00
5.633571212247752147e-01,2.403638213034906990e+00
6.821215990425312237e-01,2.305806179758541852e+00
3.744744239419705023e-01,1.509372344807240252e+00
-7.044627695694570035e-06,1.129280794932749021e+00
-6.481788959442523756e-01,1.168718919004576362e+00
-5.929409261513567397e-01,1.495432167656300271e+00
-6.157894410243182071e-01,1.114829204417805864e+00
-3.055062813243829799e-03,5.185881550921043193e-01
5.527518522991355099e-02,2.822989533129989792e-01
-1.149497063897220867e-02,2.025260179228468294e-01
-5.982158497403380348e-01,-3.349785820482175658e-01
-1.068394562818093307e+00,-8.745738618153868771e-01
-1.275833385668680320e+00,-1.150506862976286016e+00
-1.162465619617904844e+00,-1.098704107865162483e+00
-6.453398516348110014e-01,-8.482432661682649533e-01
-1.128547991940987982e-01,-5.234366340849965216e-01
1.354879173340514664e-01,-3.182425942900756755e-01
1.436068906582237681e-01,-2.888423727880350400e-01
1.571682024974312419e-01,-1.395974489161804499e-01
1.947986629373695822e-01,-9.940856091455702037e-02
2.905804876865026448e-02,7.553839218897719955e-03
-1.431363184625192297e-01,-2.440907312470427110e-02
-1.389844785021611684e-01,-3.759816790670538617e-02
-6.508440875554258320e-02,4.671253586151497689e-02
9.880156407270940244e-02,2.303182972553981800e-01
-2.250029790141390706e-01,-1.933144520270429004e-02
-2.428477488922698435e-01,-1.028242999246620493e-01
-7.176037279817124581e-01,-8.560542364205553367e-02
-1.026637038463750873e+00,5.595479167565825529e-01
-1.419288593825160039e+00,1.066227741025624898e+00
-1.466177561648295269e+00,1.598335746058745954e+00
-1.634498521370605362e+00,2.453568780011495143e+00
-1.673175849550327277e+00,3.208023905046957225e+00
-1.750570822249829295e+00,3.804888984533822516e+00
-1.411402499287239376e+00,3.656821837230136651e+00
-7.640909100806417831e-01,2.818946318246560612e+00
-3.766172016707028947e-01,1.796588745671416465e+00
1.016840284299675053e-02,8.794078375932822267e-01
-3.089774444948797383e-01,3.223771176241596037e-01
-1.762889861864771479e-01,-3.828490227829106640e-01
-4.036327353347824443e-01,-6.369859391581641495e-01
-2.121848658766336271e-01,-5.319218714533776593e-01
-3.863836756916792514e-01,-3.534995722909958782e-01
-3.444447544358676394e-01,-3.060144131015050672e-01
-1.938025910596255785e-01,-1.591853276668691031e-01
1.278365629957748939e-01,-2.029753438817696876e-02
4.290172671383843395e-01,4.498733150813888360e-01
3.776415710789061686e-01,4.405677712781896904e-01
4.059257599951329176e-01,5.622061186877431727e-01
3.391928662426236252e-01,3.869479723355337963e-01
1.346104126478447349e-01,3.241371148924146461e-01
-3.633774730032124367e-01,-2.143925551176787542e-02
-6.893367037594834157e-01,-4.272774766770718879e-01
-8.229946940687515866e-01,-6.408812570450199697e-01
-4.620354480518880647e-01,-5.800256227118170127e-01
-5.769433343511166656e-01,-5.993797501684428042e-01
-1.053838743995578614e-01,-7.911104302511275943e-01
1.932898818129884233e-01,-8.333352843778072394e-01
5.321909034801575178e-01,-6.460628212506993595e-01
4.325681565610141055e-01,-3.392417116687393985e-01
2.287746113365003442e-01,-1.254744123862442107e-01
3.491077527886070619e-01,4.549054308060877100e-02
3.391928662426236252e-01,3.869479723355337963e-01
3.015555802957307630e-01,3.895528101344673533e-01
1.713426327054718423e-01,2.519292590319696101e-01
-3.082574595260442196e-01,-2.003515113666216596e-01
-4.510868382322002490e-01,-1.509673905119722215e-01
-5.719518890369654773e-01,-2.736040774858903846e-01
-2.830681932224657915e-01,-4.071508449328292145e-01
-1.838650263665451978e-01,-2.669975203910534556e-01
1.168155535309863546e-01,1.736872244937820720e-01
1.547336231167934506e-01,8.294492817708060128e-01
2.302008490927448525e-02,6.168376838394419304e-01
-2.054531377388621183e-01,3.371814058360416144e-01
-2.571850992479295939e-01,-7.147890631629398583e-02
7.695430579422179139e-03,-9.515985234422720263e-01
1.405664302423046408e-01,-1.028950112698773234e+00
2.622100318557941678e-01,-8.722001986795147044e-01
1.673786057335786004e-01,-3.251732574472019494e-02
1.859749618797971460e-01,4.531376793245891488e-01
2.458200155529924880e-01,8.122588403564930948e-01
9.555958135988151803e-02,7.972897822414117819e-01
-1.643599363046973350e-01,2.952516312053732328e-01
-5.206916873643367971e-01,-2.002484286498784904e-01
-3.529709944653366405e-01,-5.084182901408749178e-01
4.790843576572981904e-02,-5.979101634667428611e-01
4.517737557480437927e-01,-7.351805578443157962e-01
5.210299636075266250e-01,-9.366358950328809163e-01
3.901979643321495383e-01,-7.106710285732580346e-01
6.167130344614638604e-01,-1.315603583083357453e+00
9.840368841320719095e-01,-1.926098893072378804e+00
1.404281051503091682e+00,-2.736657919542544892e+00
1.449753274277134407e+00,-2.839099460998362190e+00
1.205188232040462104e+00,-2.273204232353583265e+00
9.497118525064677241e-01,-1.490564966863285212e+00
7.365472022035906008e-01,-1.018079350033217062e-01
5.791034220417703438e-01,6.408459772862750148e-01
2.567798215814373619e-01,1.209835809142141061e+00
7.941010614001978163e-02,6.497496835326018738e-01
-2.607457967566199630e-01,4.618456888218288037e-01
-3.763148535179596799e-01,2.185993237410969736e-01
-4.775512684761815119e-01,4.184023235459038426e-01
-2.974771222809884375e-01,2.969270110481525560e-01
-1.132241557582830405e-01,2.072859108775473025e-01
-2.939300128144428387e-03,1.934100839750026038e-03
-5.100053181322661972e-02,-9.956473837310338137e-02
-5.223588237757197383e-01,-3.734603371014459938e-01
-6.326466964898528333e-01,-2.237971155727101480e-01
-6.211473505270939111e-01,1.350532953024294047e-01
-2.939080825482013326e-01,4.388294338824438312e-01
-6.273500645821509236e-01,3.643375219264918252e-01
-1.097022128319193213e+00,-2.274919431131972383e-02
-1.450821729729128151e+00,-2.996018461316296566e-02
-1.476896289265403173e+00,1.690011188245273263e-03
-9.394700300604130749e-01,2.132598363214675274e-01
-5.117727149320979718e-01,3.691253361000793598e-01
-6.678501935377860466e-02,2.722630070634134425e-01
-1.525769658385389416e-01,7.207259305588215037e-02
-1.114870741585250735e-01,-3.658234571239551286e-02
-1.855622900043906454e-01,1.357971525210765855e-02
-3.978553247640994051e-01,2.542726916138458512e-02
-3.240661295195332303e-01,-1.315632693957301536e-01
3.039592448482945075e-01,-8.330798930338404462e-01
1.225907377186972624e+00,-1.851758095711411034e+00
2.231917014285801582e+00,-2.614605496290900000e+00
3.120281818162953247e+00,-3.164230302572289766e+00
3.625068244600190503e+00,-3.221929656435809974e+00
3.312834528048762106e+00,-3.121703699457781589e+00
2.486086975595561022e+00,-2.808909010531113193e+00
1.156925938482356697e+00,-2.256151368304772031e+00
4.313090999593048869e-01,-1.645827111680947530e+00
3.575429493950621485e-02,-6.639648628455256940e-01
6.476050516812588143e-01,-8.817715466168637439e-01
7.884529454075316357e-01,-1.557213699721119449e+00
1.037360714686937468e+00,-2.748123974643830181e+00
1.149784674947376795e+00,-2.970997801044950481e+00
1.092168179882285095e+00,-2.336883560842351493e+00
1.008559221517548510e+00,-1.909309540459892984e+00
8.355266032945155574e-01,-1.987062862646525652e+00
1.037360714686937468e+00,-2.748123974643830181e+00
1.380413032751565128e+00,-3.087408974830201824e+00
1.309956933358337183e+00,-2.853894827979241544e+00
1.045801266864939905e+00,-2.092899824129193842e+00
3.418907028469841403e-01,-1.102389380389461770e+00
2.302899953297631308e-01,-7.951241270029670016e-02
-8.005486607922766007e-01,3.986012250817121405e-01
-1.878802234313417863e+00,5.962632156021874241e-02
-3.313052613732597962e+00,-4.771454966471172510e-01
-4.273543382754354525e+00,-9.414558052062764748e-01
-4.539108290804256818e+00,-1.201107564067842359e+00
-3.815779526236462438e+00,-1.070180487049024798e+00
-3.058851235848887740e+00,-8.290470664619451480e-01
-2.323941930387530608e+00,-5.494128265870502625e-01
-1.682379461165887991e+00,-6.164772907911469924e-01
-1.189729097925076529e+00,-5.172567097107306777e-01
-9.053246298085430022e-01,-4.674308754067520444e-01
-9.163476936584954435e-01,-2.392164684812203290e-01
-9.598310172876320934e-01,-2.351824604659777662e-01
-1.634981189991395301e+00,-3.987794871107150363e-01
-1.964366472372977457e+00,-4.394450697132047945e-01
-2.031183402837515306e+00,-4.063153641864146737e-01
-1.467797374543525768e+00,-9.507685909689746195e-02
-4.425196602862411233e-01,-3.869144177527036321e-01
5.690783599511921309e-02,-5.819884427166401863e-01
1.387047285245627259e-01,-8.839957772767863542e-01
-2.922670515258660173e-01,-4.812875565526010257e-01
-3.478002105047227621e-01,-1.518756969650626731e-01
-1.363715192799572207e-01,3.181858149634913535e-01
7.844049742876189890e-02,4.572556486990854707e-01
1.865489318606369518e-01,2.725226516807001675e-01
3.624824788936462650e-01,-5.369149668117356722e-01
7.065339049614723921e-01,-1.390137461986478806e+00
1.153505153699557084e+00,-2.238760119248083935e+00
1.279009822001508256e+00,-2.302123937244346941e+00
1.039120049124611311e+00,-1.594006082583661055e+00
7.824215491592855232e-01,-7.171943214758711438e-01
3.944081649571651860e-01,-5.017204125208799687e-02
4.639421466267070748e-01,3.200543705174116460e-02
1.278837333279024269e-01,2.766830600462201195e-01
1.443547577726667086e-01,4.973606649841048610e-01
6.490188309730336724e-02,7.861123773914482360e-01
2.842577455548781495e-01,8.074344583805072029e-01
3.729100056097515714e-01,1.103037179272256196e+00
4.075865492370391308e-01,1.089016900045033820e+00
2.030390690240644613e-01,8.734253350309343356e-01
-3.011862325726910039e-01,2.548037279588573623e-01
-7.880004160629728860e-01,-3.429684299905945144e-01
-9.152722783758069358e-01,-4.641986495738409380e-01
-6.762232940250564317e-01,-5.040321079297543916e-01
-5.059864313858742912e-01,-3.949487798778054115e-01
-3.863836756916792514e-01,-3.534995722909958782e-01
-4.762347259885519879e-01,-3.019098160254876650e-01
-7.857336399105889768e-01,-3.993209494247502711e-01
-8.608880246693996208e-01,-3.396042696952069062e-01
-7.791485760070776534e-01,4.461329627513658386e-02
-3.999967005782257834e-01,2.537803478596388218e-01
-2.146369158257275256e-01,1.753173337045935143e-01
-2.813186017999775856e-01,-2.054138377112895708e-01
-4.208798503925954559e-01,-4.389938878299559089e-01
-3.632898672359797798e-01,-6.174162725004218588e-01
-4.122975725367526989e-01,-6.702196238115378790e-01
-1.956336915580975111e-02,-8.811714165783530728e-01
2.575080155980443153e-01,-1.416571998097022389e+00
8.812604523072994356e-01,-2.171132004427949180e+00
8.593586281121385895e-01,-2.518257670962093187e+00
9.128023784532969254e-01,-2.749505732199303054e+00
9.128023784532969254e-01,-2.749505732199303054e+00
7.543162761319057719e-01,-2.807609582344769539e+00
6.758905748435057870e-01,-3.240236036798699537e+00
5.141944071399057181e-01,-3.757063547583905372e+00
7.055070999885845184e-01,-4.676530942960934745e+00
7.383687845491810897e-01,-4.748802530849110859e+00
6.829437461540182053e-01,-3.982968453566950728e+00
9.251531606111677020e-01,-3.376528884617465920e+00
1.016392981062392842e+00,-3.197249165668184734e+00
1.068561897577800401e+00,-4.027120324003806928e+00
8.881868578352453136e-01,-3.952081606044346884e+00
1.041486309304863855e+00,-3.770083630928819929e+00
7.747573729994107206e-01,-2.304132461643601193e+00
3.958273624726432072e+00,-4.281355354743354713e-01
8.672912796305423555e+00,2.132835837030153670e+00
1.453278364553792734e+01,4.118926330390255686e+00
1.868698456783518580e+01,5.971734470240681603e+00
2.039542143742441382e+01,7.033111437747868955e+00
1.905814190314474033e+01,7.114991862428812652e+00
1.550748560539027743e+01,6.352771056790661675e+00
1.029106668508725164e+01,4.762588975026586624e+00
5.993017958351339658e+00,3.269143038934139600e+00
3.067927632732184939e+00,1.560276264635026777e+00
3.074353273900460426e+00,-2.908789385058906385e-01
3.331219962999210527e+00,-2.710821088229742326e+00
3.872288759962779547e+00,-4.500678064502094955e+00
3.945731701666327140e+00,-5.360778532605443125e+00
3.559588837700429220e+00,-5.035988108780164119e+00
2.625064591756813392e+00,-3.525338920787916219e+00
1.449075033482233765e+00,-2.127470125016450719e+00
8.862239426436004097e-02,-1.164020721717785589e+00
-4.944835091918010073e-01,-1.086594562687640542e+00
-1.046122756519337171e+00,-9.125606554577015972e-01
-8.685143687780275679e-01,-4.728957864633741015e-01
-8.430364286817932928e-01,-1.459004857058761873e-01
-6.519668209688009863e-01,3.012027949054033038e-01
-3.878233473840053680e-01,5.921353484569628067e-01
-5.315237139573397718e-01,2.107184720588014260e-01
-6.312877896669312205e-01,-1.114912680176634169e-01
-6.746257354130726913e-01,-3.883578909027672887e-01
-8.116927725725857634e-01,-4.147610673986674712e-01
-1.071282977142851589e+00,-6.130616537585585890e-01
-1.529414188794279594e+00,-4.899791601020455634e-01
-1.620568256532429752e+00,2.948328858034627298e-01
-2.121845273990650149e+00,6.422598622315144334e-01
-2.239834587943564159e+00,1.059457326352484685e+00
-2.255877596745802016e+00,1.102562848412423913e+00
-1.932488590885820701e+00,1.452638606891977435e+00
-1.568655292013832581e+00,1.520104604902405399e+00
-1.568655292013832581e+00,1.520104604902405399e+00
-1.122411856198366031e+00,1.057236764494958514e+00
-1.522761903857265731e+00,1.092421474997796293e+00
-1.372842303472791459e+00,1.056334625720925846e+00
-1.291768269254872648e+00,1.238647785238556676e+00
-8.500080223289829817e-01,2.132931933877068698e+00
-3.854670768316623142e-01,2.128937679145530559e+00
-6.832807338593757107e-01,1.879963785578708357e+00
-9.820742082915137061e-01,8.622296123881331154e-01
-1.632730327860308028e+00,2.870554341875330984e-01
-1.953081292800504132e+00,-7.764825164159985249e-01
-2.558619011852246938e+00,-1.782949781472089379e+00
-2.670753437470110292e+00,-3.047923435096602685e+00
-2.193511157436104586e+00,-3.831020190063509023e+00
-1.335842851618725735e+00,-3.876997489112361528e+00
-5.144936278120399997e-01,-2.773210729463472468e+00
-7.646164246086750715e-02,-1.616283786311982551e+00
-1.029252418243407734e-02,-5.415355834540918067e-01
-3.320281018505799597e-01,-3.488564729048957425e-01
-4.269923251472884096e-01,9.686816062164535501e-02
-3.858084998073227911e-01,7.037184419694244575e-01
-1.197546399177197435e-01,1.231858811388760744e+00
2.039584820744965998e-01,1.044541320728037626e+00
3.610324649626751037e-01,9.857726679314378071e-01
4.973788084110678520e-01,1.008170055705934098e+00
4.925883390126039041e-01,1.359645924688844154e+00
4.647123268245186289e-01,1.012208791325863944e+00
3.187298388193472443e-01,7.933025623525724601e-01
1.020656256441369730e-01,3.010607552929356889e-01
4.665513786460758205e-01,4.159016681831669282e-01
7.568635342603974303e-01,5.654293769828755423e-01
9.732506522369011037e-01,8.950961244134221229e-01
7.766866124922384707e-01,1.047863691837867872e+00
5.010687624496468207e-01,7.099015480003110223e-01
5.926110596198603808e-01,8.493808100965520858e-01
5.227965027464677172e-01,6.959832495702964472e-01
1.069239971654878524e-01,2.317528075883902305e-01
-9.499737373707980992e-02,-8.409918303327656997e-02
-7.172250895423286365e-02,-1.508794701140540873e-01
8.612920300322122677e-03,-5.943964336862910544e-04
-1.047417491542048107e-01,1.178255978774624818e-01
-2.422209728239437809e-01,1.157969398023317720e-01
-1.058969086480883864e-01,1.444862091348215472e-01
4.446311038203544508e-02,6.745186709193033703e-02
-4.149753693617101204e-03,-1.595096331265555833e-01
-2.561554996782400284e-01,-3.913220224018604254e-01
-6.700064325746830640e-01,-8.692072266959198767e-01
-8.578068202082969052e-01,-1.067896174508726759e+00
-1.014786069881671304e+00,-1.237794553102452566e+00
-6.840309949343243989e-01,-7.955578196435916238e-01
-3.828643589578418771e-01,-2.946409687308708669e-01
9.764148643560510710e-02,2.909843819539522647e-01
3.709352499226858946e-01,6.395857844536376735e-01
4.065566462129759362e-01,6.121468348049433628e-01
4.305007319809792121e-02,2.990623197845772019e-01
-1.730948280611463996e-01,-3.897915644104991278e-02
-3.691704130444618537e-01,-2.206109543900582615e-01
-2.389009698207692489e-01,-2.026606120893030827e-01
-2.602485613356727567e-01,-5.843913051240234163e-02
-1.625851025791991700e-01,5.456544841611362523e-02
-3.261454972053144941e-01,1.428267975577246218e-01
-5.105445230126903766e-01,2.679796031181503335e-01
-5.807969712932410378e-01,5.995818549502701655e-01
-6.801975606252826934e-01,2.851645620181977314e-01
-4.173558642469690216e-01,1.019396570557007248e-01
-6.410454371404485929e-01,-5.534423765681630858e-01
-9.810233422927084890e-01,-1.681740473034775141e-01
-1.909329540570744221e+00,4.496751543764460068e-01
-2.486078360443677582e+00,1.348818314836859766e+00
-2.494240723653538438e+00,1.753172092861032594e+00
-1.765236230040390542e+00,1.243758845026009086e+00
-1.140051847159226250e+00,5.564619420118195325e-01
-5.220853206096315313e-01,-9.201220471900005415e-02
-9.282938916660298245e-01,-3.080248943366163950e-01
-1.005524654718658484e+00,-6.486266705138351574e-01
-1.551178964531886750e+00,-9.599697703897834833e-01
-1.761909039849342662e+00,-9.636111924664575445e-01
-1.763715173436854800e+00,-8.177200113685297866e-01
-1.298925567391774560e+00,-3.660380191306422670e-01
-5.443619619627370065e-01,2.059512324157848073e-01
1.301653920189871534e-02,3.383672013124745526e-01
3.110544424280594633e-01,4.384841408028765097e-01
2.499438087005571019e-01,4.941716824450962942e-01
3.477562341604711338e-01,8.868099217803692147e-01
2.071762627270753165e-01,7.370983879991603871e-01
8.824569015582323095e-02,1.403616464278500953e+00
-6.786011167034600167e-02,1.445406892182112157e+00
-1.116627086774331507e-01,1.133287467792239767e+00
-1.153762623582222369e-01,9.733937751876264866e-01
-1.917962510608393345e-01,1.357048069293764314e+00
-5.466496216419075571e-01,2.842789915267604606e+00
-8.385221373572142589e-01,3.918725868800496226e+00
-1.119033780562110891e+00,4.655645551461699228e+00
-1.115608457302738055e+00,4.141726284951136705e+00
-9.900721790437309044e-01,3.190465868193948840e+00
-7.457954063262351996e-01,1.919560127801924532e+00
-6.215928538384661861e-01,1.342279614002673815e+00
-5.595529541689666653e-01,1.631541246100923548e+00
-7.326405661611644637e-01,4.340494152336981770e+00
-7.937777616369986466e-01,7.919427669730319863e+00
-7.291620468828932111e-01,1.125001138554031144e+01
-4.510341016555303173e-01,1.241340024073620540e+01
-5.393008178249750206e-02,1.165349815650996312e+01
1.125353191745715187e-01,8.602981865820892082e+00
7.431024321001714616e-01,6.297398363226873741e+00
1.296722378066021752e+00,4.360971941335233026e+00
1.797615289292731733e+00,4.142620249612317451e+00
1.400043355757552899e+00,2.555338883598747390e+00
6.634864107309044190e-01,9.880031004405814832e-01
-1.309598382536890648e-01,-2.035136759235957327e-01
-6.082486326559323198e-01,-6.602027878911472802e-01
-9.139120813053089876e-01,-7.071801654701970197e-01
-9.952244052306632449e-01,-5.828157361191402819e-01
-8.721290115397319909e-01,-8.942294263978836644e-02
-8.255787349754202253e-01,7.671972142889942059e-02
-9.031001135387923817e-01,8.115115388133205265e-02
-9.790654222671764106e-01,-2.051638199431951026e-01
-8.983623360363887089e-01,-5.079473634651279212e-01
-5.726427593858726128e-01,-6.551069322973878117e-01
-2.932825425892758853e-01,-5.223743120486070701e-01
-2.101899672367424921e-01,-3.338425513257666788e-01
-2.503228377920331815e-01,8.654734388063095585e-02
-2.207923001926939688e-01,3.242471194592629335e-01
4.476051022030611698e-02,6.796506911201675161e-01
-2.102383889333603317e-01,1.139446919376570777e-01
-7.721808640687983782e-01,-9.175478417040765222e-02
-1.985153158186450550e+00,-3.656804855016660971e-01
-2.725066815023955424e+00,-2.531763838898610230e-01
-2.544253709033470923e+00,-3.839779918394455871e-01
-2.301182944243826523e+00,-4.786296802418323337e-01
-1.740498009924501099e+00,-5.782119731714975286e-01
-1.802596093110678366e+00,-5.594966007219321913e-01
-1.224679650107969309e+00,-5.801724627461513073e-01
-9.770297401020748840e-01,-2.821992889071536781e-01
-5.952170056818413268e-01,8.480765209829527196e-02
-4.602061008133304654e-01,8.228632374714693887e-01
-8.527093724651529927e-02,9.961412051140479118e-01
6.643698869272343654e-02,1.019887709101964690e+00
3.387899986623570114e-02,5.183992946552082870e-01
-4.115104178150502667e-01,4.890009636302641294e-01
-9.749837985211154967e-01,1.015747147612660606e-01
-1.437840013616677792e+00,-4.117185260228242161e-01
-1.506158370277393743e+00,-9.302877911929913202e-01
-1.237810704481928203e+00,-1.169742813268502157e+00
-7.803305774987709942e-01,-1.101163231430544620e+00
-3.247144406349722345e-01,-5.533779374670803053e-01
2.143853894993618669e-01,-1.930707810293901261e-01
6.723078460665361522e-01,-2.434634981871461046e-01
6.650149272294807457e-01,-1.392072630028678148e-01
7.220982436137947102e-01,3.335848950469384455e-01
6.600089858942264076e-01,1.165921582361607145e+00
6.046105417629309420e-01,1.246697665266341071e+00
6.496682842720427065e-01,1.425072459401517388e+00
6.021993065461361816e-01,1.344364690631233650e+00
8.319808469172980114e-01,1.413790703409024019e+00
7.853521641190781555e-01,1.257959869157467381e+00
6.688670679961287169e-01,1.040129309668575308e+00
3.258343650574043182e-01,7.973233923608221696e-01
-2.338891388930339488e-01,4.368090189301748194e-01
-7.400248206783724969e-01,4.231046692066458559e-01
-9.167896419275107789e-01,-9.040532765809547455e-02
-1.121494015897964269e+00,-6.955792785887907614e-01
-9.103031870734297204e-01,-1.119451539435700083e+00
-1.632702518682347170e+00,-2.134753034305285180e+00
-2.189173287173980853e+00,-3.137301957553893850e+00
-2.691224652193711542e+00,-3.990314499749335830e+00
-2.556349646891438177e+00,-3.704028785537255342e+00
-2.033659558871625972e+00,-2.866591040118997569e+00
-1.377747723177108696e+00,-1.465775052353781360e+00
-6.471563042360598539e-01,-4.857862746763868533e-01
-2.616747217010733650e-01,-9.290842635677710667e-03
1.660048062091031840e-01,-4.350469572409786934e-01
4.082687688413321747e-01,-7.417944342362984278e-01
4.781506504842539806e-01,-1.042151082960847130e+00
4.736728086250823755e-01,-7.845553620193869149e-01
4.526607803065560987e-01,-3.153257432646502934e-01
4.724135715794980928e-01,2.956699768270665274e-01
4.122806966837969656e-01,6.022454082645340989e-01
1.011021372659110629e+00,3.432320755880315932e-01
9.957053354608865758e-01,2.131954735625669339e-01
1.122376929726202066e+00,6.557416746974292776e-01
3.414591429911557618e-01,9.278833185025924246e-01
-4.292373591521477239e-01,1.519716059858375656e+00
-5.198906643818881346e-01,1.343516030329980460e+00
-3.327414891999112001e-01,1.545210027939778463e+00
8.172981286690511604e-01,9.305559637660433259e-01
1.021873948216174943e+00,5.830114658255070026e-01
1.211663991509031035e+00,-5.820399350418156703e-03
7.885229505408463124e-01,-1.361218390723736571e-01
4.933416663909853117e-01,-3.530312926732558088e-02
1.639860853021828657e-01,5.913292921474652131e-01
5.864129113744772637e-01,9.973714946583257523e-01
4.338183802174239156e-01,1.848974377203167707e+00
2.824231743859462740e-01,2.056668325180954771e+00
-2.959702406727866553e-01,1.386027789577058966e+00
-3.539093371193841042e-01,2.742047937952649672e-01
-1.548593031401305498e-01,-7.298282334579524189e-02
1.733324526682212263e-01,4.921341957497929465e-01
3.502459096105509095e-01,8.916244811061615483e-01
2.841547500740387311e-01,1.194192068023725017e+00
4.190274254786209851e-01,1.093988116662495624e+00
5.959028265614847442e-01,1.135601767421331232e+00
7.156609020184853120e-01,1.212089320083730160e+00
8.514783048749927641e-01,1.221899030673375242e+00
1.139930097369868722e+00,1.491478299682105879e+00
1.383108728386881259e+00,1.717727026665998302e+00
1.323275043215611957e+00,1.981087632498661044e+00
1.070899464874373486e+00,1.907449535567666166e+00
6.883767963961978653e-01,1.467709805526256295e+00
6.028552142312055828e-01,1.180602905406710201e+00
3.264872146845761991e-01,6.002417019852975821e-01
7.844049742876189890e-02,4.572556486990854707e-01
-3.037875956480867168e-01,-3.192647593292972652e-01
-6.206622865029292058e-01,-1.088774412473027864e+00
-5.304563455810988870e-01,-1.695282319663624193e+00
-2.562099429551426000e-01,-1.682312631992791463e+00
7.161824479151838174e-01,-1.093878105455702521e+00
1.072998414124548550e+00,-8.561149127136494785e-01
1.069452861121989118e+00,-9.231572304391351125e-01
1.364153645050434627e-01,-1.101493236520744379e+00
-1.896181248722486057e-01,-8.814463317864703606e-01
-2.941018893048775174e-01,-3.730194849850528849e-01
3.986498335917600805e-02,3.764017930881548984e-02
1.316338469920970075e-02,4.169552452611127724e-01
1.295001055857493144e-01,6.424116950055043240e-01
1.435201049143896845e-01,8.854946657436061352e-01
3.428526748575199679e-01,1.238732917961891999e+00
2.662300987109685324e-01,1.267284481612420244e+00
1.925950096592971283e-01,1.536537314021265477e+00
8.942217928906265323e-02,1.650255276624396528e+00
3.626659469146129890e-03,1.741684419056201749e+00
8.146595887447501128e-02,1.555846818483529681e+00
1.120196048271375755e-01,1.030308561159749781e+00
1.137782315641961278e-01,5.573225701988585579e-01
4.435308847615727912e-02,4.471359888663325316e-02
-3.891963957689364983e-01,-3.755486286604294288e-01
-1.478092197636319494e+00,-8.569082850572584675e-01
-2.658453282694681175e+00,-1.178675795871353849e+00
-3.351602191420330001e+00,-1.346685386023286801e+00
-2.892008440406184544e+00,-1.124982287095122713e+00
-1.713114870982793247e+00,-1.959316646601373113e-01
-4.575801641268787967e-01,6.317608888383936527e-01
-2.209620597092744054e-01,9.631133636402219311e-01
-3.623465674449995455e-01,1.752041966681207485e+00
-7.464531801575388092e-01,3.049713832342758391e+00
-8.687023285581330079e-01,4.846768608007975487e+00
-1.218149415645544353e+00,5.736517505596262723e+00
-1.488274734061222793e+00,5.620155458625315070e+00
-1.666870847295262692e+00,4.162504360907802514e+00
-1.466553322165135675e+00,3.075619169528703623e+00
-8.674745454473293815e-01,1.800862543178995745e+00
-2.589456636753668106e-01,1.256442665817301574e+00
1.042434271789592248e+00,-1.974314966512289715e-01
2.117731459225854262e+00,-9.905931773247763639e-01
3.455777120118819656e+00,-1.666862952100533812e+00
4.103292432355168273e+00,-2.256205901950589343e+00
3.985781978968660155e+00,-2.520513894590070691e+00
2.956939596968267026e+00,-2.225978859823380507e+00
1.938365458818969822e+00,-1.977131051498107750e+00
8.469547179763787792e-01,-1.565934066793816637e+00
8.469547179763787792e-01,-1.565934066793816637e+00
6.626348797487060516e-01,-1.138995512785025310e+00
8.369695543555452089e-01,-9.749780475852072303e-01
4.977497304592723437e-01,-7.372396599010067053e-01
3.172649434400598989e-01,-9.272104399129806884e-01
1.217562210513855048e-01,-7.399118372645341335e-01
4.516215985158508750e-01,-1.205122892468667439e+00
1.461155308912589490e-01,-1.167937980485741267e+00
-2.096114589556875296e-01,-1.305477913119478250e+00
-1.301809312992439738e+00,-9.014734451963108963e-01
-2.089172766487991773e+00,-6.344077687253500963e-01
-3.028320576035476108e+00,-8.700017940466986399e-02
-3.725022805695294092e+00,5.585704310715843279e-01
-4.246248000355241636e+00,1.020992627631933214e+00
-4.021187011231969421e+00,7.421757198801904876e-01
-3.530334744748094611e+00,2.163359637838373761e-01
-2.544253709033470923e+00,-3.839779918394455871e-01
-2.301182944243826523e+00,-4.786296802418323337e-01
-1.582411439053501123e+00,-8.197112323059801975e-01
-1.550624144354808776e+00,-8.049870339325335689e-01
-1.159839691094463499e+00,-1.013690606955287565e+00
-1.011057302904715849e+00,-6.609759265921943960e-01
-1.653717467306866418e+00,-8.074045037833060823e-01
-2.089172766487991773e+00,-6.344077687253500963e-01
-1.996070217463160601e+00,-8.250784402586586186e-01
-1.693706356215018527e+00,-1.034890578050676746e+00
-7.600347292403386579e-01,-1.180452544650719471e+00
-6.634697472456532186e-01,-1.070148902902918753e+00
-5.209040826669810720e-01,-1.076705202822341390e+00
-3.798975345528335934e-01,-6.269017944288114430e-01
-1.954263794884778249e-01,-4.281415569169848001e-01
3.905085631434123683e-01,-3.499882692733409795e-01
4.577943063284010683e-01,-6.467423963956365762e-01
6.102678516462242131e-01,-4.635247607106564582e-01
3.029060367239291840e-01,-1.244357666817359209e-01
3.357277096564503238e-01,-3.038433340945240757e-01
-4.628549487220995351e-01,1.318867567221220227e-01
-8.746915743695334866e-01,3.421926303400786296e-01
-1.303439037751659146e+00,7.861645111826300880e-01
-6.835319555956281823e-01,2.936160069803921968e-01
-2.967581303554451266e-01,4.728036225022467370e-02
-1.701662964144713408e-01,-2.347299605010150225e-01
-1.316675942267191979e-01,-5.092082109392488398e-01
-8.610543281724815368e-02,-7.510224233744294819e-01
6.304915528099941380e-02,-5.214604664541020451e-01
2.506461408530494817e-01,-5.651388692894075971e-01
4.486620103834536022e-01,-6.114911657738384410e-01
4.772542392243839249e-01,-8.118111289638287875e-01
4.588616113592663970e-01,-8.876342155193287509e-01
-2.021964646643509972e-02,-5.097691549661970134e-01
-2.805319208933277908e-01,-2.312995589205741886e-01
-4.854378908425652783e-01,5.959018890108570832e-02
-1.721058603248832586e-01,2.732770103859627486e-01
1.831920012387455027e-02,5.917006360136994880e-01
4.910057489810449871e-01,7.681706079345964611e-01
1.472718522163360078e+00,-7.860290979093511599e-01
1.513005133348528375e+00,-1.352158811407283778e+00
1.312606164302526635e+00,-1.910803778165189426e+00
3.403349278787278775e-01,-8.751454297578352692e-01
2.724088878458365559e-01,-1.057667852674549991e+00
-1.398757342057621589e-02,-8.571355498722650346e-01
-5.305142675202371150e-01,-9.960122795144525920e-01
-1.217438240846272501e+00,-1.096392216533601971e+00
-1.590337587560518573e+00,-1.475895645447319549e+00
-1.590337587560518573e+00,-1.475895645447319549e+00
-1.413171148694627455e+00,-1.370884082198741361e+00
-1.118445933596580844e+00,-1.112015489854362160e+00
-1.241835150279824163e+00,-8.876770159437284979e-01
-1.415306725814369893e+00,-6.507529299404476442e-01
-1.869930271829005841e+00,-8.073322323784318799e-01
-1.977889611401010495e+00,-1.013182879061947705e+00
-1.694591323180543396e+00,-1.333539720828931463e+00
-9.959035138935360409e-01,-1.558162930841412219e+00
-5.325496298885221691e-01,-1.431682048785868577e+00
-5.275785577156145711e-01,-1.074815330754727905e+00
-7.973489023205202475e-01,-9.713815455586937153e-01
-7.855492411426139299e-01,-1.193182336174682057e+00
-7.908430145921163668e-01,-1.472360434804587781e+00
-5.439633118420015290e-01,-1.304220621794651036e+00
-3.425658578095581164e-01,-8.986227410827418716e-01
-8.754013835247886899e-02,-2.646599445574354670e-01
1.485457758498252324e-02,1.457801699980068311e-01
7.633603147398193567e-02,5.309269256272016735e-01
1.730427133724845579e-01,6.336415495071117121e-01
1.638342688133158920e-01,8.259699569685281517e-01
7.040365264828208902e-01,1.203593610109773726e+00
1.170891309938429936e+00,1.581669769359806077e+00
1.643381748197349834e+00,1.857844049277628917e+00
1.604173957865480338e+00,1.780352876870824774e+00
1.113551055448790184e+00,1.329455356073383276e+00
3.391321963175020771e-01,6.318010255778547801e-01
-4.956308382325950307e-02,1.046145518246042738e-01
1.003818521673537634e-01,5.840751048447166693e-02
4.207115996437003624e-01,-6.309257300299007942e-02
1.179560373406337986e-01,-3.455042957385485169e-01
7.535955075259009872e-02,-4.474784725546701036e-01
-1.962768568372817712e-01,-3.731906500628884849e-01
-2.200646002290741199e-01,-5.166070653308273419e-01
-6.473478945005182172e-01,-5.821728170609311581e-01
-7.249795694780916122e-01,-2.565282071866761271e-01
-3.862785335187358116e-01,2.614417310045439313e-01
2.177343676120345461e-01,5.320592033809132815e-01
4.626439898950826524e-01,4.644935867664089502e-01
4.706487985515032113e-01,7.342461682954551927e-01
-1.686165038762589552e-01,8.438415735545725660e-01
-3.320943770654157801e-01,4.066236236482263511e-01
-5.956314483617932698e-01,1.296083892258690501e-02
-3.702515811835898618e-01,-5.020943567614013503e-01
-4.856941719315184258e-01,-9.324776738357721806e-01
-6.257299245947370858e-01,-1.367493022790488233e+00
-8.415273322362870623e-01,-9.177571184577133501e-01
-5.039225287731580183e-01,-1.584226440055252760e-01
-1.084904274957206212e-02,5.921253026368838990e-01
1.979578929172715607e-01,9.946200551631135811e-01
1.700388570287660328e-01,6.557058798459076687e-01
-1.294677429725289985e-01,1.132739288549697299e-01
-4.150620662189578036e-01,-1.522805268961101022e-01
-6.448503052084574305e-01,4.426382350567135276e-02
-5.769715581234886592e-01,4.448021413321566198e-01
-3.075400391550630053e-01,7.458601325734364185e-01
-1.017602128766557923e-01,1.016155100119307875e+00
8.241120576951020960e-01,7.687730257492759733e-01
1.334581969898962273e+00,5.316413972728056825e-01
1.753067596673308470e+00,1.020588493697971444e-01
1.189396983923204809e+00,-7.071251535544581523e-02
2.901463245058171769e-01,-2.908317801528136903e-01
-6.865578165652329590e-01,-5.674618975108337571e-01
-1.350806521228480550e+00,-8.131072328344428612e-01
-1.722417553236801346e+00,-5.934262569282030553e-01
-1.757511196445060042e+00,-1.424924171459201749e-01
-1.398781320470094514e+00,5.404179058820941517e-01
-6.596417262274345550e-01,7.988156998344918547e-01
-5.617591213174644160e-02,4.890952731448709456e-01
1.489686121545220898e-01,3.627332562085403556e-01
-3.764160901467115683e-01,-3.630155644981345464e-01
-1.192928415556196775e+00,-6.654237296619032183e-01
-1.549224472197695990e+00,-1.599741934868403659e+00
-2.009781345018184950e+00,-2.616521182048872962e+00
-2.222057322680131897e+00,-3.543665824813148291e+00
-2.435351760391948339e+00,-4.158036509969792682e+00
-1.884605896342043341e+00,-3.963630519286226672e+00
-7.103738465679573233e-01,-3.574070716996263553e+00
-6.531729300628608126e-02,-2.247138646271449769e+00
4.690968833689648093e-02,-1.156490857049959020e+00
-5.543068716161485554e-01,-3.416040662772980990e-02
-1.065271477358662233e+00,-5.103544330161577935e-01
-1.325713940950828063e+00,-9.266401079678960873e-01
-1.578570454321541527e+00,-1.162481238960856533e+00
-1.578570454321541527e+00,-1.162481238960856533e+00
-1.549224472197696878e+00,-1.599741934868403659e+00
-1.483169369349440325e+00,-1.578890522294706500e+00
-9.660046893224571996e-01,-1.269327486900505120e+00
-6.054346717014984502e-01,-5.491670339141999646e-01
-2.215110523467365145e-01,-3.158955238455022352e-01
-3.322664388021020487e-01,-2.639140787856798509e-01
-5.305636730562949266e-01,-3.277811897024653781e-02
-5.535645286336282611e-01,-1.301044238305066880e-01
-4.102813911694245252e-01,-3.312401637112225017e-01
-2.803181044460481205e-02,-5.876459600956359663e-01
5.640684057891992564e-02,-1.173999012030186417e+00
-1.180556491437203676e-01,-1.455143025417598990e+00
-4.012631105306375678e-01,-1.497531201089393305e+00
-7.189413057655702488e-01,-1.153437992232052123e+00
-8.401920863966423347e-01,-8.548744565032039278e-01
-8.744304365718309491e-01,-8.239690977896531043e-01
-8.579692881791076697e-01,-4.772867347839802044e-01
-8.465799405481168050e-01,-7.606836322462562361e-01
-7.018753905880623645e-01,-9.920766002103326153e-01
-4.357606439636181328e-01,-1.246682561337004058e+00
2.086234737074556811e-01,-1.148990580736604761e+00
7.898296105484808871e-01,-9.961775149545687436e-01
1.164889327185557155e+00,-1.047018127794825837e+00
6.218513271129600950e-01,-6.794495728385764322e-01
-1.054516237912683091e-01,-8.796474041777778696e-01
-7.018753905880623645e-01,-9.920766002103326153e-01
-6.771893021559016734e-01,-1.232824650481855633e+00
-6.067153774555863466e-01,-7.303210843459196910e-01
-5.842636296077234892e-01,-1.662382690823425435e-01
-2.991557595586332718e-01,6.552612105191608916e-02
-3.355962739390837002e-01,-6.000461868439979640e-02
-5.233865075910018039e-01,-5.673198093375583229e-01
-8.621272264552938269e-01,-8.724359154617349343e-01
-8.417229389619748092e-01,-9.745269675855792180e-01
-5.870390872891385614e-01,-7.416336614272815986e-01
-4.535763624301150654e-01,-5.545453485368020408e-01
-4.263819600534338727e-01,-5.910505280095689207e-01
-5.074643170917308987e-01,-7.636643465294679078e-01
4.462014962344674207e-01,-9.573862815654419212e-01
1.084671141588727794e+00,-8.894935334643863101e-01
1.467446541948658201e+00,-7.419763790999349684e-01
9.877871144267222903e-01,-2.717288119717605754e-01
3.768667308167857888e-01,6.303528127775240297e-02
-3.539826186768492144e-01,3.667774174113683783e-01
-7.548341582745605738e-01,3.650632346694603902e-01
-1.220112568172985190e+00,7.678630462024141901e-01
-1.220112568172985190e+00,7.678630462024141901e-01
-1.038607512415477219e+00,5.970234931916168497e-01
-6.289931559018789864e-01,-2.922754915418191227e-02
-1.767513427931040604e-01,8.181053879110582183e-02
-3.746270126740896544e-01,3.927932145992084623e-01
-4.363586216641167637e-01,6.128896196801945084e-01
-7.472356994168283251e-01,4.326524970366299461e-01
-7.922309524343644771e-01,3.098696941672630656e-01
-7.045246244169914851e-01,1.659414826913769014e-01
-4.404861328447542967e-01,1.522988610860837033e-01
-1.864784819124181980e-01,2.694579086468970042e-01
-5.682950228289814637e-02,4.335900898168471018e-01
-4.003112837181122680e-02,5.967406601304368063e-01
-7.741523626411239700e-02,5.966005914155408929e-01
-3.495295449618427974e-01,5.556268951652552079e-01
-5.496015605249489067e-01,1.426371023765342083e-01
-6.627340835008768138e-01,-3.410894002649247359e-01
-7.897654210530025143e-01,-9.275947072872058330e-01
-8.018802348967544180e-01,-7.934265335841560463e-01
-1.174561781646956460e+00,-9.259377002165077863e-01
-1.267089892564562836e+00,-9.580063585561255923e-01
-1.865321283355630522e+00,-9.586754235030447990e-01
-2.409955653758875105e+00,-4.298671056137106095e-01
-2.706720329856890483e+00,1.681677042250837029e-01
-2.870531210327587956e+00,5.505603377812586796e-01
-2.109152759060438420e+00,5.526853165170095838e-01
-2.233303204023242561e+00,5.802199340390518101e-01
-1.548224413216849227e+00,3.147448039233191053e-01
-9.596103885990741045e-01,3.966536705015865499e-02
-7.361126785758648206e-01,-1.051128662982372119e-01
-4.794753614614487569e-01,-3.169921653174024301e-01
-4.642734938526886790e-01,-8.556177900156489158e-02
-4.100203423494123700e-01,-2.555257313282895820e-02
-6.157678870677546490e-01,-1.550090646736648203e-01
-2.614892956304241123e-01,-1.743806585554190380e-01
-2.383223959845632012e-01,-2.011282036329321843e-01
2.003983623380292400e-01,-1.053481883238443079e-01
4.383640479169906290e-02,-2.507273982425010650e-01
3.589868058315907606e-01,-1.822776415451377030e-01
6.747043514235798733e-01,-1.574300086705227586e-01
1.048806444973144458e+00,-1.916030829812548908e-01
8.936750342328546592e-01,-3.356840262749225534e-01
8.936750342328526608e-01,-3.356840262749222203e-01
5.140725208521607081e-01,-8.476618827353999963e-01
5.032956556132924808e-01,-1.071278740110885863e+00
1.868361000126022020e-01,-1.152313529396040481e+00
1.665533232170210154e-01,-7.209143651701994671e-01
4.929464210322695439e-02,-1.805176677803273788e-01
-2.777327372522769844e-01,7.257273387518204874e-03
-5.897580185562983912e-01,-3.476745881041309882e-01
-7.678238035137936457e-01,-1.143266421646955466e+00
-6.672388038849734748e-01,-1.620341185227760272e+00
-4.087583216956735543e-01,-1.592807867481871531e+00
-3.215937800814133718e-02,-1.336214174974924562e+00
-1.318413056799631056e-01,-1.185932991145558280e+00
-2.138039677674219152e-01,-1.052214773233843381e+00
-3.242208653355771464e-01,-8.050948703023150799e-01
-7.032461263878440894e-02,-4.420207607947281292e-01
5.119138962706747120e-02,-9.092260874678043114e-02
3.374981371800685886e-02,-8.045312764999219563e-04
7.375752148460386348e-02,1.342701734814412962e-01
9.070762907188149871e-02,2.116291066345089011e-01
6.893714885976320872e-02,2.795941571853102214e-01
2.272716793330205320e-02,1.786409933090916669e-01
1.060048636369046934e-02,1.962666939077529205e-01
1.772191505103741863e-02,1.976548304543891132e-01
-2.838316071959265385e-01,2.381880387359601170e-01
-2.220285688058553086e-01,3.316952046342784843e-01
1.852180062684697370e-01,3.094768356123297481e-01
4.451828088856163435e-01,1.749313457402467686e-01
4.911266469986379501e-01,1.154359003368759240e-01
1.392547692651144586e-01,1.464621259422929089e-01
1.571905717419446458e-01,3.310230993972051450e-01
1.864282653433956272e-01,3.442372456094039967e-01
-3.007515177996871944e-02,2.295764064695753059e-01
-4.149075071577620344e-01,-1.373777248339329016e-01
-5.696349840087374661e-01,-1.977956645757475707e-01
-5.866362772559056138e-01,-2.958342440921670757e-01
-8.550481692381443899e-02,-5.137594765385520290e-01
7.837814852746102234e-01,-1.616161981923845969e+00
1.770209840608865992e+00,-3.014695259250172121e+00
2.954881084014314041e+00,-4.567367703575770044e+00
3.469894754531843262e+00,-5.559179518423112754e+00
3.359294047572094488e+00,-5.831301356894418753e+00
2.060045385457047296e+00,-4.501321149158968637e+00
7.873477590513522362e-01,-3.022758248961629590e+00
-3.885564322087304845e-01,-1.339493446466640147e+00
-5.916222961220559684e-01,-8.740412469551130936e-01
-6.860361835387094320e-01,-2.038504506234567193e-01
-4.271799236837308111e-01,1.271417353616091095e+00
-1.227014352039491468e-01,1.837535283998670499e+00
-8.297984194930562579e-03,1.817174048434033296e+00
-1.958632038819660415e-02,8.454204595360352847e-01
6.132902566034124058e-03,4.255156050006511648e-01
-1.109585115267083463e-02,1.691722478557159681e-01
-1.048912634404265548e-01,2.945498111871110436e-01
-9.096262528393739277e-02,4.505145946280048053e-01
3.626647588796785837e-02,5.199152958513029166e-01
-1.350385835822418557e-01,4.928615082500895084e-01
-5.207394321628466133e-02,3.021495655814548931e-01
1.965253393917117397e-01,-2.879157767643106269e-01
1.096456425108343291e+00,-7.447932926653707542e-01
1.782809050126560990e+00,-1.100948189229688401e+00
2.031344373692405725e+00,-8.751294551718471482e-01
1.600595473342495856e+00,-7.204516373008146291e-01
1.218089641031469661e+00,-3.466792564490400741e-01
1.193378941994553522e+00,-3.609230863739652517e-01
1.747623677484082982e+00,-8.437490262330450408e-01
1.759533530250508848e+00,-1.843668637746534777e+00
2.060132172726988120e+00,-3.477816566290707012e+00
2.628250140743337848e+00,-5.579576603504080801e+00
3.545824100938295587e+00,-7.130587911630484221e+00
4.429522815900277521e+00,-8.769163457276251350e+00
5.003182199555028298e+00,-9.516833143067074730e+00
5.340157471213459850e+00,-9.698320061407365245e+00
4.509448745095431477e+00,-7.518994371385015363e+00
3.730549833006849170e+00,-5.712398955112796273e+00
2.800830043691065807e+00,-3.972060245094072073e+00
2.226404465809363575e+00,-3.162126032529501085e+00
1.267998112249382192e+00,-2.042419632986010480e+00
1.275180108184729155e-01,-1.321949296785144723e+00
7.959287778729081872e-03,-9.174147755926307379e-01
-1.775725446647564154e-01,-4.640929161635878319e-01
2.452945468054316611e-02,-2.520607920051248230e-01
-1.852075404364470768e-01,-3.567130553227256251e-01
-1.869463875499263183e-01,-3.090572472414629956e-01
8.502782670151214084e-02,6.390582122625644568e-02
1.132942463574662939e-01,2.620181165133482204e-01
1.967646177777755412e-01,3.891064977784514101e-01
2.026070648640089789e-01,3.922952462772995030e-01
3.414851208678193473e-01,1.173238604068536223e-01
4.479915788568301083e-01,-2.919532257902296979e-01
5.440580477730770914e-01,-9.738944159733566863e-01
6.202714680136788283e-01,-1.673430850236276912e+00
3.805042632537430913e-01,-2.006299152651510820e+00
6.800303689736642010e-02,-2.059040692752732937e+00
-3.608443716610443275e-01,-1.630112563726259456e+00
-6.154014255676990564e-01,-7.488358370789189866e-01
-6.361495025709242856e-01,9.312418839298869377e-02
-5.881379406261301179e-01,1.884695429154106816e-01
-5.411532164969705683e-01,2.653758957189921927e-02
-5.911087508472273599e-01,2.529206592216983740e-01
-5.920319679907637411e-01,1.318401653050994993e+00
-3.879573955972913657e-01,1.510065613698872378e+00
-1.455165855287101628e-01,1.180203524292935402e+00
5.163353159844402684e-01,5.398755660956843228e-01
5.962462219516695416e-01,7.449926181333745845e-01
5.881986576605392480e-01,9.955905708983256996e-01
2.642446038882037551e-01,8.670877022040117676e-01
-9.189107602967605537e-02,4.840615207096916617e-01
-3.098194762343392528e-01,7.343732440926289788e-03
-6.095939372276639734e-01,-5.981991610698870199e-01
-3.717594027322535521e-01,-4.061153735116004859e-01
-3.450177450304299787e-01,-1.372963864107972776e-01
-8.091077204802199496e-02,-1.057249312069385022e-01
-8.454823073773923281e-02,-2.212183676301577029e-01
9.901463917621931843e-02,-1.566829796136928743e-01
1.476035899470782287e-01,2.619465837656167473e-01
1.219457169063346835e-01,3.247859231450931361e-01
2.143949413459771969e-01,3.530853820826879153e-01
1.718334258239919143e-01,1.709677090756919760e-01
2.978073506454666508e-01,-5.900481873436460439e-02
2.517802679842387481e-01,-2.908952343211685387e-01
1.887305389604275740e-01,-6.444768209585207686e-01
1.468391415432466762e-01,-4.851119955296042674e-01
-3.793187546056141224e-02,-3.895883308325567840e-01
9.359315479149627956e-03,-9.259790383078737516e-03
-3.245365760170277475e-02,-7.519379574597914728e-02
2.052631674386207195e-01,-3.486138306839707823e-01
3.363535836549184643e-01,-1.994687157345172712e-01
3.447089301097122083e-01,-2.701520519544799437e-01
3.458749319143447076e-01,-1.480723009737180407e-01
1.065757645885731797e-01,-8.796649534105693835e-01
-7.071827451197237879e-02,-8.561012497690663192e-01
-6.804261062653914616e-01,-6.827325549021643347e-01
-1.100047684538575155e+00,-1.122152927802654160e-01
-1.266529129236514395e+00,-1.773964312447945391e-01
-1.118904184730203921e+00,-6.616625799860839652e-02
-7.444429571575594817e-01,-7.772891477360668877e-02
-5.880462363878821153e-01,2.502984744619088028e-02
-6.012764665811115572e-01,-1.397341372714930308e-01
-9.344159022241516066e-01,-5.451339599267018832e-01
-8.496902088885329718e-01,-6.347020412609553075e-01
-5.405396526423080772e-01,-5.837892596205725981e-01
-2.093387113846922054e-01,-2.331276678630130605e-01
