1.060343221978038208e+01,8.198797627203999738e+00
9.867360190303696044e+00,8.259335178809116940e+00
8.022134876236412637e+00,7.506012680096524115e+00
5.871362952878150132e+00,5.940192987050918028e+00
3.800041988897275402e+00,3.682439218110800550e+00
2.152351750036034517e+00,1.378230448948502440e+00
1.706265047191085404e+00,-9.661871008140945349e-01
2.205500034896998418e+00,-2.851387206221160486e+00
2.463272160774254260e+00,-3.966309382776009418e+00
1.968627782320208075e+00,-3.785701876415425549e+00
1.073514035884309381e+00,-2.916891735745660075e+00
3.555299646776095557e-01,-1.632254531434691458e+00
-5.523100133064540868e-02,-4.296936909103772906e-01
-6.597111293175710392e-03,-1.367235926465141804e-01
9.698787049660931303e-02,-6.093965636815167342e-01
5.094190090227326134e-02,-8.897048677011920592e-01
1.186695252077817585e-02,-7.796963919496171513e-01
1.076817126663498908e-01,-5.365463955568124943e-01
2.928758330572944213e-01,-4.493419262247847490e-01
2.101695336253937285e-01,-3.999412950785620757e-01
-3.228491775607987124e-03,-2.582757551315600364e-01
3.497802796063372716e-02,4.534183905226535360e-01
2.530475287758272018e-01,6.281058719546713798e-01
2.230671176869150896e-01,2.315797894618909780e-01
4.537330718661598539e-01,-3.364665838323711577e-01
7.698245210157725893e-01,-5.434944606162120939e-01
5.364877287677138895e-01,1.553756777506673792e-01
1.659506113399134841e-01,8.061828234486684286e-01
-5.446899723166880036e-02,1.622796583358842248e+00
2.657827721453301373e-02,2.461256468345475401e+00
4.917717533621203119e-01,1.851805330529054050e+00
6.219208988714144404e-01,7.086004383287238806e-01
1.976829588067052779e-01,5.204710554718826598e-01
-3.189476461304933674e-01,6.041230124148623259e-01
-7.615295179549447235e-01,-1.729604994244045291e-01
-8.303047051929757227e-01,-1.282928507236920312e+00
-5.993531498524521384e-01,-1.322047498839510116e+00
-2.654335570810601452e-01,-6.648071242522353153e-01
8.830972258385412499e-02,-2.102783229593307990e-01
7.355485128030427866e-01,-4.603102621859105764e-02
8.614603399061134814e-01,-3.723301884661097544e-02
3.791071534488171246e-01,1.355826821333494785e-03
-3.656330431673939646e-02,6.408829954668525397e-02
-5.122439055741622171e-01,1.512673830932392827e-01
-3.352409808299234295e-01,1.004105791827088062e-01
3.612011606959504295e-01,-2.623270081765316508e-01
1.448121865868573055e+00,-1.683740459330899553e+00
2.493780608636201102e+00,-3.425997315024636336e+00
3.267359447703820141e+00,-4.403108143907279448e+00
3.379954203323147333e+00,-3.853028253920186330e+00
2.739784561849783806e+00,-2.125843777916766708e+00
1.599716119555849358e+00,-1.804465205134594963e-01
1.136996801606814378e+00,5.019020620237067964e-01
1.726053051976120134e+00,2.664563913434144227e-01
2.029231297534880074e+00,3.507207432431130867e-01
1.725520734330280748e+00,2.667107081508816591e-01
6.107310707827452445e-01,-1.201459867134812010e-01
-3.399043813406891212e-01,-1.451566222445518917e-01
-6.916591191125340821e-01,1.718202440698654299e-01
-7.922478960917831436e-01,3.011755657307485512e-01
-7.478527167995558944e-01,1.478930390073056877e-01
-7.434543040302308281e-01,-3.591635346599179046e-01
-6.082493101096385635e-01,-8.991312149195113124e-01
3.590511052330022101e-01,-1.245954732862494252e+00
1.826179290524890808e+00,-1.365187553626212802e+00
2.632482521564167843e+00,-1.158320149946289401e+00
2.565149300582859837e+00,-6.521156805512855481e-01
1.724307765961676342e+00,-2.211760460266188610e-01
9.357642524493641201e-01,-1.902071271688108578e-01
1.061082053264942759e+00,-7.344801648583137998e-02
1.172484364164658288e+00,-1.125022545633167503e-01
9.087116558710954806e-01,-5.381922706620587693e-01
8.310932619290690715e-01,-6.957769071178745435e-01
1.006260895364314401e+00,-1.931632832582814485e+00
1.150081658210142743e+00,-4.070319900962513060e+00
8.631677188363711117e-01,-5.404985411295005093e+00
2.172365994945741063e-01,-5.231169855090246124e+00
-2.087044047969680294e-01,-3.852853390753521179e+00
2.826870281513435904e-02,-1.946565240763151294e+00
5.325457653934300151e-01,-6.202500098186839450e-01
5.204225453743381857e-01,-7.630906529188937748e-01
2.625425683921114861e-01,-1.423917100032045191e+00
5.270121327490693286e-01,-1.637931759064886972e+00
1.140722004205945606e+00,-1.448373034103138224e+00
1.325869784788909156e+00,-1.347609229035052758e+00
9.613300596007849919e-01,-9.906726036900743715e-01
1.192209283515218710e+00,-1.707700412211990981e-01
1.917018284416152074e+00,3.804303142685275252e-01
2.160552660889999199e+00,6.207684227747504169e-01
1.785461251198899868e+00,3.805183517286412354e-01
1.105607416346894967e+00,-1.851529274103647926e-01
5.102736101103187982e-01,-7.349676628221239738e-02
2.230671176869150896e-01,2.315797894618909780e-01
-1.206383687975313328e-03,-2.579412258397690283e-01
9.007252966928312038e-03,-4.884648380578659466e-01
-3.228491775607987124e-03,-2.582757551315600364e-01
-4.498858608713807716e-01,4.490228285650778584e-01
-7.406743466759244665e-01,3.681231127060148323e-01
-6.159937542157224444e-01,-4.790263111661752782e-01
7.625575003994140844e-02,-9.716492891992193348e-01
9.482678600614692366e-01,-9.788427352020692140e-01
1.131671652651509374e+00,-8.540411655351739517e-01
6.532733259563567874e-01,-1.121461334558792045e+00
3.849150806354685872e-01,-1.589910054855561361e+00
7.135360976550585155e-02,-1.568516533399802348e+00
-2.700328910809615679e-01,-1.198663038029826655e+00
-8.369446891465723293e-02,-7.822398170140580920e-01
4.748081693993319585e-01,-5.845900236161225560e-01
1.814438980676867930e-01,-7.081252692485725531e-01
-2.954292817341052091e-01,-2.511951002786837472e-01
3.641922535949456557e-02,6.312150678267864912e-01
3.657266530886841283e-01,8.138753271328798000e-01
5.987960790535212796e-01,2.047094933085913671e-01
3.382673222791322543e-01,-5.761898747096948492e-01
-1.793643467765385080e-01,-9.006671784093640554e-01
-3.678830637184880570e-01,-1.010107863919383009e+00
-2.279804639642604158e-01,-6.815812178374440755e-01
-2.826875723167732724e-01,-6.452614009897346126e-01
-6.620595005086604701e-01,-8.083464650521214878e-01
-5.851600363107676284e-01,-6.053969548512058152e-01
1.866061954886566454e-01,-5.613756399382343609e-01
8.958500513580248681e-01,-1.278582354203227078e-01
1.056860429046692529e+00,2.544171628264305096e-01
7.101805735025811250e-01,-1.244283006591232199e-01
2.018145269958021015e-01,-2.912300371799181331e-01
1.498903320340506662e-01,-1.072583781534049541e+00
3.396360213899284886e-01,-2.458594597501706946e+00
8.702505380243806821e-01,-3.208967149830749932e+00
1.105991637877954403e+00,-2.921947917543018747e+00
1.000851374663882964e+00,-2.048419016881314114e+00
7.804021289630781455e-01,-1.213115172850887102e+00
6.746168055339490932e-01,-7.263228761694828783e-01
1.576271266129853632e-01,-7.943976696458681097e-01
-6.618212329639650005e-01,-6.369788611548204971e-01
-7.251010641447054317e-01,-5.990701417767079207e-01
-2.129694667751034221e-01,-1.384985039827173248e+00
7.629223505035252631e-04,-1.276150205147940975e+00
5.959769158374477599e-02,-2.817190617755653270e-01
1.334802272052678374e-01,5.809397397546862685e-01
-9.596274514103171616e-02,1.323169614987125042e+00
-5.243043897369765727e-01,1.617853753269233863e+00
-7.902342436340566989e-01,1.005270789995402092e+00
-8.137628006882441367e-01,-2.637894472975227389e-01
-1.350209009905037005e+00,-1.546723704781205244e+00
-2.226845318177159694e+00,-2.062060925714606974e+00
-2.411610595357416287e+00,-1.540537126860604067e+00
-1.624113953038673452e+00,-1.035416776798330982e-02
-3.814781106815728351e-01,1.569947372568353705e+00
3.877775289970444850e-01,2.134865670890609746e+00
2.629094010932882530e-01,1.579231801167935600e+00
-4.393237116533276615e-02,5.473521051369835133e-01
6.264641081268992016e-03,-2.730096014911157290e-02
-1.914237540763309431e-01,-5.091706990495438179e-01
-9.587741017278252897e-01,-5.904385607155777649e-01
-1.515648737381359634e+00,2.162541248442621522e-01
-1.417812931239356811e+00,1.321376475482297197e+00
-6.077375191537972565e-01,2.158593205563350104e+00
3.972059667271883310e-01,2.289145313430608564e+00
9.816520519561525715e-01,1.723069090557703520e+00
9.075930671053767940e-01,8.610670762966365910e-01
4.441894439187261123e-01,2.314853177562466724e-01
1.891071987173227886e-01,1.551243012234631846e-01
4.834756791884332605e-01,-9.637277107914886398e-02
1.015245854605753228e+00,-3.325452976354532075e-01
4.516699099562933029e-01,-2.844963106479019288e-01
2.465627965614390626e-02,1.336706885680426782e-01
5.945896903869805072e-01,6.596476447849255464e-01
4.565503632050944005e-01,3.299823837630082579e-01
2.846107393522802065e-01,-6.556473349298168329e-02
8.162380287648369759e-01,9.644142861349161433e-02
1.026144530791189613e+00,-2.175324018240283874e-01
3.748122132878412560e-01,-1.132652276865056817e-01
-3.182989763297113250e-01,3.974382829788007943e-01
-7.288549048266602659e-01,2.540889258927894745e-01
-8.287481562391204593e-01,-2.379362131119952262e-01
-4.755927998382378230e-01,-5.784838097345715857e-01
2.960996262982320548e-01,-5.313722182167454067e-01
1.015245854605753228e+00,-3.325452976354532075e-01
1.080442467147682439e+00,-5.749360945021017022e-01
5.873240768420651126e-01,-6.488086928081494564e-01
1.436328412164270540e-01,-2.249831828878183504e-01
1.297709787310066809e-01,1.427528055392994488e-01
4.535030531654649644e-01,3.207405504231238824e-01
1.007491306270730691e+00,-6.011887152731196227e-03
1.353843368693350868e+00,-6.266857228908609967e-01
1.532362257167664721e+00,-9.887271023559716099e-01
1.551381827013943004e+00,-1.162432799942763939e+00
8.311042601303837429e-01,-1.435374798637439664e+00
3.594993409293100600e-02,-1.601624958040672286e+00
1.716637806097565111e-02,-1.581590093231812322e+00
8.106400211760241836e-01,-1.413547288438130600e+00
1.397764376406489095e+00,-1.175145279391238029e+00
1.144304507290092809e+00,-9.585359720975495934e-01
5.164764415663575248e-01,-9.329927386828369418e-01
-7.888902342655829125e-02,-9.987745918058781314e-01
1.002809469605862314e-01,-3.526222165813279741e-01
4.534311164331515931e-01,1.171630221598653487e-01
2.676259752744090670e-01,2.208052714794763449e-01
2.011896917008729746e-01,5.176630369582799762e-01
3.674335176827203675e-01,4.408606140855683142e-01
6.445546597780170694e-01,-1.194236984148243363e-01
-1.079208983420313211e-01,-1.180047515238111355e+00
-1.744470037795828876e+00,-2.378860063688295057e+00
-3.136428055826560257e+00,-3.105182840209950168e+00
-3.697259101242485357e+00,-2.822840512344029218e+00
-3.505729104593439782e+00,-1.737498605599392398e+00
-3.137876324605969991e+00,-4.673151447247263501e-01
-3.565345811269090337e+00,7.904054704169024559e-01
-3.106502785025995639e+00,6.919032075274476057e-01
-1.596492548823809310e+00,5.010304988393053660e-02
-6.397839526129383003e-01,5.400609841004566647e-01
6.120467026907497332e-02,6.056984277307639886e-01
-3.179342050780716022e-02,1.732585734787204512e-01
-6.943862719543335282e-02,3.011947640279927785e-01
5.256523931915456360e-02,4.318057513053963903e-01
1.318403752356277769e-01,3.702691613635785695e-01
2.191748148675058128e-01,3.158677674088452014e-01
3.421895901814255014e-02,4.560534846381547602e-01
-4.317661255216167504e-01,8.079120689702979918e-01
-1.042579299828169770e+00,1.264963036260611684e+00
-1.826903895038819670e+00,2.054517751982235740e+00
-2.292107348660553434e+00,2.677536492341586527e+00
-1.866051227241576793e+00,2.301241167081150785e+00
-7.386044873509965969e-01,1.040630460442874439e+00
-1.362990842642688716e-01,-8.013485907507302830e-01
1.234061197798218615e-02,-1.290389180429245330e+00
7.880017310194735725e-01,-4.590567487363168553e-01
1.625796296032432586e+00,4.834008403137022292e-01
2.053771619173524243e+00,8.959254564873420090e-01
1.977380744102689381e+00,8.574353344330468696e-01
1.368108663758430987e+00,3.913365177417148510e-01
1.352653812462504268e+00,6.516117272769726687e-02
1.729919511889679073e+00,1.112446253545293917e-01
1.547515420215863635e+00,1.437261596666530028e-01
9.038954460592993900e-01,2.475924297684036213e-01
2.111888821331088240e-01,3.246346410709807784e-01
-3.237082711608259000e-01,-8.315832727650457334e-02
-2.384173013634084959e-01,-6.911685172921969711e-01
-1.359516425089193382e-02,-7.388498752488730226e-01
-2.481311297816944650e-01,-4.091055355332779975e-01
-2.716713510679279464e-01,-1.754276098899730241e-01
-1.498319730404141896e-02,1.895009374511333420e-03
4.589640669595761446e-01,4.560467029500905878e-01
1.055368936848834815e+00,8.449727256559620425e-01
8.990315233011142437e-01,9.021525816151981791e-01
4.411717068405936887e-02,6.180989918962381813e-01
-5.943964178219872663e-01,1.763750056041714365e-01
-6.100681977329146521e-01,-1.295909660852702927e-01
-1.034335283658960325e-01,-5.949493611629643602e-02
3.432846623852944257e-01,5.491439467893061838e-03
4.411640656110921155e-01,-1.578552704778323768e-01
2.051594768455388684e-01,-2.052626878841888880e-01
-1.030861930387635267e-01,-1.396849093175873413e-01
-1.940173665846974538e-01,2.553152740454082623e-02
1.519283747484138081e-01,4.185929302065052870e-01
6.212093796761660736e-01,6.189234104609471210e-01
7.102069269030351073e-01,4.832052095720522078e-01
5.573778284439767639e-01,2.688712906075741982e-01
3.527979421651710745e-01,7.177279066713959654e-02
4.693129387435692745e-01,-2.862284214434032137e-01
4.430177256940658892e-01,-8.965440449481305585e-01
2.393112307955899132e-01,-1.520385342912550897e+00
3.419441502750981132e-01,-1.998050787563904640e+00
5.579176332244641934e-01,-1.835401492169869364e+00
6.609067294881649790e-01,-1.111977332919753536e+00
4.693129387435692745e-01,-2.862284214434032137e-01
-3.377135069493383823e-02,-2.350106786506301129e-02
-3.307875612333418536e-01,-1.299269527063122154e-01
-2.337565314647930270e-01,-4.068747107872646152e-01
2.931252662787268634e-02,-4.731274596625576478e-01
-4.766301376330140532e-02,-2.700754743870647512e-01
-1.958557707249581614e-01,-8.512980063047299872e-02
-8.346342365454884060e-02,6.444670222510885671e-02
2.088135521611436674e-01,7.868192779181036600e-02
3.773447183460549859e-01,8.476687964131635750e-03
2.415469435537020149e-01,-4.341144528513172229e-01
1.111301007424772905e-03,-8.665714168224859515e-01
-2.067425750856468347e-01,-7.490698443097001391e-01
-4.526380311756303398e-01,-1.109350072210343874e-01
-5.318952477658533962e-01,3.359623094501538176e-01
-3.724556495119925592e-01,3.308199750040597409e-01
-2.429909095613097814e-01,4.145617722872647626e-01
-4.024896895741326697e-01,7.573220643877186520e-01
-6.385855839744739582e-01,8.352982908491002334e-01
-7.154009189712138284e-01,5.818400730314488012e-01
-4.635651105979919362e-01,3.310220264590176265e-01
-1.958202494842894992e-01,2.671647006026949267e-01
-1.337697122869680177e-01,1.605690364084181865e-01
-7.774701609802550650e-02,8.498131147486429060e-02
1.434685433926408127e-01,6.864493961733127148e-02
6.869632413844966035e-01,4.844311046183907149e-02
7.573874343084173733e-01,9.419393071199830270e-02
4.674847165628667200e-01,-8.671356031010599152e-02
2.250226282973463166e-01,-4.023721356148440287e-01
1.531483866719851872e-01,-2.868986838601313427e-01
-1.347080715286006203e-01,-2.699044634325019620e-01
-3.262206535565072563e-01,-3.229688613156930788e-01
1.360338458355568325e-01,-3.503424229588586458e-02
4.652125809860653827e-01,-1.364802063760731099e-01
5.247089556386311804e-01,-2.867833166886993301e-01
1.435878877699166001e-01,-2.416070969966183368e-01
4.083423409803259296e-02,-7.145946051133920951e-02
4.350732862140581636e-01,3.757334063007303770e-01
-7.810435751285520201e-02,7.133543652639603438e-01
-1.029523048759611425e+00,1.154753708182742145e+00
-1.118218655785190752e+00,1.188094795462439679e+00
-5.186573862922410072e-01,6.030760476000017745e-01
2.668282688818667814e-01,3.317548277509060894e-01
4.840239634163234217e-01,1.721570044390647591e-01
3.673652670398310227e-01,7.538819235190603596e-01
5.275109548841214746e-01,1.739757124354696094e+00
5.586600631158806785e-01,1.719724706230414846e+00
4.478862270895638820e-01,7.928286974570762924e-01
3.606288095807755889e-01,-2.474599418340917567e-01
-6.479366355289163659e-02,-4.981920324831861646e-01
-6.007707386630416480e-01,-6.973259372899539565e-01
-5.312122477091967276e-01,-6.797907332997428220e-01
-2.087337175022878077e-01,-6.282066591604597294e-02
-3.735180491726682733e-02,4.644460072292993513e-01
-2.431102266101347054e-01,4.828483602164295174e-01
-5.374905692591560591e-01,4.254677851842726399e-01
-6.126493345787791256e-01,-5.055574634044663479e-02
-1.100315379414698258e+00,-6.425930622591626840e-01
-1.045009198482751867e+00,-9.495402794667711088e-01
-4.102355737870810870e-01,-8.507782155007049818e-01
-1.319043727818175193e-01,-5.247136256255616749e-01
-1.481763284290183447e-01,-4.185904476562350984e-01
-7.926218641479950699e-01,-7.495241827788163835e-01
-1.480503359306030831e+00,-1.533792055362480866e+00
-1.767471542469742030e+00,-2.022260109456299748e+00
-1.559957850850399064e+00,-1.860648066368704390e+00
-1.122273986955512060e+00,-1.117679629926770835e+00
-7.516026282482768384e-01,-1.179460386117230364e-01
-4.901077626003939591e-01,2.266795879079913645e-01
-3.304660155643476260e-01,-7.205270370323689499e-02
-2.912684314767670646e-01,-3.395525825367819439e-01
5.985017875428321615e-02,-6.311616372498856098e-01
7.278257820493545527e-01,-7.264525069065815854e-01
9.863506508256330019e-01,-4.803691332481845322e-01
6.485697143104929285e-01,-1.237811394602814363e-01
4.247211614471962382e-01,1.436480578023953680e-01
-2.295747383120759488e-01,2.327071373498980633e-01
-1.052070822107463277e+00,4.080307758626100512e-02
-1.141738306261799174e+00,-1.891522395967914216e-01
-6.721872207207019168e-01,-8.021829192421842114e-02
3.115648948106908289e-01,-8.134236739026332735e-03
9.598232147539214054e-01,-2.889032273252832850e-01
1.152861482623048550e+00,-5.694490583476017331e-01
9.278516885489990207e-01,-3.269394206497959754e-01
5.698355474221765693e-01,1.082712569550904058e-01
5.909032426661625648e-01,5.624046696714939814e-02
9.689280582126862384e-01,-4.028704960258656098e-01
8.408186718379698776e-01,-6.512305061408958373e-01
1.136894977696646603e+00,-4.723598685310647083e-01
1.758479540103990990e+00,-3.503789644506715151e-01
1.337317722167025158e+00,-3.989187135668417206e-01
1.085344485920900715e+00,-1.158185813631851940e-01
1.293705262726475125e+00,-2.098730097988585619e-01
8.930964193899371129e-01,-9.240733974913774018e-01
3.696879895438813790e-01,-1.133472243444034966e+00
-1.132178025345986216e-01,-1.100735899608262125e+00
-1.655944163283298853e-01,-8.327644985454947246e-01
2.315734945265240374e-01,-5.062515423914161206e-01
8.334249433238064553e-01,-6.065446646177032053e-02
1.042981414592227596e+00,3.843674388254444407e-01
7.305760452245423364e-01,4.045949569964274461e-01
5.073262693950016944e-01,4.600323802959604413e-01
9.362837113768532893e-01,8.193337764320758332e-01
1.454887271598593212e+00,5.098043781142915787e-01
1.497308863574620119e+00,-5.467447979579346251e-01
1.337689723541265918e+00,-1.044264684643601893e+00
7.484177051931867330e-01,-8.115845749168157930e-01
3.786868945513536810e-01,-3.371007438089062558e-01
4.769905144388956741e-01,2.008752891056167222e-01
5.090196035437093425e-01,-2.107390078476941708e-01
2.904385168895215474e-01,-1.024401936813948977e+00
1.361802846083735030e-01,-1.058032864237548498e+00
1.226664135845943610e-01,-4.465502938254230503e-01
3.352844343963110596e-01,-6.049080424280199875e-01
2.134017138669774480e-02,-4.820035444218224163e-01
-6.052332550162399238e-01,-4.659319124706596815e-01
-6.947439546675866495e-01,-7.234659482513338125e-01
-3.810040836478812976e-01,-1.119347761771456007e+00
-4.493921601178983011e-02,-1.406576652240474345e+00
-8.083483380450491584e-02,-1.730344978679934531e+00
-2.747776253531524215e-01,-1.775192875877862786e+00
-4.520264365137440232e-01,-1.568665409794974153e+00
-6.784948580104508409e-01,-1.314495255678959973e+00
-1.517364083396867125e-01,-8.273977454595861092e-01
4.827324209008760914e-01,-2.537432272590091076e-01
1.786142360119660211e-01,1.131690943512410202e-01
-2.451106472358059174e-01,1.984835921557438210e-01
-5.009482942397913696e-01,3.403614988335297298e-01
-9.622202890493096739e-01,6.556985352852187088e-01
-1.415384923686818563e+00,8.675687708503694306e-01
-1.361133588926829674e+00,8.644334883760022015e-01
-6.008047491277899166e-01,1.017748082467451853e+00
3.105505067071365546e-02,8.079927412037277712e-01
-7.637466313623358927e-02,1.578750862411708311e-01
-2.912684314767670646e-01,-3.395525825367819439e-01
-4.671992626338516419e-01,-3.691977883393294801e-01
-7.464218755642509917e-01,-2.739442558937967287e-01
-1.070582724130931584e+00,2.822585922931845070e-01
-1.247168071602021922e+00,8.245028014868668320e-01
-1.038520603669769837e+00,8.803919133225329707e-01
-5.247540622656318154e-01,1.566548599610634529e+00
1.487105599927701916e-01,2.971622464673886910e+00
8.132789387361154532e-01,4.207039184928366815e+00
9.932416171131778215e-01,4.460712511106940781e+00
5.989209021371680874e-01,3.358374675982894964e+00
-1.333098455464899468e-01,1.548347302036835016e+00
-3.706434211166625969e-01,1.308199774908254120e-01
-7.144305036218395744e-02,-3.362306121635698086e-01
8.019927484378956695e-03,-6.217622185769988707e-01
-1.567203794203751999e-01,-6.148206045427327959e-01
-2.152481539155483847e-01,-3.179284846084814986e-01
3.602894606640648090e-01,-6.170825647588905616e-01
7.107768454357107357e-01,-6.295490188275223442e-01
6.113612418523992620e-01,-3.239828005774718356e-02
4.091124029167149678e-01,1.695437015650018142e-01
8.219985874689029748e-01,-1.034955735000375965e+00
1.839264180153278083e+00,-2.860399548851519924e+00
2.463272160774254704e+00,-3.966309382776005865e+00
2.218085033752457136e+00,-3.237149571688727079e+00
1.564864676006932687e+00,-1.647726913269177196e+00
7.473907573085215583e-01,-4.130023585474595360e-01
-2.216365427614152839e-01,1.908369613406303011e-01
-2.868785267224819857e-01,8.895585638441873000e-01
4.590882448024829476e-01,1.753255080817623712e+00
1.038889095915945582e+00,1.941674698330680959e+00
9.506994892065353531e-01,1.339229781041273215e+00
2.869995821541644343e-01,5.709437669587807962e-01
-6.092658598971630868e-01,6.989522591601882683e-03
-1.303623257173335936e+00,-1.659572159388840729e-01
-1.631566240102498400e+00,-2.716655599699278056e-01
-1.288265907331647364e+00,-2.014969882023787406e-01
-9.151466269338187631e-01,1.048176750978700028e-02
-7.530338239417558865e-01,2.331043242146289551e-01
-6.504189837917485617e-01,3.250917050719385193e-01
-3.931053045016067449e-01,1.685747770986563143e-01
-5.838672649813076987e-01,-3.492854176385058566e-03
-8.545508289923852141e-01,5.368118163716310322e-03
-4.691063077271668824e-01,-3.022930728989652871e-01
-2.224153459096966656e-01,-6.904969633967962261e-01
-5.758078384972548092e-01,-6.407639068669527260e-01
-7.601123739621016284e-01,-1.515245405122589151e-01
-1.130805101501331844e+00,-6.199058312127637277e-02
-1.630082020758112149e+00,-4.038995100562290386e-01
-1.017906107196315135e+00,-1.071293872802638325e-01
7.522859985201428845e-01,5.043361234570236107e-01
1.844515357231750308e+00,7.712667700072435295e-01
1.607894773016560030e+00,8.170046003309872074e-01
1.327207370813183962e+00,1.020679443085880767e+00
1.090983374268600370e+00,1.056033960377542380e+00
2.945753832471160183e-01,4.741907650179220668e-01
-1.004524941300321411e-01,-2.591626852527103564e-01
-4.314781809540234499e-03,-5.219497175660655630e-01
-1.575327841858677747e-01,-4.103974749327736204e-01
-4.397283611878097798e-01,-2.519347888373531241e-02
-5.359813521062669617e-01,3.697163782397853149e-01
-1.456083311207974351e-01,5.756043804545069031e-01
7.497516199753777588e-01,4.400233358502091408e-01
1.125047408643993441e+00,5.039735826989139023e-02
9.068774995315892484e-01,6.246914353515570228e-02
1.078829578953943713e+00,4.830969671397880028e-01
4.091386584569954854e-01,5.875623542591833504e-01
-1.288323579389870077e-01,2.515126481704050843e-01
-2.216365427614152839e-01,1.908369613406303011e-01
-8.050429068500724039e-01,2.051944390059102508e-01
-8.743080993793292954e-01,2.204269605073316818e-01
-8.588041612273140668e-01,1.302090496271565423e-01
-1.433856649065891053e+00,1.581794050600243695e-01
-1.646454828122949188e+00,6.899394149814472854e-01
-1.033328215695997088e+00,1.285969245887224277e+00
-4.906741143311863507e-01,1.486385606011375149e+00
-5.549275966335595611e-02,1.072164182135493249e+00
-4.729413634814143286e-02,4.461377272271581096e-01
-5.122439055741622171e-01,1.512673830932392827e-01
-6.134537986690059563e-01,8.119445681153741878e-02
-4.322553822275647106e-01,-4.570828536359956319e-03
5.429370536308971568e-02,-2.468799287138976825e-02
8.927109164545079523e-01,7.850644802976092240e-02
1.117941364367830426e+00,2.450134881782387308e-01
4.980528442626199759e-01,3.182757736449491337e-01
-2.462841272765969869e-01,2.914538692441978052e-01
-5.376242731098389571e-01,2.349127522087173237e-01
-1.127823783292179333e-01,1.890386825837420126e-01
8.262776689561412979e-01,3.345393700989227059e-01
1.346875614285470091e+00,7.331902522680490142e-01
1.346875614285470091e+00,7.331902522680490142e-01
1.430427849459071643e+00,-1.428826039095805189e-01
1.420159579890483359e+00,-1.196581681092884875e+00
9.508437478179556646e-01,-1.682392476335650144e+00
1.967083599318592557e-01,-1.473457675086206509e+00
-3.971541147846549547e-01,-1.233731534181256029e+00
-6.130684218670571228e-01,-1.516270648201182736e+00
-1.113402716591439523e+00,-1.476405127739819578e+00
-1.626623428315526088e+00,-8.621231792423390550e-01
-1.841712969555732160e+00,-3.708212585757866275e-01
-1.544666782286754136e+00,-1.694271336957405838e-01
-6.356557002791444200e-01,-1.375126156369431696e-01
4.071452703039129539e-01,-1.163950753084040668e-01
1.119172784119286668e+00,3.341867429908420423e-02
1.423134113601849604e+00,1.865531944458295732e-01
1.191447693889823523e+00,8.811699349032416917e-01
7.065826849094895001e-01,1.890570375588880525e+00
4.201265910070108855e-01,2.379426057878457623e+00
4.201265910070108855e-01,2.379426057878457623e+00
3.564685919031150563e-02,2.234781317265698064e+00
-2.380104843515273849e-01,2.115183825153892361e+00
3.657991379158988254e-02,2.235109695476177105e+00
2.008820977702701904e-01,1.392699852193531207e+00
-8.405603263967754979e-02,-2.714322826805108946e-01
-3.760294519794287194e-01,-1.217171704182370640e+00
-4.812623312716369228e-01,-1.030619443867274443e+00
-3.980804932787248562e-01,-4.642025758156270165e-01
-4.774130205082726119e-01,-4.859031255089719947e-02
-8.675129624924293736e-01,-2.558717541830906606e-01
-1.331221156517171655e+00,-5.879170310256377485e-01
-2.503232971471934576e+00,-3.434423436004931385e-01
-4.011116822382184921e+00,5.058196959538402426e-01
-5.036973031297134362e+00,1.223003416379511155e+00
-5.311423039722962258e+00,1.387709876353081961e+00
-4.681299175167987769e+00,1.017629222255177046e+00
-3.103758062727234979e+00,4.940098094074651391e-01
-1.332106208313336815e+00,2.028634326953172307e-01
-2.474235117793291971e-01,1.508801504319774445e-01
-6.694865653372050751e-01,3.597853491045254620e-02
-1.504024478990164448e+00,-6.702232149443650144e-02
-2.084672364978149783e+00,9.673472309355235499e-02
-1.919876433358427503e+00,8.196308085854925318e-02
-1.570597180314144747e+00,-1.337523407117598984e-01
-8.856477401693971796e-01,-2.495877445356280422e-01
-7.818513123678579868e-01,-2.439330515693486079e-01
-1.285379131070311320e+00,-2.229122757273789834e-01
-1.393317223763572255e+00,-2.270932580323913597e-01
-9.199191434914603116e-01,-4.723224864831815362e-02
-5.122439055741622171e-01,1.512673830932392827e-01
-7.530338239417558865e-01,2.331043242146289551e-01
-6.504189837917480066e-01,3.250917050719375756e-01
-1.046234426360405534e+00,2.467481330950983542e-01
-1.899000314179442928e+00,7.810008976975986450e-02
-2.286345496180473891e+00,2.586024350658751997e-02
-2.161889601304121999e+00,1.803968929804766197e-01
-2.501437643147410572e+00,2.503837779976726408e-01
-2.496124895034943947e+00,5.582436582127896230e-02
-1.595294022718294791e+00,-1.272499388146079158e-01
-9.200422905178088362e-01,-1.283982545154547239e-01
-4.887966205208952863e-01,2.062094418555745698e-02
-2.090997822182099897e-01,9.784472698677909586e-02
-2.090997822182099897e-01,9.784472698677909586e-02
-8.800661144556477800e-02,-4.262635901597425919e-02
5.523373953874875786e-02,-1.705840303562300986e-01
-8.680342819461461801e-02,-4.379576070025686246e-02
3.938751008938785186e-02,2.714421445262976129e-01
3.493757081084184479e-01,5.812276924509067744e-01
2.547866954536136541e-01,9.670613130853561445e-01
-2.739155806588775000e-01,1.166863385644719697e+00
-1.133412715040068575e+00,1.059190102132453681e+00
-1.923755617581658806e+00,6.029131558905920230e-01
-2.160638652895159328e+00,1.734256012605934760e-01
-1.794929490189540733e+00,-5.243695861829025112e-02
-1.576669023404628778e+00,-1.201662676081769465e-01
-2.013414536753550976e+00,2.100759704638024139e-01
-2.474617655388553938e+00,1.426472462570581801e+00
-2.771690326429467000e+00,3.087018643703006937e+00
-3.124963964729048360e+00,4.224351377188478196e+00
-3.526667540502395060e+00,4.327592442819710783e+00
-3.902677958915860223e+00,3.454203299456053866e+00
-4.088788406106306006e+00,2.134583137427318977e+00
-4.564858791246829917e+00,1.940610254941666168e+00
-4.838097218483268236e+00,2.896007165368918557e+00
-3.891374010457144372e+00,3.496766917541644926e+00
-2.015122612398363877e+00,3.346266150257037442e+00
-1.575575442924715408e-01,2.307365045986025542e+00
9.172490793797160036e-01,7.109538012134890561e-01
1.610377335497059414e+00,-4.580493649573145754e-01
1.961526481865240923e+00,-6.940574917065869265e-01
1.615763885141104028e+00,-7.014649524018508053e-01
6.997442431284067732e-01,-5.005730620663969566e-01
-1.762028746420570002e-01,1.334797011467624972e-01
-5.955835339100974402e-01,9.722744624392120061e-01
-7.551446888154244030e-01,1.382161613873369443e+00
-7.074777394929154806e-01,1.099864344666961813e+00
-7.049862674991698164e-01,8.501631254183619202e-01
-5.247540622656318154e-01,1.566548599610634529e+00
-2.158402567912974801e-01,2.500216737881514106e+00
-7.101454017217409542e-02,3.245096381288264276e+00
1.482574881758695964e-03,3.917712557215917712e+00
-6.571140934063927908e-02,4.170617409363907235e+00
-7.125668433912029087e-01,4.010846306409674433e+00
-1.696044822685109477e+00,3.595960478866120358e+00
-2.319998585560908211e+00,3.033043353438316103e+00
-2.351159349270371290e+00,2.440257592103206363e+00
-2.005979347800671775e+00,1.848457140935866105e+00
-1.735616562883225633e+00,1.243487771852837875e+00
-1.923755617581658806e+00,6.029131558905920230e-01
-2.160638652895159328e+00,1.734256012605934760e-01
-2.242976884414815686e+00,2.907257430821224009e-01
-2.154089160304986539e+00,2.373606800591311627e-01
-1.896098113115910699e+00,-1.232646296885068077e-01
-1.943905546371731408e+00,-1.374222079302728772e-01
-1.214208960475269272e+00,-9.364778288515490656e-02
3.662188818301315412e-03,1.041948054869237389e-01
3.983319391922346409e-01,2.452627101038941937e-01
4.207294208241642020e-01,1.357429988670655896e-01
1.146922610174146290e-01,7.134270572608008010e-01
8.988020403288216054e-02,2.058047876122737652e+00
2.369399202579829805e-02,3.481714372928685020e+00
-1.569748882874400994e-02,3.501063661255426229e+00
-1.480897883261936276e-02,2.038606806012588812e+00
-2.198990162971662943e-01,5.220975913801699786e-01
-5.178808311057683245e-01,-4.076763737423819700e-01
-7.947488445449871763e-01,-3.106351764643857649e-01
-7.976411848990192510e-01,-1.556679627189590520e-01
-2.848459289160912844e-01,6.988729717213275350e-02
6.000895813307075555e-01,1.912987930773977219e-01
2.159344564678676637e+00,-6.466047685971149095e-02
3.606236940333191310e+00,-8.382238265841808200e-01
4.291257918273736038e+00,-1.956976493023701913e+00
3.910744624756077759e+00,-2.789146896123054553e+00
2.791289356464331295e+00,-2.763852198831950879e+00
1.443185089876428906e+00,-1.782616355415094000e+00
5.463012133517697322e-01,-7.592465152918624893e-01
6.531622853475513857e-01,-2.251967691026283691e-01
6.834876270240713980e-01,3.690694057277989909e-02
4.869669068762163544e-01,-3.992742906915017209e-01
5.300203032837309536e-01,-2.646213393374709510e-01
1.360338458355568325e-01,-3.503424229588586458e-02
-1.421731604317788278e-01,-1.045145413575778170e-01
-1.442353397841106555e-01,1.101544381441687918e-02
-2.420238678669757101e-02,3.188704669364708089e-01
1.225248952688651333e-01,6.230790409980142552e-01
2.081685868405595830e-01,5.451044185750836268e-01
2.929296670834530270e-01,2.155128502442221483e-01
1.360338458355568325e-01,-3.503424229588587846e-02
-1.694007880662944943e-01,8.699344061367275671e-02
-2.252400718959832460e-01,2.315162325238738494e-01
-2.064161523640787588e-01,-5.216996953116798813e-02
-2.233578472384712688e-01,-7.346056164465677440e-01
-4.389599056464980609e-01,-1.447685802764915985e+00
-6.226371534092757232e-01,-1.947314948900724652e+00
-5.758358028298125042e-01,-2.360249955383356024e+00
-4.950424639392161374e-01,-2.364708648723759410e+00
-5.996061559009083775e-01,-2.025228750895849306e+00
-2.702511127346052811e-01,-1.763824082102137591e+00
