-8.399916640723663619e-01,3.570379135882125965e+00
-5.066599904589353942e-01,3.809541326742127421e+00
1.324186638903498969e-01,3.871236532792149632e+00
6.662861646776646607e-01,4.348188893553177614e+00
1.320763096563978944e+00,3.520074861756580020e+00
1.238605126350923902e+00,2.414177918020660396e+00
7.274791813506977789e-01,1.231370051296844181e+00
-2.692677451378651735e-02,1.127756396425218410e+00
-5.948581560698512627e-01,1.190345706079475319e+00
-7.679181558198261426e-01,1.414991565021946007e+00
-8.687024807426880768e-01,1.845270390685983308e+00
-6.643163704151777704e-01,2.113752485989432106e+00
-3.236654446372407290e-01,2.285689442940319172e+00
1.022202821144466006e-01,2.068039604247864371e+00
3.305740723449372420e-01,1.545807832969853024e+00
3.831156391044759357e-01,9.039319700293833026e-01
8.236207734541177439e-02,4.564951279412217400e-02
-6.926231671245115795e-02,-3.898062672663757944e-01
-2.701171666527873300e-02,-2.510022230268394439e-01
1.061645510556277344e-01,3.383707075042470258e-01
4.782665181691441725e-01,9.255430266478368306e-01
1.018033801376105441e+00,1.433922076625538500e+00
1.758260116144628959e+00,1.615938356990576752e+00
2.131019099952014439e+00,1.515361436427351105e+00
2.216140050503562886e+00,1.171748417315944035e+00
1.827444729874557083e+00,6.293801903294489186e-01
1.553921696385541784e+00,3.562007397379707840e-01
1.246135669026076087e+00,3.292618537793342570e-01
1.135089184011733643e+00,6.170121729457258564e-01
6.749426067506354432e-01,9.426744218959790533e-01
2.106660727489611806e-01,8.295983723565476531e-01
-1.069110391792960080e-01,1.069636940825712923e+00
-1.698190763001246606e-01,1.178235975794781565e+00
-1.337026233192283205e-02,2.179437607162392876e+00
-2.657088799165102100e-01,1.937363278721013105e+00
-3.790905855686436121e-01,1.881865710074985598e+00
-5.261374137511501958e-01,1.534670832792631945e+00
-4.026904666748846173e-01,1.749290704641909944e+00
-2.568972002684958844e-01,1.936243406930431954e+00
4.774302872680129262e-02,2.597358623290022095e+00
6.335306759508387842e-01,3.833417934974708174e+00
9.820421204876537136e-01,4.982135144962330564e+00
9.792569900691463491e-01,5.393087203647454864e+00
6.990287141253941350e-01,4.955985918679568947e+00
5.176196613443572181e-01,4.481073877191620980e+00
4.352184456514240352e-01,3.908948433935800715e+00
5.807695719362784281e-01,4.199299691885098440e+00
8.395102939462926184e-01,4.548754184593271965e+00
9.820421204876537136e-01,4.982135144962330564e+00
9.792569900691463491e-01,5.393087203647454864e+00
9.276231325808217409e-01,5.843700031336231504e+00
9.063277076753620820e-01,6.173630866059900413e+00
9.063277076753620820e-01,6.173630866059900413e+00
6.284031574835541312e-01,5.144892047826179038e+00
3.767636051819292509e-01,3.560036362601318061e+00
1.104232059536231492e-01,1.978816029089365713e+00
4.479407951282898120e-02,9.552029017376613140e-01
1.658054193018860811e-01,8.170178740235152226e-01
2.200727693107188965e-01,9.104491092004960429e-01
1.002287043758478546e+00,1.390602373968189864e+00
1.345314923593145862e+00,1.963408252399392317e+00
1.613698125210931922e+00,2.403683534746031025e+00
9.574337105114765212e-01,2.862941285772813593e+00
4.540426710723910464e-01,2.949917664271206164e+00
-1.163286471301237940e-01,2.386980904213483967e+00
-4.298310896858839047e-01,1.542559687410819169e+00
-3.916702128393581006e-01,1.366513547337102175e+00
4.774302872680129262e-02,2.597358623290022095e+00
6.335306759508387842e-01,3.833417934974708174e+00
1.010190338220884776e+00,5.092295265179859420e+00
9.711844438011210112e-01,4.764885742965225823e+00
7.017471545435528535e-01,4.359504570379558963e+00
4.253554057368142405e-01,3.478569612142579981e+00
1.277116412095812559e-01,3.029587555022752010e+00
9.563784867709403115e-02,2.890084590059718739e+00
2.174735415583774478e-01,3.294347619152685258e+00
4.903360573544853773e-01,3.886500407909126764e+00
8.395102939462926184e-01,4.548754184593271965e+00
1.010190338220884776e+00,5.092295265179859420e+00
1.074748282128550114e+00,5.684508669039255224e+00
9.664883407648098279e-01,6.064269051491985252e+00
9.664883407648098279e-01,6.064269051491985252e+00
5.443293515151214068e-01,4.844596924000437177e+00
2.939277735079786069e-01,3.628371454695631826e+00
-8.299017170550454514e-03,2.359583827698297664e+00
2.025894908927897836e-02,1.965367894583969433e+00
-1.201459872546468133e-01,1.341459767890049282e+00
-2.169400268795866338e-01,9.737641402095469356e-01
-3.306144803003314148e-01,1.849611190498301194e-01
-3.032920444862629572e-01,-4.104956119468528009e-01
-2.476702110198599482e-01,-9.660256127320212549e-01
-2.476702110198599482e-01,-9.660256127320212549e-01
-6.401898548284357116e-02,-1.354296762346729466e+00
1.421992407763633115e-01,-1.612802409381488333e+00
4.145767979163598183e-01,-1.687459854424749661e+00
4.059425176891479081e-01,-1.515073486121386592e+00
3.473734232606880412e-01,-1.055454460002567485e+00
1.872276607912835289e-01,-5.422185510454954338e-01
6.089807993849655904e-02,-1.803688578832308709e-01
-5.739434293035944323e-02,-3.129180582119890364e-01
-1.875671771190699777e-01,-6.084232332969276014e-01
-2.839707121131627710e-01,-1.069977109132697946e+00
-3.153160439725331554e-01,-1.100268831376243872e+00
-2.731331456689010118e-01,-1.088257582947979696e+00
-1.740029793050028029e-01,-1.117537339335230362e+00
-1.522868567701491371e-01,-9.900753400480956090e-01
-1.802674139028831168e-01,-1.017043002823593500e+00
-1.358850802198056651e-01,-1.000494215230087747e+00
-1.740029793050028029e-01,-1.117537339335230362e+00
-1.994109918453521868e-01,-8.668523948332306217e-01
-2.315035060030367076e-01,-8.969583250205184211e-01
-1.682405842644662530e-01,-8.208024251618168954e-01
-3.276400764889560446e-01,-1.401743651428585480e+00
-5.968050754487562726e-01,-1.877054566480055975e+00
-9.015812691409328394e-01,-2.386251413075692440e+00
-9.669317464562104947e-01,-2.328728790575359753e+00
-8.096506797019243917e-01,-2.001218396650748410e+00
-5.611717882126578960e-01,-1.536701839409369441e+00
-3.357081697223880390e-01,-1.317206386901951243e+00
-2.557840094856622670e-01,-1.173960243999348618e+00
2.338872445036449810e-01,-1.340904347516480799e+00
8.504732215749424840e-02,-1.485975135362010091e+00
9.741694727147810762e-02,-1.286573118162598561e+00
-1.914651649206337292e-01,-6.794599565432106747e-01
-8.482238323480641162e-02,-3.406006964206563237e-01
-1.947694544182179965e-01,-5.598874977047960666e-01
-4.941143413762956182e-01,-1.112843991296984525e+00
-7.190073707783025680e-01,-1.535993165785560111e+00
-7.229396720226031192e-01,-1.745337344890065756e+00
-4.421766569309703576e-01,-1.562729626742523248e+00
-8.897985978889208503e-02,-1.397229717142935534e+00
1.421894260834726531e-01,-9.182140203080244589e-01
2.065447462560280334e-01,-1.186898400050460767e+00
2.662103282517298553e-01,-1.121919563368672490e+00
2.662103282517298553e-01,-1.121919563368672490e+00
4.583509910688438049e-01,-1.196493755920941648e+00
6.092833833113115993e-01,-1.288277556190549955e+00
1.104789941565866851e+00,-1.374099920950714315e+00
1.658602586930360445e+00,-1.314539398651652258e+00
2.246272187554168909e+00,-1.045464638391871315e+00
2.245681309032784512e+00,-2.311017251273271844e-01
2.086143530284418457e+00,2.464637802832355395e-01
1.779931443745339958e+00,6.130791955411548644e-01
1.235933371897756983e+00,-9.491051660165493453e-02
5.212893717358255685e-01,-2.977509636833626239e-01
-3.410931454615953595e-01,-7.246908161166759621e-01
-4.667421289582437960e-01,-7.371675285124181798e-01
-6.214199277472066685e-01,-8.863210801976556530e-01
-5.037516517191302778e-01,-5.560944804203813430e-01
-5.460071135525691455e-01,-4.818376900172072208e-02
-6.835423135097756786e-01,3.876270964327054314e-01
-6.978760279687183932e-01,6.547623231855802528e-01
-1.223964522727813753e+00,9.233969587795102241e-01
-1.814319911930953655e+00,1.192146016724501711e+00
-2.503449288682296103e+00,1.580307279670303933e+00
-2.432679044058360773e+00,1.732491770180030421e+00
-2.588198753927363871e+00,2.545551844375210759e+00
-2.727484305825378819e+00,3.539973936351543671e+00
-2.968138332935831070e+00,4.307546712507640763e+00
-3.336147224445530579e+00,5.519695938038374550e+00
-3.740523059365718161e+00,6.636926896789214325e+00
-4.335146961604920079e+00,7.946646031498866058e+00
-4.247247180413733503e+00,7.770446766894250068e+00
-3.677981854665382855e+00,6.582872420410793346e+00
-2.680656456043015279e+00,4.641991002640414976e+00
-1.585018914165158721e+00,2.511805777370013981e+00
-1.020516664040352683e+00,8.537398825925492929e-01
-1.069824357373140744e+00,-5.200010745865181819e-03
-1.114189914014663163e+00,-2.672695556584060439e-01
-7.944924333203488009e-01,-4.357067127824538755e-01
-3.909915293888118759e-01,-5.325599168313177589e-01
-5.182233234842489322e-01,-2.151142900395102420e-01
-6.898876835733763757e-01,8.288490061466588510e-02
-6.543608164828093043e-01,1.315464509983562902e+00
-7.867956141845612317e-01,1.866396980512166293e+00
-6.639278424893534369e-01,1.791995941722887675e+00
-7.643683430691755598e-01,8.577616143589897879e-01
-4.167450494411203965e-01,3.987242190559450727e-02
-5.672082864370876498e-01,-2.170405355457120100e-01
-7.504689238755604119e-01,-6.622393838200183458e-01
-9.700340508799303318e-01,-9.913784554074223099e-01
-9.224595425632312606e-01,-8.946613209082096008e-01
-7.629819612051343958e-01,-1.550618239171147883e-01
-8.142829752762696938e-01,7.070009854745586131e-02
-8.761198532655823934e-01,1.278000179599816655e-01
-9.618419788032906981e-01,-3.678584438956176705e-01
-8.585899811950363780e-01,-3.648588184337799301e-01
-6.577275013850484298e-01,-1.586072137597087928e-01
-3.728945566788794963e-01,7.092701260846303590e-01
1.478882323723764991e-01,2.125326528021520112e+00
-1.587046783454335586e-01,3.429514392583465021e+00
-1.177682587407222981e+00,4.550460241633929037e+00
-2.879320807415604033e+00,5.038965219799520945e+00
-3.944758750553361892e+00,5.408760087823353935e+00
-4.243089606851508044e+00,5.060059148509970406e+00
-3.657312186511584073e+00,3.903895081335701178e+00
-2.481016011429221901e+00,2.081525337128752984e+00
-1.400323555673177678e+00,3.577544044468016771e-01
-2.365731246882778471e-01,-1.197602923575081357e+00
2.264674612962685740e-01,-1.570863751386768259e+00
6.036188022938719921e-01,-1.646591866507509883e+00
3.145266510015491401e-01,-1.376426173679049292e+00
4.725766446002970661e-02,-9.105641182908417175e-01
-3.040583940567420651e-01,-4.297940377262212674e-01
-1.658746876020309735e-01,-2.549753056629148196e-01
-1.892556090028451043e-01,-9.780268928228134928e-02
-1.647942964123352838e-01,-5.403776458426256396e-02
-2.516244777561904011e-01,-5.847680340578306768e-02
-2.104704699047225680e-01,-1.563210787517332612e-01
-7.974893429508924658e-01,4.325627320332001702e-01
-7.974893429508924658e-01,4.325627320332001702e-01
-7.514907706505178364e-01,2.248594390398901688e-01
-3.600504877923681873e-02,-8.350439436906654800e-01
3.098460102569333130e-01,-1.362739944504503198e+00
6.036188022938719921e-01,-1.646591866507509883e+00
9.637076108032458510e-01,-1.459613165474431318e+00
1.566977073873159432e+00,-1.196522863330696573e+00
2.157818435091114928e+00,-9.442094946974017855e-01
2.461143610233211376e+00,-8.614164158010586547e-01
2.074608690660379118e+00,-7.536841601412805902e-01
1.675798027285512193e+00,-8.176030209492241019e-01
7.569008135252697222e-01,-8.148512973478283516e-01
1.195370603842956653e-01,-5.678417514930770293e-01
-7.704645627324708812e-01,-1.356309165574989539e-01
-1.047855132528427768e+00,1.249144148955157879e-01
-1.225704493829976149e+00,2.936022468157348242e-02
-1.278014837094307188e+00,-1.463291335061734644e-01
-1.113443204421085797e+00,-4.211475954956050427e-01
-1.113443204421085353e+00,-4.211475954956050982e-01
-9.295308744725728767e-01,-5.002541812242545793e-01
-8.687194002259940318e-01,-5.053862418894844444e-01
-6.915182573966855983e-01,-7.526406445878288665e-01
-4.694105602081550810e-01,-8.796198768923485511e-01
-3.498713560381149223e-01,-9.107527617916856277e-01
-2.416941868439762553e-01,-8.056061761400847843e-01
-2.273960189758305883e-01,-7.663669515644401242e-01
-3.138149930483329908e-01,-7.774883451151154423e-01
-4.218878621138080764e-01,-5.346049472507268252e-01
-7.125054948766260665e-01,-1.985804989985546221e-01
-5.475251367940596747e-01,-7.403991709896698891e-04
-3.621414689722215474e-01,-2.663006366086672627e-01
-8.782487799900379200e-02,-4.760867739064455484e-01
-2.004226989258498792e-01,-6.576187985555330684e-01
-2.513468608580612940e-01,-4.553937740779654963e-01
-3.423563069913770351e-01,-6.588599332507696360e-01
-1.394086065289860954e-01,-8.233902871442480009e-01
-1.910012933545370828e-01,-1.071706001964724209e+00
-1.910012933545379710e-01,-1.071706001964723542e+00
-5.046756028308705400e-01,-1.049647572363062720e+00
-7.012539018168750804e-01,-9.401240791533963526e-01
-8.236794632137353078e-01,-8.261338508155016136e-01
-6.698519506412111690e-01,-8.945476880832285982e-01
-5.874662104695946852e-01,-8.809803125987074601e-01
-5.083408938115376863e-01,-1.204504332001099742e+00
-5.656018147130515983e-01,-1.086290427161535010e+00
-6.118021663928057130e-01,-1.117910140046068923e+00
-5.905346281597466662e-01,-7.023301357651510202e-01
-3.700105511460277663e-01,-4.700811174348621946e-01
-3.615326924419555721e-01,1.754980348791429501e-01
-1.552167440904086704e-01,5.212616038976897181e-01
-4.571804030228189819e-01,6.193612388764653254e-01
-5.813331189485475559e-01,1.099855935866232703e-01
-1.020390419673515403e+00,-4.817315366825385969e-01
-1.089468295658592156e+00,-7.752938437457594922e-01
-1.163010439784559535e+00,-8.788310968723445082e-01
-9.195736310406187330e-01,-6.790350383681941215e-01
-9.880204930261600182e-01,-3.838154855206598048e-01
-1.056732884662264782e+00,-6.280402508342086687e-02
-1.498425855829352615e+00,3.187523864690333664e-01
-1.613225354163632108e+00,4.910271835123982131e-01
-1.569487362030121957e+00,5.456310329605428278e-01
-1.292786685801123214e+00,4.322159464231594694e-01
-6.503060201104157168e-01,4.105442400487989696e-01
1.207823169355499125e-02,4.398351612595858828e-01
4.726672452434197980e-01,5.174803158463525676e-01
6.082057940145432218e-01,5.325945472916511214e-01
3.362425775666729733e-01,2.281948089200976637e-01
1.669503650274296036e-01,4.478783317003160597e-02
-1.979779378191621475e-01,-4.741149650975592933e-01
-1.605844268189285107e-01,-5.126311847064248806e-01
-2.214901877471453784e-01,-6.450863410709886114e-01
-1.821108923698594451e-02,-6.619914642376353298e-01
1.400937412962870998e-01,-6.503256898178161327e-01
3.401139193251441761e-01,-3.318167608384297029e-01
4.490192662788199951e-01,1.329233985997310963e-01
4.000555770994475568e-01,4.531505696681248918e-01
1.041997750522783983e-01,4.732502150554478426e-01
-3.580739300473426701e-01,3.591879562447887198e-01
-7.938789537401015339e-01,-2.288989757582513274e-01
-8.923414487464673694e-01,-6.959527731266327288e-01
-8.928978136800608256e-01,-1.228342967617856107e+00
-8.928978136800608256e-01,-1.228342967617856107e+00
-1.097697761991458965e+00,-1.339040793422091813e+00
-1.437456594946731725e+00,-1.728894256161923382e+00
-1.666459263640103661e+00,-2.141962538426991802e+00
-1.878307844583716912e+00,-2.474245329003360361e+00
-1.688135586572377056e+00,-2.130558328349693387e+00
-1.270779494055718439e+00,-1.534325438579460688e+00
-7.122953458516468883e-01,-9.287765874221449725e-01
-6.756272149870512500e-01,-8.944291209176779001e-01
-1.196769047175502143e+00,-1.586833209992931648e+00
-1.628016410261637681e+00,-2.051248416627564630e+00
-1.766268836672538090e+00,-2.241582562498815268e+00
-1.502350322639268043e+00,-1.835323237366780047e+00
-1.046968092347702939e+00,-1.272571653177245965e+00
-5.339783896038206024e-01,-7.860167828659161415e-01
-1.726497083470347471e-01,-4.258935370564236877e-01
-1.056482767051990651e-01,-4.488066805463319375e-01
-7.898962121310287160e-03,-5.738251636315965243e-01
1.400937412962870998e-01,-6.503256898178161327e-01
6.149695253887717955e-02,-7.142904383461529116e-01
-5.734504152903544677e-02,-7.629035293349318847e-01
-2.693333424965262402e-01,-9.282846593931588508e-01
-3.874378147366607239e-01,-9.887501778366848404e-01
-5.553372947140703397e-01,-8.402839971317584977e-01
-6.430328585852471690e-01,-9.176455188139194252e-01
-7.948263701263140746e-01,-9.920431173377994849e-01
-8.025903521955417563e-01,-1.026130026083941438e+00
-7.626391301808735923e-01,-8.527475865554851042e-01
-4.996651160086272303e-01,-7.428575768030756254e-01
-3.145219865017743199e-01,-8.460099715076608851e-01
-1.905073391463852350e-01,-9.408553752996594577e-01
-2.016506562849640916e-01,-9.523054525619483179e-01
-3.374225828075056999e-01,-8.638089020939597740e-01
-4.348362030030487602e-01,-6.460812623396422483e-01
-3.700105511460277663e-01,-4.700811174348621946e-01
-4.046318604751582004e-01,-5.219699959649728438e-01
-5.128156215839351217e-01,-6.793395093085022873e-01
-7.496810489051899395e-01,-8.164915520501930812e-01
-7.311981158397055092e-01,-7.797827421062469844e-01
-8.287540985871680865e-01,-8.372115289348432965e-01
-8.082448916420342799e-01,-9.357460843511712367e-01
-7.948188133394750166e-01,-1.079284275902880008e+00
-7.140564819413804942e-01,-1.342452861990471424e+00
-6.389865936265104462e-01,-1.279672428510201465e+00
-5.801424439445234116e-01,-1.040666193418085195e+00
-5.266241700184699503e-01,-5.349789929554065182e-01
-6.555475807192827631e-01,-5.259223956075531614e-01
-8.848029330918204538e-01,-7.169976216370572697e-01
-9.700340508799303318e-01,-9.913784554074223099e-01
-9.224595425632312606e-01,-8.946613209082096008e-01
-7.286513951828816893e-01,-7.585669873638982708e-01
-6.346427129494025543e-01,-7.082072070449316747e-01
-3.959948902880595645e-01,-5.864851674806993431e-01
-2.190945896705359108e-01,-4.739311282403082526e-01
-1.546409643729626804e-01,-2.869254893765045278e-01
-4.014432282428995746e-01,-4.584760223232087206e-01
-5.685677279123751982e-01,-4.220458282895132029e-01
-7.035026728087002690e-01,-4.518681909494371429e-01
-5.024296695377056254e-01,-1.420234150498932701e-01
-5.145240427704850239e-01,-3.013428622975197757e-01
-5.326456114039233025e-01,-4.770280559039992430e-02
-7.253943995288015811e-01,6.511718868969114393e-02
-7.138364900568858751e-01,6.112988670394174928e-01
-7.254181125297608501e-01,4.963351544070697674e-01
-7.737442874004323290e-01,2.039522032242276073e-01
-6.842464675991748457e-01,-7.209802457493814931e-02
-5.359488802285677922e-01,-1.569579493024060024e-01
-2.006531461402384642e-01,-2.615126581025798980e-01
-4.136026294269324888e-01,-3.641590738375433678e-01
-7.504200567536885025e-01,-2.492081462606938469e-01
-1.215478223917264122e+00,-4.160145362053977586e-02
-1.214782406343004606e+00,-2.314717694037009554e-01
-9.806287046537311980e-01,-5.426383166116515167e-01
-6.063048257633890659e-01,-9.246943803165645903e-01
-3.772873171857153984e-01,-1.052997208701604182e+00
-1.553105862337419429e-01,-1.148508258386819358e+00
-4.692600433223768214e-02,-1.068625592464925722e+00
-8.091976995455256449e-02,-8.283685082978083924e-01
-8.828526291785472602e-02,-6.329952106515891463e-01
-2.649368689280259814e-02,-3.806470276541348841e-01
-8.481586006828320534e-02,-5.888223832603991514e-01
-2.509842816747448468e-01,-6.644325131691439790e-01
-4.815279926976584468e-01,-7.860013472193227990e-01
-4.927788635267615902e-01,-6.027466858096200975e-01
-4.395265029192954032e-01,-4.320347599141433625e-01
-4.526800448726227555e-01,-4.180504012283132731e-01
-4.485778974009994591e-01,-4.468988125561503266e-01
-5.177567980929240754e-01,-5.520116028718350387e-01
-5.893120855645790357e-01,-5.781655974961704691e-01
-6.090452565645640970e-01,-4.928748539386890171e-01
-7.341884007634851272e-01,-2.573031164792720094e-01
-4.738747800798496224e-01,1.994302361563747572e-03
-4.737512884433482674e-02,3.015859794719351061e-01
2.395818672150038520e-01,1.535972530004151848e-01
7.047101062850211761e-01,3.432900079735990984e-01
1.035291462285285569e+00,3.143508854342736969e-01
1.774195627688022858e+00,1.026083512023928890e+00
2.784639553989193494e+00,1.751421215913051777e+00
3.793749138422039202e+00,2.731447177053742070e+00
4.399623378952363772e+00,3.319990949589049833e+00
4.168886889735226475e+00,3.839440614493587312e+00
2.959964794863116477e+00,4.077536139649385660e+00
1.889639866126024303e+00,4.220234596384581316e+00
9.028149555421882688e-01,3.972599908304566441e+00
5.506171412997712400e-01,3.410799058539695228e+00
-3.352316522422653464e-03,2.063771442424266134e+00
-8.208247452018603285e-01,1.138027103538290508e+00
-1.680296353026858203e+00,5.220374986592827282e-01
-2.350256452908694449e+00,8.339649419947877673e-01
-2.730431499583564126e+00,6.307465098551434668e-01
-2.636059853396201635e+00,4.050749559260968247e-01
-2.093594854325913079e+00,1.384685334086770692e-01
-1.265248068281248361e+00,-4.420670707127182658e-02
-6.595898117767530211e-01,-2.543449123383658139e-01
-1.728417151601725488e-01,-5.537698440449132509e-01
-2.239695566594498422e-01,-6.978392230917052075e-01
-1.627295795912052645e-01,-7.904728122258429801e-01
-2.990850607474573875e-01,-7.069039661670203367e-01
-2.366459632364758536e-01,-8.810809435682367408e-01
-6.220510643265062672e-02,-1.010862395097480437e+00
2.158169612128538473e-01,-1.113747138218379895e+00
3.597677757147003108e-01,-8.466980737415567004e-01
2.856143011527171871e-01,-7.330499773539030928e-01
8.654310489355441227e-01,-6.081519141988914745e-01
1.554727091421027607e+00,-7.746502478778605205e-01
2.187415304358899970e+00,-7.790783875614102350e-01
1.660244744190005228e+00,-8.183086479139405345e-01
7.394812922547272516e-01,-6.457665676243210529e-01
2.035590295453127696e-01,-7.264177013324066845e-01
4.427521201984266352e-01,-1.081226949543028448e+00
2.590213543263431561e-01,-1.147395427187511308e+00
1.682568823932249491e-01,-7.560921456540538044e-01
1.326859318874753779e-01,-2.410924605243120258e-02
6.878030953420805060e-01,9.690094617605675698e-01
1.370867208244153757e+00,2.028470839056103259e+00
2.116052681109954925e+00,3.032769927878556704e+00
2.660358075917589105e+00,3.730378092085640862e+00
2.808707680140607010e+00,4.199594131111614281e+00
2.551005322017982913e+00,3.614627148037958371e+00
1.659562929065920400e+00,2.257576421729998284e+00
1.382182937048684890e+00,6.619307578115394275e-01
1.388381534697569641e+00,-4.055294062517983966e-01
2.068898472979047387e+00,-7.603904905603864339e-01
2.254187008403532477e+00,-1.258546113009836986e+00
2.217453316430434196e+00,-1.700060050439406112e+00
1.881683177435420573e+00,-2.112918795143940098e+00
1.369455263816931057e+00,-2.380849495955871920e+00
7.821690948491201167e-01,-2.423727037968754328e+00
3.402412989610842931e-01,-2.157486685860677156e+00
-1.030483049523605588e-01,-1.783176012833191493e+00
-2.852058176586751426e-01,-1.356415292919443960e+00
-6.020824730642142519e-01,-1.163853592029981954e+00
-7.157762819257352804e-01,-1.024137981811990450e+00
-1.037256682850953515e+00,-6.683758350851930485e-01
-8.291309992975159915e-01,-5.195922558138471592e-01
-5.824192309377863586e-01,-4.901776887789972559e-01
-3.067886492286271416e-01,-5.343246505330125906e-01
-3.890244281424855011e-01,-4.806566963319310881e-01
-6.752611949049500684e-01,-1.343280991593219786e-01
-9.353559676297686920e-01,-3.382199139193749482e-01
-1.024420852587748731e+00,-5.707390278564106190e-01
-9.700340508799303318e-01,-9.913784554074223099e-01
-4.781203808890881479e-01,-8.877042371547864130e-01
-3.471303832064947525e-01,-1.017473643692931695e+00
-3.037429635567180930e-01,-1.145142339798982833e+00
-6.456027264744569338e-01,-1.125098840626040708e+00
-8.469928833250043310e-01,-6.407264896908739793e-01
-9.970913890083059616e-01,-3.395160713609759462e-01
-7.558533874907689132e-01,-3.475771078277264947e-01
-4.259259800442827815e-01,-6.455956798733580859e-01
-1.813095702407768739e-01,-9.360968289485805949e-01
-1.322607785989853291e-01,-1.124177045665618824e+00
-3.004828900250327561e-01,-1.187243986463234702e+00
-4.457246546935062503e-01,-1.135101054785842001e+00
-5.311631917280515980e-01,-8.456079043914124238e-01
-4.053904839568264196e-01,-6.762431839647904397e-01
-3.948654640681564798e-01,-5.346165392039802233e-01
-5.342612247446884011e-01,-3.024105321758587261e-01
-7.530881734226416713e-01,7.437602331979542569e-02
-9.268755494731610867e-01,7.588005762366647478e-01
-1.032223600803150898e+00,9.038770780033853480e-01
-9.930410664199632587e-01,7.548832202835779048e-01
-7.999311791387671011e-01,1.564776421554843477e-01
-6.461065497763066601e-01,-2.013332057801080766e-01
-2.968249010804722143e-01,-5.761605034836783101e-01
2.892228220636697822e-01,-7.016820652307306228e-01
4.028336281073031655e-01,-6.154181380901372345e-01
7.362734590569449677e-01,-3.569089977151380100e-01
2.496756503225063817e-01,-4.745958368058605381e-01
2.332252080907250835e-01,-4.806298736815757255e-01
-1.928381313629514704e-01,-3.489710148948089730e-01
-6.719143844901045992e-02,1.184896667707180107e-01
-8.570453212227593931e-02,2.738652159435517874e-01
-1.594546579132384012e-01,1.175502124213716748e-01
-1.882487755632317461e-01,-1.540858195518308993e-01
-2.098143276032670423e-01,-3.060729486884141148e-01
-2.098143276032670423e-01,-3.060729486884141148e-01
-2.594535698420037950e-01,-3.445494926047869000e-01
-2.391788855872273856e-01,-1.847523318406772697e-01
-2.182871475737178935e-01,-4.865114315197789641e-02
-2.862911329514954417e-01,-7.391451341997277123e-03
-5.315038180854020355e-01,-3.218599485423249140e-01
-7.397090518381675972e-01,-6.797407966341727503e-01
-7.533664057888553867e-01,-8.806431671745743595e-01
-4.968569456991993594e-01,-7.490106528767097593e-01
-4.013323293620520982e-01,-6.200931249029490999e-01
-2.652159937438012260e-01,-6.731469335012351118e-01
-2.819428323043403628e-01,-6.177501885648782887e-01
-3.578334919289611893e-01,-6.296177399209460512e-01
-6.058128201936561208e-01,-5.696972934226247620e-01
-7.917625601570598137e-01,-7.252976765470129372e-01
-8.882004257354377819e-01,-8.717391539411760704e-01
-9.700340508799303318e-01,-9.913784554074223099e-01
-5.214775676843108609e-01,-6.608176652478725543e-01
-3.832453180647464319e-01,-3.228044404328397898e-01
6.477709434921135045e-01,-5.005883620968201719e-02
1.728731003336079430e+00,3.603351352312682970e-02
2.716054824535063084e+00,-1.236752996981604208e-01
2.649023025917062402e+00,-4.989633453028258225e-01
2.114162639115553244e+00,-9.089050286480147012e-01
1.032728152317211379e+00,-1.360876220752252452e+00
2.072482822133385194e-01,-1.290457007017481894e+00
-4.518425594037299708e-01,-1.170349559147987550e+00
-1.097806343222998970e+00,-7.465939405493288161e-01
-1.446762322788114341e+00,-5.173575579127140944e-01
-1.802192167655893185e+00,-3.810120980317065476e-01
-1.365979124260582989e+00,-2.700036681723044785e-01
-1.394860650813948499e+00,-5.611777342702034543e-01
-7.518352353210533412e-01,-8.038429377383693453e-01
-2.698444236054602929e-01,-1.049152301318915681e+00
-1.618418494341232472e-01,-1.035797718060285755e+00
-2.928669656049068815e-01,-9.870454580729642879e-01
-4.051599421631332243e-01,-7.762894281964983767e-01
-5.121169288497128269e-01,-4.195709889833504902e-01
-3.916637764631514251e-01,-3.350057801410531999e-01
-3.996980793689776656e-01,-2.255357432365542869e-01
-3.400743272667039463e-01,-4.065124957128240513e-01
-3.428399158550489711e-01,-3.514751068063411976e-01
-3.305087667706352317e-01,-3.498412209726520228e-01
-2.902077584202911176e-01,-2.580024484737347135e-01
5.606512223121438154e-01,7.505780868488700630e-01
6.304411350161693850e-01,7.738693817028130528e-01
4.346609998643435335e-01,5.911041819858164903e-01
-5.735400080008611345e-01,-2.075328970266501483e-01
-1.017156496442320979e+00,-1.458666756564734046e-01
-1.166956744050879236e+00,-1.408586587974332283e-01
-8.085641568635362209e-01,-3.323831777485381500e-01
-1.646649508145527074e-01,-7.081137598739235539e-01
7.810886020777404459e-01,-1.004811785827670167e+00
1.325029622543371088e+00,-1.254096181046501224e+00
1.004235823094494773e+00,-1.233211533762054390e+00
1.675172743963373179e-01,-1.194292596324862954e+00
-5.010014739311963172e-01,-1.017815941317977702e+00
-5.010014739311963172e-01,-1.017815941317977702e+00
-6.527213160936476966e-01,-8.644582765136998859e-01
-5.941786662258500273e-01,-8.457945997397853244e-01
-5.334459682141866610e-01,-4.549131169148813436e-01
-3.375790575613893951e-01,-3.766958001190408578e-01
-2.886128905024344937e-01,-2.961583879462977298e-01
-2.126296803580248196e-01,-6.545022950207300960e-01
-1.687019657873768397e-01,-8.689658147528336318e-01
-1.039291462489141393e-01,-8.646435323101031578e-01
-1.586550874538056599e-01,-9.646115089040421253e-01
-2.039553698249039482e-01,-8.368407301727208703e-01
-2.742322076114454554e-01,-6.359218986948939056e-01
-2.539863313020548352e-01,-6.767860296414756061e-01
-2.568059673137616516e-01,-6.260997244137349593e-01
-9.589735884447021796e-02,-9.243757706034361199e-01
-1.767889685158803917e-02,-1.052194180454816719e+00
6.763674876556065030e-01,-1.277658895890581237e+00
8.913231738442002339e-01,-1.264128740029591524e+00
9.037729785486131595e-01,-1.253538103242702872e+00
1.962755806856711915e-01,-1.211315673577062269e+00
-2.149764408634227963e-01,-9.002620682554444143e-01
-3.183821093957785453e-01,-7.483012357581806384e-01
-2.927197573352092186e-01,-4.021180909927855041e-01
-2.915606070661529992e-01,-4.500026484203062394e-01
3.470893869786291497e-02,-8.460600038854438898e-01
7.375571424499187678e-01,-1.392119127979202453e+00
1.107428133656642277e+00,-1.719734435196274891e+00
1.585985180448052034e+00,-1.954571136658747044e+00
1.696688167137329284e+00,-1.876633062589763590e+00
2.075655659812473353e+00,-1.737630109028784231e+00
2.030747219343845611e+00,-1.783468315342421784e+00
1.982116560172494379e+00,-1.935460065586366518e+00
1.844768029393267339e+00,-2.261454607253849947e+00
1.581751307314065658e+00,-2.173762318767926693e+00
1.033830444669362469e+00,-1.831396300127032584e+00
3.807056803397266820e-01,-1.319414896068241694e+00
-1.393268289081279754e-01,-8.919904991622594759e-01
-4.379085685635568104e-01,-6.993682126855941261e-01
-2.273618636294789941e-01,-8.850749195960091464e-01
-3.827000738096772992e-01,-8.411248643758099108e-01
-5.853036058893057447e-01,-5.557026969322922394e-01
-1.073522256026671062e+00,-4.392037855114412637e-02
-8.665738554107269564e-01,1.759478843601901266e-01
-4.354882189051542674e-01,9.986167258118235079e-02
4.230070290326715804e-02,-2.973502295229810133e-02
2.252370624349090134e-01,-1.714978340080625108e-01
7.371438772256660998e-02,-2.261256252520445487e-01
-3.311276048155453733e-01,-3.173428293874771544e-01
-6.013975174964036885e-01,-4.997252285248166004e-01
-7.787117637432590112e-01,-6.922195226036943483e-01
-4.880443450051592524e-01,-8.553082340078606016e-01
-3.151557131968971692e-01,-1.033315299912217711e+00
-2.179346035966282236e-01,-1.003907384843970796e+00
-1.039291462489141393e-01,-8.646435323101031578e-01
-1.586550874538056599e-01,-9.646115089040421253e-01
-1.406076003509712791e-01,-8.531454870499061149e-01
-1.406076003509712791e-01,-8.531454870499061149e-01
-1.406076003509712791e-01,-8.531454870499061149e-01
-1.461216252752935707e-01,-7.357484256003070655e-01
-1.904505821921431419e-01,-4.878400801595824121e-01
-3.702120439714696731e-01,-7.993270538372961032e-02
-4.444669841434612523e-01,1.506422870849891474e-02
-4.773513831308225375e-01,7.565301070992228039e-02
-4.764460271684067827e-01,-1.837061253966866814e-01
-6.675088161028573941e-01,-3.173087393145686552e-01
-8.844724455877590596e-01,-4.299180103879535753e-01
-1.126503482987247562e+00,-6.539803980529418359e-01
-1.279633747701232727e+00,-5.986427935649351051e-01
-1.284493093805306740e+00,-4.841415887609695767e-01
-9.518897849407557121e-01,-3.893642321027444009e-01
-4.936410227962075847e-01,4.726888474118222661e-01
-1.589950935986319536e-01,3.516826336509571993e-01
-1.181754408964038744e-01,4.572682388160280720e-01
-1.301565969459693162e-01,-2.297066251142195203e-01
-8.024348143651648113e-02,-6.652760914963579131e-02
-8.810157941345955063e-03,-1.139099245965170676e-01
1.344722410778725341e-01,-1.918029466457654986e-01
2.666977541419475184e-01,-7.025650693035023764e-02
2.953069525466062717e-01,1.443377354152789449e-01
5.493803057340673757e-01,3.766885116153632640e-01
1.198704680956842461e+00,-8.664774174283193520e-02
1.153834926268072714e+00,3.997791024640589552e-01
1.310944785156126224e+00,1.074652540548811430e+00
9.750843441615338891e-01,2.309470948710027116e+00
1.342117851324216682e+00,3.103397199031239229e+00
1.022354594901539793e+00,2.617436559849604549e+00
4.399045915048286348e-01,1.042416772362452226e+00
1.553750078664865308e-01,-1.242204825975798510e+00
1.861785339083750768e-01,-2.702399151233016550e+00
7.630407616241983160e-01,-3.189226127176469472e+00
1.469809974701124178e+00,-3.370287594730316805e+00
2.037132263605509586e+00,-2.611032760906903949e+00
2.782284203473756712e+00,-2.164706155715768965e+00
3.111876324587275366e+00,-1.644377894183161049e+00
3.002276800433888670e+00,-1.624502906217883291e+00
2.055451457568333584e+00,-8.690668165776969101e-01
8.364566485684995500e-01,-4.764506674009818532e-01
-4.185883655950498050e-02,3.581373268613450289e-01
-4.514518993645957323e-01,8.523980674586213446e-01
-6.409974575970796007e-01,1.614504971671280487e+00
-6.505168734808731701e-01,1.941960277890431019e+00
-1.210725611198230300e+00,1.901111158429669379e+00
-1.930635335475133330e+00,1.450375806639193188e+00
-2.771654571389807753e+00,7.855809477919667438e-01
-3.235430688451700565e+00,1.761737653226343459e-01
-3.237298719964963212e+00,-2.035390318332758741e-01
-2.975850724468290132e+00,-2.440368161166488470e-01
-2.011995564655126856e+00,6.661709850252151011e-02
-5.208749503363813149e-01,-1.496675715614479395e-02
2.055470064354159909e+00,-2.455919769417962140e-01
4.911448333513881437e+00,-7.881921868757697514e-01
8.183570925365820870e+00,-8.084974261003933238e-01
1.100729009519259449e+01,-5.541912879168192640e-01
1.309572030439326440e+01,-4.117422643097161383e-02
1.426115264359376233e+01,5.002624285094989798e-01
1.448650613181560765e+01,8.474329772617763545e-01
1.379225619690490667e+01,8.228779129435468409e-01
1.226932229409421993e+01,3.765343931647761599e-01
1.001745465325757323e+01,-3.855580590978279210e-01
7.357475788689251672e+00,-1.199315326182339936e+00
4.392171774707234633e+00,-1.799727748070441891e+00
2.197604394710090503e+00,-1.852647054887175404e+00
7.814621038483724469e-01,-1.348986349568924492e+00
5.800862164520145248e-01,-5.761433457366673672e-01
5.410262521086981469e-01,-2.737630965015166659e-02
7.236422862329742189e-01,1.221097346442640008e-01
6.825639647058775461e-01,2.892971633864284756e-02
2.972912658180532630e-01,1.015677810312523299e-01
-9.498212124761247210e-01,2.511550170388547887e-01
-2.619373936651704593e+00,4.684945466820751858e-01
-4.494987110442718148e+00,6.338278074923813232e-01
-5.805234744345729503e+00,7.245111135038679873e-01
-6.103532975113004078e+00,7.186159576103083868e-01
-5.294088986576291234e+00,6.388742296585382396e-01
-3.685843513357650814e+00,5.153920037931629672e-01
-1.838512382799535327e+00,4.253100807052906940e-01
-4.478042142261096648e-01,-6.057870744670005268e-03
-3.385809781894652537e-02,-9.029830123559183519e-02
-2.885074781011154332e-02,-1.417715506219426880e-01
-1.400376699572520311e-01,2.167044943789100675e-01
-2.206951322306357766e-01,6.250212971947198826e-01
-1.625343379269089672e-01,1.377407395986219196e+00
-7.683122026108855918e-02,2.103771176442987390e+00
2.791976186815987027e-01,3.186388039653790472e+00
9.871033373080759787e-01,4.122368734780286204e+00
1.782377210168883064e+00,4.930064147454086942e+00
2.319768553089077034e+00,5.015037942779479785e+00
2.243859946426543406e+00,4.473679513464293933e+00
1.634524894361013336e+00,3.508758880445431050e+00
9.305412631159896142e-01,2.222300145718810960e+00
1.929318392045650254e-01,9.417105877758822352e-01
-3.787824548083351117e-01,-2.177290339096103478e-01
-4.707196395127735689e-01,1.474154662123207671e-01
-1.716633497768556282e-01,8.216753619944786591e-01
3.437583558504446191e-01,1.400317137400843182e+00
1.922942435701353037e-01,8.130629394702357793e-01
-8.480481122151206641e-02,8.823940418236219108e-01
-1.515666301678843808e-01,1.229388807285864305e+00
-3.196760204571554298e-01,1.638724238554399415e+00
-6.569798892532312529e-01,1.073998941574995092e+00
-1.051574763172859361e+00,7.180245428265599195e-01
-1.002098300377103346e+00,3.045639994861087385e-01
-7.774751480635796463e-01,-3.146533993033981957e-01
-5.957234474310120209e-01,-6.545723139993251394e-01
-3.638237602508536672e-01,-1.881624348535693603e+00
-2.191417042591584652e-01,-3.119867443173541144e+00
-1.495594490190127468e-01,-4.339050012209199281e+00
-3.589010761285496565e-01,-4.201775459698317228e+00
-6.129924084406639384e-01,-3.633759652681627372e+00
-7.309214405243498192e-01,-2.357833710975345110e+00
-7.309214405243498192e-01,-2.357833710975345110e+00
-7.309214405243498192e-01,-2.357833710975345110e+00
-6.352006316196229241e-01,-2.671424588912977516e+00
-6.352006316196229241e-01,-2.671424588912977516e+00
-6.195025125139645983e-01,-2.121516541712042070e+00
-1.227515205428326289e-01,-1.849988555461656414e+00
7.413616343835474076e-01,-1.232715333606458463e+00
2.101966675931766115e+00,-5.787347859159054364e-01
3.217237272290364380e+00,6.231461548658413507e-01
3.847705469594628447e+00,2.092052927923854444e+00
3.318920922006561636e+00,2.637255855267974347e+00
2.799478773867131398e+00,3.693457579488631737e+00
1.955824073735320745e+00,3.918098261179541186e+00
1.573121500880790391e+00,3.906697478316044858e+00
7.499531825633082294e-01,2.615035271913912496e+00
5.157768020043978358e-02,1.045139969653094747e+00
-3.766945929404429960e-01,2.784615073293023046e-01
-7.713870978265778833e-01,-2.049034916332696243e-01
-6.657994913745876042e-01,-1.815836404283951433e-01
-6.226549754039886198e-01,-3.264783566900319456e-01
-2.109884384272254776e-01,-4.406985023182626859e-01
-2.229335985096407013e-01,-2.751333224778473308e-01
-5.731857441505772144e-02,-7.930663409207529269e-02
-3.880973794073559052e-02,-6.145804767851725109e-02
8.987639950848902437e-02,-2.191233599311364147e-02
-3.747408567145950244e-03,-8.914577548847062161e-02
-1.946575905582126897e-01,-2.356414112637212066e-01
-3.207488109550221123e-01,-5.274587881724862592e-02
-3.483728934412104183e-01,3.366412198783683141e-01
-2.796285398966762981e-01,5.941960879571822618e-01
-2.608797805416013249e-01,3.401292678831935867e-01
-3.617051197923216721e-01,2.663468163448036163e-01
-5.426312073715789941e-01,3.349775028952841627e-01
-1.314490904875466271e+00,1.791320268706960928e+00
-1.499938139284043181e+00,1.798083344162630270e+00
-1.419475887131472325e+00,1.818737912430467896e+00
-5.248963615038545472e-01,4.281527737110440990e-01
-1.878949080271072325e-01,5.900270814537546260e-02
2.055322929148314590e-02,-3.685792763390126625e-01
-7.853732939606268559e-02,-5.190016880915674369e-01
-2.468711759481954648e-01,-3.948008196446160523e-01
-5.514818865762050049e-01,-5.988647461635983049e-01
-7.918292448748953660e-01,-8.633289766876232063e-01
-7.315102786330268669e-01,-9.152970532124399261e-01
-3.970561730462028871e-01,-8.142106129345588750e-01
-2.257924625056672296e-01,-6.762464920801910528e-01
3.278282655292206194e-01,-5.801032406996841084e-01
1.090578402287362358e+00,-7.826179216063623434e-01
1.756911582462202137e+00,-6.446541688033050610e-01
1.980497020501785332e+00,-4.111640300698819472e-01
1.824633123052594064e+00,1.204147856070889866e-01
1.577648901425640293e+00,2.510236513777068801e-01
1.190397895026782615e+00,1.976654096120822046e-01
7.809344082147694488e-01,5.137964302512128961e-02
4.093056722293345606e-01,-6.278036060819329467e-02
2.827308383014990323e-01,2.186334950684503536e-02
3.534087398926053641e-03,-9.572610294177642809e-02
-1.820630028599586059e-01,-2.952793225786440323e-01
-4.099783421395579719e-01,-6.303761260227321861e-01
-2.895203454484841510e-01,-6.067662327914107312e-01
-2.393826151272139546e-01,-7.366719717897920461e-01
-4.632176418911699289e-01,-8.711134785403980008e-01
-7.049406753133223846e-01,-1.073771176293966123e+00
-7.918292448748953660e-01,-8.633289766876232063e-01
-4.369237532207226882e-01,-8.161324874773634441e-01
-1.990118004201350266e-01,-7.340235565371872051e-01
-2.303625749750066454e-01,-7.932488713598532248e-01
-1.526315567443407295e-01,-5.753250024703016052e-01
-1.035199185709128278e+00,-3.309215398854565837e-01
-1.245363019323269871e+00,-4.532221846808324323e-02
-1.240802540399632781e+00,1.243973786307652103e-02
-9.226894522365602924e-01,1.247316443325632296e-01
-1.268756975940496634e+00,2.429691015715128855e-01
-1.240723730575465700e+00,2.898914545021761269e-01
-1.087241755844821300e+00,3.706239572811917404e-02
-1.043179409542826397e+00,-1.875502104997615882e-01
-8.563796775641656644e-01,-3.309357249731720296e-01
-8.563796775641656644e-01,-3.309357249731720296e-01
-7.072592092206364534e-01,-3.918331438849779746e-01
-8.444237517891194367e-01,-5.791753864490174486e-01
-6.311758086258177913e-01,-5.618815012109472651e-01
-3.908475606292810545e-01,-5.212199635532674957e-01
-1.618837663586688846e-01,-3.742289746590083954e-01
-1.634731317144915153e-01,-3.453988620418302347e-01
-4.108874246213585768e-01,-3.770583532938829308e-01
-7.381519187049958575e-01,-5.860888307688884025e-01
-1.212380751234615417e+00,-7.218069603054004801e-01
-1.408829551731677787e+00,-7.859472919661323331e-01
-1.455441793968744291e+00,-7.567647825065768608e-01
-1.221210925804161462e+00,-7.276929101827968038e-01
-6.048216865195602532e-01,-1.026210017968534949e+00
2.199098434354174181e-01,-1.495316756701792871e+00
9.082250031133475288e-01,-2.073091141404347582e+00
1.668776613527314323e+00,-2.440485102575288501e+00
2.256702863085817690e+00,-2.543024503098912703e+00
2.599497219180715746e+00,-2.324848869739112533e+00
2.663826327908823899e+00,-1.900752735966738660e+00
2.598866639772456910e+00,-1.388573046688872603e+00
2.090723690724634931e+00,-9.095470224271694493e-01
1.286020914809356208e+00,-3.984211831291412098e-02
3.135173438956584957e-01,1.610304363910602665e-01
-2.694767967035607836e-01,2.051086971188250119e-01
-6.195649509772164221e-01,-3.486080359087991853e-01
-6.882972792474222334e-01,-3.440821308756356611e-01
-7.508154184859906488e-01,-4.617049525733626925e-01
9.217145934750370362e-02,-2.416225430045205735e-01
1.057845000759953358e+00,-2.884157718135809123e-01
1.997297620586804712e+00,-2.823991140778792652e-01
2.381567118223297363e+00,-8.613109617822248820e-01
2.636070213952946606e+00,-1.360395002591211044e+00
2.479958003090449559e+00,-1.696620992387519733e+00
1.911944166355307395e+00,-1.708619090774601945e+00
1.074284200948353529e+00,-1.355340342542504573e+00
1.699952161675439832e-01,-5.649248781873603686e-01
-6.448699214112221245e-01,4.607320736498314584e-02
-1.210092383595694931e+00,4.568680338423711240e-01
-1.323790279839994088e+00,2.302886756450909789e-01
-1.361241683267186975e+00,1.529058189642313048e-01
-1.243635466191019390e+00,-9.097948144564534101e-02
-1.204455895192320769e+00,-1.876461479830180967e-01
-8.780608367643560896e-01,-8.084817514080936407e-01
-1.065449247620852968e-01,-1.467726070617972667e+00
5.797160696166719918e-02,-1.847635076930527198e+00
1.473079238907351596e-01,-1.724627188343897943e+00
-2.163834359123205653e-01,-1.235726610199098907e+00
-2.486672348226441343e-01,-5.049296386568575823e-01
3.868606795729416792e-01,-2.118475188609979798e-01
4.635424726662786266e-01,-4.814089533400109922e-01
7.191507325799443295e-01,-8.609641980533291328e-01
3.878377998830745410e-01,-9.566391055061292947e-01
1.978110865024130527e-01,-8.928656030403495647e-01
-1.129636694704954855e-02,-8.375098217538131662e-01
-2.476702110198599482e-01,-9.660256127320212549e-01
-2.866417177531406235e-01,-9.659500653260360004e-01
-3.632490450407756533e-01,-9.504276950250308831e-01
-3.740667696788483321e-01,-3.335831893430383777e-01
-3.430391397963573064e-01,-2.855183729790439218e-01
-2.376867343079396289e-01,-6.288784563681332207e-02
-1.022411425944538405e-01,-6.123404918808544872e-01
-5.508847218380760052e-02,-4.853629188735638089e-01
-2.046916525811864895e-01,-8.520994190516034683e-01
-1.317209923820881756e-01,-6.309145000098242972e-01
-1.911215527501621547e-01,-9.302537440558745763e-01
-3.490677017130749266e-02,-6.111507726618689018e-01
-3.490677017130749266e-02,-6.111507726618689018e-01
1.185779157996617317e-01,-3.797358512574171008e-01
1.916716957327726512e-01,-4.519066807594250279e-01
1.402623355054344878e-01,-6.072017594039212929e-01
1.142843059839589587e-01,-5.965912182527617347e-01
2.646951110436438978e-02,-5.400795178723751810e-01
3.188546728068591407e-01,-3.364024812423417887e-01
6.158986896244980080e-01,-4.500699907172286407e-01
8.261266545091574542e-01,-7.628732929068096080e-01
1.201408443858572817e+00,-1.020795857532585726e+00
1.325029622543371088e+00,-1.254096181046501224e+00
1.390567487853743289e+00,-1.200654515860095861e+00
9.896799295104704575e-01,-1.206244120893946059e+00
6.499809342029136960e-01,-1.137665744497861953e+00
3.071801960194376346e-01,-1.019343499399412378e+00
1.045145108300344350e-01,-9.801870215749458604e-01
-5.568166958574079228e-02,-1.004415389388552127e+00
-2.673068890942121301e-01,-1.095281309757215604e+00
-4.053981086114932242e-01,-1.160168628429650850e+00
-1.291685279759588120e-02,-1.254943514600339372e+00
4.300141247731672500e-01,-1.366456112328581662e+00
5.217478479987517348e-01,-1.301225257241807487e+00
1.962755806856711915e-01,-1.211315673577062269e+00
-2.304684617346413056e-01,-9.729910534787012955e-01
-3.559815035560390251e-01,-8.628792572704538921e-01
-4.448144208135563216e-01,-8.827963445452701174e-01
-6.094824391667845731e-01,-9.136672220738337735e-01
-8.336539435368300888e-01,-1.041696454736236843e+00
-9.115069941910582951e-01,-9.668953547924004077e-01
-8.655020338836548754e-01,-1.151306982312236160e+00
-7.540432597926289837e-01,-1.042151206068894886e+00
-7.531288252146863815e-01,-8.953382478651306098e-01
-7.531288252146863815e-01,-8.953382478651306098e-01
-7.531288252146863815e-01,-8.953382478651306098e-01
-7.300661519579935144e-01,-8.789654016317786089e-01
-7.399487468348727726e-01,-7.332525496896199479e-01
-5.481961812881549490e-01,-7.851540710613421625e-01
-3.495784990766969136e-01,-9.384262065844830580e-01
-1.445650532879528827e-01,-9.582613565722762905e-01
