-2.610329310338378450e-01,-5.982263392421816040e-01
7.549766759277481976e-02,-1.255520960763973015e+00
7.398165446168761816e-01,-2.070165362849839763e+00
1.010145916644797914e+00,-2.053748745233952899e+00
1.016524680802833203e+00,-1.380390772768281593e+00
7.403180068843938644e-01,-9.063621036864283331e-01
6.231676760554695216e-01,-7.138261145208003589e-01
4.564030521282121389e-01,-7.472013465656170972e-01
7.730641681925416453e-01,-8.665462979802769361e-01
5.945575105147071771e-01,-7.528296297282704996e-01
5.348682233515417161e-01,-4.991162987263668693e-01
2.520838331928652032e-01,-1.364126992486442980e-01
3.407585056923026490e-01,-1.102368777899529612e-01
3.980379599410766023e-01,-2.210411742099930021e-01
4.721667904695996953e-01,-4.787700997046493989e-01
7.730641681925400910e-01,-8.665462979802763810e-01
6.383861041876531806e-01,-1.073244272517966058e+00
3.426140132147788564e-01,-1.239664699001515658e+00
-3.636314833499112442e-01,-1.388520998424638719e+00
-5.817985045091166318e-01,-1.750128850738361885e+00
-1.908111441238387884e-01,-2.093108111592569376e+00
7.096415284433015003e-02,-1.882349541664107395e+00
4.349173856196501542e-01,-1.362718318446342725e+00
3.480817132050665896e-01,-5.723265683294201933e-01
5.854882214854962852e-01,-1.752515679828010320e-01
5.278910654565436289e-01,-1.751146925120762032e-01
5.199333727226719271e-01,-4.007622837577530794e-01
-7.727946240270974418e-03,-3.316278899150076898e-01
-1.582212202925772637e-01,-2.370125103509127529e-01
-3.397146601204170113e-01,9.825489589309836791e-02
-6.725514939241539203e-02,-2.848815395907188797e-01
-6.658796368448399207e-03,-4.214178818781075808e-01
2.708596757923860676e-01,-6.423281695527491841e-01
4.874573287495961860e-01,-6.916575767935613239e-01
5.281384812039709997e-01,-7.355449068903205934e-01
4.122570450829616817e-01,-8.282366467357817896e-01
5.709643621658235801e-01,-5.733783300782347991e-01
1.714163962250385420e-01,-6.118358256256400951e-01
8.127859598806996821e-02,-4.487415438833640691e-01
-2.038568786063725546e-01,-6.922667672275183426e-01
-1.148214195095033502e-01,-6.871083207221382327e-01
-2.172558078269663517e-01,-5.948272600962932755e-01
-2.442115062243620793e-01,-2.408448456095868273e-01
-7.767870906297098810e-02,1.433453252742661610e-01
-8.392980475422412781e-03,2.935209178968435362e-01
-1.369113869563360342e-01,6.020565365122991508e-02
-4.734413049506059901e-01,-3.341868669134709369e-02
-4.988990451880690458e-01,-5.253071118136055651e-01
-3.210324856602028154e-01,-1.310873696116228837e+00
8.117344994766621802e-02,-2.171882232508344224e+00
3.425525808085805868e-01,-2.518909724192267774e+00
6.053487103388779378e-01,-2.393459493333121912e+00
4.354727619884878886e-01,-2.744490594705512265e+00
7.326782026136162418e-02,-3.276006180262337697e+00
-5.362197086929607615e-01,-3.758388946716796131e+00
-9.891639798363510705e-01,-3.309886756288045628e+00
-1.141229822779159964e+00,-2.219018935158828754e+00
-1.195344892013998850e+00,-8.937388738940781341e-01
-1.131751204468584016e+00,2.844739051456380285e-01
-1.252278896680130149e+00,8.402245419523188819e-01
-1.303999250002587207e+00,1.207585980594510611e+00
-1.299840230073673775e+00,1.079973128164835483e+00
-1.185981114687377547e+00,5.943317210212317736e-01
-6.247897264149704366e-01,3.822445509928866780e-01
-1.662778396811621096e-01,1.486790564672166026e-01
2.992322251591820748e-01,3.705461255387238473e-01
-3.108479753026143211e-01,1.918476662425408485e-01
-7.999378956912734928e-01,3.963674678887624259e-01
-1.435317249072329160e+00,2.948574379751239816e-01
-1.435317249072329160e+00,2.948574379751239816e-01
-1.462032605551755182e+00,1.438904598098255383e-01
-1.059614940475162248e+00,3.060429233543525140e-01
-9.922951557320227600e-01,6.158421966183984519e-01
-9.506692698031070643e-01,8.025779250371019025e-01
-1.147600368498780332e+00,1.680844323068837687e+00
-8.851839046628037222e-01,1.338027096974205854e+00
-4.876498789342877394e-01,1.438152066667456541e+00
-1.989970429675080310e-01,8.432584041973107958e-01
-2.494924472857786846e-01,1.207666322230025679e+00
-2.917523361048736663e-01,1.392550773111162599e+00
-3.989391541451748902e-01,1.210330199679309437e+00
-3.017096807650544443e-01,1.051426886643157754e+00
-7.025998169962135997e-02,1.085689209368071451e+00
2.698633098406005293e-01,1.318516175394840451e+00
4.746903719523901666e-01,1.155295962128843890e+00
6.109135732671762131e-01,4.142193920355500270e-01
7.737567353064853659e-01,-3.155786081186645053e-01
8.474743634993264774e-01,-4.655195276055358877e-01
7.210550067375823824e-01,-3.664423018780120223e-01
1.282068617550503886e-01,-3.117348280010299733e-01
-7.265017488907832277e-02,-1.538742501109671423e-01
-2.406396462744561926e-01,-1.825416728734700067e-01
5.556599602772530067e-02,1.317634298094062101e-02
-1.991083861464890969e-01,-2.402343176559400273e-01
-6.407224578303080120e-01,-5.417292153324723136e-01
-6.053871469548667283e-01,-8.078101976486606883e-01
-4.189899271272205517e-01,-9.359745965196420991e-01
1.992168923795180346e-01,-5.112685790669156960e-01
4.771890594181485423e-01,-1.833521176420435661e-01
2.818925892892747420e-01,2.019868118646054866e-01
-2.063326623075286137e-01,2.814398346130961293e-01
-6.465245206063812144e-01,4.410978409263602296e-01
-8.975740006580098518e-01,5.858728521794206445e-01
-7.684337856116885135e-01,7.120508492994855887e-01
-6.312951739547000285e-01,7.232237753322791063e-01
-6.519491916276356491e-01,7.449833650566761722e-01
-2.183333808779746588e-01,7.360406831487839030e-01
4.071294123546357335e-01,6.563772996006043137e-01
1.092436783660395205e+00,5.412850592078192191e-01
1.101567894835373096e+00,4.140571966058776976e-01
1.262819646508439364e+00,1.680297553171671010e-01
1.302145764360183700e+00,-1.463184083001872471e-01
1.612931241466124543e+00,-1.829329997785448525e-01
1.494746666133527135e+00,-8.664886869837344907e-01
1.011315583816900787e+00,-1.112729919113783161e+00
5.456464528185777096e-01,-1.445451837563881181e+00
2.377690458887759817e-01,-9.111874646899105201e-01
5.777378292315643593e-01,-1.193671923973499416e+00
8.751536172882287135e-01,-1.708524555952321666e+00
8.527635889398706981e-01,-1.797252967818272040e+00
4.947021394016273277e-01,-1.255467631304054921e+00
1.484398368168387272e-01,-5.901309461168496862e-01
7.419981326711858616e-01,-1.225992667104048306e-01
5.984640440589478194e-01,1.027175396777082333e-01
7.932943311796724073e-01,1.360775421520088735e-01
2.353094010780076573e-01,7.374220968639079443e-02
3.796739015631587222e-01,-2.062507831997829055e-01
2.240386123831329679e-01,-2.532834664874685782e-01
5.086960467110824835e-01,-1.338761532571994262e-01
5.086960467110824835e-01,-1.338761532571994262e-01
3.909725962172140856e-01,-2.762042205907019321e-01
-4.144775677848843154e-01,-4.424316122627038328e-01
-3.455844366328689188e-01,3.013396542532157871e-02
-2.189701701612953577e-01,2.668485712840982793e-01
8.541793046441324977e-01,-6.708788951840363723e-03
1.309472237726333477e+00,-5.071510041030311555e-01
1.780894145901592784e+00,-9.283756649778174275e-01
1.481426035263766927e+00,-6.633402367671126232e-01
1.581492850397884453e+00,-7.661723645416920192e-01
1.568291991266780538e+00,-6.982392529701814121e-01
1.780894145901592784e+00,-9.283756649778174275e-01
1.535071730803367007e+00,-1.182077473744153284e+00
1.214644367549390536e+00,-1.467448891069157435e+00
7.618149744214668395e-01,-1.787309238215394780e+00
4.957033456871742794e-01,-1.822912415790569174e+00
4.080582621485895345e-01,-1.995149425591280057e+00
5.482706345938511694e-01,-2.161351871606176367e+00
8.122162739333166348e-01,-2.289223410820441451e+00
1.068838197712379756e+00,-2.320970146535411782e+00
1.241137196286530964e+00,-2.199657969199061203e+00
1.452197106931269799e+00,-2.124362799245855360e+00
1.316428520235929822e+00,-1.362288209826990837e+00
1.427447988939198442e+00,-8.589485735953520384e-01
1.402801268407545265e+00,-2.993415366225845586e-01
1.832228332149963057e+00,-5.787998404735732461e-01
1.816493680390973031e+00,-7.593596274435149285e-01
1.517072134396741712e+00,-1.116063537745563217e+00
1.051019211476905024e+00,-1.180647961762760989e+00
9.226008263386310526e-01,-1.471952041159603208e+00
6.692672995798550906e-01,-1.128888749924437995e+00
4.609156547571482965e-01,-1.020459785834730182e+00
3.853244115567693306e-01,-5.804416358838219159e-01
1.000621417425664239e+00,-7.893448653540697801e-01
1.414988133601164710e+00,-7.316698200461760893e-01
1.573840716827757058e+00,-5.938505009548596947e-01
1.203177470501338941e+00,-2.507095512728912401e-01
8.073345614707200246e-01,-2.601056500868861310e-01
4.673213130878431376e-01,4.102611970005699132e-02
3.440570954640315149e-01,4.201671438212346010e-01
4.726508244222352162e-01,1.258587000771819620e+00
4.457992294384544030e-01,1.051102471307143071e+00
4.801022025759461576e-01,4.833685940517105650e-01
4.606125554289457469e-01,-8.336156522384654544e-01
7.183701003081760517e-01,-1.679959990321713281e+00
9.077874329694769484e-01,-2.377451350327608015e+00
1.055971233310778690e+00,-2.483474348909240792e+00
1.055971233310778690e+00,-2.483474348909240792e+00
1.055971233310778690e+00,-2.483474348909240792e+00
1.120039467449333026e+00,-2.330415409368733481e+00
8.011587322577080617e-01,-1.929534661519380023e+00
2.590302019153651325e-01,-1.364424981458182362e+00
-4.872091195304797950e-01,-8.667083701165032572e-01
-7.977230670408606006e-01,-5.307110914165468207e-01
-8.165431283340300883e-01,-3.324962202008950873e-01
2.297428310590491352e-01,-6.270776222679832479e-01
1.076825487414553750e+00,-7.452086399546025142e-01
1.163484852839525852e+00,-8.163946785245402848e-01
5.768727293225013319e-01,-5.051541111240761550e-01
1.561619145035739731e-01,-2.357322456536816158e-01
2.574928199638042425e-01,1.557653858654985991e-02
5.731571456477976279e-01,-2.050790905945191686e-02
6.327874674541834610e-01,-1.158072855568783970e-02
5.345236283639598351e-01,-2.322993104860154867e-01
2.203397994182854924e-01,-3.924144403189501473e-02
1.414920254405226674e-01,2.066181550480455653e-01
1.523771153630079644e-02,8.415132798906038714e-01
-5.281735810108872248e-02,8.480318384529483833e-01
2.113285745521906733e-01,2.607632407484126169e-01
4.143543313904880510e-01,-4.496925607715934747e-01
3.626658346766523655e-01,-8.289799528274438556e-01
-1.055932023786762958e-01,-8.275862390608133001e-01
-1.017221631377696611e-01,-1.008945105571990686e+00
4.820527996367134360e-01,-1.633477021472468316e+00
1.213653909229664762e+00,-1.961601295538795364e+00
1.868975871720705451e+00,-2.487293550915844254e+00
1.863499922106774287e+00,-2.569260014887213561e+00
1.651374232124154462e+00,-2.687923006678097249e+00
8.712646464680002811e-01,-2.031938172084119199e+00
5.413006386811244353e-01,-1.603988518193149693e+00
2.820694480377859970e-01,-1.376988660204544912e+00
4.844464512081699814e-01,-1.774255192810513471e+00
4.080582621485895345e-01,-1.995149425591280057e+00
3.628374251304918308e-01,-1.698421100730413302e+00
7.318903193343623270e-01,-2.228323196725364497e+00
1.071809897156169145e+00,-2.386661153145427150e+00
1.504980437241201452e+00,-2.891386131996486863e+00
1.385352812022377478e+00,-2.406869381021591092e+00
1.438510110856946023e+00,-2.330051572083545519e+00
1.478704159452261857e+00,-2.142196329657685805e+00
1.440758739299099700e+00,-1.844940538675938546e+00
9.807143506917863629e-01,-1.107189597437006290e+00
2.649880116886323966e-01,-4.729920903676474997e-01
-2.350711046061016440e-01,-1.706512441588908247e-01
-3.034301500577194499e-01,-4.837288684318210019e-01
-1.207626298884269117e-01,-6.255135928201146500e-01
5.951976136287603913e-02,-1.016294483997252751e+00
4.667828654287734524e-01,-7.499087856125754570e-01
4.644973436533840760e-01,-7.458926455624261820e-01
9.232204791334072125e-01,-1.935513728413990053e-01
1.073727657378390710e+00,-8.687173957039430183e-01
1.558589400427621063e+00,-1.004377954322764888e+00
1.405540058757775101e+00,-1.393916890781397466e+00
1.708153790190037657e+00,-1.790043442258950401e+00
1.580924676407449381e+00,-2.551794511258548948e+00
2.134304732969437346e+00,-4.553131838778747387e+00
2.485141758193175399e+00,-6.622085821057554611e+00
3.072364574854272501e+00,-8.478047641243499299e+00
3.038549591415679263e+00,-8.817494036232284671e+00
2.664081021987956710e+00,-7.782370841775151149e+00
1.815613405270961822e+00,-5.561731886770462374e+00
1.291437496303893928e+00,-3.532639450243400425e+00
3.904139745365923786e-01,-1.726695590107147238e+00
-1.722287694764710053e-01,-1.045947020678758665e+00
-9.722128518500710026e-01,-4.424637089055141193e-01
-1.205096466668919453e+00,-9.511050110412790082e-03
-1.360765068051923654e+00,4.318562483537852770e-01
-1.420336200588691700e+00,4.985110865347486264e-01
-1.632893810588831096e+00,4.213906740153318120e-01
-1.352359885901655456e+00,-1.692349957430679674e-01
-1.451797944586311395e+00,-7.474881445076853037e-01
-1.358147992223968537e+00,-8.726997518490522410e-01
-1.512678592870193572e+00,-4.047165386083780292e-01
-1.013128108244713221e+00,2.472033009945961701e-01
-7.850248070179245419e-01,4.639050329302115139e-01
-7.672645161995725882e-01,3.466153705034460963e-01
-7.124189105902318797e-01,1.050462644069743767e+00
-5.749416220480333406e-01,1.363874759205679243e+00
-6.165040268542490987e-01,1.919972752986056408e+00
-9.704054121663585608e-01,1.414183992843140336e+00
-1.306399119362202432e+00,9.683739101721858811e-01
-1.571140686745980730e+00,4.166356607775197340e-01
-2.349520051362299800e+00,-2.809442725003002406e-01
-3.199385335920085893e+00,-6.422738848447027138e-01
-3.624985359876045976e+00,-1.209714786485522442e+00
-3.577185692246346527e+00,-1.354075610986878120e+00
-2.998710708251468127e+00,-1.170577471974631800e+00
-2.503038771334176626e+00,-7.039048168773441860e-01
-1.044273786478754129e+00,-1.985306503144406709e-01
-9.839322210635229049e-02,-1.630374215478483380e-01
2.679511111593990691e-01,-3.525148381733071989e-01
-3.932138251610186597e-01,-6.156263717060562746e-01
-3.109759904419596155e-01,-8.905470767534977572e-01
-9.209129096450396207e-03,-1.318281460854997311e+00
5.628957452000283856e-01,-1.559392515093233511e+00
8.269538223947825450e-01,-1.494481854217774908e+00
1.033032987145973358e+00,-1.111880776331253928e+00
8.577094200173214222e-01,-7.748472931056957780e-01
7.298435620319896344e-01,-8.538979613614381403e-01
6.715538490543125905e-01,-1.320362006149056411e+00
4.739189802644808713e-01,-1.698092879862066029e+00
3.095773221079995974e-01,-1.727209262514974419e+00
7.576691416347004771e-02,-1.329275425298513946e+00
-6.867045263578487602e-02,-1.035157904797781248e+00
-5.286392007875850840e-02,-6.690171149337141854e-01
5.860222799859376303e-02,-1.125447278742580437e+00
8.223710432503529913e-03,-1.356095045799448284e+00
-1.195815130736418899e-03,-1.627746631695465629e+00
2.391308886675566070e-01,-1.576220463350191281e+00
8.323303308708721593e-01,-1.405105457180043649e+00
9.727501854229864131e-01,-1.089274426135466989e+00
1.136515322635816672e+00,-1.029395209330657091e+00
7.132298075249579039e-01,-9.078583792409623543e-01
6.516664285482715036e-01,-9.262056983443647251e-01
4.363337813346293559e-01,-7.082164858183642719e-01
1.773782225110705491e-01,-6.370812158799461500e-01
9.409287442022722103e-02,-4.966830381614809609e-01
-1.256537407344192059e-01,-2.460485885358271729e-01
-2.430773955383587204e-01,3.996925433843741271e-02
-2.665487153105648432e-01,2.133071568839856602e-01
-2.892797278008744644e-01,1.028697808598000446e-01
-1.646833813467121765e-01,-1.349247776738427551e-01
-3.657566012287796764e-02,-4.053828012048609208e-01
8.831494296453844262e-02,-4.803568560189268033e-01
1.026324359430329514e-01,-4.898663738407049717e-01
-1.391197269376406691e-02,-5.526339164239461033e-01
3.638852793085308179e-01,-7.042119366287056259e-01
9.716482513011771571e-01,-9.543745584062149900e-01
1.694565912607561176e+00,-9.412218800997854684e-01
2.088115743782338107e+00,-8.754519457861261733e-01
1.794107604999744643e+00,-5.313833144048046853e-01
1.410051382489939886e+00,-1.146872881698251384e-01
1.353686969767252890e+00,-1.884471399637391853e-01
1.765171968898160859e+00,-5.339149692594553631e-01
2.088115743782338107e+00,-8.754519457861261733e-01
2.088115743782338107e+00,-8.754519457861261733e-01
1.689726688430674972e+00,-8.539415928517439802e-01
1.187246756148341742e+00,-8.573726726455630498e-01
5.335842763050389070e-01,-7.755463161132711836e-01
5.784672883041206415e-01,-1.008612794200467233e+00
1.102210433296437531e+00,-1.217576683227210355e+00
1.787358574846018344e+00,-1.239062165869823540e+00
2.047885574037505929e+00,-8.597642753758892864e-01
2.113046446015362623e+00,-3.961351222574236997e-01
1.835684231678030853e+00,-3.598653134577532026e-02
1.243837923103123355e+00,1.611987580736941872e-01
4.843577489147656845e-01,2.195338558700965781e-01
-1.631555812931806126e-01,1.715781064855846083e-01
-2.011359332795351895e-01,6.992203888586416560e-02
-2.663328526788659723e-01,1.235658450208195619e-01
-1.188621603460541382e-01,3.251663020277963945e-01
1.392737904781018443e-01,1.975071904552588575e-01
3.995300532364679524e-01,-2.439699898990806137e-01
4.730694982471431720e-01,-1.039956549379706496e+00
3.058754669364996959e-01,-1.764569264339952204e+00
-1.663619497239980094e-01,-2.304231418117169028e+00
-8.114964612678599032e-01,-2.497051757520535542e+00
-1.313988406707904177e+00,-2.323738351454688544e+00
-1.400096190589607437e+00,-1.909651760451308578e+00
-9.160908516269294921e-01,-1.396180628158672832e+00
-1.143168417184915048e-01,-1.041686783796926585e+00
7.507731766157061948e-01,-1.005966358264405613e+00
1.171776720707489616e+00,-1.113703025926699786e+00
1.565380292570126564e+00,-1.882424114439144702e+00
1.672994318086371779e+00,-2.996862538417280675e+00
1.355414536868703612e+00,-4.123924376826352933e+00
9.238639446097158814e-01,-4.553882674890403770e+00
3.466800735327359995e-01,-4.317176274447416695e+00
-2.115329086432502503e-01,-3.402671047745519317e+00
-4.543754378601819188e-01,-2.326829420683537375e+00
-4.463149029897714448e-01,-1.121944950608798619e+00
-3.033429123846812514e-01,-5.843276640407295552e-01
-2.115399268102045593e-01,7.146875721073456603e-03
2.872815327951770414e-01,5.336700487129372034e-02
3.263535936567790507e+00,1.235874089827354583e+00
6.993561634055178722e+00,2.613877851702133270e+00
1.219119781547462900e+01,4.508337885375132359e+00
1.659848365830815808e+01,6.035271075152185638e+00
1.908677213328295252e+01,6.855682006725857924e+00
1.929357142335045694e+01,6.858709939476151263e+00
1.716095203606885278e+01,6.020324151493689158e+00
1.327026153913900508e+01,4.509807966535866797e+00
8.267874659102695034e+00,2.596951168693880430e+00
4.013037254349242744e+00,7.627464705112225740e-01
1.496240914859966686e+00,-4.123214606054705356e-01
1.586546775946182652e+00,-7.601498988873650609e-01
1.933193742218760613e+00,-5.963525434057475039e-01
2.089263719403540609e+00,-5.702388488393907995e-01
1.982501038479307143e+00,-4.758400998364077372e-01
1.584056208395156595e+00,-6.375615322637573357e-01
8.036899354039506171e-01,-6.202120176938670237e-01
5.455501597876265540e-01,-3.472094056221509129e-01
4.657769565920705790e-01,-1.412355907337244365e-01
8.945192424357955030e-01,-2.027352261482447682e-01
9.899820347167866963e-01,-4.839221661922748496e-01
1.027309779599605566e+00,-4.538998556812747220e-01
8.234876043649691502e-01,-1.340905607194241012e-01
3.220111781740119805e-01,-1.910766453914301277e-01
7.197112759114979164e-02,-4.859569285886803369e-01
1.163811549969546444e-01,-7.015997944921437135e-01
3.125575327297926420e-01,-1.529476418143791427e-01
9.521187840382410172e-01,7.657207980063783503e-02
1.476603958328928767e+00,-2.061752261606673020e-01
1.941060597513096120e+00,-6.464875582525797526e-01
1.650089331681795501e+00,-8.568883729284465511e-01
1.590596457274874753e+00,-9.009116255429364672e-01
1.714402353025326731e+00,-9.538903381335741560e-01
1.623433340006514403e+00,-1.018199248053366590e+00
1.536757463410872271e+00,-1.309261121152558438e+00
1.259775746562087129e+00,-1.794466009156496789e+00
1.360958974946187450e+00,-1.722936343134933157e+00
9.362516794958674060e-01,-1.251419404299106697e+00
6.805521845161836003e-01,-6.279555823949021232e-01
1.434065037005520515e-01,-3.755118694981530725e-01
-3.730399331765089088e-01,-2.367711115571848740e-02
-6.200709382199817155e-01,1.036731474646165538e-02
-6.939016016891085270e-01,1.380289852435702576e-02
-8.628322455962326165e-01,-1.135199504750647043e-01
-8.651141886484169374e-01,-2.368936674852808733e-01
-7.798690094580159604e-01,-2.236156442509406039e-01
-4.653544800753229294e-01,-9.577907810362989993e-02
-2.409328643034649164e-01,-8.018249220937499755e-02
4.960310387826895318e-02,-9.593747977419125883e-02
5.902073156021016009e-01,-4.004643144106012076e-01
7.833874903812385604e-01,-3.667786752970113029e-01
5.420899163468518855e-01,-3.753573837687695369e-01
7.214741361786299045e-02,-2.321979576315216509e-01
4.304151839856996675e-01,-4.656205177054767441e-01
7.884437534448911489e-01,-3.875201385157507894e-01
8.735914523888226313e-01,-1.173187759602835750e-01
7.642931419207645849e-01,-1.945852535115151771e-01
7.140129570862153718e-01,-4.824659386123648641e-01
9.507570295234082369e-01,-8.891544563986735206e-01
5.190359231653762784e-01,-7.087438657397745478e-01
5.845855688470800310e-02,-5.162457514989071683e-01
-4.422987568838143702e-01,-1.265321885205248631e-01
-6.228381891329459741e-01,-1.630623409564591342e-01
-7.828656342160045245e-01,-1.054636184448513175e-01
-1.047057434236499107e+00,-6.984921432779321870e-01
-1.065331957436969068e+00,-9.541856143396453271e-01
-9.342259517501178001e-01,-1.116058355270122426e+00
-9.193098723559456342e-01,-1.050706324537021841e+00
-7.852509887179555115e-01,-1.174329317550263818e+00
-6.703491405001449355e-01,-1.301092566794459948e+00
-2.853105411400165270e-01,-1.201619538278923649e+00
3.195884050827411671e-01,-8.545303052228909735e-01
4.349607089340557509e-01,-6.157002803677645852e-01
6.040008072647764514e-01,-1.483849987924710789e-01
5.628341775703432637e-01,1.139019131079843372e-01
3.429324473615467106e-01,3.516338785374878984e-01
1.503113988926387534e-01,2.483658867116612379e-01
-2.963034965548701494e-01,7.277377186280120647e-02
-6.646353096387426496e-02,-2.387768699015731244e-02
1.196541846712956096e-02,-1.816975496614241792e-01
3.535559004853273124e-01,-3.097015638682636962e-01
3.356999167727080929e-02,-5.199293348942175541e-01
1.112040355079488285e-01,-3.836892721425300135e-01
-7.317914431306125379e-03,1.552601390854348173e-01
2.533691180664663367e-01,5.162402162712848019e-01
2.024621670110046401e-01,6.704161202649143725e-01
3.032241368073033683e-01,6.335493072816552607e-01
3.133857390259849329e-01,3.978863340074553778e-01
1.491880049336218317e-01,2.007465467079568022e-01
-1.057345138464776541e-01,-1.362647350726217954e-01
-4.349647958484212928e-01,-5.851281770579335184e-01
-7.526752641483059891e-01,-1.004841622301777981e+00
-8.571144505268742941e-01,-1.019274898349911362e+00
-7.760509705148754822e-01,-7.465317616184298233e-01
-5.626008048431330177e-01,-2.737721699711773149e-01
-3.386969454377964928e-01,6.361975190164473326e-02
-1.333953862390595269e-01,2.119659664145397693e-01
1.463151742016804147e-01,1.785316345816484185e-01
9.928750740075517611e-02,7.463238058598389846e-02
-2.529298276977645088e-01,9.518470867449964345e-02
-3.991485995561737110e-01,9.676199514692240822e-02
-6.395608248056099399e-01,4.071394473467204178e-01
-5.423980387598845709e-01,4.385194477816810599e-01
-6.153328174851816490e-01,5.031341618924178860e-01
-3.527201447619086050e-01,3.481254096672043996e-01
-3.227406374948502132e-01,-6.263526008782918653e-02
-1.259986823408501266e-01,-4.913992897919436942e-01
-5.719409545819885698e-01,-8.753263956305936677e-01
-7.751297518373209128e-01,-7.895394551043520837e-01
-1.224808100272636535e+00,-9.022375626386133218e-01
-1.298346254736670424e+00,-7.627156286661554985e-01
-1.193159807323249888e+00,-7.571833882115179826e-01
-7.545379018584973396e-01,-3.786349922635545706e-01
3.226057236643278814e-02,3.789910561076843820e-02
7.064439556835657719e-01,3.926332641079764985e-01
1.492592932547613715e+00,4.428124866621164779e-01
2.286226607696689506e+00,4.251687380246014780e-01
2.905776771442442730e+00,2.436323264374691822e-01
2.994227125115362931e+00,-6.809412465477128126e-03
2.645944305457806678e+00,-2.258104880338801523e-01
1.927046425700840171e+00,-3.996064873010071183e-01
1.224952955686120060e+00,-2.731076029764291091e-01
9.261798376931400512e-01,-1.239058958472846472e-01
1.025908420251470554e+00,5.353220473338723279e-02
1.128060645496446357e+00,4.262406681578578826e-02
1.021667072292447687e+00,-1.795373576438696051e-01
8.008276206208690962e-01,-4.621364626860685054e-01
8.122499083985026402e-01,-7.942631212359054782e-01
4.465810381823149267e-01,-7.414017537970396532e-01
-4.621674837191299123e-01,-3.129826069819056089e-01
-1.500820809793923072e+00,3.242714723623560391e-01
-1.867642476722831457e+00,6.414744240215591864e-01
-1.527094168089006887e+00,7.374208519766654035e-01
-8.821283494948441994e-01,6.214965791895183944e-01
-9.678057847154078464e-02,4.158093106862270627e-01
-2.292043122168961888e-01,1.327729584638726867e-01
3.894641929923049056e-02,2.032883768072631658e-01
-1.553649201192770501e-01,4.359603943124354952e-01
1.420022238822964411e-01,9.143115931834432386e-01
1.920017164465927240e-01,8.641386540364554003e-01
4.666047826073604909e-01,5.718437322922004240e-01
5.715085772725222446e-01,1.393154365940604822e-01
6.156073367758787551e-01,7.976168338574531058e-02
6.156073367758787551e-01,7.976168338574531058e-02
5.135967154181837468e-01,2.941987539722122277e-02
1.744840448710835157e-01,7.056190579739937685e-02
-1.321149163229435042e-01,-2.796556893252966081e-01
-4.208288473974525212e-01,-2.754725297207976098e-01
-4.581754582568614564e-01,-2.151301231420175986e-01
-4.474275592729266560e-01,1.630249716656212780e-02
-4.813361812659648908e-01,-7.600770040949707262e-02
-4.356057664724728995e-01,-3.726596820478481759e-02
-3.320007002785563266e-01,1.827661081067891713e-01
-1.526546153248855009e-01,4.025584841402800595e-01
-1.526546153248855009e-01,4.025584841402800595e-01
-1.526546153248855009e-01,4.025584841402800595e-01
3.711412839614117859e-02,4.333624702986911825e-01
5.425728495834553772e-02,4.711380067377473058e-01
-2.021826233844528364e-01,6.222880884642647548e-01
-6.520701576230085728e-01,7.350599944629739868e-01
-1.009544264263269042e+00,8.681229345829744037e-01
-1.135823887625487361e+00,1.011041398029459470e+00
-8.673388247020573649e-01,1.244136392410069458e+00
-2.779521177834803902e-01,1.242510329292118909e+00
2.236810555423899283e-01,1.177369309807426045e+00
3.889553562085695249e-01,8.281059262344901972e-01
1.500637670007078373e-01,6.533375238862176859e-01
-9.852336519847479379e-02,5.226811324320262964e-01
-3.569794972045392534e-01,6.710819413397878241e-01
-9.229362540068822840e-01,4.931654826183332618e-01
-1.033422959203483149e+00,7.680223235196647069e-01
-1.079221182712542415e+00,9.105205179172813912e-01
-1.027231214041838481e+00,1.045373740852204802e+00
-1.337613824254895389e+00,6.300367800892150427e-01
-1.269486159486096444e+00,1.398601270637966631e-01
-1.005230839987915514e+00,-1.145111186977101209e-01
-2.445046893779741770e-01,-3.166091686761445256e-01
3.150402739364300819e-01,-3.677224672392095939e-01
3.820154074956857992e-01,-5.075738657627839601e-01
8.465637588348516873e-01,-5.741431878678859846e-01
1.228651272303404873e+00,-5.735499122915935777e-01
1.739796843451940189e+00,-5.507838440110962575e-01
1.394403614746936082e+00,-3.993396315429927346e-01
1.785435752382820151e+00,-5.553111530011681785e-01
1.269170790941860583e+00,-5.820380330560549487e-01
1.030307874793508827e+00,-1.055996807031154061e+00
6.252514879297210726e-01,-1.194166224738853588e+00
5.883508513038832044e-01,-1.136251835642856589e+00
2.756200936375566846e-01,-4.982633802822265534e-01
2.150348739112462604e-01,-2.870289981504881016e-01
2.908973869201176843e-01,-4.340515442192616757e-01
4.103631675522482203e-01,-2.495565072747741586e-01
5.131043637658095902e-01,2.832678917367461024e-01
6.123562848208521370e-01,7.287639420803068147e-01
5.840951172391193325e-01,7.865225667620414640e-01
3.403744780204217002e-01,6.608684445545019992e-01
3.509769138454570947e-01,4.342310354281684881e-01
5.277488618022763145e-01,4.380149269362045295e-01
6.969028877562998270e-01,2.624253721920919991e-01
4.686874370937565981e-01,4.938720142990273287e-01
3.075172729151852691e-01,3.331718692136630966e-01
3.654833299511737188e-01,1.102511471946992783e-01
5.985758156761716853e-01,-5.702962866882220760e-01
5.004015704415997190e-01,-7.316580560399681410e-01
5.652644199934735436e-01,-8.638242506734065129e-01
3.151073637135965444e-01,-5.825595006881688631e-01
2.140750951575653427e-01,-7.347094252492918365e-01
6.554680603295147401e-02,-7.844623741160507979e-01
-4.863279162821691759e-02,-8.277058782809757487e-01
3.163775160473744630e-01,-8.165747388348485458e-01
2.597794257608844193e-01,-6.402134054919186301e-01
2.070049478799228515e-01,-9.031161310845314816e-01
-3.309013389893703527e-01,-1.021864747664804840e+00
-4.349707111761803024e-01,-9.785868284620977686e-01
-5.484873398991504390e-01,-8.506505130200022746e-01
-6.928766675255322305e-01,-5.493868844151651443e-01
-6.928766675255322305e-01,-5.493868844151651443e-01
-6.928766675255322305e-01,-5.493868844151651443e-01
-5.683050145075745352e-01,-7.269764154232305486e-01
-4.701038670941604103e-01,-7.685855443685891686e-01
-3.636626870945959822e-01,-8.885476374438324720e-01
-3.309013389893703527e-01,-1.021864747664804840e+00
-5.400404149407737053e-01,-9.764605158440446964e-01
-5.977165612477196577e-01,-8.490398076400174077e-01
-7.335437912830142793e-01,-5.661104067301740983e-01
-4.400602784234421416e-01,-5.373257915732377876e-01
-2.911029940544544448e-01,-3.974424161352961282e-01
-6.633685089998928031e-02,-3.806186059934552612e-01
-1.807359106724606701e-01,-1.390696508786429253e-01
-4.743830930254679945e-01,-1.629960938002522064e-01
-4.949811822807855810e-01,5.518100149753920464e-02
-6.720747667429624039e-01,4.478959417630606898e-01
-4.240178366665204868e-01,1.008406382493821640e+00
-3.757486047155405573e-01,5.765621947838005523e-01
-3.407245086962688574e-01,-1.420826304920945124e-02
-2.207180293810892535e-01,-4.617176271094116102e-01
-7.977374366825772112e-02,-2.075350379992679795e-01
3.452075891241648820e-01,2.784443974251973875e-01
4.741532432717048828e-01,5.932047612720392493e-01
2.645162527127779550e-01,9.638659705761298824e-01
-2.203407721689371046e-01,7.127887203480480771e-01
-8.125121725278636742e-01,8.734268869389153478e-01
-1.423061294420014944e+00,9.077137541690758482e-01
-1.719955935409838377e+00,1.779646181534404681e+00
-1.498499376972939112e+00,1.850253025883415114e+00
-8.757225804179594730e-01,1.815279483916258263e+00
-2.416092887868876160e-01,1.547858172463646431e+00
2.741764308547569029e-01,1.151452073118878650e+00
6.614575206768780191e-01,2.423945819567367432e-01
4.130189908205109672e-01,-3.127345737020324479e-01
4.135763095288761959e-01,-3.700175024403799529e-01
-2.590256730525193271e-02,2.113897777837618064e-01
4.008923688938412916e-02,-1.169517714613418358e-01
-5.711947458787534071e-01,-9.466564159651766341e-02
-8.031255200196191213e-01,2.943963602711986982e-01
-8.157784511925801896e-01,6.489648498076238115e-01
-6.881953728969679718e-01,8.313535305523522823e-01
-6.881953728969679718e-01,8.313535305523522823e-01
-5.416109318427009267e-01,5.945145624234446924e-01
-7.451766687965712954e-01,7.876751836227785519e-01
-5.850297262549439825e-01,6.207941931090790177e-01
-2.855194477690315424e-01,5.349633197685524921e-01
1.697687414157784680e-01,3.800570091254749650e-01
5.388692867107713891e-01,3.759188791022887166e-01
4.652588605409311850e-01,2.990963188935874539e-01
4.243304485413041949e-01,2.773450506746640287e-01
2.886853035633130671e-01,2.585378259130803880e-01
2.024654011533001952e-01,3.664701451911457353e-01
1.602316142329218984e-01,9.008796942098615257e-02
-1.854997197850654089e-01,1.688245154113738322e-01
-1.213591394185572353e-01,8.243957923155760259e-01
-1.879211938207984156e-01,2.006491900341297541e+00
2.687150405450398905e-02,2.973223602197690774e+00
8.764207953749310331e-02,3.270292397912866189e+00
1.401955614861765675e-01,2.814414776519928996e+00
9.270249188245624494e-02,1.882533753892834838e+00
2.299421196831731573e-01,9.042405822360939371e-01
-1.105293449417426160e-01,-1.208865205569965851e-01
-4.893773370388598276e-01,-5.725746142347986067e-01
-1.066429481729578743e+00,-1.026975712818762876e+00
-1.059126861775798734e+00,-1.143892428966608588e+00
-1.065283635590058120e+00,-1.002243602260637578e+00
-9.031596527053605827e-01,-6.357560663825625458e-01
-1.016483974602351292e+00,-1.656176454855416702e-01
-9.975111616971149564e-01,3.168354046554520131e-01
-1.010226205971869406e+00,6.075678914537110398e-01
-1.174345590193604849e+00,6.184631859093517869e-01
-1.386045525026435854e+00,4.344431127235676704e-01
-1.541127309868714601e+00,3.680833514948227969e-01
-1.405711440649163535e+00,2.500411866744823297e-01
-1.388235961940342378e+00,5.725593390135840233e-01
-1.214561720104453180e+00,6.717184010567022190e-01
-1.141218657988714025e+00,7.852935921714295775e-01
-5.075470119684866166e-01,2.424405941664937170e-01
-3.465436312077558312e-01,1.419468158233209432e-01
-8.317496258509124996e-01,4.057460917602244144e-01
-1.653663152341296350e+00,1.001085282044761327e+00
-2.231796313638386486e+00,1.278664950745872497e+00
-2.253970165812317017e+00,1.318590605600296728e+00
-2.253970165812317017e+00,1.318590605600296728e+00
-2.253970165812317017e+00,1.318590605600296728e+00
-2.010642864990132672e+00,1.027237214042688196e+00
-1.681777707873883587e+00,4.401132152228510730e-01
-1.223580935526004110e+00,-1.467763236402423732e-01
-1.204882073955292121e+00,-3.480631485738180930e-01
-9.132536350129842884e-01,-1.044641700826902803e-01
-7.993385357010639458e-01,3.306724917118721296e-01
-6.821484143185977400e-01,8.890345100656888988e-01
-6.184836712012798943e-01,1.045860986434842710e+00
1.809574988953281394e-01,8.392246325093939419e-01
1.347923817411124658e-01,8.331060931709141082e-01
1.220595042351404202e-01,7.774019075930522771e-01
-5.726117824666197009e-01,8.640645630455006110e-01
-6.813578656402335954e-01,5.948894649442468818e-01
-5.462039848135392672e-01,5.085275940406457085e-02
-1.500525170587411750e-01,-3.697802751410408928e-01
-1.115488129365959924e-01,-2.361036466527762223e-01
-2.330746396990632241e-02,-4.992973817200121456e-01
-2.266269726955409125e-01,-4.874923167462140716e-01
-3.472503917775269788e-01,-6.907401966223212231e-01
-4.536443817219522057e-01,-7.753086135420900193e-01
-5.239438975512512586e-01,-9.305006989528930017e-01
-1.778121850761532619e-01,-1.413007016102893365e+00
2.412834315988621747e-01,-1.893489994392622222e+00
7.363348600014181233e-01,-2.282071196295060389e+00
1.049758428606264005e+00,-2.593616022763617135e+00
1.049758428606264005e+00,-2.593616022763617135e+00
1.049758428606264005e+00,-2.593616022763617135e+00
8.180813734815445271e-01,-1.886333519323412755e+00
4.510137587925708291e-01,-9.307695395490254153e-01
-7.454598631833538047e-02,3.020556256275066520e-01
-4.195358899063903468e-01,1.092457660331320080e+00
-6.347007944976199578e-01,1.274424339915461557e+00
-6.056533392348644185e-01,1.011471989254213222e+00
-6.278558255483001060e-01,1.110983466103369288e+00
-5.093733772831804396e-01,1.492214590737090063e+00
-5.955614732033542857e-01,2.021436978217670433e+00
-5.400292318580934836e-01,2.089145457084887969e+00
-1.950312791784701572e-01,1.685696945259036461e+00
3.326877632071110202e-01,8.404396179771435049e-01
5.157301278422014024e-01,8.546956602854091645e-02
1.936949003999016150e-01,-4.099172592951770278e-01
-7.342543573983988381e-01,-6.657344268474968407e-01
-1.141796472782838245e+00,-3.617021241478863836e-01
-9.873348950659179835e-01,-1.757292848683918718e-01
-9.518233285187301940e-01,1.902484964370863008e-01
-1.290263575857668155e+00,5.960882077059309614e-01
-1.368742056946302466e+00,3.093878039046989437e-01
-1.787419587133570298e+00,5.396176895935926865e-01
-2.191233956005639971e+00,7.377288551345405621e-01
-3.405994865907358005e+00,1.886750959434172481e+00
-4.021311000997398466e+00,2.254972396578853289e+00
-4.259933624060298740e+00,2.237975407726915389e+00
-3.854040694637971942e+00,1.553699810132249226e+00
-3.175895855205363993e+00,1.251329273273468656e+00
-2.438242004081622394e+00,1.108844042467716173e+00
-1.634831961029631797e+00,1.179997288994813820e+00
-9.731960012376428271e-01,1.182767020540758995e+00
-2.116573631037310943e-01,1.175550169060456840e+00
2.904097532933054282e-01,1.092176822084023113e+00
4.417715692880977429e-01,9.464850817167018704e-01
2.230853025181405991e-01,6.053203309426025136e-01
-2.832645800945748568e-02,2.428193100084994338e-01
-4.408502858085891485e-01,-8.020941773184629697e-02
-5.183497102725099781e-01,-3.908003243990266218e-01
-1.189524012276963472e+00,-1.090645584710944860e+00
-1.469520990649800352e+00,-1.624878097845133151e+00
-2.032377170991885862e+00,-2.058206488545852419e+00
-1.735690114189375244e+00,-2.040178046623815966e+00
-9.989891059815714236e-01,-1.640380345237515192e+00
-3.682963290216154650e-01,-1.037715778376575138e+00
1.684565528610289520e-01,-2.553746177031702147e-01
-2.796068027658581423e-01,3.321235929817627497e-01
3.572595319724417018e-02,6.986051652586005023e-01
-5.856373694257195339e-01,1.324439462745075291e+00
-1.101288798573097694e+00,1.774207550484236728e+00
-2.291756001076950877e+00,2.029292464337785429e+00
-2.683061032270708246e+00,2.348705576615020885e+00
-3.346892348503718306e+00,2.319822786065893094e+00
-3.610828123045667581e+00,2.146781258273437132e+00
-3.854040694637971942e+00,1.553699810132249226e+00
-2.859166475861662171e+00,8.134249309446417442e-01
-2.098023365869472467e+00,7.380318277474508248e-02
-1.586418815240925539e+00,-5.547629996766646476e-01
-1.977998258977521573e+00,-5.159544364194846855e-01
-1.872852779014252400e+00,-3.778182296916025584e-01
-1.961282173777652682e+00,4.639659972749424904e-02
-1.748164920781498877e+00,4.380788306293391665e-01
-2.266748525121121904e+00,1.086629708495696178e+00
-2.899220408589843423e+00,1.852869843128949867e+00
-2.844198611025805956e+00,1.916580387278383979e+00
-1.961647835098126791e+00,1.173831224739724899e+00
-1.004736386549404781e+00,4.563376228325601858e-01
-8.996602429625921715e-01,3.169947964491391379e-01
-9.147210748729730501e-01,5.315010468464665960e-01
-4.434855693243546226e-01,4.008301088512302227e-03
-1.613940649425409657e-01,-4.459224699296381045e-02
3.220433058437183749e-01,-2.339321694875609314e-01
7.779410022304042993e-01,2.299244857466084535e-01
1.162124305920121836e+00,5.631013215044838871e-01
1.119262762135914357e+00,9.102242149833379425e-01
9.332958316479597061e-01,1.119371514720707284e+00
5.448807615134662052e-01,1.189576752232449630e+00
1.991090291984160821e-01,1.133371086435011943e+00
-1.819818832909796680e-01,9.696400751095100023e-01
-2.703755629494560275e-01,6.331330140594941813e-01
-3.466717048057454398e-01,6.139156431233219191e-01
-6.088757551528747314e-01,9.298689291206639895e-01
-5.823301268372249595e-01,7.097275317672239181e-01
-3.563806888960749930e-01,3.595373003720859217e-01
-4.938934813045695732e-02,2.144147526239896517e-02
1.825190501638722929e-01,-4.963300425076712652e-01
9.256892769810415311e-02,-2.185228872003698863e-01
8.161874965675067206e-03,1.646375546715912463e-01
-3.291784839570692789e-01,2.916000485079559557e-01
-6.715157544471319628e-01,1.198052582695582763e-01
-7.496358656721755498e-01,-4.450472643546777296e-01
-4.035862396127931628e-01,-5.900565323008679641e-01
-1.854286286852397381e-01,-5.288769354074683848e-01
1.844321522148438530e-01,-4.189350454239184618e-01
1.175865155400977885e-01,-1.935278352935359825e-01
1.073434174000962082e+00,-6.207101556094418021e-02
2.042994061160415598e+00,1.890844111833855090e-01
2.694552952325496076e+00,3.319545667574366199e-01
2.722701901825188120e+00,4.750174079340149236e-01
2.067902279560279499e+00,3.687286077250841454e-01
1.024901882606879422e+00,2.480006075712959668e-01
1.260090448545246322e-01,6.026468409472324206e-01
-9.297491832446248827e-02,9.044344917568050146e-01
-1.098486340887843415e-01,1.298435308705703894e+00
-3.327102967322101978e-01,1.170366355517050705e+00
-3.586640221741110302e-01,1.119907982176382433e+00
-7.171942554269828962e-01,1.387351140500262536e+00
-2.300131513420096974e-01,1.378478936838001490e+00
-2.504131262465782992e-01,1.436707230447646477e+00
-2.829945208084141441e-03,7.336145195043642930e-01
-4.580154061549456812e-01,3.975100553408045800e-01
-4.622498793686858343e-01,1.062147386141200911e-01
4.078949708568817556e-01,8.158022694781867645e-02
1.286247999213623983e+00,9.000521963801125236e-02
1.604509068797949745e+00,2.228201399571121122e-01
1.042028181899270933e+00,3.844855449892391475e-01
8.370630204114974937e-01,4.487823126015005881e-01
5.061780455929498768e-01,3.341964328252398642e-01
5.399607248374066470e-01,1.984287467612374789e-01
4.556052328604920931e-01,9.981570658531532803e-02
5.698719235442750719e-01,7.049399007473035328e-02
8.413256562658931736e-01,2.109975110003895482e-01
7.070040124329718401e-01,5.001690802884948273e-01
3.203586725304031768e-01,4.981491539898660337e-01
-1.513645434474371054e-01,2.675838201505906233e-01
-6.474528900081041316e-01,-1.118282448783721739e-01
-1.144930404551008474e+00,-4.077281895851442850e-01
-1.359640935894794511e+00,-4.768880264379578571e-01
-1.438562686019006609e+00,-7.850346497026672310e-01
-2.117576412965707089e+00,-1.572657081616153585e+00
-2.897393704084715971e+00,-2.387787805244179662e+00
-3.497429099277014508e+00,-2.850619385295646957e+00
-3.104421374974576597e+00,-2.598960732070219048e+00
-2.199916290376365158e+00,-1.831986500813497010e+00
-1.430339257391971319e+00,-1.025653451959766427e+00
-1.251363599250900460e+00,-6.402111236943632822e-01
-1.320836696807729638e+00,-7.351450460086177419e-01
-1.136209953443924503e+00,-8.985375845914151949e-01
-5.192055987119645888e-01,-9.553187836077922102e-01
1.805874957421774174e-01,-8.819412365547085741e-01
7.731424817507496217e-01,-6.689549210934571111e-01
7.988224316605132547e-01,-4.204780905660352452e-01
4.178251042887287103e-01,-3.302924508742404175e-01
-2.663286714684796053e-01,2.233383229539850634e-01
-7.882139649657697866e-01,1.962681357057527443e-01
-5.450224976152637790e-01,1.856457671741266469e-01
-1.502659752251745695e-01,-2.668478107714681857e-01
-6.399859074773993350e-02,-8.591009607937709347e-02
-2.461496758015425945e-01,-1.791511508296101118e-01
-4.289009902040206157e-01,-1.694448050385352622e-01
-4.232963337146817273e-01,-3.552678972237330313e-01
-3.528760252659647323e-01,-3.023563712449211516e-01
-2.160102002542669819e-01,-4.995707159277834042e-01
-5.655694439834187126e-02,-6.904551109047978308e-01
4.960481600735001245e-02,-1.057734478565696579e+00
-5.718362620724107281e-02,-1.120437953600491365e+00
-3.395658036485740827e-01,-1.638339897160086878e+00
-8.213629620976370393e-01,-1.998649533340525863e+00
-9.204394683516019526e-01,-2.489791482017015056e+00
-7.705630360954486280e-01,-2.250207546228383482e+00
-2.662016499336368747e-01,-1.749873290285700822e+00
1.733316878935936833e-01,-8.262524010923006923e-01
3.574744328951325323e-01,4.316314145227852662e-04
5.234778411945887472e-02,3.388020560653420277e-01
7.943061235962584066e-03,3.671342136985732418e-01
-9.687115636751422731e-02,3.778261929773286676e-01
3.979166490674092005e-01,3.107673828269448824e-01
6.348038755843768977e-01,5.360543491318079390e-01
9.268703747351773048e-01,8.272306911640414651e-01
1.392979202033986619e+00,1.681393738207559441e+00
2.005463254152404673e+00,2.789511620391952551e+00
2.654612668782196039e+00,3.775047470320957999e+00
2.654612668782196039e+00,3.775047470320957999e+00
2.418663781634724508e+00,3.203743277777175713e+00
1.792086604040529441e+00,1.996405689232608527e+00
1.526175682190106464e+00,1.189908369122995691e+00
1.133019659209244523e+00,4.810601369171476072e-01
1.028618584290027504e+00,4.004172125318822273e-01
7.109065396184809371e-01,-3.758771869666616833e-02
2.979936173457214954e-01,-2.444116545408389629e-01
-1.284070311082854410e-01,-2.223426181130326307e-01
-3.841462103104577031e-01,1.953228420980990532e-01
-3.938504171869575687e-01,3.064060768942996060e-01
-4.452686680761624993e-01,2.262515581225363615e-01
-5.085591411940553197e-01,-4.734332871307127266e-02
-5.354649392034154243e-01,-1.820639006207044608e-01
-5.086838321360404036e-01,-1.224334684057535871e-01
-5.117479288130444282e-01,3.607162938486346282e-01
-8.742783911454943269e-01,1.372534101666759376e+00
-7.244883750029422753e-01,1.249214281829049922e+00
-6.292057067515426372e-01,1.005567709647226193e+00
-7.115929158320490056e-02,-2.341140377517032245e-01
-1.493354382758449728e-01,-2.341655912992521293e-01
-2.227043657519071629e-01,-5.123870851333596210e-01
-3.274648616192864931e-02,-1.279271226470075185e+00
4.243097231829619231e-02,-1.605700216139380077e+00
4.243097231829619231e-02,-1.605700216139380077e+00
-6.784983116125344049e-02,-8.577609017449734363e-01
-1.897034249395516403e-01,-2.586614232645537137e-01
1.696024915691866572e-02,2.006045323280744586e-02
-3.045616836924911267e-02,1.280944974614310894e-01
-1.430700569569158254e-01,9.837420982938896441e-02
-4.934095106610793535e-01,-5.694636865484177524e-02
-4.717382942274884194e-01,2.468988824026679962e-01
-8.611363933493176859e-01,4.838741539609398568e-01
-7.693338522909057842e-01,1.059595838305368298e+00
-1.169699375317018397e+00,1.103890806078629216e+00
-1.079307026484917831e+00,1.025725920830620419e+00
-1.009460598506306983e+00,5.015653916018348868e-01
-7.919447940707845524e-01,7.212395891806357845e-03
-3.445640387616299982e-01,-4.536546137271023071e-01
-4.066377692492386120e-01,-6.491997731870290389e-01
-2.452907470454069871e-01,-8.519276527088277540e-01
-2.982004829303519511e-01,-9.193498306967342604e-01
1.219102657705969373e-01,-6.082152015277419999e-01
1.489283833890385489e-01,-7.534325982837455915e-02
-3.446955919645608435e-01,6.483724485546634719e-01
-1.340937667169337377e+00,1.074244401760532819e+00
-1.782276348117300735e+00,1.040669140484006716e+00
-1.607588119019302875e+00,6.598791871652706087e-01
-1.083222536758520205e+00,1.311161786318858768e-01
-4.866327182760568637e-01,-1.068562812933695760e-01
-2.342863131481299210e-01,-2.426539844260988399e-01
1.724606627417862581e-01,-8.656187173059569639e-01
9.433700939046880674e-01,-1.855661700587937890e+00
1.071427780483867886e+00,-2.527939807269933503e+00
1.343874497965969583e+00,-2.490986016662047664e+00
1.386783606675278779e+00,-1.608459824817312533e+00
1.375805758122065958e+00,-4.444216738174536219e-01
1.745624746516868386e+00,6.371805767488106786e-01
2.158501229493657192e+00,1.415045882944951261e+00
2.721458813248224917e+00,1.430594208442885762e+00
2.229274395841655210e+00,1.252221985528405135e+00
1.418094025585380447e+00,6.049916582498484630e-01
4.732327988891970039e-01,1.033395559447346929e-01
-3.026152035474371504e-01,1.576394267236193025e-01
-9.582101032753637115e-01,1.173833822104889624e+00
-2.433395144484329364e+00,2.718374038813853311e+00
-3.472692857860204541e+00,3.205513815590448345e+00
-4.401388954195348369e+00,3.376397463819360123e+00
-4.874996856128386291e+00,3.272031102889869647e+00
-5.509330094993768689e+00,3.815989350263456981e+00
-6.238028067074719019e+00,4.592490774184200930e+00
-5.821802199999998706e+00,4.722116758425803695e+00
-5.161820580504653755e+00,4.859259430062732754e+00
-4.185304121548691469e+00,4.873276354842443148e+00
-3.259817474729410858e+00,4.465666706802575270e+00
-2.242269265144001711e+00,5.072369759545349410e+00
-1.386184429421763342e+00,6.355171373264798973e+00
-1.061457130132125171e+00,8.177396567641103786e+00
-6.327407843979768742e-01,9.180154315991554625e+00
-2.311273845976477004e-01,8.525217876175592124e+00
9.882438023116503489e-02,7.155114125244777412e+00
4.052385422182385177e-01,4.783939977728479676e+00
3.612946683262143743e-01,2.687978791639754839e+00
5.491880552163432849e-01,1.024234801475427448e+00
2.229553605234485536e-01,4.366860214211800706e-01
1.148433881085427904e-01,9.189206829413204547e-01
-3.707257692105458413e-01,1.236063823962090913e+00
-5.124067345208879187e-01,2.757272310316857045e+00
-7.183716677387549376e-01,4.675269581197768254e+00
-8.211147479777379798e-01,6.924939281236780708e+00
-7.804598244072189495e-01,8.231094362407857190e+00
-6.327407843979768742e-01,9.180154315991554625e+00
-4.666732589928307418e-01,8.882335831781681179e+00
-4.075241469546915241e-01,7.889876770500675818e+00
-4.401095945628168415e-01,6.083620373124364988e+00
-3.542461427531471974e-01,4.096864609313341177e+00
-6.624653618198512728e-01,2.602769028432032172e+00
-1.508499827964433049e+00,2.091480984691363343e+00
-1.629260931997999151e+00,3.046933404086190844e+00
-1.370328172658789034e+00,3.616574471841532024e+00
-5.490361177847683516e-01,4.408672128888411201e+00
-8.573262123501372567e-02,4.761520402756171499e+00
5.803842463131417273e-02,4.802758438016310194e+00
1.610372360858982332e-01,4.368002788655182655e+00
2.150551667378701182e-01,3.430151459185995844e+00
2.067965290452554450e-01,2.488654941405381571e+00
1.711147265182678678e-01,1.627668995841538901e+00
8.604907217857590829e-02,1.016499295836409411e+00
-7.977135179913381891e-02,1.365221917459361389e+00
-2.326817838589971543e-01,1.471864279886532012e+00
-3.412009430892029016e-01,1.244299967074893987e+00
-2.732514153843332294e-01,2.078403048303202993e+00
-1.095616524004932729e-01,2.991226982930878631e+00
9.934277113641953871e-02,3.692695444988113529e+00
3.830102059457005884e-03,4.031931252825408762e+00
-6.889566818178823049e-02,2.982753034035204642e+00
-1.505661263069618117e-01,2.723393126620971660e+00
1.795646880622665115e-02,2.740853194594182973e+00
9.934277113641953871e-02,3.692695444988113529e+00
2.150551667378701182e-01,3.430151459185995844e+00
2.067965290452551397e-01,2.488654941405383791e+00
1.711147265182678678e-01,1.627668995841538901e+00
8.604907217857590829e-02,1.016499295836409411e+00
3.358915322838196826e-01,9.805984958813793728e-01
6.610527021437361261e-01,6.703799386990407783e-01
8.355164492133057008e-01,2.567541533858136438e-01
6.552087779995096062e-01,5.295273036127376987e-01
3.494036167273504301e-01,8.336292870989273629e-01
1.120776270230268434e-01,9.544626907015031358e-01
-3.045586774115512374e-01,7.842540847648312718e-01
-3.470777934519305163e-01,4.196026582433272090e-01
-4.200942925678256001e-01,5.741949413310331041e-01
-1.300555283918853333e-01,8.346394834871658786e-01
-8.706342890694672432e-02,7.219537479645541378e-01
-3.252915740514289444e-02,5.361864549716642836e-01
-1.460771029126218812e-01,1.860822540527063973e-01
-2.652381625238606766e-01,5.056801820187751817e-01
-3.892003165206200932e-01,3.413151600675523034e-01
-4.182532474237470321e-01,6.263252682013506489e-02
-5.172992017640488660e-01,-9.188229757692291111e-01
-4.244640776259955839e-01,-8.614451414533003115e-01
-2.527851840739471223e-01,-7.380135209147176134e-01
4.970204699168109808e-02,-7.125203979579039504e-02
5.159326004942120791e-01,4.028171334496778444e-01
5.526042790505630853e-01,1.003761379768260520e+00
3.451437040703212444e-01,1.301876506441268511e+00
-1.546700731529075112e-01,1.782029897502916294e+00
-4.036397440932939507e-01,3.074107365855835550e+00
-4.409212162471880525e-01,5.334059927424200431e+00
-6.396889366013940315e-01,5.522327132680004524e+00
-5.328126282129792557e-01,5.239725648823792881e+00
-2.964952579110021191e-01,3.069591237230628433e+00
9.374650758124299099e-02,2.455995894030137183e+00
1.855197567648864121e-01,9.745928413243015731e-01
-2.026768235874827906e-01,-2.102520724692471255e-01
-9.865752395770466254e-01,-1.206711169171199804e+00
-1.785846327895063368e+00,-1.522084298857837359e+00
-2.085431424140534507e+00,-1.520163622669215009e+00
-1.924349643765549178e+00,-1.875001462773933314e+00
-1.480519397054202546e+00,-1.806646640276897253e+00
-9.799585977007100324e-01,-1.798728289287353954e+00
-6.042080656126800342e-01,-9.368436012113159350e-01
-6.211160760186036633e-02,-2.968638647048384982e-01
2.949932990755677054e-01,1.175206429540110176e-01
6.865373606579299182e-01,1.907017233451238081e-01
7.996421310516107495e-01,2.383695011680279363e-01
5.345145992017231729e-01,9.827967087498852561e-02
-5.181983347736456415e-04,1.878869227606365933e-01
-3.562771734144701274e-01,-2.565096117411539978e-01
-5.502938590228536597e-01,-3.199668099810140109e-01
-1.908255242939521368e-01,-1.097653938460823264e+00
3.134468880792484063e-02,-1.410137045300210445e+00
2.821032381732541117e-01,-1.924484021182458093e+00
4.325845991414219993e-01,-2.178381533288501704e+00
4.987545898048152404e-01,-1.849203913145582634e+00
-2.026083611118489544e-02,-1.625996667944661800e+00
-7.759580798209627650e-01,-1.386599482129384553e+00
-1.847852955104308803e+00,-1.620663638647524829e+00
-1.899342618911945113e+00,-1.731757491309054542e+00
-1.497739297138875658e+00,-1.492415986255479998e+00
-2.734821546150547622e-01,-1.117413943809799415e+00
2.204026800685160159e-01,-5.603271401741458657e-01
6.770423555510982627e-01,-2.616564432264253948e-01
7.280835069972881879e-01,-2.617777388269752481e-01
5.949215472589117759e-01,-4.364107822783659940e-01
5.394414953135920898e-01,-1.006982981322286141e+00
5.962766150962119927e-01,-1.682421648535580738e+00
8.765981087118435156e-01,-2.144383557203473067e+00
6.820542551066611781e-01,-1.829449494565632550e+00
-2.990778271838507862e-01,-8.653998189519164219e-01
-7.500794421904979359e-01,2.976243531478398596e-01
-7.037000667114459151e-01,1.178614225863855891e+00
2.037018690161590886e-02,1.325405070938080021e+00
2.325918610013568422e-01,1.243792674323761061e+00
9.768045299538016812e-02,4.377934228922600313e-01
-3.538027230059131445e-01,5.612653041013649924e-01
-7.699189130878035803e-01,5.822075680658460595e-01
-1.400817428774985718e+00,1.195880135334344230e+00
-2.012402703246234825e+00,1.718558932082593804e+00
-2.350113329481349211e+00,2.189087363225706184e+00
-2.005369711353934381e+00,2.661663740511348575e+00
-1.664107005104863202e+00,2.877405419098987505e+00
-9.644414564741096152e-01,2.373591760031454889e+00
-1.216657399099216219e+00,2.598474057095396805e+00
-1.085555538525536434e+00,2.107832365131444785e+00
-1.044335401404736352e+00,1.201540355688050621e+00
-7.701211798468203806e-01,5.493477442473908567e-01
-5.247510948748685955e-01,3.501799108178534903e-01
-4.970305255255926258e-01,1.086321684704628088e-01
-7.713079495068048130e-01,-2.633520185824523296e-01
-9.776407281927349535e-01,-8.383072817430065049e-01
-9.596848552382285513e-01,-1.290831076824318524e+00
-1.726894551895652163e-01,-2.229959905386397434e+00
2.810685000689121527e-01,-2.401318029041123125e+00
4.260345653678572209e-01,-2.194968438135421085e+00
-1.192995555065540919e-01,-1.206200779845751692e+00
-2.755039085611041272e-01,-7.268637497533240177e-01
-6.459663909118575909e-01,-8.176097201885156318e-01
-1.152372806223715074e+00,-9.314583282563158040e-01
-1.547515043941381618e+00,-7.778332248913277791e-01
-1.681484107401246764e+00,-6.687552419659761327e-01
-1.388035232386202855e+00,-3.319434016079668703e-01
-1.163897776630190339e+00,-3.176578663961722726e-01
-9.745898886137773776e-01,-4.157372871923024626e-01
-1.018079121549814170e+00,-8.174237117923376372e-01
-1.054201662227780556e+00,-8.074004451930236748e-01
-1.198642185551917150e+00,-8.566703107248963001e-01
-1.335113673165939874e+00,-8.339607719041498557e-01
-1.298931855838162175e+00,-7.834171324921088697e-01
-1.315398393854773973e+00,-6.630856581090438517e-01
-1.337797898660244122e+00,-3.357445453622533993e-01
-1.251150898033720038e+00,-4.784216266724072852e-01
-7.391498277767406533e-01,-6.943498128384721912e-01
-4.602997667839756613e-01,-8.896104520742612598e-01
-1.924559753502597392e-01,-1.046889752522778716e+00
-2.075893196780134453e-01,-1.122234430561861007e+00
-1.286940826142743133e-01,-1.306720972599781927e+00
-2.828312649723927485e-01,-1.134145117302473027e+00
-6.514586768842171027e-01,-7.342600883765247888e-01
-9.123346300532777509e-01,-4.233515155682284758e-01
-1.025382660959092807e+00,-2.211892436771581150e-01
-1.083322120626238450e+00,5.548462512527027601e-02
-6.293509716579451796e-01,6.769284073018307923e-01
4.222696669027487526e-01,1.626534683728828368e+00
8.051109703342850255e-01,1.666648811391276741e+00
9.727579729065735092e-01,1.001465229784994193e+00
2.953392083154300907e-01,-4.954581810488651317e-01
2.709249214977806908e-01,-1.208096122969751995e+00
1.835987324693368894e-01,-1.413863836885284719e+00
2.228481030405672358e-01,-1.500213404102335391e+00
2.080733376874390750e-01,-1.613247306302692419e+00
4.900162161870259825e-02,-1.518997144180337155e+00
-4.347321700681260059e-02,-1.368517164536497743e+00
7.078097122254690954e-02,-1.582814123837875009e+00
-1.280804178205358912e-01,-9.291987731224069513e-01
-3.374528210618339963e-01,-6.075015034684071447e-01
-5.807550254430058345e-01,-1.717320956934348386e-01
-6.054743812985968754e-01,-8.185999521739398821e-01
-7.127843773263532468e-01,-1.098445759283285694e+00
-1.288023014229806362e+00,-1.339250493741337422e+00
-9.236144476111560753e-01,-1.356720063982935764e+00
-9.290658546573694609e-01,-1.176427276755890539e+00
-6.463391544506615904e-01,-7.846093016190587299e-01
-9.899204103135058608e-01,-2.563452310586540883e-01
-9.827034715710030177e-01,3.567142191847913479e-01
-8.172865278459170435e-01,9.809414745658515677e-01
-7.138734134586435243e-01,1.321116345275143544e+00
-4.982129649644299607e-01,1.171095686109262735e+00
-4.412641003647561067e-01,1.364737265645437514e+00
-8.992384824257046438e-02,1.193047427596560350e+00
4.196367109135534790e-01,9.217722890459764118e-01
9.471823837243429356e-01,5.338869628304091508e-01
1.201977129702199276e+00,2.141992003450147730e-01
1.136382162078966918e+00,7.482316870857332047e-02
8.374836560236066374e-01,4.011274300151271288e-02
4.980098434954884912e-01,2.282753523314068889e-01
3.535707296923313869e-01,5.241294857238295579e-01
6.197364554647145640e-01,6.281944272398003459e-01
7.686150064616258382e-01,7.158416999124321833e-01
1.025119978166548318e+00,5.945269918827483790e-01
6.993503087140899854e-01,5.697676996934110116e-01
7.003972567739478183e-01,4.317152678295017587e-01
2.267868662955966619e-01,3.094752092847805613e-01
2.267868662955966619e-01,3.094752092847805613e-01
-1.533914415716086110e-01,3.204352580261013439e-02
-3.499956312564302952e-01,-1.388851449832658180e-01
-4.069072142839129658e-01,-3.727272138676435143e-01
-2.089769478404680247e-01,-4.599826924522354976e-01
8.925120630660376975e-02,-7.157642635704543066e-01
3.335843051701063988e-01,-9.692958970906010441e-01
3.787073771136044154e-01,-1.189500567331249981e+00
3.083092349151145828e-01,-1.474648031063899856e+00
1.792267391372064367e-01,-1.616677075088799986e+00
1.717724784052179765e-01,-1.740360520602349803e+00
1.176223043820475295e-01,-1.328885431931083216e+00
3.927964992968554503e-01,-1.782933294626036114e+00
4.900171894517805771e-01,-1.443427376481408952e+00
5.222476541552918405e-01,-9.984830952344583288e-01
2.811292071535987369e-01,-4.942225622244023064e-01
1.353305453186779417e-01,-2.401898531773751511e-01
-3.087944635927409864e-01,2.135287764308770875e-01
-5.602722871543023286e-01,3.698239396399254364e-01
-7.011662822667579231e-01,2.897906916204171512e-01
-6.331050773049804459e-01,3.224394373922388479e-01
-4.785674666474571404e-01,-9.940638749141166020e-02
-3.499956312564302952e-01,-1.388851449832658180e-01
-4.131348342019043884e-01,-9.248991214371822533e-02
-3.153771426858053561e-01,-1.359123197814806339e-01
-4.433317900235528297e-01,-5.110059065465436534e-01
-5.626707716140364468e-01,-1.293150147250866411e+00
-8.699108464394675888e-01,-1.546156197057094728e+00
-9.346915869838482438e-01,-1.267734130341801269e+00
-1.103794937682234467e+00,-1.055480149237437715e+00
-9.105906437144140053e-01,-4.502504739820080704e-01
-5.792943302273632078e-01,-1.407489697662737960e-01
-2.260415338151413323e-01,3.952152828955153296e-01
-3.010210703468729418e-02,5.214895947542196319e-01
-2.194614953254279965e-01,4.792244272276876549e-01
-7.117444768791368892e-01,5.716915314621445754e-01
-1.020252610594513554e+00,8.582439275866194928e-01
-1.248641816206328192e+00,9.072006839897278629e-01
-1.123136249949800769e+00,8.599098468635084647e-01
-1.067015392357022030e+00,4.465428235994301498e-01
-7.722424832002846573e-01,3.814572491687307498e-01
-9.654523303883036922e-01,5.448145248908844440e-01
-2.133980471854035055e-01,8.662930258500246561e-01
