-1.491712783428179867e-01,-1.902374102473962658e+00
1.096613564029787907e-01,-1.854025159928041067e+00
6.790589422045203993e-02,-1.640264583704477364e+00
-7.884363834865515397e-01,-4.741406110479487457e-01
-1.032732150610953470e+00,1.154054247817098311e+00
-3.657272951060707156e-01,2.030651329600239308e+00
3.956448656577221668e-01,2.118093180880086024e+00
7.823824326153731024e-01,1.433224303219209794e+00
5.408893943176505958e-01,5.362783111926604507e-01
1.710462283309402698e-01,4.938309375598101680e-02
-1.590971263615401261e-03,-3.694556760038412158e-01
1.195144875049995309e-01,-2.272605251106774860e-01
1.710462283309394094e-01,4.938309375597980944e-02
-1.677396356536168254e-01,2.565085792392580652e-02
-3.773166915901241536e-01,1.211602948950440788e-02
-2.663394868635899360e-01,5.053069584221107080e-01
2.629782716839107470e-01,6.878583200557892852e-01
6.574387976394909794e-01,6.574388273651077252e-02
9.222439736608146754e-01,-3.610662970214645884e-01
9.419933041992012424e-01,-4.518718966620197675e-01
8.598653247209500083e-01,-7.108986240843990778e-01
6.409812789325253224e-01,-9.693080976199562881e-01
2.346863814606266752e-01,-1.240137915267077506e+00
-1.194235757881574878e-01,-1.506335825836718323e+00
-1.417819921376909376e-01,-1.505281420433063122e+00
-1.188352789948948218e-01,-1.506061839089170240e+00
-3.900060785356714715e-02,-9.550262734703672818e-01
-1.564772360197526635e-01,-8.474151678325242409e-01
-4.304431764604942923e-01,-1.183323937132152004e+00
-5.205752999033631534e-01,-1.213283470459280089e+00
-4.824254185968685493e-01,-1.283972841453384195e+00
-4.050890352384928228e-01,-1.336046712943810943e+00
-4.200157656296886199e-01,-1.405594283805438938e+00
-4.030035673898711979e-01,-1.418326794721260553e+00
-8.788295242491039883e-02,-1.194197912609836765e+00
1.790400828317882664e-01,-7.738760946338362201e-01
7.224366945285644326e-02,-6.617710520507793515e-01
-3.488498631751170420e-02,-1.071908966091037696e+00
6.562595617081197208e-01,-4.133913422155652828e-01
1.678099899859679889e+00,1.128536874820577296e+00
2.087327026261384777e+00,2.195430091318964383e+00
1.397663013800662490e+00,2.322406387224651869e+00
1.087821606028735628e-02,1.534179732597487300e+00
-7.659241785620938270e-01,7.312347369222693683e-01
-7.268169038919890523e-01,2.864969438633803156e-01
-1.928647907425406760e-01,-2.823658158491609282e-01
1.131442746797654275e-01,-3.792857363237105428e-01
-2.275938001512904652e-01,-6.234983844323392643e-02
-5.475848469168099752e-01,-6.520357142371417669e-02
-8.787814773212571096e-01,9.529762441359104774e-02
-6.838672689245699488e-01,2.638396334731160087e-01
-2.557759540068584303e-01,6.552842406662505725e-01
-2.628194875101880559e-02,7.542542607428669443e-01
4.222430558183237759e-01,-3.461577219456644233e-02
8.202610188578649542e-01,-4.067379529865795540e-01
8.202610188578649542e-01,-4.067379529865795540e-01
6.347196511266659513e-01,-1.226594449657428393e-01
2.928584511182891759e-01,2.994240809605623332e-01
2.502065921370200674e-01,2.136970133581286291e-01
2.444513211544950826e-01,7.447293858648579290e-02
2.986160331619256564e-02,3.092829333011244408e-01
-1.068591719144985214e-02,3.188447907142235582e-01
6.637238552599444841e-02,4.471819823524567257e-03
1.821401072570082991e-01,-4.488345845178543514e-01
1.086172105871565097e-01,-8.505733760421380074e-01
1.187088057111804484e-01,-1.028556466991860097e+00
4.862885449858588838e-01,-7.628619081144940584e-01
9.540299814111299348e-01,-5.481845570855232719e-01
8.862020008956761341e-01,-6.451098316039811653e-01
4.738388588880233510e-01,-8.150928476976184722e-01
-7.072359097221710134e-02,-4.303570342262557635e-01
-4.760674069326762403e-01,1.896486864570076092e-01
-2.725770600982871938e-01,-3.864906727352025728e-02
9.092201017902243887e-01,-1.778752741531092418e+00
1.557240728181343847e+00,-2.969875326486186573e+00
1.557240728181343847e+00,-2.969875326486186573e+00
1.557240728181343847e+00,-2.969875326486186573e+00
6.106378118341871941e-01,-2.075751026165444824e+00
-2.184407825921355351e-01,-7.834319274798421384e-01
-3.837209427905325931e-01,4.054402169706574077e-01
-4.325440467576692760e-01,1.471674713670354240e-01
-1.876705930409828804e-01,-5.589151393622915354e-01
4.314763428865092676e-01,-7.749907702687726108e-01
9.540299814111299348e-01,-5.481845570855232719e-01
7.466801804482319227e-01,-3.406050833458493798e-01
3.184488815894431224e-01,-9.025562539812517771e-02
9.090698671581920465e-01,1.843711437664388442e-01
1.027246126949250105e+00,5.307803523868903639e-01
3.027856211133919673e-01,9.294319763884141272e-01
-4.538158536353483208e-01,7.928767340806545105e-01
-8.109750225451494154e-01,3.971845190245094637e-01
-7.345472986348768885e-01,4.502577516851284378e-01
-4.000589413689786822e-01,9.833266306597315820e-01
-1.764283083968445631e-01,1.211080707222109698e+00
5.105081299905744885e-01,1.147509294363066257e+00
7.202709638635108602e-01,1.378838113339542204e+00
8.533299946149724979e-02,1.437597412190586343e+00
-4.000589413689786822e-01,9.833266306597315820e-01
-4.277750866839016841e-01,9.312789747275432850e-01
-1.066029946794376237e-01,1.333221952166357305e+00
2.879831653420920068e-01,1.253100466611616115e+00
3.522049290821600565e-01,8.516506278353749293e-01
-1.068620119723242140e-01,5.220537848140889281e-01
-8.613954858664846226e-01,4.273134954438549404e-01
-1.614149844189225025e+00,3.244210974912760115e-01
-1.614149844189225025e+00,3.244210974912760115e-01
-1.545353890271329966e+00,3.963840955861164250e-01
-1.861723775033220063e+00,4.206387945880987189e-01
-1.967903583060578665e+00,6.610129963686606214e-01
-1.569107658012934836e+00,1.075108329471360369e+00
-7.049972069777538097e-01,1.489197186955993013e+00
2.188023598184724028e-01,1.691254438793734050e+00
6.793673346305537653e-01,1.594707929441957273e+00
4.201489179285046727e-01,1.500640698833838771e+00
2.458804589219695524e-01,1.185534947298271025e+00
3.900494605122535319e-01,4.320915472115489653e-01
3.138082300223225540e-01,3.971139353545392187e-02
-1.433586006121842227e-01,3.309457443381555453e-01
-6.297596772112339369e-01,-1.561005432899312262e-01
-5.704899951203699082e-01,-1.245351671203825950e+00
-1.721276386347066201e-01,-1.905438461463166533e+00
3.303980464856279831e-01,-2.123055215762466474e+00
5.532555420841697158e-01,-2.164803952040730728e+00
1.941204024774108861e-01,-1.757419808307882469e+00
-3.174919756198447129e-01,-9.609677040595310249e-01
-4.145402418509129827e-01,-5.793496000669777768e-01
-1.713424549808426622e-01,-6.567813429021643890e-01
-1.342672186782897237e-01,-7.362269566551096212e-01
-2.902320951937625293e-01,-1.144297165763246804e+00
-1.143772279595335201e-01,-1.781538284684082596e+00
3.303980464856279831e-01,-2.123055215762466474e+00
1.158843217839640310e-01,-1.663930289816393904e+00
-2.163968609879688559e-02,-1.172997977765954047e+00
5.750287302136760648e-01,-1.145510315028962500e+00
8.800132224398166114e-01,-1.011049723359297436e+00
9.193279528805126111e-01,-9.622411372436676658e-01
9.297623934942932378e-01,-1.085578428609347057e+00
8.800132224398157232e-01,-1.011049723359295882e+00
5.635044529678742142e-01,-3.930795630791558137e-01
5.217494059757773472e-01,-7.042494559446813018e-02
6.451534458234096103e-01,-2.772997024462606763e-01
1.768303960047670487e-01,-4.314071081981288303e-01
-4.439618984500468546e-01,-6.486928730000867116e-01
-6.142283915222553903e-01,-9.178560928885240999e-01
-3.498366713694963104e-01,-1.236844316581434677e+00
-3.831033303094869003e-01,-5.167579161308147873e-01
-7.488500151887552692e-01,1.010970134977967616e+00
-8.801722271402067088e-01,2.449214326508724948e+00
-8.202594462131455044e-01,3.276881073373616893e+00
-9.085106696933602510e-01,3.638516941452499154e+00
-1.445539598062987041e+00,2.961873970415080493e+00
-1.883138984745751587e+00,1.610293464160932109e+00
-1.519175945028183872e+00,4.689799369572629772e-01
-6.159869884374504778e-01,-4.858931970958265678e-01
6.481445355142570475e-02,-7.586597107997996581e-01
1.668917882915010586e-01,-2.599722852185145650e-01
-6.601898815687763655e-02,4.078512254787547975e-01
-2.653878551882609682e-01,8.770809678952713462e-01
-3.400644698153044709e-01,9.365881477967410440e-01
-5.622776072391770796e-01,5.754567660231796333e-01
-6.771561155707465085e-01,-2.825554627834899746e-01
-7.621532545917425461e-01,-7.116590324528420108e-01
-9.904766469601686829e-01,-4.378196518022482997e-01
-1.240890148130903814e+00,-1.092295078543853437e-01
-1.134535892105149157e+00,2.985601088732425246e-01
-5.730142685732575458e-01,8.331109002247901740e-01
-9.078168804657564539e-02,1.385199502148320105e+00
3.607712229656769298e-01,1.537465093368465041e+00
9.203968124111336913e-01,7.420387361769843482e-01
1.002078638159562107e+00,-5.833123270425615292e-01
7.364132864215375829e-01,-1.688356329451867754e+00
5.577477588318766610e-01,-2.204191621109724775e+00
5.733162041268704545e-01,-2.190202725405705486e+00
3.529414220897825749e-01,-1.850632885181153764e+00
5.793444019268517708e-02,-1.460881587645140867e+00
-6.998575372390054838e-02,-1.390556627225909780e+00
-2.584655809062859078e-01,-1.242106606313237549e+00
-4.533240738871052722e-01,-4.490099533892318306e-01
-4.257094036096678580e-01,3.823867083573862513e-01
-1.645333315087274817e-01,1.136312504966223269e+00
3.374130539309943555e-01,1.034184968865317300e+00
7.755194909339286902e-01,1.450899901325089780e-01
1.012519344421750400e+00,-2.130165330319497008e-01
7.793813232538818747e-01,1.979001452641090397e-01
2.029158862551968534e-01,7.948214799830715105e-01
-9.078168804657564539e-02,1.385199502148320105e+00
-4.790098939041836923e-01,1.683191744534933365e+00
-1.394119418861063053e+00,1.723964123808495508e+00
-2.270944620291671878e+00,1.627186082454480154e+00
-2.739312424059839213e+00,1.944657226308645681e+00
-2.610745655887356520e+00,2.475328995168752932e+00
-2.052905597925397174e+00,2.422995242665286320e+00
-1.324468912500860185e+00,1.747002132351592074e+00
-7.531247260128117738e-01,4.138610476764663093e-01
-4.365211237344626682e-01,-4.641593005236020475e-01
1.199836980096869871e-01,-7.690376905536318031e-01
1.168069172107048387e-01,-7.457042952334334007e-01
-5.905202718464167555e-01,-6.231155563819039400e-02
-7.814756002000857737e-01,3.163227448526194641e-01
-4.094151290141590516e-01,-1.375361120216830602e-01
5.388007870053903581e-01,-6.818432286689322108e-01
2.095884554539717115e+00,-7.803631252632390325e-01
3.904980280109202173e+00,-4.895342073520710935e-01
5.851580376143484585e+00,1.022594861396577959e-01
7.241215628422819961e+00,6.666701667750829507e-01
8.144802613269796154e+00,1.009438380906872990e+00
8.573797549410343777e+00,1.183052742470104945e+00
8.573797549410343777e+00,1.183052742470104945e+00
8.573797549410343777e+00,1.183052742470104945e+00
7.891110781735433122e+00,1.400420362816283015e+00
6.932418033219283515e+00,1.700310798060242545e+00
6.006209236798769169e+00,1.696344878992572358e+00
4.775918819594730635e+00,1.083213627110052313e+00
3.207963853403687615e+00,-5.562949943759280119e-02
1.529714071249626661e+00,-1.364863647359550791e+00
2.764143952564949158e-01,-1.893490042951451846e+00
1.252912706815813987e-02,-9.651033043529112510e-01
1.088690136953300719e-01,-4.264981180094277180e-01
1.463342647291023535e-01,-3.855603109268543882e-01
5.019428406135073573e-01,-4.343248950548500020e-01
7.212338209095613406e-01,-7.155082041473508347e-01
8.077469320627794769e-01,-9.345117920942864753e-01
1.022668697644290692e+00,-6.888258527977174639e-01
1.181041915814461163e+00,-7.094666218260817780e-01
1.264240764087141589e+00,-7.573477331685588565e-01
1.139160267443526608e+00,-5.437052106078262836e-01
5.682428154623772043e-01,-6.781490370358185249e-01
9.196433726214850446e-02,-5.607842283458831512e-01
9.341961958631631036e-02,-1.394502090806235828e-01
-9.066857295475236334e-02,-4.315013811405429833e-01
-2.902320951937625293e-01,-1.144297165763246804e+00
-3.913626653991174598e-01,-1.519282996215205017e+00
-3.078359728677446117e-01,-1.353474024418486632e+00
-1.215895878825604265e-01,-7.962508472545980487e-01
-1.370317771566302301e-01,-1.390337975806504867e+00
4.216905109827035619e-02,-1.606952189885435978e+00
2.141697743712479285e-01,-1.363665686161830815e+00
1.890468137868059895e-01,-5.773572099468279317e-01
-1.884246690724540249e-02,4.817895817705199479e-01
-2.958857698370898626e-01,1.641383593699448751e+00
-7.093749833523852466e-01,2.946190067929826739e+00
-9.502418655405171499e-01,4.903013804775800288e+00
-9.668609026571753917e-01,7.027622135784941548e+00
-1.308917697111329659e+00,8.555335003792462700e+00
-1.767260704444516106e+00,8.444998756553843577e+00
-1.879019320342466770e+00,6.423712171523738412e+00
-1.318457500394240922e+00,3.226300102716080254e+00
-6.143521527545334759e-01,6.080734130840581564e-01
-1.686081158819444925e-01,-2.481788196976067173e-01
2.474473544535045755e-01,-1.172396520309452739e-01
5.938513537482442706e-01,3.866279715652127802e-01
6.326519819167422121e-01,5.468518097709437198e-01
3.294166521588269281e-01,5.324736874273973131e-01
-2.586099419397488303e-02,7.832735155204108013e-01
-2.607981804773460976e-01,1.061645775743942810e+00
-6.846105447560681956e-01,7.277895303130084148e-01
-1.130794569866398147e+00,2.126929435186423328e-02
-1.807366252933162665e+00,-6.053932698521248268e-01
-1.263538538513614196e+00,-9.463178020409449553e-01
-3.502053924125185236e-01,-1.039007747936885773e+00
2.370190157254511709e-01,-7.508228714716029817e-01
9.822368129981520202e-01,3.725097676993324725e-01
9.709078668835556813e-01,1.313332641292919600e+00
5.850323513929444053e-01,1.284693952846062359e+00
-5.279366120724302558e-01,1.222230409479632796e+00
-1.953346642909571829e+00,1.399990604257896010e+00
-2.610176030296624816e+00,8.490590973726058754e-01
-2.419646819077364785e+00,-3.692457057958550282e-01
-2.208091393259310919e+00,-6.513612570353950471e-01
-1.986533721061506608e+00,-7.418828846509743780e-02
-1.507086366045090386e+00,-6.469242969262847809e-02
-7.981910298411558635e-01,-7.249169865710253235e-01
-3.579284988125078781e-01,-1.082312447670476407e+00
-5.552958772748021188e-01,-2.377417456474609503e-01
-4.329174866263778010e-01,4.598496172125484116e-01
7.836790072882340863e-02,3.780741748332424601e-01
6.731301902109466662e-01,-3.221132644739688189e-01
4.246346979857575921e-01,-6.499690191511192650e-01
-2.116965058833843172e-01,-2.680813062887766884e-01
-3.677448488432822488e-02,4.576062490762847212e-01
9.011740333007500769e-01,1.443302258006432748e+00
1.562131682819350997e+00,2.420912475933406860e+00
1.719532981634139812e+00,2.956638788593656031e+00
1.503983903858086668e+00,2.759224261105210907e+00
1.197226843661210127e+00,2.025288800160545577e+00
9.295214607897127612e-01,1.209841120621167887e+00
6.366862509599978681e-01,6.134233970671928438e-01
2.305158694626132654e-01,2.128820943482962469e-01
-3.294381290433421455e-02,8.966158050859816472e-03
-7.484778140143425462e-01,-2.660288229078525690e-01
-2.152934143627553087e+00,-8.592650661492928776e-01
-3.514433108592747157e+00,-1.433266611048034767e+00
-3.954461196823539471e+00,-1.553230740541227561e+00
-3.061745181065070209e+00,-1.133628765516956793e+00
-1.730149157293830342e+00,-2.761693720067939783e-01
-1.110770852599580083e+00,2.633517164727742221e-01
-1.110770852599580083e+00,2.633517164727742221e-01
-3.730838741253569291e-01,3.141452354910067579e-01
8.736849135562990698e-01,3.399129069921418278e-01
1.445047039836228953e+00,2.384638315463048497e-01
7.594484810300997646e-01,8.382864220953918644e-02
-3.103785722859155327e-01,7.593145999026806869e-02
-7.537693523556232567e-01,1.025216526220945751e-01
-9.647589529565410160e-01,3.362351497685977381e-02
-7.759956927075877253e-01,-1.154518061565170360e-02
-5.159351162694206794e-01,-2.883464657585892502e-02
-4.157886290391339945e-01,-1.564189928944999530e-01
-3.648672776906017878e-01,-4.508577401767962511e-01
-5.989953543901730404e-01,-7.942101804993210168e-01
-6.412008587344897315e-01,-3.423165336560898830e-01
-2.371819762648085250e-01,1.394066459851153461e-01
-4.477307080930822414e-01,-4.827360926882705017e-01
-9.242678188127412264e-01,-1.775840545169491635e+00
-9.649918919775336557e-01,-2.709598484752540060e+00
-7.210214290575440721e-01,-2.626884635399010293e+00
-1.744982802097291841e-01,-1.653982076411697921e+00
2.882432541800146741e-01,-1.081295756497830496e+00
8.481030497145767288e-01,-1.652976598996021007e+00
1.678951436881385817e+00,-2.681230235367614956e+00
2.100912702717395053e+00,-3.803740161025400912e+00
1.867387983455712996e+00,-4.523902189098738091e+00
1.173987039921550179e+00,-4.430939684535426082e+00
4.601871711580582947e-01,-3.387910164487777820e+00
5.677337397366628152e-02,-2.173438752972598031e+00
3.044098284659059184e-01,-1.326691964886716368e+00
3.454764692090608325e-01,-1.306647789460192000e+00
-1.097165086213403723e-01,-1.630184219235088827e+00
-1.744536755063611777e-01,-7.596942597640315986e-01
-5.313210805042604123e-01,7.705014443104639676e-01
-1.467181717609379765e+00,1.337715938898956569e+00
-2.106571279182654077e+00,1.799936190012663806e+00
-2.024498620287855211e+00,1.865074945411014484e+00
-1.240767739532549152e+00,1.372895418022718195e+00
-4.147170806397669218e-01,-1.074667659037165934e-01
1.632625493571879527e-01,-1.337472587010505087e+00
1.596879381600026238e-01,-9.198575172092547936e-01
8.260726185705485197e-03,-1.394173189563516768e-01
-1.080614057554998564e-01,3.794914967379273141e-01
-1.080614057554998564e-01,3.794914967379273141e-01
1.688826472536906487e-01,7.797221102740241605e-01
7.063989147380186351e-01,1.093655876898724344e+00
1.476869006694643938e+00,9.175069631775915058e-01
2.162817624515841697e+00,7.804830393451089865e-01
2.533886366759852571e+00,7.981931130608713731e-01
2.333813470861157757e+00,9.754104861102625978e-01
1.615644629438103497e+00,1.160105599333105975e+00
9.974950434529324950e-01,1.034284994834772542e+00
7.803259450546443654e-01,6.483552857406367220e-01
5.661052998159258332e-01,3.660036881190444902e-01
-4.405883111849698830e-01,8.795729087117404310e-01
-1.632402269677670326e+00,1.990693291104163265e+00
-2.003905479332426243e+00,3.044100694726237233e+00
-1.353835664133039351e+00,3.563624504841522711e+00
-3.012454501542027319e-01,3.386897058146345785e+00
4.537033768657156574e-01,2.659813890316490959e+00
3.413849003560834316e-01,1.537345169103154330e+00
-3.405360382836439825e-01,7.215006455536000507e-01
-9.836953788795664844e-01,3.108999865067271218e-01
-1.288256264580900812e+00,-9.032827266015278078e-02
-1.196802654047686376e+00,-1.034546853595048888e-01
-4.782175552378437611e-01,-4.490311618231823676e-02
-2.937302120447858253e-02,-2.171000030579354478e-01
3.518719431612944981e-01,6.372432505181627738e-01
5.989915691019138677e-01,1.477507783791772722e+00
3.757867490635299901e-01,1.465543864082180514e+00
2.024478585306101752e-01,6.400264770646345580e-01
3.118055822666529475e-01,2.293458460606169758e-01
1.993071523844323345e-01,-2.090401900144062478e-02
2.514424420742400468e-01,-4.419419837819302255e-01
1.724736573446345247e-02,-1.417002462217327841e+00
-2.565559362527269349e-01,-1.816429149867816673e+00
-9.003791041726000310e-01,-2.475582890289181215e+00
-1.547476326363131482e+00,-3.535487641625866928e+00
-1.515645451553244039e+00,-4.026943967746727360e+00
-9.797050159085873844e-01,-3.584981655907220066e+00
-4.080636709892759284e-01,-2.492919872904972856e+00
-1.231996059061764570e-01,-1.692338732797409095e+00
-2.139222188822575421e-01,-1.023795314975436188e+00
-4.132408716205446808e-01,-3.893138455184822488e-01
-5.772436671809810793e-01,-4.228229249150368685e-01
-5.782525723601964485e-01,-9.119173352942532285e-01
-6.256490219837835820e-01,-9.702314775358316101e-01
-6.002058520555406673e-01,-7.610271308354027431e-01
-5.267886687862814998e-01,-5.903065353519204583e-01
-4.365211237344626682e-01,-4.641593005236020475e-01
-5.147030646248830221e-01,-7.238557458528306621e-02
-6.539488798991034413e-01,5.308816498393518213e-01
-3.752518890376828065e-01,9.078222088116358890e-01
3.680561318024856698e-02,6.735158349055048177e-01
1.098304827785147320e-01,2.290626104988928435e-01
7.447218126972325906e-04,2.257366287012135212e-03
-1.848996258102941900e-03,-1.483296166448515863e-01
-2.090274899684746099e-02,-2.550832344775987859e-01
4.636890485010235485e-01,1.943801544440199591e-01
1.163646942163878650e+00,8.969591954557897262e-01
1.289404810361779452e+00,1.032802628883427776e+00
8.464515919622258577e-01,6.237477334411555274e-01
2.459842684749656838e-01,5.907043777908518312e-01
-7.628969396820060866e-02,1.086326856669784346e+00
-1.481591997683790185e-01,1.283479632790959446e+00
-1.206757078476307886e-02,9.027186300764972193e-01
-7.427906195536085332e-02,1.974038730753656379e-01
-3.391950661756533147e-01,-4.313693332476754572e-01
-6.473760353440377591e-01,-6.194427553375785322e-01
-7.361739271557633524e-01,-6.171956605115840322e-01
-4.408679588609420996e-01,-6.007925847229074190e-01
-2.762360781954181690e-03,-7.281792880853771299e-01
4.248367371345274091e-02,-3.603182592212183510e-01
-1.691617365295331188e-01,4.925742576218671842e-01
-3.693035299803221760e-01,4.717648947292961692e-01
-6.489752766260794559e-01,-4.116638701966138791e-01
-1.074464483280888949e+00,-6.573119127827483643e-01
-1.441647225376033292e+00,-2.371058853570242805e-02
-1.701975521806914360e+00,6.188998251174846477e-01
-1.723555883713975279e+00,9.280662789511127109e-01
-1.641258331928060699e+00,7.145625843072852534e-01
-1.457052057275721069e+00,1.512618011655252337e-01
-1.061788516198270749e+00,-3.632319953513888922e-01
-4.636219863694065468e-01,-5.172508126021432284e-01
1.074281604970590137e-01,-2.523440196804133118e-01
3.138082300223225540e-01,3.971139353545392187e-02
-2.367217064567871398e-01,9.213127292644275323e-01
-8.700941286404502151e-01,1.837172908306130337e+00
-1.071006471330903986e+00,1.915752217322220563e+00
-1.023330590004186691e+00,1.559833251766751694e+00
-6.509590023163708272e-01,9.773390789026742409e-01
-7.399974882212544403e-01,4.726890728282084342e-01
-1.459282982984511312e+00,8.736099015891142516e-02
-1.504267147720989239e+00,-5.016909511859684034e-01
-9.794396918971867150e-01,-8.907661883322811613e-01
-8.462845255817484924e-01,-9.424719393904974485e-01
-9.512798517179225088e-01,-8.612019462646772761e-01
-1.176348519302394813e+00,-5.919969836605820657e-01
-8.109486630714214384e-01,-9.147127577914054841e-01
6.449842198610809818e-02,-1.504765322289389751e+00
4.009037057359646217e-02,-1.578759338081085373e+00
-6.246696896259589238e-01,-1.278250796369231557e+00
-1.196674028601711903e+00,-7.219043479046510781e-01
-1.154751466849608388e+00,-5.855736704520635438e-01
-9.817994473304846315e-01,-7.811144962229885635e-01
-1.228857551656212355e+00,-7.541481973841740460e-01
-1.627516983561380304e+00,-3.014896289084347258e-01
-1.572976138502076404e+00,1.710365382049051086e-01
-1.629216295788921576e+00,8.242853208588727387e-01
-1.756665812093959333e+00,1.368345325399169310e+00
-1.191466585352693341e+00,1.635011630220490231e+00
-2.355958715493359501e-01,1.766338293978890306e+00
2.934368999469247896e-01,1.805371908723564234e+00
2.535426271929118180e-01,1.649998315017618733e+00
-1.063566336438938886e-01,1.216883965282281377e+00
-2.426384162254806298e-01,1.011067337485622719e+00
-4.262014336648939361e-01,1.136880964764026114e+00
-2.996156941416491803e-01,1.349343235917578321e+00
-2.996156941416491803e-01,1.349343235917578321e+00
-1.241064178749487823e+00,5.343825179274569459e-01
-2.294423248854582820e+00,-5.076259161221968741e-01
-2.382293526499043246e+00,-9.978861931886932046e-01
-1.321897191286959705e+00,-1.046051057253693406e+00
-2.584655809062859078e-01,-1.242106606313237549e+00
4.285217733178734445e-01,-1.002746963305076955e+00
1.090068871008047724e+00,-1.673666479030357368e-01
1.025191719608406604e+00,3.230960015439250932e-01
5.432174077127867040e-01,2.893346369265139550e-01
3.826435680022375885e-01,-8.209668050454710375e-02
3.856553185174887988e-01,-3.981356978624260301e-01
2.920859037581047257e-01,-7.178362688939885494e-01
2.877226774047685898e-01,-7.846350700416946378e-01
4.276858724946292489e-01,-7.250502931095804682e-01
5.585624300462417313e-01,-9.394812001800501022e-01
1.055598508368080113e+00,-1.065320313981372280e+00
1.376488859305482260e+00,-7.810082777479352423e-01
9.471442416057629377e-01,-1.876763386915019649e-01
-4.728478733628884711e-01,3.629986250136079118e-01
-3.052606293251419745e-01,3.120156672361484862e-01
9.839227834258810201e-01,2.357689053972548410e-01
1.168404369801840259e+00,1.793842946695895502e-01
8.157140494266411634e-01,1.407457152836890657e-01
9.839227834258810201e-01,2.357689053972548410e-01
1.787514666967639387e+00,5.085005637010707735e-01
2.208817480275043099e+00,7.358703884434935061e-01
1.775231789116643366e+00,5.144946367983764812e-01
1.276479327458586166e+00,-1.847205821727552766e-01
9.890289824194212764e-01,-8.021464683285230990e-01
4.162814880715800525e-01,-1.023387714140491456e+00
-1.127164445039223646e-02,-6.529728669023037169e-01
-2.456213504990345797e-01,-8.220783299582336001e-01
-3.485056318064224667e-01,-1.584415654253487293e+00
-1.982070735436112230e-01,-1.942898012629606264e+00
-1.135355109424413846e-02,-1.979346614181587638e+00
2.418596071780163559e-01,-1.598953319632186121e+00
4.130201586803879943e-01,-9.471639730152967562e-01
3.744826076540055948e-01,-2.393208754800360827e-01
1.826027977686400794e-01,2.454419864866752565e-01
-9.382923512883624417e-02,3.194245333691118072e-01
-3.916782113064923854e-01,2.483957485088434392e-01
-7.804679220264438833e-01,3.396785256785369023e-01
-1.116447565559413047e+00,4.292702687993487642e-01
-1.219026505953386685e+00,3.644606352930104265e-01
-1.110770852599580083e+00,2.633517164727742221e-01
-7.053065072574403738e-01,1.885700101155265429e-01
-5.847338975877177658e-01,3.312713852424956640e-01
-3.401799735635662181e-01,3.272949550604529745e-01
-3.136622372657837943e-01,2.412865684436418523e-01
-2.161036807222264378e-01,-7.730421189809727478e-02
-2.978943340453742428e-01,-6.172411301471996126e-01
2.370190157254511709e-01,-7.508228714716029817e-01
1.136833389821343188e+00,-3.624768582362521419e-01
1.438229253167444988e+00,-3.991867938647720992e-02
1.404991145351941917e+00,1.610100149109641721e-01
1.025191719608406604e+00,3.230960015439250932e-01
-4.024654168475760851e-02,9.158319221660872200e-01
-8.938721050647711053e-01,8.680223006962280996e-01
-8.066518496753088963e-01,2.899831261668888160e-01
-5.805743258442087606e-01,4.613372863749810593e-01
-2.382766256030803276e-01,7.032568889369550380e-01
-2.621953644262194350e-01,2.275075574827874203e-01
-6.900152922161673086e-01,-4.686412002519865783e-01
-8.839447466937041531e-01,-2.003799602219994980e-01
-8.066518496753088963e-01,2.899831261668888160e-01
-4.692184426369385153e-01,2.217041745474961634e-01
1.670707304881738353e-02,-2.877219256569730765e-01
2.382985522548516921e-02,-6.772099546782283097e-01
-6.608051405160807468e-01,-1.284011124218536581e+00
-1.588394570570494935e+00,-1.512920399291104445e+00
-2.141107919032886997e+00,-1.285532017611556554e+00
-1.700312816626546430e+00,-1.030588465615812188e+00
-9.478472093725869296e-01,-9.680218651289460574e-01
-6.394418081464799952e-01,-6.013015893815102375e-01
-6.853491110029498179e-01,-2.014296544127737454e-01
-8.787814773212571096e-01,9.529762441359104774e-02
-4.703720795860827364e-01,2.382686702288317471e-01
6.637238552599444841e-02,4.471819823524567257e-03
1.821401072570082991e-01,-4.488345845178543514e-01
1.086172105871565097e-01,-8.505733760421380074e-01
1.187088057111804484e-01,-1.028556466991860097e+00
4.515836208620138681e-01,-8.445848305418516277e-01
7.405966744720715589e-01,-6.080151065221809370e-01
5.149091108607033451e-01,-7.296437230118417716e-01
1.240120513172207478e-01,-1.014937403484014844e+00
-4.458636492773765392e-01,-1.049567702453793050e+00
-6.553049661001955073e-01,-1.189791356322296156e+00
-5.922410916187950125e-01,-1.060574422454553911e+00
-8.051804805451350244e-01,-5.286902840153052674e-01
-7.764282593700209123e-01,1.092480498033677160e-02
2.814063250021506812e-01,8.125019482689076478e-01
1.892140805745927024e+00,1.652289154882193412e+00
3.139684384812085671e+00,2.252205944553472339e+00
3.584028536310878366e+00,2.458473018957406886e+00
