-6.212752455003399676e-01,-3.169316831582987271e-01
-3.412500988202217256e-01,-3.707698419227761777e-01
-4.333890122498646469e-01,-4.450431446257160362e-01
-6.212752455003376362e-01,-3.169316831582817962e-01
-6.167993655729353542e-02,-4.452441066255391489e-02
-1.577128868592916899e-01,-1.226001882240776442e-01
-6.212752455003389684e-01,-3.169316831582705829e-01
-1.939125819323869182e-01,-3.693755176618106206e-02
2.059094817552960810e-01,1.279486061021262999e-01
2.250263201466325413e-01,2.903697791871200917e-01
-2.812265456288582932e-01,6.430640314699290760e-01
-5.867080770389599964e-01,4.771379575288623442e-01
-8.758354644042859460e-01,2.536584430543495916e-01
-8.776286370388270974e-01,4.465293409139421965e-01
-4.849812848496680151e-01,5.258050683500778977e-01
-1.051829330261454948e-01,3.196899639319126796e-01
-9.095596319548100717e-02,-1.989346713732366781e-02
-3.223218052759012631e-01,-1.912483584901708555e-01
-3.514243711811902426e-01,-9.891746232505606654e-03
4.579324813839140695e-01,5.493066355787435961e-01
1.191497594778026192e+00,7.727875210852526155e-01
1.211371211591088404e+00,6.252576386071357906e-01
5.375343079346801556e-01,-2.240939529589275597e-03
2.549939295599907285e-01,-5.380205918068793336e-01
4.296263904288858959e-01,-1.784509414925109227e-01
9.372942565331112696e-01,4.497272661726571252e-01
1.410830444956326035e+00,1.603522518928552909e-01
6.063915689770090767e-01,-2.404133966139972156e-01
-3.135669823440594417e-01,7.901540470653214410e-01
1.933003235704717770e-01,1.384073924113801368e+00
8.604951056233139939e-01,9.020729493362497076e-01
9.679614484777462335e-01,1.935796159255253057e-01
1.126682058763126548e+00,-3.407243968935131373e-01
8.483873563954466013e-01,-1.041255335894547551e+00
-1.672714266377962056e-01,-1.811618466310246811e+00
-9.326827700733043569e-01,-1.757181881766878506e+00
-9.432981928141489503e-01,-9.798659373553070262e-01
-8.375397154130327371e-01,-3.632061216530390046e-01
-5.858735801274674859e-01,-7.365221826483957235e-02
-7.158538197391250968e-01,-5.758195100999848881e-01
-2.003646794157953881e+00,-6.617295422617652800e-01
-3.024273490134180786e+00,1.454085609856543559e-01
-2.954245370607716747e+00,2.935592744448080604e-01
-1.457704001381969316e+00,-1.250236362998409685e-02
9.239900099143197321e-02,-2.813531454101574764e-02
5.724312301604727038e-01,-1.452311074129440660e-01
1.217518763202796395e+00,-4.416081641739980634e-01
1.474661870954332432e+00,-4.438350256822294337e-01
1.162611218232532995e+00,-5.513885397293217805e-01
5.910524097256009135e-01,-5.425096458833565949e-01
-3.466133557688426126e-01,-4.043281936827187728e-01
-6.212752455003377472e-01,-3.169316831582696392e-01
-2.626048148147850925e-01,-1.817381103667023989e-01
1.658834763712205840e-01,1.043452160914344201e-01
5.437680803826082654e-01,8.439570843384599508e-01
6.888851648076761425e-01,1.547023243724705788e+00
4.552096078556046588e-01,1.515213904331790484e+00
1.761855172905008593e-01,9.458951442526237763e-01
-1.447481524184456581e-01,2.683635437471040830e-01
-5.858523874236091222e-01,1.995323830203846183e-02
-8.093256408600570939e-01,-1.554896961530782655e-02
-5.398219189858715072e-01,-1.275871272176086479e-01
1.329304445912693478e-01,-6.127839242406538656e-01
7.957309103235207237e-01,-1.251100931194280230e+00
1.577730531227886646e+00,-1.583497073602088356e+00
1.791180607585687534e+00,-1.283399805733751009e+00
9.350239394633371726e-01,-5.425184421561722869e-01
8.190562332170989723e-01,7.165478048412976531e-01
9.065585436655635432e-01,1.029977594045795142e+00
-1.737346321712878172e-01,4.157662123809637289e-01
-4.838740701246322384e-01,-7.586053686893071135e-02
-2.591445503722079047e-01,-5.703820312827478922e-01
-1.079298361789283456e-01,-2.777656976230117314e-01
3.617557234087700468e-01,6.863098535003782363e-02
8.002768966356984537e-01,-5.602586045005331084e-01
6.632582609396446838e-01,-7.309569799369446397e-01
3.066120820206392344e-02,-3.103447082725302453e-01
1.037050039223513659e-01,-1.188677726107921218e-01
3.626821592474899214e-01,1.928152693446434085e-01
2.239583695726152235e-01,3.971087077683922717e-02
1.413922967195900549e-01,-1.777639705416276528e-01
-2.073156180871570109e-02,1.670119145377351733e-01
-7.800657227599767929e-02,3.472374538565072832e-01
2.612592301363276248e-01,8.245957134982327685e-02
5.204189985104715754e-01,-2.000396783100148179e-01
5.204189985104715754e-01,-2.000396783100148179e-01
4.257981773968644301e-01,-1.184075202140864258e+00
2.260780804116211684e-01,-2.275727678928427977e+00
-2.563855036294478418e-01,-2.061452232688660846e+00
-3.359633254170026340e-01,-8.099577729356741695e-01
9.494769865735753767e-01,3.130640682511046102e-01
4.011780995884865142e+00,3.244807547499322098e-01
8.084256672930147047e+00,5.693467859122757213e-01
1.106919693718154285e+01,6.210474095071745193e-01
1.253874469843477435e+01,2.955033377951029050e-01
1.101634249968948076e+01,1.261204223102503075e-01
7.113645550119978900e+00,1.578087902961013145e-01
3.445032951639809937e+00,-2.027039845326538969e-01
1.948872359211021976e+00,-8.938211787447590817e-01
3.821344670672123467e+00,-2.076561103586465507e+00
6.642583792651564067e+00,-3.075626105789669218e+00
9.310546750955017714e+00,-2.639336251546950507e+00
1.174116852361881236e+01,-1.034438887389302675e+00
1.316155765982897030e+01,5.624445398686781505e-01
1.258649524218934346e+01,1.380522528248035563e+00
9.847349096701730531e+00,1.644033476002649596e+00
5.389473738782290191e+00,1.297991454287066526e+00
2.227656701678018880e+00,5.925634974942912692e-01
9.074473916267733475e-01,-1.229995990232361502e-01
-2.134843143972069979e-01,-3.315989532852317567e-01
-8.566633059535516681e-01,-2.986640757155250570e-01
-8.576228496557741776e-01,-4.759505954758966317e-01
-5.755225473789121748e-01,-6.297803078696531109e-01
-7.000292268368734083e-01,-3.368079951969596419e-01
-4.046849120846983117e-01,6.543288704203494011e-02
7.477412400404418458e-01,-1.883831693805703145e-01
1.948872359211021976e+00,-8.938211787447590817e-01
1.612775371839254790e+00,-8.542272267814108311e-01
2.494535482982193353e-01,-1.341573412105665219e-01
-1.879091423471197508e-01,3.823993689804295465e-02
5.949318814935375954e-01,-1.415747754607473041e+00
1.425031058861570665e+00,-3.708941542950553671e+00
1.344781082948998563e+00,-5.847049350080058439e+00
2.002251839929580224e-01,-6.832889205811782496e+00
-1.096243020114654243e+00,-6.246061151967667868e+00
-1.459189461090251383e+00,-3.985508098636362018e+00
-9.670563106699451295e-01,-1.507694096505968862e+00
2.984179031897934292e-02,-2.847727996247337301e-01
8.641069775446020840e-01,-2.701802526639325297e-01
2.266292708529679789e+00,2.025950213003901434e-01
2.738502264378891216e+00,3.797922436108726041e-01
1.308577375153018307e+00,1.756447358325290975e-01
-1.342897814371525333e-01,-3.041320542037378449e-01
8.298396815519938630e-02,-4.817509468735841627e-01
4.096622015900719949e-01,-3.872170480472274523e-01
4.321249704485979337e-01,-4.219316932664928244e-01
2.544995364116264258e-01,-3.297550798160815422e-01
9.018869486895881790e-03,-3.226371520798567705e-01
-2.128394075407837316e-01,-8.252313640033798192e-01
-4.958000112888166222e-01,-6.586998945238254910e-01
-3.206965612266051702e-01,1.368427123334411410e-01
1.792444276837270581e-03,2.313681184884966713e-01
1.121435913154986697e+00,6.245073453136201769e-01
2.259973092580172427e+00,1.088508256313275302e+00
1.618958868009176655e+00,1.315923206576703919e+00
3.333519175029361903e-01,1.541366267060746642e+00
-3.604221366494307910e-01,1.644205027794779728e+00
-4.140027081866215486e-01,9.602149041165130017e-01
-1.022237133360787559e-01,7.685430611213900365e-02
2.554453893485277849e-01,-3.151896746761015944e-01
5.420419366019614271e-01,-7.914056912180028602e-01
3.511223937650265747e-01,-9.928202185333564467e-01
-4.381624297409419388e-01,-6.118300908373071056e-01
-4.369581163599309814e-01,-2.561809808456084331e-02
1.378159174817791044e+00,5.681893068091300458e-01
2.210080691897934990e+00,1.211267587259063694e+00
1.309329342915072747e+00,1.457054309632188627e+00
5.854708944208594223e-01,1.179291697469937228e+00
9.537851351337425917e-04,6.055357432107514315e-01
-2.173071579467497627e-01,4.581047955253337300e-01
-2.049920594899572734e-01,7.859620710251004061e-01
-1.425798392940349699e-02,1.350365641163804531e+00
-3.305681568529704184e-01,1.295128826759926799e+00
-1.157047935358159529e+00,1.633573526226585138e+00
-1.141373005561198140e+00,2.118750296876191985e+00
-3.678938363567362257e-01,1.436761573831430772e+00
4.100209351994619222e-01,1.403842121087976735e-01
3.209876214001671224e-01,-4.016310326550338039e-01
-3.281166281700589327e-01,-4.642518916040680454e-01
-9.089370564692514920e-01,-2.253052417982794320e-01
-1.085996406460556285e+00,1.203361499535137019e-01
-7.639037918119232495e-01,1.472906360022742389e-01
-2.163957837217107827e-01,-4.948358210233304300e-02
-5.022866982274266923e-02,3.916811744016648333e-01
-1.205263817365485705e-02,8.516332968693985928e-01
3.013553547271874411e-01,5.077844812955157883e-01
2.209099385871196863e-01,7.828514177700617027e-02
-9.395931172877278192e-02,-7.777161225754974927e-02
-2.460898347003881714e-01,1.080484223275308096e-02
-4.226763135231862978e-01,1.143140868932189108e-01
-3.286519887186511446e-01,-9.052317757236773288e-02
-2.032841507911200829e-01,-2.828172920868280427e-01
-1.840129849603878986e-01,-5.002040048707426245e-02
-2.541341001713704473e-01,5.214211519025757635e-01
5.438104322028013832e-02,4.932979733252008669e-01
5.019630572883542197e-01,-3.619881393353851368e-02
5.019630572883542197e-01,-3.619881393353851368e-02
2.845382876461503563e-01,-5.852097413130375597e-02
3.329435085313517395e-02,-1.847535790382455467e-01
-1.424954015128398477e-01,-1.427228995530586686e-01
-1.287276179155754929e-01,-3.170226378520452082e-01
-1.472234581512037524e-02,-4.091186875528185496e-01
4.652060363286212863e-01,-3.157797618728251932e-01
5.742076855630432464e-01,2.882937610804803610e-02
1.817283176552419999e-01,2.849797094546960285e-01
-1.331150414881887289e-01,2.299920815823968678e-01
-2.967340019793636707e-01,-1.814153777446117777e-01
-4.116029186352245794e-01,1.876217829432326456e-01
-1.239607870351644658e+00,8.446852109258585761e-01
-1.945437868011555160e+00,5.020596519494088250e-01
-1.592926136489078326e+00,-5.341382149920697042e-01
-1.003853306855131855e+00,-6.213580581286857196e-01
-6.711385751032106217e-01,2.096398128817570095e-01
4.512337524975517516e-02,3.383868445312177009e-01
5.710975549174219790e-01,7.066518971492793955e-02
4.056356470193875907e-01,8.514333105663679513e-02
1.285433168782347813e-01,1.070049897395253691e+00
1.139195319023451058e-01,2.294745301771093704e+00
-1.394084635990143484e-01,2.674560158917524078e+00
-5.587749157014750834e-01,1.786684938314473836e+00
-9.817579247861386582e-01,2.607976820950991814e-01
-1.286891583960150687e+00,-1.414014744050270389e+00
-1.187791251182875873e+00,-2.031421655750605737e+00
-6.921058489756952703e-01,-1.168531983892082238e+00
-3.394863220011183902e-01,-7.479503173688474282e-01
-5.005287921407692853e-01,-1.320117039478063248e+00
-8.497411352146879704e-01,-1.383326928357639707e+00
-7.057781111559415788e-01,-8.398891274627555692e-01
-2.910833036938775820e-01,-6.730538444747907745e-01
-3.537413698364887393e-01,-8.863852513578647230e-01
-4.456744401439403092e-01,-6.459846188117860377e-01
-4.762694724528687140e-01,-1.408486362609135678e-01
-2.491109984107273967e-01,6.788829150409535218e-03
-5.936619830580965873e-01,1.314640931608890562e-01
-8.143327407964195963e-01,7.580310220337702076e-02
-3.754321801233032607e-01,-2.368574882798223091e-01
-2.318792492303233810e-01,-1.495716698990079141e-01
-4.258130932467222296e-01,2.067621626480584673e-01
-2.030319879199246336e-01,1.923337382375084892e-01
5.433426879409126130e-03,-2.036490051172077653e-01
-2.700695310906611399e-02,-4.490888789374954948e-01
4.049651407818115612e-01,-3.920390976597739607e-01
3.920537783424634659e-01,-2.430798419319938897e-01
-2.126800644929065787e-01,-6.230143453365079992e-02
-4.159181065991560122e-01,-3.801381931605724018e-02
-4.159181065991560122e-01,-3.801381931605724018e-02
-6.695465669572780998e-01,9.898719551246206727e-01
-7.936468871817051740e-01,2.139102595807721663e+00
-5.501080546202912203e-01,2.131420146792347925e+00
-1.594285231939923664e-01,1.010774912847933527e+00
1.843936654587446655e-01,-1.774515720557897913e-01
1.937005266858813080e-01,-3.482805386367014977e-01
-1.568493170449818119e-01,1.363305388955287885e-03
1.392032644428504128e-03,1.978728848194206968e-01
-3.661295609393286354e-01,1.173423844480795813e-01
-5.920052515906597534e-01,-2.111098534047497755e-01
-9.710252936316235428e-02,-3.741016016928441767e-01
-6.405388552165471039e-02,-2.337948286787009389e-01
3.494848526793898902e-01,2.824005043255277680e-01
6.933412460204650962e-01,3.504657394367036716e-01
5.433222626646289077e-01,1.468467861493492066e-01
2.209099385871196863e-01,7.828514177700617027e-02
-9.395931172877278192e-02,-7.777161225754974927e-02
-2.460898347003881714e-01,1.080484223275308096e-02
6.322412494822583495e-01,-9.302880421025800928e-01
2.107723844946959968e+00,-2.407634989789720681e+00
3.251078428962636657e+00,-3.362151413348023254e+00
2.936017171006664039e+00,-2.695297484843489855e+00
1.666726736271870957e+00,-1.120285021712488227e+00
7.192006020532566435e-01,1.555236855912959681e+00
7.496621813989773342e-01,2.976517917605378649e+00
7.496621813989773342e-01,2.976517917605378649e+00
5.045347992523543379e-01,2.369384980020718512e+00
5.045347992523543379e-01,2.369384980020718512e+00
6.130598074992250623e-01,1.831754401112366759e+00
2.719183129304005297e-01,4.604434074143061717e-01
-1.425575740796263813e-01,-2.233408048727060224e-01
-8.375307406695867152e-02,5.515893771893409792e-02
2.265120371239687791e-01,2.012422003180096841e-01
3.914828170525079254e-01,1.468250440040183569e-01
5.534820369123582412e-02,1.062229195078361194e-01
-4.919063136819729065e-01,2.550772512073894438e-01
-5.007355109072270105e-01,3.475877931617244454e-01
-4.023608310635121699e-01,2.727521545442064821e-01
-3.640135394803975522e-01,1.331190447084245332e-01
-4.022762703888047575e-01,1.173389316444954367e-01
-3.286139855386884800e-01,1.174591343387435677e-01
-4.607394085067582634e-01,-8.474168223209604944e-02
-4.929807452629523246e-01,-2.685635755013889292e-01
-2.713126112079609631e-01,-3.664021743782931995e-01
4.498056631952652151e-01,-4.184703577282867792e-01
3.672436964464733111e-01,-4.798042365166588219e-01
-1.786921791703959261e-01,-8.006020822736689135e-01
-3.538510174347728743e-01,-2.024662273681829383e+00
-2.912889796208227300e-01,-2.222800259084191321e+00
-1.899464548344821646e-01,-1.031497444968572097e+00
-2.479523447461425278e-01,-3.056625615204650592e-01
-1.723923487151675371e-01,-1.887431232738245590e-01
-4.907849879720655450e-01,5.574199590086069689e-01
-9.455401583660850706e-01,3.944886582936560915e-01
-7.886888121346442571e-01,-1.081693686108480545e-01
-3.076914256187412988e-01,3.293947571796166929e-01
-2.746724558959409701e-01,6.427092008480644880e-01
-3.257658005519866729e-01,9.159064019521276911e-01
-2.879324073334980083e-01,6.933519674725572290e-01
-2.669719324927229409e-01,2.699700352518239477e-01
-6.360996929606792527e-01,3.302841861246118005e-01
-8.292292082312764379e-01,2.605145068046269552e-01
-4.102704005910272067e-01,-9.134025112814031511e-02
-1.950115677071737053e-01,-2.057713046505878652e-03
7.498866609199188460e-01,1.311853221548696935e-01
1.082413513363920110e+00,3.563538471948171638e-02
1.440504594869725374e-01,1.637067292080316427e-01
-2.369399428958060827e-01,1.810735015635048240e-01
-3.546156026386546034e-01,-1.195365603318793712e-01
-6.927923820732484472e-01,-1.716969975601976006e-01
-1.073977848206465024e+00,-8.136042259154330214e-02
-5.553202495152327334e-01,-6.399444344821549058e-02
6.729083824220900845e-02,-1.896279619740747213e-01
8.061530203626475835e-03,-1.005723756988940870e-01
-1.043888611448589993e-01,-2.635747854176394012e-01
-1.928001467424574067e-01,-3.176035962772423837e-01
-3.546156026386546034e-01,-1.195365603318793712e-01
1.249809116830717937e-01,-1.790149681598756093e-01
8.481449603809112503e-01,-4.326039718005394996e-02
7.837441858488655155e-01,8.488468395835670199e-02
3.978795556403305622e-01,-6.566104781783456412e-02
-2.865219391672262916e-01,-3.068239239329224599e-01
-8.087577651815559543e-01,-3.061438067010535669e-01
-6.929965025766057218e-01,3.214186749445177016e-01
1.096163407538751633e-01,3.598927977563762814e-01
8.249419084036813121e-01,-3.073547260905724610e-01
9.900732264908070901e-01,-4.439994720852817323e-01
7.667139019711728398e-01,4.832911825536993083e-02
5.491960487304657912e-01,6.020412634319750600e-01
9.639148793946965277e-02,7.933556271018885608e-01
-6.819452586696691521e-01,7.420569328619087690e-01
-1.402794962903102460e+00,7.113992463487803786e-01
-1.672594529180319256e+00,8.228519687803735883e-01
-7.780623233835510799e-01,5.627950769963652178e-01
-1.558155364279016075e-01,2.598628968695647634e-01
-3.238162914116149427e-01,1.137778112859915980e-01
-3.238162914116149427e-01,1.137778112859915980e-01
-4.919063136819729065e-01,2.550772512073894438e-01
1.169148997735351136e-01,-5.688696618339583039e-02
1.356829438368339080e-01,-2.905277795287383724e-01
-1.774236823553845266e-01,-1.029843128188318996e-01
1.373236256508566788e-01,-6.968086353669143695e-02
1.120749294608867769e-01,-2.251970671590803330e-01
7.661268360761642505e-03,-1.568983243230408220e-01
-2.444282129083674981e-01,1.651543045503049423e-01
-2.379134568294997698e-01,8.491517180413764576e-01
6.154114289974423890e-01,1.769464161800186286e+00
1.351842961075269356e+00,2.158016912960309952e+00
1.291672925825122720e+00,1.838711599863682045e+00
1.072909712982041297e+00,1.894265919629114059e+00
8.844235259178908626e-01,2.116769663318945671e+00
2.464967754360302687e-01,1.573272438693706032e+00
-3.278030801639063574e-01,6.065426917068112989e-01
-7.499802818455555409e-01,-2.071713190319103282e-01
-1.053150988517207232e+00,-1.422582364538514110e-01
-8.785675238692812750e-01,-1.437730674541954634e-01
-4.762694724528687140e-01,-1.408486362609135678e-01
-2.115460159359622283e-01,-2.635934536404904716e-01
-3.425552055322650391e-01,-3.102412541951534153e-01
-7.499802818455555409e-01,-2.071713190319103282e-01
-6.084653588147154180e-01,-1.690603333365682803e-01
-2.647498781857430261e-01,8.250132013148524235e-02
-4.329458236245519731e-01,2.577120773656923006e-02
-1.549353144282260841e-01,-3.387110806674855645e-01
5.274075331251719678e-01,-8.345061179300952148e-01
2.512875402396373969e-01,-1.034224621490047236e+00
-5.152138329598694444e-01,-6.677463731506093625e-01
-6.084653588147154180e-01,-1.690603333365682803e-01
-2.647498781857430261e-01,8.250132013148524235e-02
-2.854110492367331053e-01,6.730550221572299818e-02
-3.511247341397720212e-01,-1.226025782475147624e-01
-6.549939713126905483e-01,-2.219629471647980024e-01
-6.233296495236170243e-01,-6.467153376010776888e-01
2.822798969350644865e-02,-8.618420169118398144e-01
1.392712922693073729e-01,-2.678493656678381241e-01
-6.678964591993384603e-02,-1.875730130188207889e-02
2.082740776370138047e-01,-1.182224348409375014e-01
2.016800916987844250e-01,-9.371156513359510942e-01
-1.991180977811334851e-01,-2.165752502058628792e+00
-2.759033978323206515e-01,-2.905422451505064174e+00
-1.244556350903811281e-01,-3.110333386994815541e+00
-1.032903315474674177e-01,-3.895088548488327529e+00
-9.546754100440571489e-02,-5.244002325105688200e+00
3.198665481902551733e-01,-6.572646629862662238e+00
1.580998107240478401e+00,-7.185677312957425400e+00
3.253713353842222489e+00,-6.551889409273389475e+00
4.085480393495166673e+00,-4.685090386457024358e+00
3.131163619490533012e+00,-2.268511820665977563e+00
8.524287403417573072e-01,-2.292596345858759765e-01
-4.979950038219077002e-01,4.598139708980638618e-01
-1.568493170449818119e-01,1.363305388955287885e-03
-1.568493170449818119e-01,1.363305388955287885e-03
-2.065508413700325729e-01,-1.575035833504388749e-01
1.344961833632324355e-02,-4.016351151653165252e-01
-6.750354581434274935e-03,-2.752396777075664103e-01
1.179136560001217519e-02,-5.341452162893345346e-01
2.759568206372887134e-01,-7.305001942010469485e-01
5.045790197882321637e-01,-7.662467889129862542e-01
3.457527357831865489e-01,-9.409339889589060091e-01
4.306682403422640304e-01,-1.013770370423504374e+00
8.944090321879073491e-01,-1.016198638231675888e+00
8.081340503299743183e-01,-8.150675970997688369e-01
2.655901715935516383e-01,-5.548308877248842030e-01
-3.177117959330282293e-01,-3.784559763356284412e-01
-4.762694724528687140e-01,-1.408486362609135678e-01
6.724344990902804131e-01,4.793270027634945196e-02
6.762760803756131534e-01,8.636127941572363867e-03
-1.856976496747315963e-01,4.766960936294037388e-01
-2.226541889393567324e-03,8.323212868259539654e-01
2.591413543870075276e-01,4.481189464946152556e-01
3.238099457538169412e-01,1.883844838694180013e-01
1.389467629789049308e-01,2.056344627563182204e-01
-3.087952097234424875e-01,1.695776204145805766e-01
-5.733848402123052912e-01,1.474072928656605941e-01
6.860712693808843632e-01,3.247058899520787745e-01
9.491413725082474828e-01,3.045702897770674600e-01
-8.329184472415590568e-02,-1.244849712296145938e+00
-3.207240965342186279e-01,-2.626514920959382771e+00
-8.198969429617081195e-01,-3.373747901667607518e+00
-1.015396222055707121e+00,-2.526783805825487228e+00
-1.020615822259383521e+00,-1.227903901689286315e+00
-9.141365609864496866e-01,-3.526411246479784767e-01
-4.107318284408992826e-01,-2.320922580078020950e-02
-2.353062406765636383e-01,2.242493880249057936e-02
-1.048063208280263670e+00,-9.270778897040492517e-01
-1.747408661174532751e+00,-2.123613050928686796e+00
-1.690966008042974922e+00,-2.275857511954790802e+00
-6.916370519836189112e-01,-9.102743148628388292e-01
3.477772730043575677e-01,1.137698343643225751e+00
4.105023759426599250e-01,1.756123307771786601e+00
5.212052380852387756e-01,1.385318792793097220e+00
7.348644052043890040e-01,8.737777202393598452e-01
3.961494324192184058e-01,2.094259982353525174e-01
4.210298889751248330e-01,-3.025485829414438776e-01
7.765277620683350701e-01,-7.850641564814253570e-01
6.753245468856683420e-01,-1.072778285017623068e+00
3.378007752280345888e-01,-7.643192373587242017e-01
-1.006213639271521104e-01,-2.468629293634051203e-01
-2.052219931931975883e-01,1.709843209277944406e-02
9.920603348415503453e-02,-4.584157213188554819e-02
2.909473396002431045e-01,-2.109239766128991750e-02
2.533651062532464859e-01,-2.718215761281834175e-01
7.898732215901346776e-02,-4.757398378755280932e-01
-4.479914778848826384e-01,-2.063515146682316781e-01
-8.726687388027579706e-01,5.602162774079307711e-02
-7.279333931472018460e-01,1.605736693422667449e-01
-4.112293489185102069e-01,6.744150504453664263e-01
-4.112293489185102069e-01,6.744150504453664263e-01
-2.052219931931975883e-01,1.709843209277944406e-02
-3.586444386226695924e-01,1.361436292007952020e-01
-7.909570935191008179e-01,3.199733705243335002e-01
-7.493014865187047624e-01,-5.235078845284013571e-01
-2.605173735950874758e-01,-1.685101054558531430e+00
1.098569519534771527e-01,-1.348330177781984940e+00
-2.705308303083332755e-02,-2.623853238271655619e-01
-1.399175374529344207e-01,-6.916313102189741713e-02
-1.747947386152635674e-01,-2.031494122227988849e-02
-2.869858949551523652e-01,2.509228653774754347e-01
-1.560006044681305215e-01,1.432576509557446365e-01
1.375269544501653562e-01,-3.388341433558757498e-01
1.796863723234594645e-01,-1.464681433307897906e+00
-1.384911750766614283e-02,-2.121680801577813913e+00
-1.402549100845381647e-01,-1.383342171434037926e+00
-1.402549100845381647e-01,-1.383342171434037926e+00
-8.042421893644713382e-02,-2.635504388821830357e+00
-2.503818440501868747e-01,-3.062830239975232072e+00
-2.907462716274472059e-01,-3.004237330635847858e+00
-7.778183029630862666e-02,-2.734589388884589578e+00
-1.384911750766614283e-02,-2.121680801577813913e+00
-3.453126622328591376e-03,-1.138511985262815385e+00
1.419688576763270677e-02,6.708833511685086126e-02
-3.855760038791976319e-02,3.218461723640032579e-01
-1.097265791651252487e+00,2.209428043326663316e-01
-2.808462779037381729e+00,6.559635123996511163e-01
-3.735547726694892212e+00,1.059711974216643871e+00
-2.976743014529005027e+00,9.786484150936236581e-01
-1.504200797727012207e+00,5.421735074219584671e-01
-1.255299085905472900e+00,1.805867379097051903e-02
-2.632089188739048069e+00,1.930150410137129457e-01
-3.976088976499003280e+00,1.023448580056448565e+00
-3.986209715055828440e+00,1.528993487425979181e+00
-2.665264611606981582e+00,1.148617445638397738e+00
-1.129637852291782485e+00,4.961835390715027549e-01
-1.213244591125780120e-01,-3.291324683349401425e-01
-3.007624380658237007e-01,-4.553897368515070210e-01
-4.305708621220012966e-01,-8.389686113434569048e-01
-3.177739316308059725e-01,-1.326114422316268193e+00
-6.697311176572963431e-02,-1.025445893224186777e+00
1.716538328095360832e-01,-4.433329038435458724e-02
8.704793622951731424e-02,2.926211296458570699e-01
-1.661344416615190556e-01,1.026015094390620025e-01
-2.875014910155140324e-01,-2.899718590457952549e-01
-2.906305965015256176e-01,-1.100185139338426321e+00
-6.697311176572963431e-02,-1.025445893224186777e+00
1.716538328095360832e-01,-4.433329038435458724e-02
1.171589205284911533e-01,6.012011211804076938e-01
-1.485341309006154020e-01,4.046097853897758223e-01
-2.869858949551523652e-01,2.509228653774754347e-01
-2.696743062522818923e-01,6.066018956398073758e-01
-3.115166715996692259e-01,1.304782252975319246e+00
-1.061036794507168812e+00,2.254778159120432779e+00
-2.492307398459839618e+00,3.169856662199145081e+00
-3.660958915206228514e+00,3.047417413174786205e+00
-4.289297742919814915e+00,2.206867560844016918e+00
-3.986209715055828440e+00,1.528993487425979181e+00
-2.132319237230728248e+00,8.627096595498141562e-01
-3.243199448854109379e-01,-2.595420757359711422e-02
-2.535667808360141939e-01,-6.343693707716048236e-01
-8.489625918156816775e-01,-8.886041387945780023e-01
-1.100056582235286573e+00,-5.956660286984192254e-01
-8.548138415566102211e-01,-8.645221414537460070e-02
-4.685332114271382742e-01,9.732153641179085157e-02
-5.733848402123052912e-01,1.474072928656605941e-01
-1.699295350904329316e-01,4.170211801081745162e-01
-1.554952995910371394e-01,1.034897051070170271e+00
4.292663336171988198e-02,7.662479656107441528e-01
2.533651062532464859e-01,-2.718215761281834175e-01
8.858105904628899019e-02,-5.032362458548874651e-01
-9.918888405740067249e-02,-3.848270918798142870e-01
-3.675809706810161392e-01,-9.928028961310242373e-02
-2.052219931931975883e-01,1.709843209277944406e-02
-3.491802111352925730e-01,2.622000604263450413e-02
-6.597353105312027122e-01,6.856760391831628887e-02
-4.107318284408992826e-01,-2.320922580078020950e-02
-5.895699613886330459e-01,-3.711217895536173678e-02
-1.709390787578993320e+00,-3.968208311599148996e-01
-2.499022984249478885e+00,-9.747742008337296760e-01
-2.310206649830796266e+00,-1.090663921680266935e+00
-1.160785459112752660e+00,-5.282915449210455749e-01
-1.399175374529344207e-01,-6.916313102189741713e-02
-5.590294816157152097e-02,-1.391882887418087189e-01
-2.012490464589277994e-01,-4.266628349102252055e-02
-9.591160386813200878e-02,1.516549909021965625e+00
4.920574049851945686e-01,3.859664241074393320e+00
1.347123701327498368e+00,6.609010511764677354e+00
2.106143315261982174e+00,8.634666367634643791e+00
2.411128265781654623e+00,9.337024454031379150e+00
2.461229341792918301e+00,9.433775281389909395e+00
2.502679054541839143e+00,9.632243338446450309e+00
2.033497676163862344e+00,7.903662851566937597e+00
1.990393799335167024e+00,7.697274384230247790e+00
1.990393799335167024e+00,7.697274384230247790e+00
1.141225990715450944e+00,4.428862992061502801e+00
-1.263836803270292908e+00,5.649814978991791747e-01
-2.620046289931047045e+00,1.165185961691294736e+00
-3.060811395360751419e+00,1.335394808600959715e+00
-1.813829915706331342e+00,7.152909825749166339e-01
-5.915255311277742845e-01,2.354871040516893776e-01
-7.677392560581338676e-01,1.119625944870168283e-01
-1.224771346871043276e+00,-1.179008367489044334e-01
-1.315679834316777264e+00,-4.747386901735815845e-02
-9.841856252539337158e-01,-1.156151951878352235e-01
-6.141268261896716263e-01,1.976784827841487902e-01
-4.120130035181426287e-01,1.045373671131889282e+00
-3.513431720843027128e-01,1.311722493077858598e+00
-2.286642599122719333e-01,4.346473633549156057e-01
6.682215769618597180e-03,-4.483097750373866291e-02
-3.445426848922539809e-01,-1.354799121755189961e-01
-6.403457975077030406e-01,-3.008011862300866146e-01
-2.365001142810408685e-01,-5.645702539913365764e-02
-1.705921448067752588e-01,1.736421452907961072e-01
-5.223736735882482662e-01,-2.146072314225142344e-02
-5.481702668267021128e-01,-2.118995453284623631e-01
-2.277072103880661835e-01,-2.232453267641014427e-01
4.666313855633724000e-02,-2.542770908071301239e-01
-2.959247101614589925e-01,-1.424474389679113162e-01
-4.137981774413654334e-01,1.547559832429311055e-01
-3.745532263490017333e-02,8.143336666515671451e-02
1.177833638966393759e-01,-5.442905197108251214e-02
5.438916479168965923e-01,7.306031888468424995e-01
4.554855979989353432e-01,9.627251187470212690e-01
-1.568493170449818119e-01,1.363305388955287885e-03
1.187434207680419934e-01,-1.589873443502635153e-01
2.918708755204473260e-01,-1.216732503627111772e-01
8.172819969043626509e-02,4.147859895033145783e-02
-1.568493170449818119e-01,1.363305388955287885e-03
1.187434207680419934e-01,-1.589873443502635153e-01
-2.384046973340368109e-02,-3.021070629085446657e-01
-1.933492663376550624e-01,1.644594404685608968e-01
-1.014846320741628616e-01,4.277251847040188792e-01
2.082425115696361767e-02,3.191262263882232997e-02
-9.325449843486943724e-02,1.233799870315446627e-02
-1.679286847703408136e-01,8.561219777722670066e-02
-9.991266486502080324e-02,3.602326922408258941e-02
-2.676501437441929365e-01,4.243650086354460588e-02
-1.339136330942261588e-01,1.970671605757278178e-01
-3.054004371948780827e-01,1.147537280645901242e-01
-7.647360970476324571e-01,-1.426212410545327214e-01
-8.576228496557741776e-01,-4.759505954758966317e-01
-5.755225473789121748e-01,-6.297803078696531109e-01
-3.047542138899654307e-01,-4.369066623286483875e-01
-1.358857595933583295e-01,7.093158741433444603e-02
4.756350289424913363e-02,3.431784158108129867e-01
-2.491876896212083872e-02,-1.557941774793490837e-02
-2.055146052392533285e-01,-4.058623696871370146e-01
-3.273521411520761148e-01,-3.066130381123826076e-01
-5.429457747326464911e-01,5.092638547061301146e-01
-1.013361504446027350e+00,7.847685109748433474e-01
-1.273805800369566921e+00,5.999094618946040347e-01
-1.181967091643820078e+00,4.316634298771795941e-01
-6.586581489327267835e-01,4.574087952612502783e-01
-3.024079011768194269e-01,7.535648650555405448e-01
-3.024079011768194269e-01,7.535648650555405448e-01
-4.875358715072346527e-01,2.312588639915591771e-01
-8.878474319870433007e-01,-1.104395414305609363e-01
-9.407894342837519464e-01,-2.484639829235465447e-01
-3.712637659968810455e-01,-6.704934968553851737e-01
4.004711431049955972e-01,-9.018247944239788927e-01
1.126630747755128725e+00,-7.336302401822385466e-01
1.235064771364259517e+00,-9.354422413699222671e-01
7.257923658961930036e-01,-1.682752598157273738e+00
4.532243591702455054e-01,-1.361478887188761977e+00
5.782414787279632762e-01,-2.510004064681746749e-01
3.900303898266574421e-01,-1.272919968713216374e-02
-1.457358569317757646e-01,1.341704905400567527e-01
-6.201637649836470034e-01,1.333035880084762759e-01
-4.768641226471028727e-01,-2.948811346615051732e-01
-3.318426781596600650e-01,-1.066375208438032907e-01
-5.742521636114146233e-01,4.486083188025791202e-01
-4.196476204359092521e-01,3.714735670779641726e-03
-2.796391820553430219e-02,-7.700654310958485738e-01
3.548261485165333795e-01,-4.887294467433827561e-01
6.360944782706021705e-01,-7.366793120694325146e-03
5.744470776108115961e-01,-8.018053610585823554e-02
2.247122827631839459e-01,-2.347403852049942397e-01
-1.129534668378118778e-01,-2.055997281522087272e-01
-2.676501437441929365e-01,4.243650086354460588e-02
-4.433549719984475890e-01,-1.679101908893886608e-01
-4.476861212556100256e-01,4.545941787562315234e-02
-4.045521727425724912e-01,6.388894811241240257e-01
-3.030859382186241735e-01,7.834657637996400581e-01
-2.662888061220807234e-01,-9.784804385803812232e-02
-3.120784798695115936e-01,-6.357185007521140019e-01
-3.156671762932609093e-01,-9.025203611142589288e-01
-2.411195264975588004e-01,-6.712310023027965311e-01
-5.227194946496955819e-01,-1.039210537710985871e-01
-5.794273412411925506e-01,1.558230711542892347e-02
-3.977570808863361562e-01,-1.577135226035145388e-01
-5.500287376382599902e-01,-8.826691645661630115e-02
-5.506625377551404021e-01,2.941543731148073548e-01
-3.202357009901224960e-01,3.401802145009607536e-01
2.388191722064112732e-01,-4.074838194144779768e-01
1.375269544501653562e-01,-3.388341433558757498e-01
-2.353062406765636383e-01,2.242493880249057936e-02
-3.472935364331106167e-01,2.072047046763060563e-01
-3.763593991551975049e-01,3.471125715810935430e-01
-5.605023660926745643e-01,5.187862436204206951e-01
-5.605023660926745643e-01,5.187862436204206951e-01
-7.778333643956419907e-01,7.436616773852799955e-01
-1.043088032073356874e+00,9.598385751518903053e-01
-7.773383322510517557e-01,7.434248367258909918e-01
-2.151215693486654978e-01,5.260853245865818595e-01
6.479877308759557364e-02,4.174682607739378382e-01
6.222277367623061523e-02,1.817534305132748884e-01
-9.991266486502080324e-02,3.602326922408258941e-02
-2.676501437441929365e-01,4.243650086354460588e-02
4.018490930764225810e-01,3.155842964396376460e-01
1.324868263405329705e+00,5.248027668798347367e-01
1.627109773614909605e+00,5.905885776170078927e-01
9.277705219425712579e-01,4.009352025352404536e-01
1.392032644428504128e-03,1.978728848194206968e-01
-4.112293489185102069e-01,6.744150504453664263e-01
8.551648370610517857e-02,5.756354033429954553e-01
5.469297461379493130e-01,-3.357109374326194134e-02
2.526394455158493813e-01,-7.969047962021363896e-01
-2.078613833724387294e-01,-1.463598093885035700e+00
-1.081789817011946236e-01,-1.502243045757502671e+00
-1.015193813093741015e-01,-7.278947731156916179e-01
-2.676501437441929365e-01,4.243650086354460588e-02
1.659688164105449504e-01,-1.003073500815068603e-01
9.009980712329722641e-01,-5.966795410320205884e-01
1.153366535786516600e+00,-1.204476227963148460e+00
7.983613553619233194e-01,-1.654141825851655812e+00
5.274194362287011328e-01,-2.023740788532768065e+00
4.549980940747052477e-02,-2.475838463166483372e+00
-8.175690704197779990e-01,-2.294887902353612841e+00
-1.694963937487947936e+00,-9.560855631072897598e-01
-1.741358584757694006e+00,4.844227118571646229e-01
-1.018375865486029097e+00,1.019213579938516911e+00
3.209087285310257553e-01,7.994322937701401344e-01
8.569789748655128880e-01,5.441699328699776128e-01
5.523031328178584776e-01,3.343026217845604386e-01
-4.043623598710670564e-01,-4.899417134471636404e-01
-5.825418646030637859e-01,-5.896842113427903653e-01
-2.903379765055987827e-01,3.323943623589566826e-02
-2.152986166745579910e-01,-1.829712109499514322e-02
-2.676501437441929365e-01,4.243650086354460588e-02
-6.593323921294739209e-01,2.905232115054184328e-01
-9.541850655969374984e-01,2.564320042990664850e-01
-9.804280431283809438e-01,-1.301995313769709339e-01
-6.921853821031016540e-01,-4.549423367784313221e-01
-3.947951728486507883e-01,-5.694607368531644509e-01
-3.120784798695115936e-01,-6.357185007521140019e-01
-5.335019143151442655e-01,-3.984364771663777005e-01
-8.878474319870433007e-01,-1.104395414305609363e-01
-9.407894342837519464e-01,-2.484639829235465447e-01
-6.695520950622771972e-01,-4.514536428191215367e-01
-3.917585502678807563e-01,-4.109436434020521944e-02
-4.875358715072346527e-01,2.312588639915591771e-01
-8.878474319870433007e-01,-1.104395414305609363e-01
-9.407894342837519464e-01,-2.484639829235465447e-01
-8.043631761573440953e-01,-2.498512695615884849e-01
-8.878474319870433007e-01,-1.104395414305609363e-01
-9.407894342837519464e-01,-2.484639829235465447e-01
-8.043631761573440953e-01,-2.498512695615884849e-01
-8.878474319870433007e-01,-1.104395414305609363e-01
-9.407894342837519464e-01,-2.484639829235465447e-01
-8.043631761573440953e-01,-2.498512695615884849e-01
-8.878474319870433007e-01,-1.104395414305609363e-01
-9.407894342837519464e-01,-2.484639829235465447e-01
-3.838265445369000717e-01,-4.541528785890573405e-01
-1.073068498933849313e-01,-9.613527339840669539e-01
-5.665459670267369852e-01,-1.548025586333039216e+00
-5.641599990911999596e-01,-1.100535242598706276e+00
-1.496065454003067119e-01,-1.601294066424259199e-01
-1.914280864473667798e-01,1.342421342392531580e-01
-2.429043883907260060e-01,7.434086017325693130e-02
-2.676501437441929365e-01,4.243650086354460588e-02
2.001469049674983458e-01,1.039632816691784811e-01
4.192503329397492262e-01,1.552235916234601110e-01
-1.109226333615972448e-01,3.183294986665130000e-01
-7.570577631153343479e-01,5.176121950760830259e-01
-1.005715432844141999e+00,4.949583675326382770e-01
-5.631961549331568895e-01,-5.844714706210616881e-03
4.217426516803086112e-01,-2.997241730953126293e-01
1.697235389556738694e+00,-6.435107760453050441e-01
2.547562004437551764e+00,-1.114039708152056996e+00
2.064454712118765745e+00,-1.123136268290731543e+00
5.635478220085827772e-01,-8.304672236559664800e-01
-2.632082310187449647e-01,-2.223075837740856320e-01
-1.880659748359500560e-01,7.015205658081251003e-03
7.989802739943292487e-01,1.093032214565862636e+00
2.502585023340073267e+00,3.073997634003801327e+00
3.836665363308094712e+00,4.193778435266956706e+00
3.943723769440501847e+00,3.840131278265332515e+00
2.553612169827204958e+00,2.347694543371817044e+00
9.065585436655635432e-01,1.029977594045795142e+00
1.609922922941837281e-02,6.104757174858120861e-01
-2.149205673551620177e-01,1.451359839006688135e-01
-1.913690002579407079e-01,-1.534689416306448950e-01
-2.156345849870438258e-01,1.454225297378230475e-01
2.089029412251815210e-01,1.834388001905389975e+00
8.302959083410141883e-01,3.269458996745375323e+00
1.032106128441446113e+00,3.237548332043996613e+00
8.589264166288368418e-01,2.767846355683407200e+00
4.722218676691592454e-01,2.481528750970499075e+00
-2.241901365252590150e-01,1.570271438087095239e+00
-6.233928891964258812e-01,7.620786032840235480e-01
-6.944332959556729357e-01,3.470512295126509383e-01
1.303236905642642385e-01,1.509065057483275130e+00
8.589264166288368418e-01,2.767846355683407200e+00
4.722218676691592454e-01,2.481528750970499075e+00
1.056929023901504450e-01,1.756987227891749548e+00
-4.203650986661399552e-02,1.282670236017341647e+00
3.058356805283681812e-01,8.532347688092716265e-01
8.306872536513340011e-01,1.649366244980018603e+00
8.589264166288368418e-01,2.767846355683407200e+00
4.722218676691592454e-01,2.481528750970499075e+00
1.056929023901504450e-01,1.756987227891749548e+00
3.254815415072921658e-02,1.264405788928335328e+00
-4.513630456870184465e-02,1.153028280139130946e+00
2.411131742668442060e-02,1.666586215483268241e+00
1.056929023901504450e-01,1.756987227891749548e+00
4.742261730071180986e-02,4.935070067350281753e-01
1.134009973769020338e-02,-3.842248672907517260e-01
-2.436009754990675624e-02,-3.369073187641510869e-01
1.157931038989057013e-02,-3.835248299105631364e-01
-1.395776683575110921e-01,-2.359708427275592602e+00
-3.861029550947879807e-01,-4.298635393491062828e+00
-3.861029550947879807e-01,-4.298635393491062828e+00
-1.361651415064929760e-01,-3.952777724922188263e+00
1.583284759375441220e-01,-2.961118663219522329e+00
2.824063631627551918e-01,-1.054700182707962286e+00
1.140584614404076325e+00,1.160269210879140561e-01
2.276740757787580449e+00,-2.338699208943502972e-01
2.510342872400052716e+00,-7.283616599099588251e-01
1.710219563727053638e+00,-9.422287534300300971e-01
5.346985239574901794e-01,-6.870462349918458056e-01
-4.293032063098636136e-02,-4.217693758037878715e-01
-2.915040990662449635e-02,-3.559999737454550561e-01
-2.830970887043665063e-01,-3.102023070649316261e-01
-2.713126112079609631e-01,-3.664021743782931995e-01
1.244981677301490279e-02,-4.126962384045357868e-01
-3.110201972911331297e-02,-3.655590788059608354e-01
-8.001585759112000984e-02,-2.004653126668416996e-01
3.785524986210830334e-01,-4.772702708984111752e-01
6.460150167950795552e-01,-9.847388448745345579e-01
4.931345810353408021e-01,-1.197060406079570871e+00
9.157176887723167402e-02,-7.709703476652715048e-01
8.922514033934925148e-02,-2.844900667884053824e-01
1.404238513268799005e-01,-1.407581233539721421e-01
7.023302241927784073e-02,-8.112772571244165898e-02
1.420112603610077795e-01,-1.512752755375442737e-01
1.404238513268799005e-01,-1.407581233539721421e-01
4.482619820367363811e-02,-2.943640892474853055e-01
3.030699589498163093e-01,-7.904850156048471854e-01
5.342638016652779820e-01,-1.241462544076801011e+00
4.308582428680788889e-01,-1.289272245085644197e+00
1.695978778285752164e-01,-8.186269908833672115e-01
9.650874694424958766e-02,-8.404085777426008319e-02
1.936038239560137209e-01,2.180841518095496534e-01
1.427491797341199908e-01,8.239636980065605243e-02
2.614634327938774039e-01,-3.452249578742143110e-01
4.309056450682709483e-01,-8.050024346551498677e-01
2.190859771634972308e-01,-8.120719945585933575e-01
-2.104940259745672892e-01,-4.577581561169407620e-01
-2.618596020777588240e-01,-3.755992073116660723e-01
4.292988331077539355e-02,-5.034334594518249384e-01
7.347137193693761836e-02,-5.974362372700317003e-01
-4.287658807007267703e-02,-5.957692914004846241e-01
-1.639908243978533200e-02,-6.026751443884865722e-01
9.086234295750872381e-02,-5.912262207309556539e-01
-2.427872889833867717e-02,-5.891283158671909437e-01
7.116809150414742102e-02,-9.067111883844095610e-01
3.200535974402438089e-01,-1.307661778968332245e+00
2.894340063619934011e-01,-1.309745366133841404e+00
4.674283801194582116e-02,-9.208007535196628401e-01
-6.127582089688927286e-02,-5.719356236556482065e-01
-1.342919483769409172e-01,1.206126667133068375e-01
-8.033355632558558668e-02,4.925516596824488502e-01
5.108368497689708132e-02,3.147106640199362482e-02
2.282409031394438959e-01,-1.015190026932470818e-01
5.102464717893829826e-01,-4.313592528791482944e-02
3.493098875013877502e-01,-5.168684232871852968e-01
1.513441454091874749e-01,-1.012582693134047584e+00
2.456017474928042510e-01,-1.026481817417115971e+00
2.485308537533554574e-01,-6.057599669993856129e-01
1.404238513268799005e-01,-1.407581233539721421e-01
-8.001885379951773070e-02,-7.016347273322841305e-02
-8.001885379951773070e-02,-7.016347273322841305e-02
1.404238513268799005e-01,-1.407581233539721421e-01
1.393740583665533661e-01,1.461376397936434424e-01
-1.117166643263022424e-01,7.115215719461208677e-01
-4.718142997054625143e-01,6.064647323419426472e-01
-3.851788904262886670e-01,9.214626036775623585e-02
-5.781535490776651409e-02,3.674330911898338048e-02
3.098205094674646998e-01,-2.873120042840415778e-01
5.587513012813112301e-01,-2.861129392712647990e-01
6.878938815901565196e-01,-1.443128868101134325e-02
6.878938815901565196e-01,-1.443128868101134325e-02
5.782414787279632762e-01,-2.510004064681746749e-01
2.136914991280517429e-01,-6.074273323945199587e-01
1.363151720526361299e-01,-6.431103331775461784e-01
2.659336659473402475e-01,-3.842801761997999832e-01
1.393740583665533661e-01,1.461376397936434424e-01
-1.117166643263022424e-01,7.115215719461208677e-01
-1.542062472577724885e-01,1.171395050602345167e+00
2.319733424255217280e-02,9.813087540577146717e-01
-6.610588156530642356e-01,2.480993700571278715e-01
-1.002021547537736090e+00,3.834138367780715040e-01
-5.200743036793199492e-01,8.740155698032646692e-01
-1.956066272900377490e-01,6.452273141953829283e-01
-2.753121440297561784e-01,1.163109786113931676e-01
1.690413101187078493e-01,6.450416405111356055e-02
7.421273977016773493e-01,-2.153201988804012701e-01
7.568004342805990659e-01,-6.298423490215825371e-01
4.645829593495391374e-01,-7.793547284112321005e-01
-1.038247074612445031e-01,-5.878867423530572678e-01
5.855920035713725325e-01,-4.557211963690061540e-01
7.288656229477854520e-01,-3.039544932763308949e-01
-2.676501437441929365e-01,4.243650086354460588e-02
-2.625236766357346707e-01,-1.858944212931885054e-01
-6.853905526970541784e-01,-1.826939054557466802e-01
-9.147450153210612278e-01,7.820295892054652809e-01
-4.527708747741324147e-01,1.521778639165523472e+00
-1.908548385886329468e-01,1.215414595096877770e+00
-2.303165744136784765e-01,8.514945475861676050e-01
-8.432408579505379365e-01,7.440243608270756537e-02
-1.167885093152861264e+00,-5.986512069420640847e-01
-8.009722855455085888e-01,-3.944856420706501221e-01
-7.038047142467955819e-01,7.019622470600067610e-02
-1.441246951393704290e+00,4.410894858253405770e-01
-1.843829828151885009e+00,5.034450642128240894e-01
-1.578548970281349995e+00,4.028310175632625056e-01
-9.082206867254192240e-01,2.446914157087592134e-01
-2.096341364379189498e-01,4.559456526217733896e-02
-6.897201946052877730e-02,-4.131183408338147400e-02
-4.120246993809918989e-01,3.728733791699351263e-01
-8.727066551096291924e-01,9.826643527144106605e-01
-8.973315592407974384e-01,1.223709753762519226e+00
-5.823699339765734395e-01,1.113283430696880183e+00
-9.177991640915897364e-02,4.708237702852870465e-01
-8.992294022840311429e-01,4.750763704795931130e-01
-2.318180728025109438e+00,1.180652382076240681e+00
-2.664921506344526847e+00,1.334745974972646465e+00
-1.814976409369399857e+00,6.553911372460969886e-01
-1.074327211485664124e+00,1.790346271515033116e-01
-7.560026709129842315e-01,6.932572522198986453e-01
-4.395375493566842651e-01,2.975941536615538952e-01
-6.998888764899189319e-01,-4.910320889513862253e-01
-7.904999675386015223e-01,-4.817900442107603820e-01
-6.015152130674514819e-01,-1.760208548184620803e-01
-4.454311665361927464e-01,-3.599447564607967109e-01
-3.617670621760464278e-01,-9.470368685564776179e-01
3.365384609054247744e-01,-1.134559213375003539e+00
2.318624245993479605e+00,-9.687693884097083874e-01
4.037079139296981367e+00,-6.896188941664705974e-01
3.618242196546546108e+00,-2.771694869920584003e-01
1.535151910306990830e+00,-2.632856485841653660e-01
-7.838038037713164208e-01,-2.065503361909309388e-01
-2.096079476050703327e+00,1.273643046673079704e-01
-2.691973876934458776e+00,2.238702806454602179e-01
-2.709596569567129354e+00,1.155523001673895156e-01
-2.789678394302841369e+00,1.753870694069725178e-01
-2.691973876934458776e+00,2.238702806454602179e-01
-1.890420986451850860e+00,8.557197731917172423e-02
-6.193373864012936547e-01,6.038053486092162525e-02
-1.099607501906330748e-01,6.182318421564083483e-02
4.722007906260078380e-02,1.015535582296542283e-01
-1.705921448067752588e-01,1.736421452907961072e-01
-2.052219931931975883e-01,1.709843209277944406e-02
-1.084061473779309170e-01,-3.142832940935739172e-01
8.931410678609129697e-03,-7.911960098976134059e-01
-2.188076719282583127e-01,-6.511168112801951624e-01
-4.102704005910272067e-01,-9.134025112814031511e-02
3.249462681736450254e-01,4.092502394882613359e-01
7.954302326521789368e-01,1.089498671270222818e+00
9.811925112673910432e-01,1.351736176264713096e+00
6.985985521132168641e-01,9.542617002835400708e-01
7.460475908640346043e-02,2.189003645786303243e-01
-5.203863593663997644e-01,2.980329794410874547e-02
-9.167196050253928474e-01,-7.613465601391981030e-01
-1.297271437060436794e+00,-2.112499403446369772e+00
-1.277824380876847910e+00,-2.221421458834774931e+00
-6.038333301423639554e-01,-1.354815413933292856e+00
-2.902315447026043715e-01,-5.061812283498072773e-01
-7.327419823027845336e-01,-1.923271376712724634e-01
-5.715024514522091259e-01,-4.292206230979329906e-02
-9.379902123499588018e-02,-2.615750675166026440e-01
3.290233339452670047e-01,-3.163985655366386984e-01
3.268966899896108003e-01,-6.652088898050877164e-02
-1.253570322584435515e-01,-2.086616082618649726e-01
6.562792824864382979e-02,-1.338324768025504818e+00
1.735087756614222265e-01,-2.474812343583027818e+00
3.426512643977474570e-01,-2.534482959104200184e+00
-2.810991587407414283e-01,-1.155302695842638006e+00
-4.518542590791471691e-01,-4.028152109138528614e-01
4.415926000063700174e-01,-8.492856098652133978e-01
4.190847518011947548e-01,-5.695998359961232937e-01
-1.317343763476524210e-01,-2.119767160719283061e-01
3.899977410113047299e-02,-3.133120643455244436e-01
-6.110425230828031573e-01,2.880781457915773114e-01
-1.502014739858442915e+00,7.113028938038815641e-01
-2.421293126156288444e+00,9.838512951618245683e-01
-2.732812655514334832e+00,6.404990778426817855e-01
-1.754600481986603455e+00,2.274543450158078572e-01
-2.824546053868139950e-01,1.937805033960191547e-01
5.433222626646289077e-01,1.468467861493492066e-01
4.192503329397492262e-01,1.552235916234601110e-01
3.073440450761502542e-03,1.237451669869997772e-01
-3.178718801089965851e-01,4.814109054990780012e-01
-2.145085863992419462e-01,4.750133783062528980e-01
-7.942062883450781707e-02,4.627329918304859402e-02
-5.240393822342191976e-01,-7.606203219535505322e-02
-6.571551476093708821e-01,3.290619457381741692e-02
-5.290388164407958671e-01,1.464157733475391354e-01
-3.598865283929805758e-01,1.057369299658205974e-01
-5.825418646030637859e-01,-5.896842113427903653e-01
-1.616434247800730528e+00,-2.877172525673501458e+00
-2.587319207711704649e+00,-5.029179062821270918e+00
-2.253223333050538013e+00,-4.314305065791121940e+00
-1.222234691376142379e+00,-1.906167717696119368e+00
-1.793431333791634386e-01,3.519548303324443461e-01
2.319733424255217280e-02,9.813087540577146717e-01
-7.251745638938575378e-02,1.410933356338188727e+00
-1.420492879916897544e-01,1.324106079764298505e+00
-3.163729007154553186e-01,8.760251744461546863e-01
-3.324387074093840821e-01,5.045059311425953430e-02
-2.164748615945797650e-01,-9.023735371382095583e-01
-3.453916748238738399e-01,-1.219120084928096981e+00
-2.760450431552517458e-01,-8.608396895407260940e-01
1.027220558297049779e-01,-1.322770259309235807e-01
2.071724711134855790e-01,3.851232346740421919e-01
3.617557234087700468e-01,6.863098535003782363e-02
3.049978187997917645e-01,-1.804761374167999921e-01
-1.073755877991416745e-02,-9.193107741781367248e-02
-1.856674160232965332e-01,-1.700472796036117396e-01
-4.789851059027985247e-01,-3.136500839721453326e-01
-6.212752455003377472e-01,-3.169316831582696392e-01
-4.188168039437526469e-01,-3.531512880301252988e-01
-2.681416410729767774e-01,-4.891418852519342497e-01
-7.437481452603136867e-02,-4.420078299678822376e-01
-1.293064663062605535e-01,-1.568597482629174311e-01
-1.793431333791634386e-01,3.519548303324443461e-01
2.183195060875460503e-01,-1.376948259262473773e-01
4.368641745433895496e-01,-3.536964312855229164e-01
3.194542118592619828e-01,-7.729374146832003467e-02
-1.294609032457415612e-02,1.548757444927337246e-02
-3.892427645466718933e-01,-1.052435284766895830e-02
-6.571551476093708821e-01,3.290619457381741692e-02
-5.290388164407958671e-01,1.464157733475391354e-01
-1.744687769586446002e-01,-2.111686946574227730e-01
-4.220385507342992032e-02,-5.587024389263610669e-01
3.128428731090455300e-02,-3.620445608014761785e-01
-1.840566712036720287e-02,-3.010086698723188903e-01
-1.359553721690710815e-01,-3.617398494608973225e-01
-2.666886528093681541e-01,-1.792869834808028806e-01
-2.124616465261375264e-01,-3.352290805034091603e-01
1.265558062587638366e-01,-4.984558478284291105e-01
4.079445642640446706e-02,-4.018294935528128435e-03
-2.696196699809358388e-01,9.954017360893764321e-01
-1.388835389769251527e-01,1.301497068861769524e+00
2.916396642396963945e-01,6.979628012293678241e-01
3.900303898266574421e-01,-1.272919968713216374e-02
1.281959339503351003e-01,-2.167036572929483540e-01
-3.448794722403750873e-02,-2.150728307585783594e-01
-4.997557545147893188e-02,1.649964124389710074e-01
-2.812265456288576271e-01,6.430640314699297422e-01
-2.311930899405743312e-01,4.762942465167677719e-01
4.783898916810757490e-02,-6.042245975433301747e-02
4.652060363286212863e-01,-3.157797618728251932e-01
2.986898006121890603e+00,1.333052065156117849e-01
5.847667503828940738e+00,6.635410658916071069e-01
6.336546929941174966e+00,9.417428479366872773e-01
3.560852802094354619e+00,7.041363881723691209e-01
6.794795033204485968e-01,3.129743408120172488e-01
-1.705921448067752588e-01,1.736421452907961072e-01
-2.065508413700325729e-01,-1.575035833504388749e-01
-4.350311341185763431e-02,-5.575784166892697735e-01
-5.538360101936649210e-02,-4.388800235956672458e-01
-4.098496236368308343e-02,-1.528250726617268185e-01
-1.115146047195752776e-01,1.220618110015698615e-01
-2.452430182496475319e-01,1.616514275638945564e-01
-3.220911732955811235e-01,7.926523715126047864e-02
-3.087136219256238490e-01,4.479062453789892095e-02
-2.337028966270041919e-01,1.460027054111447398e-01
-2.337028966270041919e-01,1.460027054111447398e-01
-2.962920199107079156e-01,1.762719508476573160e-01
-4.433080667566980937e-01,4.131137102243258585e-01
-1.223931352190275934e+00,1.228480196782842704e+00
-1.442568694525324657e+00,1.025757259206723226e+00
-1.227814868973233775e+00,4.381708624953850051e-01
-1.557496669220995056e+00,1.301289947193984275e+00
-2.285582844603119224e+00,3.678511229891634038e+00
-2.704893497294516003e+00,6.251422133392850355e+00
-2.077413397396555172e+00,6.579962190327208305e+00
-9.291073387500228264e-01,4.246857684898991181e+00
-2.386274512910819823e-01,1.749978536372024829e+00
3.274069308220591279e-01,-3.437375790582540280e-01
7.897268654071937233e-01,-8.344710614210125721e-01
1.022430593660634601e+00,-1.099562814134934507e+00
5.340986325297686355e-01,-6.304516590374145135e-01
3.411173163495112570e-02,-1.328074481392968187e-01
2.216113400001148981e-01,-3.847053705776855570e-01
3.443835554474630745e-01,-1.520892854077180223e+00
1.554759948346405019e-01,-2.879143036816527612e+00
-3.153071500304664987e-01,-3.119604157503339970e+00
-8.766033667111172711e-01,-2.088991608732174488e+00
-8.076470173182072054e-01,-1.101125445981069984e+00
-2.839545936742995935e-01,-6.030770626193806550e-01
3.411173163495112570e-02,-1.328074481392968187e-01
5.716352446712594237e-02,-1.194951052828003429e-01
1.179700780107181685e-01,1.807329516341214526e-01
1.325713687815004704e-01,1.178352755245546113e-01
3.489402436828616810e-02,-1.994409939006808463e-01
-7.774577599389834170e-02,-1.345782721929077996e-01
-3.892427645466718933e-01,-1.052435284766895830e-02
-6.571551476093708821e-01,3.290619457381741692e-02
-5.290388164407958671e-01,1.464157733475391354e-01
-1.357325467626554205e-01,3.275550028575328620e-01
1.285353619581318108e-01,5.327245005602774253e-01
-1.737346321712878172e-01,4.157662123809637289e-01
-7.092295121224151400e-01,-2.799108330557300572e-01
-7.523072432289144018e-01,-6.946955294279753002e-01
-5.667134334831649412e-01,-5.354242635043788834e-01
-2.174133631978614201e-01,3.411117230504893266e-02
-4.597190400751630796e-02,3.414510276166960456e-01
-4.221568973417274551e-01,5.537025723119506360e-01
-5.518866982295098644e-01,1.166190252559251350e+00
-2.987608785041224735e-01,1.344164371948604941e+00
-2.209347338801903038e-01,7.808507412605343312e-01
-7.800657227599767929e-02,3.472374538565072832e-01
3.701443855107522940e-01,2.762181453900883210e-01
3.492214511322460635e-01,1.467452666774717029e-01
2.838402258023299818e-01,-1.312093923315940103e-01
2.017210724898117757e-01,-3.114013378668398224e-01
-3.826258995971547061e-01,1.702433372343553630e-02
-8.585809896577532019e-01,9.535700958678780537e-02
-1.105278710687224830e+00,5.825242894640122321e-02
-1.076677486239742798e+00,-3.172780854650140980e-02
-5.977628779642291112e-01,-9.527898844932290723e-02
-1.042166760553629896e-02,4.456304981209215782e-02
5.272877741092124593e-02,2.803876637690770890e-01
-2.993713988733947007e-01,9.593569067752654167e-01
-4.856356551066910443e-01,1.287701579089771231e+00
-1.185342583181328291e-01,8.042675015274033390e-01
2.037818078847463132e-01,3.235555229319306281e-01
-1.200629360235359738e-01,4.363342781464294440e-01
-3.720623316707024619e-01,3.000036626283734270e-02
-3.060203596541384852e-01,-3.417593981148903670e-01
-9.896063409383816512e-02,-1.241315872283127453e-02
6.885979501913791490e-02,3.304849059904645947e-01
-2.335631422371781674e-01,4.865261602675211017e-01
-2.073282891556160745e-01,5.309971906371532824e-02
7.898732215901346776e-02,-4.757398378755280932e-01
7.898732215901346776e-02,-4.757398378755280932e-01
7.898732215901346776e-02,-4.757398378755280932e-01
-1.667559322656844978e-01,3.625441502673155264e-02
-4.990834055548949988e-01,8.909847072505465704e-01
-4.697175166096168031e-01,1.117333027627078756e+00
-4.234177784569447267e-01,6.665965338576471666e-01
-2.065465336259741658e-01,2.655068098855120073e-01
7.872313756738497093e-02,3.615576877115690424e-01
5.204543466751013203e-02,4.832395765026682999e-01
-3.878945439158208996e-01,3.265634767110577319e-01
-7.392927492619969509e-01,1.143252220969295657e-01
-6.788682006900812471e-01,1.462588883870887813e-01
-5.405270066759191305e-01,3.148091475111637338e-01
-4.954238386906013036e-01,2.504876471448803654e-01
-4.734074747073457323e-01,3.175318134742071141e-01
-3.368419119725374333e-01,1.857850271455930014e-01
-1.326934308704461052e-01,-1.611790099640409424e-01
-1.064580933456912015e-01,-6.781632777305199311e-02
-7.800657227599767929e-02,3.472374538565072832e-01
3.526735811992360303e-01,-8.183000775324329734e-02
8.412973952584248405e-01,-9.995129345194636583e-01
6.593957903959656308e-01,-1.753346668865094271e+00
-1.759565985760009887e-01,-1.827352475469551596e+00
-1.274485869511571057e+00,-1.827217995070158363e+00
-1.737878402681499956e+00,-1.752045990720540125e+00
-8.097936707049827598e-01,-1.281806060158376503e+00
-7.732113098626948455e-02,-6.176208116763991507e-01
-1.676805517186185923e-01,-2.180759018653408710e-01
1.793124573513544540e-01,-4.806754770271148836e-01
7.660028096472852877e-01,-1.252509561267084903e+00
1.104947185707352952e+00,-1.502566145057628422e+00
8.163474222241413614e-01,-8.110092872927977536e-01
2.013000420398694812e-01,4.472294061424932354e-01
-2.774050254691174389e-01,1.364950463595579810e+00
-3.157582256405429000e-01,1.764890454926101970e+00
3.333519175029361903e-01,1.541366267060746642e+00
5.149725096914585798e-01,1.038094755144405301e+00
1.185977298550980157e-02,4.460857070566691673e-01
-2.588157724552951899e-01,5.494816944942867432e-01
-3.257658005519866729e-01,9.159064019521276911e-01
2.632227913440272071e-01,1.234104097591700588e+00
7.060223158260262588e-01,7.864867212169804889e-01
2.684177973211839263e-01,5.983501156419833711e-01
-2.774050254691174389e-01,1.364950463595579810e+00
-3.417607799839703087e-01,1.118539292485166925e+00
-5.147649332091970287e-01,1.036533204298976329e+00
-1.182459017577799365e+00,2.355459814595262991e+00
-1.353827609250628505e+00,3.077031531694678801e+00
-9.393126303989914883e-01,2.475603366340595191e+00
-5.936933660706236182e-01,1.679131838038208091e+00
-7.489674612458384617e-01,1.557673376780907226e+00
-2.508491376363378156e-01,2.700975490976421922e-02
1.122178813902612982e+00,-2.919429054962982661e+00
2.446425841258176970e+00,-5.333314441076430157e+00
2.897286884078570601e+00,-5.777596628726498373e+00
2.135312927502254876e+00,-3.879153199111463834e+00
1.166130982713497577e+00,-1.677282462526284545e+00
4.178356290339697576e-01,-3.164096959753183724e-01
-5.616158041909044552e-02,1.189734772263673496e-01
-4.785281384528580761e-02,-2.566167798537868916e-01
-2.736783714115944566e-01,-3.057963508698172128e-02
-7.107734998657960768e-01,2.122362424668427505e-01
-2.870835528933806668e-01,-4.346129199566500789e-01
8.226190201866873108e-01,-1.632947259225022041e+00
6.598938283939609351e-01,-1.015274446071503078e+00
-3.965279356489667673e-01,6.595402912629395598e-01
-2.592875032261336421e-01,7.025143656750232335e-01
3.426900306490444081e-01,2.766968406400314162e-01
3.231832590052174936e-01,3.483974594032633598e-02
-2.588779316610050757e-02,-9.430764803050856182e-02
2.488784679360986629e-01,-6.605439793280947214e-01
5.947667505521563314e-01,-9.977424890816071201e-01
5.858264480833973442e-01,-5.662775201700738226e-01
2.408017274739353564e-01,1.239989520886953800e-01
-8.721173510226915004e-02,5.767491225810309485e-01
-3.030859382186241735e-01,7.834657637996400581e-01
1.216282220445646933e-01,1.752034111005923156e-01
3.430537881870361905e-01,-5.895057742046953819e-02
1.952058821283563506e-01,-1.768285175147423782e-01
-4.259731926688539727e-02,-3.808407703678062250e-01
-3.880571439606710776e-02,-7.523721491543122752e-01
2.284869616395970582e-01,-1.003620820531094804e+00
1.126373061379030704e-01,-5.781184419433967880e-01
7.552434602495264326e-02,-2.706301649580792473e-02
-1.457757876119928908e-01,8.718419196560867057e-01
-3.157582256405429000e-01,1.764890454926101970e+00
-2.111525536402909797e-01,1.106947871053978183e+00
-1.806347511283345753e-01,2.661953781043451678e-02
-3.013509606654925579e-02,-3.223243611620214139e-02
-3.538319770358100969e-01,2.991698222039803068e-01
-7.732751858213673390e-01,3.959026324162489008e-01
-8.136717098980177365e-01,1.117755768842372266e+00
-3.157582256405429000e-01,1.764890454926101970e+00
-4.775497649253115234e-02,8.972021770272706753e-01
-3.423740274884438245e-02,-6.334211712451177922e-02
-3.013509606654925579e-02,-3.223243611620214139e-02
6.444650961508029130e-02,-1.898355629919410981e-01
3.777474907839640378e-02,-3.119539119041147557e-01
-4.031428728279634610e-01,5.775848773674674419e-02
-7.500182869120666229e-01,7.510200694858949477e-01
-6.963198868629623117e-01,1.391611804561697419e+00
-4.794118848409247291e-01,1.484239140880204033e+00
-3.081447189998931524e-01,2.879138797140384787e-01
-2.810651173225125476e-01,-6.051129726584171253e-01
-1.011221759001555004e-01,-8.332699068353056626e-01
-5.040949756535254567e-01,-8.960118127682767941e-01
-1.116107740637622969e+00,-2.271287457992932080e+00
-1.363483754239743995e+00,-3.036297823560775377e+00
-1.469326068057763113e+00,-2.064076211274483263e+00
-9.736955528983185504e-01,-5.154813953229997470e-01
-8.900032824399474463e-02,1.288575746026653590e+00
1.908787808357750859e-02,1.638531692873328449e+00
-5.760448709636503128e-01,8.651351886802430835e-01
-5.578719412329588012e-01,5.935687640411533295e-01
4.206713123528344617e-02,2.692293842732229048e-01
4.024252608439768952e-01,-2.945178989364446998e-02
3.833545912797961530e-02,3.791270105840799376e-01
-1.929847847947029904e-01,3.205261415702054806e-01
1.478769028842487898e-01,-1.185788149326567203e-01
6.830190653977133985e-01,-2.186303255205187257e-01
5.885393851125004794e-01,-4.544905250309324574e-01
2.824699692396697159e-01,-3.242100808372327947e-01
-5.628392824495189600e-02,8.418005614296790451e-02
-2.201794000637872228e-01,5.634240405596061541e-01
-7.293363601234839066e-01,4.196264350007828936e-01
-7.396164965637948008e-01,1.808484168358047151e-01
-3.574490610554679759e-01,7.364143246372469864e-01
1.491243649006658567e-01,6.849968180823445829e-01
3.914828170525079254e-01,1.468250440040183569e-01
5.534820369123582412e-02,1.062229195078361194e-01
-2.537946363142197237e-01,7.632471599049250877e-01
-7.048514265713458349e-02,1.363186925725247356e+00
-4.228067888282600190e-02,1.612559382049788104e+00
2.515822566159452434e-01,1.693236866959078712e+00
6.081148130483881031e-01,1.532172668727758813e+00
4.215159004365134909e-01,9.812191856421583758e-01
3.701443855107522940e-01,2.762181453900883210e-01
3.334402315879737566e-01,-2.206947974021775949e-01
1.835591686376589760e-01,-1.270581842102522507e-01
4.627618153278306029e-02,4.113946633302510703e-02
-8.375307406695867152e-02,5.515893771893409792e-02
-1.761222694152835347e-02,5.009077201479056329e-01
-2.281940133375985613e-01,1.716430983496358920e+00
-3.734955346582001789e-01,2.465541979373764292e+00
-3.709075014321387420e-01,1.837889540690148094e+00
-4.695744802273782437e-01,8.044955721719618813e-01
-1.473961776272455948e+00,9.433274914488397611e-01
-2.120620608628612569e+00,1.034531183924121578e+00
-1.357674518633853467e+00,5.916723277052217123e-01
-9.438343856760726680e-02,2.194111017052807477e-01
6.731880269001480621e-02,1.855994900437583639e-01
3.144948968300373404e-01,-3.938595894937079733e-01
3.420567852042223911e-01,-2.695315918946449285e-01
1.671734079140616558e-01,2.280170243288771881e-02
-4.685332114271382742e-01,9.732153641179072667e-02
-5.305843195866999373e-01,-1.483996875898384360e+00
-5.561379436213407246e-01,-2.827983398313029806e+00
