1.255202224790337162e+00,-2.741137211474332425e+00
1.679817300632348021e+00,-2.296181273624711583e+00
1.168090814203738725e+00,-9.235144963611838786e-01
5.903679787424223613e-02,1.266335442003007739e+00
-4.205469154128432252e-01,2.721966115099268446e+00
-8.037516675278730816e-01,3.290760251752769872e+00
-7.942160582374404587e-01,3.249252817676018701e+00
-4.106221684973587194e-01,2.678764808735276670e+00
7.758142059721913342e-02,1.802914719004400812e+00
3.180021325267221588e-01,9.434872445233349891e-01
-1.174966730806505620e-02,3.266103017309224255e-01
-5.587378542248657709e-01,1.341333933423254077e-01
-7.538928591270730450e-01,-1.404621893051409554e-01
-4.957038244333739629e-01,2.567942739774006222e-01
-4.724539507764931590e-01,9.887418977360306060e-01
-5.052873656703019689e-01,7.799505549436365204e-01
-5.587378542248657709e-01,1.341333933423252689e-01
-1.183264975523668827e+00,1.361423708132478427e-01
-1.495249099695014072e+00,1.543407875712034805e-01
-1.080376499442908811e+00,-7.327453931595204195e-02
-3.198650344026811032e-01,5.030969436774460502e-04
4.902773555788918214e-02,1.821994991900386940e-01
-1.502265456077472583e-01,-1.180225747537031189e-01
-3.163635225745926038e-01,-7.843277335908495074e-01
-2.689284377506121482e-01,-1.221484789559703632e+00
-4.573826109439380061e-01,-1.055706728881778966e+00
-7.450090830939914976e-01,-5.624057704673227631e-01
-3.104998610526997216e-01,1.054178045417868970e-01
4.657654544921246420e-01,1.270127565190268433e-02
9.536779585915032831e-01,-5.028192495315262356e-01
1.305769684087130234e+00,-9.513576651378314875e-01
1.351083053440548021e+00,-9.201700234312377713e-01
1.039642711581937107e+00,-4.877151664510441242e-01
4.183141332054683970e-01,-1.889136164477337454e-01
-2.602996227616447000e-01,-2.130508271012881982e-01
-9.828330546015447977e-01,-3.205018320963770595e-01
-3.551418099175992493e-01,-3.726519399921444237e-03
3.799035263678476326e-01,3.233799809971678596e-01
9.762707186036196916e-01,2.098170303281281512e-01
1.014269302060319289e+00,-2.550412685935166124e-01
5.202530454180017694e-01,-3.878119160892244954e-01
-2.321324096487332456e-01,-2.346817899050581413e-01
-8.076525294630443330e-01,-3.295565973493058166e-03
-9.216924824872174682e-01,5.593448680540152873e-01
-5.377434191926864226e-01,1.099802048531376641e+00
-3.904089131330636397e-01,1.082101095753299713e+00
-4.094293353802104796e-01,5.706170773378262950e-01
-6.361737401477235432e-01,-1.163052635429353832e-01
-8.281639221614303104e-01,-6.422902964040642093e-01
-9.076062754562886914e-01,-7.020511830625274508e-01
-8.988853714280020668e-01,-5.304406371087772021e-01
-8.281639221614303104e-01,-6.422902964040642093e-01
-9.076062754562886914e-01,-7.020511830625274508e-01
-1.186766477383359497e+00,-5.867800128804846471e-01
-1.226277752154622425e+00,-4.620421136684915719e-01
-9.507184826837130620e-01,-3.741108028402101437e-01
-6.274962365366260064e-01,-8.774448370650017592e-01
-4.379845947342937973e-01,-1.640764341799304527e+00
7.167845063599016797e-02,-2.085053818113280499e+00
1.099576509280120851e+00,-1.646153339272023786e+00
2.208176254938218896e+00,-7.001993128123448207e-01
2.549581089532887646e+00,3.751573088847776766e-02
1.752428622562580252e+00,1.717522929877257076e-01
2.253774097353123951e-01,3.050027054538605453e-01
-1.328692279042094526e+00,2.826459605002975550e-01
-1.475773241035875483e+00,2.606546737307309514e-02
-7.025757330392798927e-01,1.208610824977371934e-01
-2.088874343523448029e-01,4.083694298093554775e-01
-4.981233468412444437e-02,9.440798046673661847e-01
-1.855744259449746206e-02,1.397153374113451862e+00
-1.855744259449746206e-02,1.397153374113451862e+00
5.794916844177000481e-02,1.299091335496642907e+00
3.102717708009256059e-01,9.996098310775075602e-01
1.324282960901527639e+00,1.698422974293049226e+00
2.210011432597795977e+00,3.154222404665331325e+00
2.479368666800758625e+00,3.904604822691222221e+00
2.824332620710508834e+00,4.062296614899016944e+00
2.860968119857906888e+00,3.599101899200931154e+00
2.454425480240280066e+00,2.958548161302733348e+00
2.023430426736243515e+00,2.120260222742384570e+00
1.279073942704637368e+00,1.123366636881537151e+00
6.214580447807266372e-01,4.931096510363308094e-01
5.378039011449665674e-01,3.222257668318289636e-01
3.883079897818528803e-01,3.584142661220563464e-01
1.142760559480685140e-01,3.384191643599628874e-01
-3.339114805941919006e-01,7.928822603398099148e-03
-4.767058439565602379e-01,-5.411730725979163603e-01
-4.999359244610048769e-01,-7.184118120216885783e-01
-9.026625279323812201e-01,-8.043195054419199908e-01
-8.760721208817360273e-01,-7.817965910248657613e-01
-3.851452925738435562e-01,-6.525287269219932629e-01
-7.340600619833365093e-02,-2.201016394491419823e-02
-2.379463586442020218e-01,5.694039809835423904e-01
4.034838771978227202e-05,5.618144622895860918e-01
-1.712061405920627388e-01,7.429662914717835576e-02
-7.653333207283201656e-01,-5.252714359503674046e-01
-6.077203395662192920e-01,-9.513152616929385630e-01
-4.575045358717073629e-01,-9.670014452957790274e-01
-5.536499319099644767e-01,-6.850736008193383242e-01
-9.828330546015447977e-01,-3.205018320963770595e-01
2.802361140930441710e-02,2.068608744342969041e-01
1.342517257307713319e+00,9.234360209302788780e-01
1.466712845358687956e+00,7.075115742126137919e-01
2.013793879294973332e-01,-1.740719775143342862e-01
-9.828330546015447977e-01,-3.205018320963770595e-01
-4.152894531314286763e-01,-3.041415388667791375e-01
1.261983080780646194e-01,-5.196847470458466622e-01
1.543170032447827023e-01,-6.737065973690119502e-01
-3.958048195478032771e-01,-7.308931701431765626e-01
-8.659557140916556151e-01,-6.578050313697465512e-01
-8.692745112318027711e-01,-4.177333279724430581e-01
-7.121560309964756197e-01,-4.563817907744932012e-01
-7.737989711127504222e-01,-8.973507478756815869e-01
-4.572561033718989809e-01,-9.288210651760516745e-01
-4.776789917772189531e-02,-5.441159000548627667e-01
-3.003154657308063080e-01,-4.032265176416537367e-01
-9.828330546015447977e-01,-3.205018320963770595e-01
-1.021037817066479558e+00,-2.908063214235699356e-01
-7.213359861565824538e-01,-3.862114140306330268e-01
-6.791213861517705341e-01,-3.385564504950892561e-01
-7.990254477822009704e-01,-2.410745502969278975e-01
-3.654220549880622948e-01,-2.815457119506962202e-01
1.429644257982331801e-01,-4.519980654618135363e-01
6.224732144931773015e-02,-5.054663856856135284e-01
-3.349207369310011062e-01,-4.489962814623914555e-01
-1.056523974023265477e+00,-3.394802304295991835e-01
-1.277394067803344857e+00,-3.467395402475482169e-01
-1.277394067803344857e+00,-3.467395402475482169e-01
-1.277394067803344857e+00,-3.467395402475482169e-01
-1.133806760476440578e+00,-2.700170900346466896e-01
-9.993536574718239196e-01,-1.742472968918068466e-01
-4.370893077566816443e-01,-4.921392743119866187e-01
2.765460063393118118e-01,-5.051392805690615440e-01
5.868190180343498819e-01,4.907024043641069339e-02
5.143353304907020140e-01,7.461234570142198930e-01
1.435229761986997477e-01,8.674458152813719902e-01
-3.498042955571737389e-01,2.755487321879760976e-01
-9.828330546015447977e-01,-3.205018320963770595e-01
-4.370893077566816443e-01,-4.921392743119866187e-01
4.201861552194112170e-01,-6.165722250471771249e-01
8.226915156174338106e-01,-3.041366940920566808e-01
5.005040914379204064e-01,-1.812039756538320889e-01
-3.256992635158347804e-01,-3.171325170532796611e-01
-1.318816169299561469e+00,-2.050470720217141274e-01
-2.003299413984443778e+00,1.342039013624522492e-01
-2.195483043996502293e+00,4.878493004946314326e-01
-1.937839254584196258e+00,4.149404844184546026e-01
-1.402751662102563968e+00,7.249257109829292112e-02
-1.237657561766466741e-01,7.989345537367341377e-02
1.069756483163421201e+00,3.751225649790196348e-01
2.084848013250639731e+00,4.885321235848836818e-01
2.570900898679068014e+00,3.913588736192489259e-01
2.217748173742653872e+00,2.149679302848158946e-01
1.275912959786883905e+00,1.083831579601663014e-01
3.691718984297345241e-01,1.477977733390351267e-01
-2.635558164430069628e-01,3.402416712146031919e-01
-7.200222652948726765e-01,2.180221942399998281e-01
-1.135177546779305491e+00,-1.378371031038755634e-01
-1.457020824504144496e+00,1.687912465672032902e-01
-1.701806647228095493e+00,9.331575791884829663e-01
-1.424416047578438871e+00,1.829592137015702669e+00
-7.387468062877021735e-01,2.251707521716661997e+00
2.629300580270449092e-02,1.878814394693030021e+00
4.399783546381502708e-01,1.000587620517777498e+00
2.448620125025851302e-01,2.179961709424630689e-01
-3.956859924909160720e-01,-1.177831128106692077e-01
-7.920445275525204165e-01,2.450771262881968893e-01
-1.379896514997865919e-01,1.887615983512511919e+00
6.229865037347812606e-01,4.289195579861099894e+00
1.380713428186648661e+00,6.346711065442265820e+00
2.149301614861471865e+00,7.230082633677274551e+00
3.025242933281777624e+00,7.159955957411117566e+00
3.481686634023959392e+00,6.791687984863341576e+00
3.423465572113062017e+00,6.615728149800260027e+00
3.398353769336969865e+00,6.585179003492820371e+00
3.455550046465303726e+00,6.759892161822443235e+00
3.261947637808286782e+00,5.418786011702220407e+00
2.560665645382218081e+00,2.767827870222097975e+00
1.713298990569873892e+00,1.156890689021624397e+00
8.353522362820721137e-01,5.105476873176724162e-01
1.885737024815739848e-01,-3.213228147256734224e-01
-2.797964948497286622e-02,-1.347366757731250031e+00
-5.059077117703698612e-01,-1.790667848456892974e+00
-8.305851222936230238e-01,-1.402885151709194478e+00
-1.427652483551627549e+00,-1.060010065989363426e+00
-2.578430701751124765e+00,-6.983995240471382315e-01
-3.154164368064491075e+00,-3.095116434960976659e-01
-2.555028365578337013e+00,-3.300764527815006621e-01
-1.799964071061246784e+00,-5.696382003502717950e-01
-1.022356921096113647e+00,-8.809892486256830635e-01
-3.445215207032480964e-01,-1.098931352013664098e+00
1.827182567678025671e-01,-1.163841707910735268e+00
5.010461987689586172e-01,-1.282263262937573645e+00
6.392296918029977126e-01,-1.566525827872869980e+00
7.499343965657878641e-01,-1.933760019710147438e+00
3.275974135309587254e-01,-2.047565380999822882e+00
-5.059077117703698612e-01,-1.790667848456892974e+00
-9.334409316046531346e-01,-1.381660793723105352e+00
-1.116865216692156881e+00,-9.401895400366423461e-01
-1.198473301377188882e+00,-5.253769795127930520e-01
-1.230322804856990748e+00,-2.530786173069065614e-01
-1.245686143034982152e+00,-1.794295734453821567e-01
-3.664691676063930870e-01,-3.087286535611504790e-01
-5.619580419851286091e-02,-4.956116676169702862e-01
-3.809688267542668538e-01,-8.183440424847495676e-01
-6.784793054943912827e-01,-1.320147600449777858e+00
-9.342724194502559643e-01,-1.164106006563313089e+00
-1.136452358626033776e+00,-4.983457196620001417e-01
-1.245686143034982152e+00,-1.794295734453821567e-01
-5.100212636188756754e-01,2.060467358891270306e-01
-1.564513423713491669e-01,8.598890135091962206e-01
-3.881211383627929945e-01,1.365651486140002868e+00
-9.817399058108660093e-01,1.121092256943350796e+00
-1.270014575402140355e+00,9.314494461827351746e-01
-9.624175661097796874e-01,9.520717096465741713e-01
-4.069371013093830425e-01,1.172895697783348012e+00
-1.754190897542277361e-01,1.278681066068202199e+00
-4.215396766757187885e-01,1.246411719540808427e+00
-6.176489408250104285e-01,1.767977798622401009e+00
-4.491934590059308285e-01,2.416086696767703490e+00
-1.569809036205283281e-01,2.444735276401253099e+00
-4.970490210543980492e-02,1.847214907853112820e+00
-4.016576190462051721e-01,1.154597423588454186e+00
-6.774859063975932072e-01,8.078302096562466339e-01
-6.066327268998554789e-01,5.859748056336728794e-01
-3.214109641246802318e-01,9.033291788141531997e-01
5.059555163009791384e-02,1.265041958276491574e+00
5.059555163009791384e-02,1.265041958276491574e+00
-3.881211383627929945e-01,1.365651486140002868e+00
-8.048383216507665194e-01,8.888182278114460377e-01
-1.082954477076950583e+00,2.493250683442841675e-01
-1.245686143034982152e+00,-1.794295734453821567e-01
-1.582126012122243158e-02,3.200636577608318989e-01
5.655804453696948730e-01,5.807958815338004621e-01
3.846144014930340527e-01,4.329876296530600355e-01
2.405842986080376222e-01,3.284732704597909669e-01
5.196710976109060187e-01,1.395628561849970584e-01
9.724676883271022865e-01,-4.211295791131525190e-02
1.074927623098079987e+00,-9.849994795694483329e-03
7.110564928278146901e-01,5.006982335199145623e-02
2.609388490464018551e-01,6.310190615892279364e-01
6.854995810793462763e-01,1.523398311125346849e+00
1.173183069130202316e+00,2.331762057198971672e+00
1.199292860176574882e+00,2.106335742116149046e+00
7.535980204252532566e-01,1.133419226456526596e+00
8.636602980116686590e-01,-1.824032329758363269e-01
1.594158274336351822e+00,-1.214109575990302892e+00
2.366221898083588293e+00,-1.714463597654828364e+00
2.676180011508412449e+00,-1.455117748873786754e+00
2.344470490454452438e+00,-1.328989788252569193e+00
1.414831411386201721e+00,-1.714486504893884433e+00
1.412896254292573817e+00,-2.057589611180051570e+00
1.891525872385263041e+00,-2.382303641675580064e+00
1.396922864535832698e+00,-2.797779259231076843e+00
4.505803262736094439e-01,-2.413417036780872937e+00
-4.545043349915993125e-01,-1.452984691070451362e+00
-1.567307905756742115e-01,-5.326317590737298380e-01
6.093015959078274500e-03,-3.096850411801926883e-01
-4.958123026770865915e-01,-3.416924150534710880e-01
-8.281639221614303104e-01,-6.422902964040642093e-01
-9.084469430646000543e-01,-6.635667392832682587e-01
-1.271527659182127623e+00,-4.240252531596186980e-01
-2.306649661531336548e+00,-2.381608164395652427e-01
-2.417735863674881802e+00,-1.724178877717433833e-01
-1.630234963093091238e+00,-4.295856268099054742e-01
-1.095571137457536981e+00,-5.602178268776801806e-01
-8.799369569369227539e-01,-3.399750809395298834e-01
-5.236370980370074202e-01,-1.023678552077977588e-01
-4.239379442674372500e-01,-1.427582204659328668e-01
-3.689003488631055205e-01,-4.905078644686757805e-01
-8.410543508514772837e-02,-6.480569155889924771e-01
-3.871804540201765898e-01,-6.179255558784666480e-01
-1.004224786082939191e+00,-5.100628776601828784e-01
-8.013680754320779975e-01,-4.789766500539970884e-01
1.186885106049399424e-01,-5.747474888108264901e-01
8.770743853050882999e-01,-4.840870635518483289e-01
1.054486222236836523e+00,-2.345675479660192242e-01
4.877415254190905491e-01,-4.508882442536600588e-02
-5.271576566999734981e-01,-6.000582888998749753e-02
-1.245686143034982152e+00,-1.794295734453821567e-01
-9.746301103736350058e-01,-5.543064870194031046e-01
-6.242529040755925296e-01,-3.885346542298023786e-01
-5.739246979312930819e-01,-2.888408670092750818e-01
-7.040765604453094184e-01,-6.082883752843010194e-01
-6.242529040755925296e-01,-3.885346542298023786e-01
5.976637741394236203e-02,8.943878943029603956e-01
1.189753250066939660e+00,2.402453121609645859e+00
2.449532314120854704e+00,3.100820570731614545e+00
3.632661971002992374e+00,2.942944574314119599e+00
4.371772622658244067e+00,2.394224687644069149e+00
4.185223689383580137e+00,1.884985347431978209e+00
2.923891053796159767e+00,1.528523601492599138e+00
1.135908370405888768e+00,1.204036620878726982e+00
-2.168477171538364390e-01,8.452004731295837958e-01
-6.245416487468642419e-01,6.096233443087708537e-01
-1.852864533023826921e-01,4.275030770780809952e-01
6.000380369874085407e-01,7.992325980139884933e-01
1.088578024298444191e+00,1.288246056504765980e+00
1.008440772903808069e+00,9.851458770460110870e-01
3.341096146983151272e-01,6.051665993045616254e-01
-3.269738869733803122e-01,4.863585130606788987e-01
-7.702860575231872398e-01,1.377135815456382029e-01
1.472611991940790399e-01,1.567754159918105239e-01
9.959764360880601908e-01,3.360203160563227098e-01
8.568886864675983039e-01,1.044193871321253547e-02
4.930869936977876899e-01,-2.635891972738077516e-01
4.294952030967458256e-01,-2.443271976740803431e-01
2.713652528036002431e-01,-1.943208253140899511e-01
-3.711393063063781472e-01,-1.596571471170472323e-01
-9.182099745076103270e-01,3.515234831378183378e-01
-1.035657931880071825e+00,8.691972251423533136e-01
-1.441479024313743418e+00,8.280157663893508158e-01
-1.821308930885324529e+00,-3.721475750573301211e-02
-2.045041205587645905e+00,-8.643596615741916400e-01
-2.099021646164199062e+00,-1.523165432724885804e+00
-1.495762140171108312e+00,-2.105884014013026828e+00
-1.055263846021140400e-01,-2.216149021552852538e+00
7.947315113281051557e-01,-1.640405617226319501e+00
7.164078753580284120e-01,-7.619076662471172545e-01
4.930869936977876899e-01,-2.635891972738077516e-01
-5.555387270594954602e-02,-1.657397491236648757e-01
-3.065402568211934020e-01,-6.881512402279187091e-02
3.709278769782073937e-01,1.690743618475926691e-01
1.229670947053430607e+00,4.706863457125697869e-01
1.229670947053431052e+00,4.706863457125686767e-01
5.032826311135372155e-01,2.787092981246604428e-01
-3.666546299289831223e-01,2.766723873406785883e-02
-6.729902040569970545e-01,-1.343586030314243562e-01
-5.329373420250247406e-01,-1.816855445430524268e-02
-6.910267121804900547e-01,-1.222830340119508419e-01
-7.894188784469771125e-01,-1.776584994900091419e-01
-9.419451389536140917e-01,1.481137202872599146e-01
-1.044868549300989269e+00,4.692805948660729309e-01
-8.782834208449347146e-01,4.629569260074420933e-01
-7.422976357744401898e-01,5.537735335340258913e-02
-4.569090175248682328e-01,-4.080710784836109051e-01
-2.661955884999801514e-01,-5.230389960159762541e-01
2.756148071187717319e-01,-6.643271793573081174e-01
6.812265994373316591e-01,-4.590959113624088483e-01
4.251901823513067336e-01,-8.773916455336229492e-02
2.644246301986697412e-01,-4.126320373244249384e-01
8.412787168298407892e-02,-1.126504508329915888e+00
-3.152641870401000079e-01,-1.387989135569687837e+00
-6.941409446603742373e-01,-1.138532912936411012e+00
-7.379450286496203049e-01,-7.059101033429474592e-01
-3.607224920689948156e-01,-2.760626826029899394e-01
1.627791819677516794e-01,1.253388790083456716e-01
4.115474389578402947e-01,4.151731840140666652e-01
2.979522848039922178e-01,4.843535831876151221e-01
1.449698479702277998e-01,3.899790009842613592e-01
5.378005001959754172e-02,1.965701632696742196e-01
2.384202743995440521e-01,3.570061084112923222e-01
5.291255036723776506e-01,8.190755193953900282e-01
7.523218273736754780e-01,1.139801775833788389e+00
6.438906800122372598e-01,1.087761133407650016e+00
3.348185721421244598e-01,7.429778348891612483e-01
7.253949073968388173e-02,1.718675630066599791e-01
5.509968348258416360e-02,-2.303068672836874053e-01
4.848514426834293345e-01,-5.360199466466134544e-01
6.132789874909742034e-01,-1.588498596875636548e-01
-3.879307894476649587e-01,-2.554753622111678724e-02
-1.059475596663774777e+00,-3.622341671785215822e-01
-8.224234886059020866e-01,-1.306075144970608171e-01
-8.708232969891295527e-02,1.024835434550484120e-01
1.885737024815739848e-01,-3.213228147256734224e-01
-9.914372576205940368e-02,-5.270878169088812903e-01
-3.788403957214133144e-01,-1.106339468612593524e-01
-2.621868019584816523e-01,1.725057558964662729e-01
-4.593919082613475702e-01,1.572842359686526525e-01
-5.458695348099683597e-01,-2.044099627776629069e-01
-8.135661487341569464e-02,-3.800241213242444571e-01
1.714455359341410523e-01,-2.405132648942515938e-01
2.633957509850503032e-01,-1.497103214878790778e-01
2.344166901261046376e-01,-4.775086549147200543e-01
-1.970196084828716027e-02,-7.275107030594309965e-01
-4.417431498845322269e-01,-7.206264273644896745e-01
-3.763873370453672540e-01,-1.006115445295732602e+00
4.920200959922731432e-01,-1.520156644606458052e+00
1.000237717271477145e+00,-1.794097143355026125e+00
6.710313705491500746e-01,-1.307712006192221166e+00
7.111880242358280257e-03,-4.659504594690120349e-01
-6.361737401477235432e-01,-1.163052635429353832e-01
-3.141909166048174606e-01,-3.898094001573264578e-01
1.429238265381790329e-01,-2.484224349409674959e-01
1.429238265381790329e-01,-2.484224349409674959e-01
7.825459346529214377e-01,-8.062114611489669125e-01
1.667788249683147983e+00,-1.433161967732760500e+00
2.011384630379287497e+00,-1.810318699026439937e+00
1.042507757291724957e+00,-1.328224467447789658e+00
-2.798789702956608338e-01,-7.870367858656505122e-01
1.833970259810668302e-01,-8.030868360287409802e-01
1.154895653348761542e+00,-9.797248467617407641e-01
8.845593541457700271e-01,-7.436754055267583707e-01
-1.567307905756742115e-01,-5.326317590737298380e-01
-3.763873370453672540e-01,-1.006115445295732602e+00
5.849293731881805708e-02,-9.694419419314315167e-01
2.096984870936632328e-01,-8.696678969532979364e-01
-1.677478496362889149e-01,-7.255418717045304389e-01
-2.286877864491209181e-03,2.942251320008558158e-01
6.658400668025751257e-01,6.951728987162465734e-02
5.207617538232116594e-01,-8.246275646239984436e-01
2.385231903158966105e-01,-1.355853728355337351e+00
2.266139709079344200e-01,-1.823879789792954620e+00
2.410623283517126791e-01,-1.608750956073254690e+00
2.000942173947642122e-01,-1.129939158322925463e+00
1.316189588838569957e-01,-7.135019276450245140e-01
8.528982677199239415e-01,-3.431671162029078515e-01
9.465514888474048094e-01,-3.033733986131135207e-01
2.669263384855392190e-02,-2.936939880830702343e-01
-5.369761716738277180e-01,-2.375925844017510724e-01
-8.174128934353087628e-01,-1.897956361382603374e-01
-7.394368823374393163e-01,-3.557380836813536784e-01
-5.689111602674686852e-01,-4.558137392510448471e-01
-7.406271064825830086e-01,-3.550790268545860884e-01
-7.511329360575975667e-01,-1.903240185780373239e-01
-6.502571449061661513e-01,-2.648958706212828917e-01
-8.997555187900501128e-01,-4.906066564684820608e-01
-1.005929055987003995e+00,-4.739951754412483620e-01
-1.059475596663774777e+00,-3.622341671785215822e-01
-6.533456585214106882e-01,-1.314533458360156171e-01
2.196457752226546045e-01,2.934337990920118933e-01
4.890216861759326683e-01,3.742098628891987189e-01
-1.352696216880963087e-01,-2.290033548651574172e-02
-4.902805085368556193e-01,-3.849553560171420363e-01
5.004208753371476581e-02,-3.959768129454287466e-01
9.420956077345142843e-01,-3.585992197444199392e-01
2.259998488355342339e+00,-2.338053721203436630e-01
3.153147915662419809e+00,9.287819248940053229e-02
3.232518881811690559e+00,7.968570074618847032e-01
2.660645969000406730e+00,1.602834035868150986e+00
2.176133848801816040e+00,2.036397884756635523e+00
2.162660303456982014e+00,2.012666674231907482e+00
2.646622583233538606e+00,1.578134380997379349e+00
2.873692122216722211e+00,7.911210703815911849e-01
2.392446653707467341e+00,-1.598699735698060898e-01
1.978073195915948990e+00,-8.841441072158653380e-01
1.918879551534649508e+00,-1.218539907130030686e+00
1.626058379536002851e+00,-6.807201833199582053e-01
9.243001466200736482e-01,2.146460481317076785e-01
1.368716608339097529e-01,5.937342526038602575e-01
-2.142807261623616566e-01,1.008508016454996659e+00
5.322816349012815529e-01,7.764999810501540534e-01
1.531286651783315245e+00,-1.451245065850500504e-01
1.978073195915948990e+00,-8.841441072158653380e-01
1.371876464552766350e+00,-1.038121412862428095e+00
5.701365483012089674e-01,-6.670819989211054235e-01
1.664581681526307866e-01,-2.743424815863028110e-01
-3.151334887483194652e-02,1.751692369537311278e-01
-1.712823728511916888e-01,4.332366737981401816e-01
-5.171334319482295827e-01,2.456132818922687477e-01
-1.129891161786492626e+00,-2.086342655575651461e-01
-1.333564441799749201e+00,-4.190488643124177237e-01
-1.021957574375519817e+00,-3.116907370852120551e-01
-1.051690855077382025e+00,1.228584197593120264e-01
-1.410529001539159610e+00,4.551858329728111219e-01
-1.836027761794452928e+00,5.731302173642502940e-01
-2.194805283691662279e+00,4.350190956967170397e-01
-2.002879416406850410e+00,1.752374734545775886e-02
-1.075250166226299875e+00,-9.898508549150250579e-02
-1.684477592885484931e-01,-1.453730089852609819e-01
2.105771502284838614e-01,-1.446135037989246530e-01
-2.753931480966410605e-01,3.138168633562571364e-01
-1.330118413190136462e+00,5.247789108537020963e-01
-2.194805283691662279e+00,4.350190956967170397e-01
-2.875367586119594865e+00,2.927363393904219291e-01
-3.408771667709906250e+00,9.860139490384246808e-02
-3.356818446128104316e+00,-2.371484888782572908e-01
-3.154164368064491075e+00,-3.095116434960976659e-01
-2.504419209424283199e+00,-6.837779630075481452e-02
-2.504419209424283199e+00,-6.837779630075481452e-02
-3.211208189406617119e+00,5.913645575505700053e-02
-2.923789125137477019e+00,5.580001813726337412e-01
-1.902378068307939873e+00,9.130142070256108688e-01
-4.278219419311606320e-01,9.212531772659753315e-01
1.223041082714956929e+00,7.077835311819058450e-01
2.543131512719719378e+00,6.175275055180220463e-01
3.010259127020934233e+00,7.995555762161256075e-01
2.448926579664792325e+00,1.018559750113170903e+00
1.264329715977604351e+00,9.415618256447872980e-01
1.579750428738394830e-01,5.041938549571582939e-01
-4.671818246436370559e-01,-1.865856140720037123e-02
-7.347354128857146449e-01,-2.396554945963747796e-01
-7.089722817652454046e-01,-1.939936386218624464e-01
-4.449458408565571399e-01,-1.018016287126289887e-01
-5.877491721530991517e-03,5.660511881410014434e-02
-9.087002144494167599e-02,1.084986453171288279e-01
-4.152825837182027024e-01,3.034493106855248867e-01
-3.370429552826574859e-01,5.419228192036886771e-01
-7.295108156634106944e-01,5.127273923032285019e-01
-1.056289462403257717e+00,7.142455802455258684e-01
-7.648404153270178529e-01,1.106736655492524202e+00
-2.650979309752269364e-01,1.030516783754636512e+00
2.198153172170471403e-01,6.276220701798612689e-01
6.890870033419783658e-01,-2.487636263472619569e-01
1.154895653348761542e+00,-9.797248467617407641e-01
1.232338426567163525e+00,-1.543935962764700021e+00
1.092728508495885098e+00,-1.944539040623236570e+00
1.253231240537681535e+00,-1.923645744129640622e+00
1.428688131545455153e+00,-1.642427557247543524e+00
1.350889011369131421e+00,-1.163605458501039802e+00
1.008748133053810614e+00,-7.440294819126918036e-01
4.458690403436685878e-01,-5.865654563298297042e-01
1.528538191538446889e-01,-9.120620043100238217e-01
4.637125890093602987e-01,-6.543544819338675822e-01
7.076322656751794504e-01,5.072902986633106570e-01
4.585240728996813342e-01,8.735640999910275761e-01
-1.919295833509831739e-01,2.342072785801072587e-01
-3.141909166048174606e-01,-3.898094001573264578e-01
-4.350158210319738927e-01,-1.676473767157330985e-01
-8.567595104448898491e-01,-6.830387719641127509e-02
-1.033958219044266214e+00,-1.478795934562482095e-01
-1.245686143034982152e+00,-1.794295734453821567e-01
-1.135282914622077088e+00,1.352162188347618421e-01
-7.707489970653923494e-01,1.366144189556492528e+00
-2.403564359959675933e-01,2.572845945872894724e+00
-6.278310791950789116e-02,2.420474827813905883e+00
-2.653487114581381534e-01,1.124656943647387886e+00
-5.340369692599462592e-01,3.537637474989242803e-02
-5.340369692599462592e-01,3.537637474989242803e-02
-9.087002144494167599e-02,1.084986453171288279e-01
6.015807799775819698e-01,3.030191064511172927e-01
1.133916758557444338e+00,4.795644963924328152e-01
1.951789731006766671e+00,6.591415445199513279e-01
2.653445363628287978e+00,8.700619984821202912e-01
2.642310248050758315e+00,8.617447326404656938e-01
1.940200203728983386e+00,6.504848602963065884e-01
3.936582724281461609e-01,-5.692083454109699708e-02
-4.165556462510245916e-01,-4.135903921938592354e-01
-8.116902037358518507e-02,-9.081379429553446125e-02
-2.774554638968028120e-01,-1.955386704056802025e-02
-1.243388251784112164e+00,-3.609045027801071059e-01
-2.247656284056098297e+00,-1.266251282552751656e+00
-2.703652559823151336e+00,-2.176202919911841782e+00
-2.790582888865762889e+00,-2.407042691640511212e+00
-2.281646341696619285e+00,-1.777580521043528039e+00
-1.421251859510737292e+00,-6.793226055984254996e-01
-1.626391445061287966e+00,8.222771248021956136e-01
-2.780357418361064870e+00,2.358286867093599692e+00
-3.336155484222396161e+00,3.142903835795296086e+00
-2.929108290691629701e+00,2.430921190085995054e+00
-1.946397672523478839e+00,9.144687676669618348e-01
-1.245686143034982152e+00,-1.794295734453821567e-01
-7.999667980011047064e-01,-4.055101971068725275e-02
-6.139630381483317523e-01,2.282695371998878509e-01
-5.881192419702673257e-01,4.587086860969584179e-01
-7.415921420448596812e-01,2.846929406022529196e-01
-5.223440316702172570e-01,-6.331312869040828240e-02
-9.148452084318628441e-02,-2.312836096365520899e-01
2.179138908935373264e-01,-3.392293086108419398e-01
1.149157141704352902e+00,6.702222561060198203e-01
2.141272740491776627e+00,1.751444009964846060e+00
1.747216597604940747e+00,1.487455385870361413e+00
3.221184353228115915e-01,5.999375477258258593e-01
-6.365949028488507855e-01,-2.119731929303043105e-01
-4.043174309008198963e-01,-2.265306714616497075e-01
-6.385134398006729883e-01,-2.133357181404713365e-01
-9.018101403184936027e-01,-1.494566433162347330e-01
-1.001642767265841893e+00,2.645420521389952803e-03
-1.341316631254632075e+00,4.616475399087834885e-01
-1.665184427885723739e+00,1.059342280199314645e+00
-2.066201492108323823e+00,1.462182563803985147e+00
-2.123367051152004414e+00,6.187964612562971700e-01
-1.789127764541800891e+00,-1.068738491117766864e+00
-1.430314844983482825e+00,-2.165039896352050963e+00
-1.162256253218447721e+00,-1.973440982248367170e+00
-1.158138748979435695e+00,-9.440390721079086056e-01
-1.245686143034982152e+00,-1.794295734453821567e-01
-5.720411349753389274e-01,-3.847399454695207832e-01
-3.913313403711525876e-03,-6.303218708865050424e-01
4.506636140439163052e-01,-5.908007887228441390e-01
5.382483911575846047e-01,-6.885299731596310202e-02
4.188602626798049178e-01,5.624772882546413832e-01
5.318578441776597998e-01,5.303391468551752475e-01
9.286197224080781076e-01,-2.486539502087921072e-01
8.844072196790526696e-01,-1.116094259486239082e+00
2.022955531496507531e-01,-1.331671655984435487e+00
-4.820160717112526028e-01,-1.028377207535025262e+00
-9.922109376836869554e-01,-4.891353638197424303e-01
-1.245686143034982152e+00,-1.794295734453821567e-01
-7.632898537723330490e-01,-2.850164183310375243e-01
-6.792694405169651395e-01,-5.263097725713219432e-01
-6.956044282373526899e-01,2.793487045414160264e-01
-7.443886267227752818e-01,1.782665921085404337e+00
-9.774501208981979383e-01,2.764037641240030485e+00
-1.049652633737696572e+00,2.683180499032894240e+00
-6.804132701705026820e-01,1.849982890324227691e+00
9.094241469156572402e-03,8.750502992728594887e-01
2.166882163981539711e-01,1.974656641027671966e-01
-2.785682248223668722e-01,-1.081785346506013851e-01
-8.972625277761750451e-02,-1.492703291740920646e+00
9.594946634918886108e-01,-3.037739112347206394e+00
2.056055659424627535e+00,-3.844504809442861770e+00
2.581070094333428155e+00,-3.099565702499998743e+00
2.242956143717483641e+00,-1.646776144930155228e+00
1.163646987823787615e+00,-6.155935987048848368e-01
-3.206354567599764560e-02,-5.182724926616363303e-01
-1.042231587339328414e+00,-2.460979286346239858e-01
-1.465635307503154960e+00,4.407822092123558910e-01
-1.728046026069686603e+00,7.284640310516878881e-01
-1.592115097118904865e+00,4.225430765956351697e-01
-1.377432902531190662e+00,1.451600364533039706e-04
-1.245686143034982152e+00,-1.794295734453821567e-01
-9.138837844292859725e-01,-1.648811138804418264e-01
-8.029288963740881524e-01,-2.444141536528531000e-01
-8.378497736007929353e-01,-5.364344071611064635e-01
-9.996171109710128011e-01,-6.803985105719243531e-01
-1.054122768496137619e+00,-5.465864276900547214e-01
-1.215808378598318917e+00,-1.170322092163308680e-01
-1.322219396895487620e+00,1.330532360861924057e-01
-1.256374054480385860e+00,1.415239916059039815e-02
-1.245686143034982152e+00,-1.794295734453821567e-01
-1.086033957782475801e+00,-4.096039572088784886e-01
-1.243154888533136049e+00,-9.513017409949877656e-01
-1.758516952548356604e+00,-1.216095771905134626e+00
-1.674519959895705901e+00,-3.916619641115358097e-01
-7.032823125046288038e-01,-1.479229292953280761e-01
-1.520715143941970549e-01,-1.072716264186907686e+00
-2.887581137216156946e-01,-1.612667258666232062e+00
-9.314617374652531812e-01,-1.571641790847073894e+00
-1.016914933341450222e+00,-9.823881663133682274e-01
-9.172218954919412193e-01,-5.739080786037842330e-01
-1.033596029311741438e+00,-3.821684631710678959e-01
-1.022673936331071287e+00,6.455461426615052845e-02
-1.064710408614577775e+00,8.483743011722440219e-02
-9.070563444386124941e-01,-4.107346497846580680e-01
-8.570045923098382756e-01,-4.620036421878209731e-01
-4.116369542857366004e-01,-1.861238605596551854e-02
2.083552586316997635e-01,2.795707430616643507e-01
1.883094543666081200e-01,5.070172088643259967e-01
-6.496133322041613284e-03,4.417420931029536479e-01
7.133742254025683405e-01,-2.517333534989764799e-03
2.594603503680105394e+00,-6.419887815253749741e-01
4.244700447770815011e+00,-1.718776425614479963e+00
5.298045493230698177e+00,-3.615539335174275948e+00
5.869254180843213042e+00,-5.714334064959023962e+00
6.383063611803863502e+00,-7.053397008125717349e+00
6.765850760246346240e+00,-6.977999414363214470e+00
6.643537578010294986e+00,-5.611391271989617735e+00
5.878388198498790906e+00,-3.722285969248360971e+00
4.728120627540873144e+00,-2.203777899669517204e+00
3.491774375998755620e+00,-1.528323268015818748e+00
2.490315577129952995e+00,-1.643480139345376401e+00
1.428825978117677531e+00,-1.307140205583734227e+00
1.054602055763118607e+00,-8.531288716699186869e-01
1.293378707374071679e+00,-8.576241377376406794e-01
1.182331149175288587e+00,-3.530062948976211423e-01
7.037820479447433053e-01,2.299481340716548750e-01
2.180624948981419176e-01,2.754799942377411659e-01
-1.092199987439129716e-01,2.079250276801864750e-01
