-2.006508606904703618e-01,-9.976313788859556553e-01
-2.989266766142470097e-02,-7.756277193573427597e-01
1.398132897643194206e-01,-5.943852119657261346e-01
-1.027588458925390719e-01,-8.353242649190084634e-01
-1.711436901022770352e-01,-8.227736187430285675e-01
-2.379661667795010815e-01,-6.070973791162557198e-01
-1.858554299544613875e-01,4.263068175927854364e-01
-6.109776480108709551e-01,1.017470757245954704e+00
-1.024961664062496114e+00,1.406410643603855926e+00
-1.276670885437624747e+00,1.057148222128732051e+00
-8.461643316159191963e-01,7.532025760935303627e-01
-5.730096899515773057e-01,5.481154956771194797e-01
-3.912892840997349020e-01,4.523810648239880439e-01
-8.148680410529698381e-01,4.335076153015760547e-01
-1.247326004795656251e+00,7.815326197683943044e-02
-1.006007899912022108e+00,-1.741046244101540352e-01
-3.448946485835235332e-01,-4.361648444272573366e-01
7.591770782526782169e-01,-4.479791742309454095e-01
1.056081525471044280e+00,-5.745133685150073388e-01
1.094877482848425343e+00,-6.483555871171213791e-01
1.187636589541273491e+00,-7.244034560459021721e-01
1.196308639176699051e+00,-8.385287731043362669e-01
1.332113477480193486e+00,-7.784225850724449947e-01
1.096747445986555602e+00,-7.819495580695957626e-01
7.073044700478811064e-01,-4.353238309827545671e-01
3.203532948492139321e-01,-2.546849288727918159e-01
1.830647031720998852e-01,-1.078510618052181541e-02
1.830647031720996909e-01,-1.078510618052196286e-02
6.394948941919010865e-01,3.374121684589106995e-01
1.202855486377020888e+00,8.306439247355453803e-01
1.646362889050032363e+00,1.140205996741609606e+00
1.783998373004113347e+00,1.261201590614978940e+00
1.689705933287155570e+00,1.160977138331653613e+00
1.397559867693746849e+00,9.132492373857202805e-01
1.076703369160537216e+00,6.478432557984548090e-01
6.234266253711192585e-01,3.567218602843169606e-01
7.018989591727117228e-01,3.994918616550366952e-01
8.934827572337347146e-01,5.940103015294784239e-01
6.832922191339232398e-01,5.492692657070299411e-01
1.377737705309083904e-01,2.991646327316234699e-01
-1.449187376954483575e-01,2.143652381457823997e-01
-2.234400254890773693e-02,2.030253489086980279e-01
2.293612110806910950e-04,9.933044870330301479e-02
-1.492185014083951822e-01,-1.384320167057092044e-01
-1.942884007215042452e-01,-4.406638790991024290e-01
-6.168756959787820987e-02,-5.165808640865118262e-01
-3.272446307010314342e-03,-1.995217473467041647e-01
3.578306716664536591e-02,2.657655219062727420e-02
-9.140203014094261391e-02,-3.299519239344427812e-01
6.303860900290600422e-02,-1.030738978160852248e+00
-3.236293050623914036e-01,-1.528472036910938581e+00
-7.042621641460395931e-01,-1.776769688410986037e+00
-9.189388463848378041e-01,-1.447258100553237892e+00
-1.108994450711272783e+00,-1.442940779809226415e+00
-1.155921730681959803e+00,-9.759230790398408795e-01
-1.133807368954720562e+00,-9.897944970725012226e-01
-1.436929402053505056e+00,3.146096730329842606e-01
-1.160300112670425099e+00,6.884573969227854029e-01
-1.066103162252079795e+00,1.059384553850564847e+00
-5.559043177963289839e-01,6.625153029722453679e-01
-7.801098156513822657e-01,8.177672906989060797e-01
-1.056350271564648891e+00,9.019039711591824160e-01
-1.078395756277532813e+00,7.669345054549984164e-01
-8.696323185463545880e-01,4.773776490110948068e-01
-4.337356460229651600e-01,3.801856716419446669e-02
-5.771446624573910861e-02,-2.153118320771592598e-01
1.028983631293692164e-01,-1.118924941639934112e-01
8.891600415199407692e-02,-4.484965036087832507e-02
1.914048878548580690e-01,-9.155023683786116251e-02
3.626970962104857921e-01,-4.176982392251167298e-01
4.081917303483117987e-01,-3.000106657339332572e-01
-6.980250975154825843e-01,-4.896108076481393567e-01
-2.094427889529056230e+00,-6.865810099522372534e-01
-3.465559247764165463e+00,-1.167201466659976594e+00
-4.061287769730469677e+00,-1.413820142095939314e+00
-3.422400377026031393e+00,-1.464239467677230344e+00
-2.463346368102629746e+00,-1.207073161888868373e+00
-1.256549535170313758e+00,-7.192105536592042769e-01
-1.087223027742754811e+00,-6.226466881964300981e-01
-8.716556925104730347e-01,-9.121618266167639266e-01
-1.479716737481471034e+00,-1.622148135057610796e+00
-9.390071399675472552e-01,-2.228132722433436630e+00
-4.938155947110859367e-01,-2.171534768715900121e+00
4.639879308478646602e-01,-1.893777327964577983e+00
5.779791157732961926e-01,-1.349952267156502295e+00
7.660446272590005767e-01,-1.159262815651365575e+00
8.939552570551191346e-01,-7.116957461903065107e-01
8.411876597535502542e-01,-5.577437227162145295e-01
6.688312547764750926e-01,-6.076045758213890480e-01
5.358822918390550027e-01,-4.034699229790514319e-01
6.619273459681371818e-01,7.837306589693447678e-02
9.911294115991431397e-01,1.079631664144329095e+00
1.220043694494458819e+00,1.978884529979314300e+00
1.291505506285661742e+00,2.700489263336960377e+00
1.045098035951486315e+00,2.704215716678109782e+00
6.797282404123587973e-01,2.745775268498251709e+00
6.146431310248000601e-01,3.110144520276922897e+00
8.228397397412224867e-01,3.917288572058248430e+00
1.116770244859770056e+00,4.319339210481945024e+00
1.176235113612481342e+00,4.540473698967243621e+00
9.834045378269293813e-01,3.604075476731563477e+00
7.863622055221096696e-01,2.348706778219204594e+00
1.839576189689872965e-01,1.517444684215871753e-01
-4.842540890416926480e-01,-1.439470166145776941e+00
-9.808240101632856867e-01,-1.975543280458854412e+00
-1.558111694956224147e+00,-2.388099852395847655e+00
-1.358592708751996891e+00,-2.602978583505703547e+00
-6.890806053685124555e-01,-2.458442394944290399e+00
1.678850258720849808e-01,-2.469669672676745531e+00
4.457157507737712909e-01,-2.233440532437355408e+00
2.033039275074057517e-01,-2.002773641999171073e+00
-2.148759963714796245e-02,-1.597502181197134830e+00
-2.425552348147907988e-01,-1.081163733338196709e+00
-2.212503056699365034e-01,-6.544844830213222275e-01
-3.304231800429071469e-02,-4.805476469995161870e-01
3.599215533277689838e-01,-4.389402656120136581e-01
6.963077230684604491e-01,-4.664375056745146408e-01
6.576921624734430871e-01,-2.417793301303341469e-01
6.158477219409012049e-01,-3.143144418160701004e-01
4.686410987501907210e-01,-4.443569012253884565e-01
4.167887771982758949e-01,-6.638747635140268555e-01
2.609544546840190105e-01,-6.292867985896413163e-01
1.490069653970033381e-01,-4.730702330727309946e-01
9.469701293870869119e-02,-3.550271900969789174e-01
2.349058539722752581e-01,-6.577338329217238821e-02
5.026711151519345222e-01,1.599152780400900017e-02
8.554503550125762690e-01,1.285635426414598881e-01
1.278078877699024618e+00,-1.473963389931961521e-01
1.184312283256360843e+00,-4.308431609771737336e-01
1.019810431538386908e+00,-6.946697328330654342e-01
3.315377008189211439e-01,-7.580166729123734015e-01
3.014842572886279326e-01,-9.074070114719456903e-01
6.475397391347336162e-01,-1.210408236929145509e-01
1.030825487037877464e+00,1.105127782992074287e-01
1.151168615838082721e+00,6.271270712449483753e-01
9.894420790247553388e-01,4.294067405315543096e-01
8.185883403324589747e-01,9.074240159273867512e-01
7.557233381122148153e-01,1.123622901604354851e+00
1.276732217806318959e+00,1.474975977474473510e+00
2.116490979516124415e+00,1.340454669060227255e+00
2.993147197748128097e+00,1.478996635769580736e+00
3.258855776390983117e+00,1.459769713077011977e+00
2.801180146603308163e+00,1.461935052881466524e+00
2.079048090718684350e+00,1.510300480185325478e+00
1.144756026657224979e+00,1.881987916744972900e+00
7.729137353326239745e-01,2.898742966424807666e+00
4.340766664267078911e-01,3.716929224814045973e+00
3.399295714858419637e-01,4.439479434726514739e+00
1.111203549460718781e-01,4.505907882225390182e+00
-9.734123715644175945e-02,3.955676333178849369e+00
-3.147259407960777411e-01,2.698191375207921183e+00
-3.143076383239831739e-01,1.496092985699787548e+00
-2.509924372719798402e-01,3.671720531442316804e-01
-8.042021141354975533e-02,-1.608557398944999717e-01
-2.237032825399640906e-02,-4.683550323159789697e-01
1.480624397129507441e-01,-4.589403267824663235e-01
1.987213971106988886e-01,-3.799168687794023391e-01
2.199194216504785360e-01,-1.468385236195604848e-01
-4.392546684475640006e-02,6.705215848490601871e-02
-1.926213269006822049e-01,3.876668968380824198e-01
-1.889636897511366986e-01,2.321052234580554818e-01
5.328562612048406977e-02,-2.037397874343525317e-01
3.568225445341845492e-01,-9.758938422917438071e-01
2.994997579670335974e-01,-1.100413478102190590e+00
2.631822276157281815e-01,-8.632969395766597609e-01
1.861897335663326991e-01,-2.980419553332336879e-01
1.507154446426156591e-01,-2.073174402094236368e-01
4.523474130608585164e-01,-1.127006125475245729e-01
2.927605504787989532e-01,3.499339601044111903e-01
2.157728622390756579e-01,9.392958798648149976e-01
-4.827314598540487500e-01,1.577854173432922336e+00
-1.135530014196998616e+00,1.989710501699673229e+00
-1.014975832219374929e+00,1.562004105264753528e+00
-8.487644091685492276e-01,1.378309117175004372e+00
-2.701842744479329705e-01,1.082479650304099650e+00
1.990721746433362152e-02,1.360022435443719813e+00
3.520500992952673713e-01,1.199528028908153576e+00
6.431328127171763720e-01,8.495874365597112510e-01
6.895027065352585804e-01,5.366206025796667056e-01
7.305712842387352968e-01,2.546275344427614828e-01
1.333256540922397537e+00,5.347236248131920222e-01
2.132044525969822857e+00,8.853936835449215392e-01
3.136613471244424467e+00,1.303981556434604450e+00
3.576538047443859281e+00,1.510697006578659130e+00
3.341070375278654581e+00,1.465798683856349038e+00
2.394587114808294448e+00,1.279590240803251788e+00
1.479813777398823582e+00,8.736500516484247969e-01
6.842021292817265232e-01,5.445404353783819262e-01
2.349727789588489935e-01,1.404831382806403517e-01
-9.401159553224712473e-02,1.148330934700997896e-01
-3.475476131580088612e-01,-1.383929335363182911e-01
-2.333354302986331841e-01,1.023940625233552143e-01
-2.879503364117390607e-01,9.638630833706439416e-02
1.874912545558140436e-02,3.178550997722801585e-01
1.304991345744322129e-01,-2.059623663036563579e-01
5.451684544649670894e-01,-4.608118608525050841e-01
8.371355352820767370e-01,-7.074171055490979798e-01
8.933853225626213757e-01,-7.221700453043645718e-01
7.854036956475322073e-01,-6.952323069960932855e-01
6.224324593422638774e-01,-4.585611648417776687e-01
4.889615853502734533e-01,-1.368681097253222900e-01
3.980982320649562034e-01,6.370617693328698566e-03
5.046503393378929392e-01,5.150807345820630490e-01
2.347238697679247532e-01,8.460967594558312932e-01
-4.433209244164117990e-01,1.463786252490887119e+00
-1.025909555235581694e+00,1.581134040305583799e+00
-1.041016575617487616e+00,1.560692418734618059e+00
-1.742498099682736612e-01,7.159569963112524249e-01
3.713243419547186397e-01,2.780304595358191744e-01
9.121321978585114065e-01,1.490609749370066031e-02
7.182650069697377182e-01,-7.203399487843566151e-02
7.696996450536457424e-01,-4.635260624535112450e-01
6.761585959817557612e-01,-6.776947921177830514e-01
7.664025766526060268e-01,-6.887262709058936672e-01
6.794863886391044883e-01,-6.456085112200031784e-01
6.053680972216690659e-01,-7.694852409633279322e-01
5.317238307314650081e-01,-7.746071577081199422e-01
5.076488221682137203e-01,-8.681398129426767252e-01
3.774540964299203938e-01,-1.485784610477262291e+00
2.008616938601731905e-01,-2.221423936001244659e+00
-2.206554195696025858e-02,-2.945644918686895597e+00
-2.079042024638303454e-01,-3.276296509019365644e+00
-3.246221452190146683e-01,-3.038387689985230455e+00
-3.180031466339154900e-01,-2.375351081795705532e+00
-2.391087127839268689e-01,-1.595610180522590849e+00
-2.340270017018424020e-02,-1.084692306887291791e+00
-4.925756951822114760e-02,-5.240838001915205657e-01
-1.268677951272961790e-01,-1.580774577892778698e-01
-5.411916363944122565e-01,2.165806703596214952e-02
-8.248775333936665399e-01,-6.368997494943030857e-02
-9.812781214710377675e-01,-3.736352798813610820e-01
-9.284498322451240071e-01,-8.080539420106477300e-01
-2.483600248987581915e-01,-1.320770095797512811e+00
4.252011207368355250e-01,-1.699248117430016025e+00
1.233458037485337000e+00,-1.443245207420913001e+00
1.281296849599178334e+00,-1.271223544123117444e+00
1.180083426707168037e+00,-1.162887752859107282e+00
7.873360879605685314e-01,-1.013955850897068967e+00
7.587232636844315481e-01,-9.276864919345551019e-01
8.965651603735543818e-01,-7.664273414301081555e-01
1.153967925627980895e+00,-1.051457386306066111e+00
1.199438235971607147e+00,-8.462522837142493204e-01
1.202551737353946049e+00,-4.903645451771658781e-01
1.113922768756589354e+00,-6.696784663010472982e-02
1.240827374393969063e+00,4.589572988876141069e-01
1.410874701355854022e+00,1.140266671970212808e+00
1.501344119619086870e+00,1.494514343560337633e+00
1.552575188105334236e+00,2.615701359748760169e+00
1.456952233761412918e+00,3.829964970185425699e+00
1.358305709256369509e+00,5.092110596926150201e+00
1.070151853314920798e+00,5.326379864637042161e+00
7.837096682686547355e-01,4.647480512068694836e+00
5.708451212119952656e-01,3.281476890227505105e+00
4.804077900082903141e-01,1.716501108398888809e+00
4.791167545311550979e-01,2.704413348971523856e-01
5.638291062543296928e-01,-6.929323645529780196e-01
5.886205329289547761e-01,-3.594707566585898517e-01
7.485752855585799947e-01,3.144634752955441370e-01
6.645953043517617287e-01,2.785013911298014344e-01
6.738189939570722320e-01,2.318304482050771720e-02
2.107293324130455336e-01,-3.544639819857952623e-01
1.747726715486587132e-02,2.458208662587917370e-01
-7.033975421586217136e-01,1.055221881541106077e+00
-1.411884065086989715e+00,1.660862250061824641e+00
-1.919920391423826755e+00,2.040644751834543857e+00
-1.922234749222125672e+00,2.246025249552290770e+00
-1.310440477176736174e+00,2.002212310710532517e+00
-7.407488988091814885e-01,2.004910145081981288e+00
-1.993550490953677756e-01,2.179620336402961822e+00
5.300187843461051651e-02,2.754613828897336525e+00
4.835395674650737607e-01,3.004312683206729950e+00
8.191649735034033375e-01,2.999168225137851529e+00
1.011327418374375231e+00,2.773647562010941314e+00
1.057066405342691029e+00,2.279071010392831997e+00
8.029513296574818382e-01,1.608815310280739430e+00
6.641561766096603092e-01,1.009411080091417112e+00
6.296023704926922981e-01,8.174011696541685357e-01
7.682153321837051907e-01,6.895852652661476068e-01
6.840082162820678713e-01,4.642704728565143490e-01
5.664052723415868851e-01,-4.393887206730370115e-02
3.447297464096333863e-01,-5.086036996467657723e-01
4.697425643794949091e-01,-1.378365514568174466e-01
3.906152289103453912e-01,-3.872221717343683062e-02
3.866690968718166643e-01,1.440509134422855164e-01
1.671967583524137657e-01,-1.482181264015956790e-01
1.292084313206856294e-01,-7.617875005589394011e-01
3.162186956533172832e-01,-6.229300815249841916e-01
5.146003205648982393e-01,-3.284365440246910794e-01
7.464193264772159830e-01,4.856459273974723656e-01
7.631816806997772096e-01,7.033370266726481912e-01
4.224006247837579497e-01,8.520318778294445616e-01
2.638265224975447354e-01,7.244408993605369051e-01
2.614503879118689755e-01,5.985378944094498221e-01
5.040979841764996472e-01,7.685493778823693223e-02
7.126569472010937378e-01,-4.246992235117811876e-01
9.398382992403840897e-01,-8.020318672659554338e-01
8.031626120688305503e-01,-6.822341572863956927e-01
1.089396005222365238e+00,-1.247523067154758580e+00
1.248046808680782771e+00,-2.072626732290892448e+00
1.698358179420293768e+00,-3.073827848361246229e+00
1.499844932481086524e+00,-3.209715210912580829e+00
1.142494334369033027e+00,-2.454074191953939277e+00
4.451483028530385244e-01,-1.808801776597421362e+00
-8.249780219934919889e-02,-1.274971380953959343e+00
-9.705192915775351370e-01,-1.401844925950923804e+00
-1.782295548365151028e+00,-1.142698918092315941e+00
-2.441483887817654352e+00,-9.319446830340292198e-01
-2.455284160896940460e+00,-7.211677921943676628e-01
-1.961637626440452031e+00,-6.140028302363391699e-01
-1.093975960840162909e+00,-6.216785847178061264e-01
-7.003656425858312273e-01,-7.206298275471567649e-01
-3.303397571552360024e-01,-6.506821510782494489e-01
-4.952548028655160417e-01,-4.748803482262922149e-01
-3.263781021770278401e-01,-3.689538760769585646e-01
-2.960002448057412749e-01,-2.121407765386526256e-01
-4.344496681840882002e-01,8.656917790132179213e-02
-4.517681070956017786e-01,5.374846483312930578e-01
-4.756193164069244528e-01,7.044246552169257658e-01
-1.699146427466429743e-01,5.056088441885231433e-01
3.654164986276472460e-01,5.145277408299940569e-02
3.730648428999694399e-01,-7.202643273451697636e-01
9.046998354645097162e-02,-1.629066018386143622e+00
-6.351238051968595144e-01,-2.287118265284783014e+00
-9.322513220421649871e-01,-2.306987110754428194e+00
-9.714210796107942691e-01,-1.717953708107382349e+00
-9.505281673304198931e-01,-7.526780331473884589e-01
-8.152402313651634369e-01,2.036156747668823874e-01
-7.220708201890335687e-01,5.838089547279236013e-01
-3.445290156934319725e-01,7.778849161750968078e-01
1.141834373980348954e-01,5.262804831345126999e-01
4.777601570381179164e-01,7.813000015154328293e-02
7.214741223675019688e-01,-3.967581297716564759e-01
6.885619625843197866e-01,-6.735715144869974802e-01
6.515417530269234092e-01,-7.378313550705446477e-01
5.515023426261360662e-01,-7.769108998483746920e-01
5.695402389969079771e-01,-6.009253507788129278e-01
4.759920436641318364e-01,-5.482916680079760186e-01
5.515926066109870796e-01,-7.282167795084916184e-01
5.291270857390613092e-01,-9.283085055586181022e-01
4.663873543506125152e-01,-5.891381959735770835e-01
4.711368412824741836e-01,6.526292609462648331e-01
2.886193940472228658e-01,2.099277542092309101e+00
1.703508093335742712e-01,3.419329223603919221e+00
1.546318963763497201e-01,3.795440333663063548e+00
3.697462442397865257e-01,3.534600584074164331e+00
1.126287604226657191e+00,2.941481448286502154e+00
2.510433579586065278e+00,2.245961370316112315e+00
2.685626039466874282e+00,1.452452853272646838e+00
2.070162477314203997e+00,5.424093342418261354e-01
1.199663377125078229e-01,-3.733696625094413690e-01
4.421789648986163002e-02,1.364320174962181942e-01
-9.260082497204810302e-04,8.568521446168072542e-01
4.247353916589248213e-01,1.258454877743130362e+00
4.467540492401009256e-01,1.131582302750916202e+00
2.379347409099233090e-01,3.908833079725628767e-01
5.477613627155545478e-02,3.496140120785474759e-01
-8.873777260446866211e-02,1.425696020742755754e-01
2.627117906704173195e-02,1.982349319899494866e-01
2.365323868875591207e-01,-1.386126637352994295e-01
5.420285273082279254e-01,-8.088414664053050762e-01
6.209439553685039970e-01,-1.544765887168882301e+00
6.120238005255528302e-01,-2.419541913607255790e+00
6.421982430438729628e-01,-2.370467848063391170e+00
4.512951162752926182e-01,-2.192162886502935226e+00
2.728980050204552477e-01,-1.467442813436325322e+00
1.616667611366830459e-01,-1.040147867230913681e+00
2.489543724295484872e-01,-7.287518073403580487e-01
4.588361174901713913e-01,-6.770719321557204795e-01
4.348426290146327200e-01,-8.700946796160606844e-01
3.949188803472228892e-01,-8.470431927895356594e-01
2.538986193318218954e-01,-7.927277442690389142e-01
2.863266679136650672e-01,-7.985232745991778236e-01
-2.261685859197477000e-01,-8.603200108995252560e-01
-6.827145195296437929e-01,-9.415086621960255808e-01
-9.616843731018044350e-01,-1.196330977170007248e+00
-8.584938876196303026e-01,-1.120390345008766664e+00
-3.947665264273909624e-01,-1.182426621656297971e+00
8.344710397517218770e-02,-1.237769299021742819e+00
3.943487979003229005e-01,-1.300754433009318367e+00
2.953866380927094859e-01,-1.332577652111542665e+00
-1.992190640344908559e-01,-1.163160698918724201e+00
-7.394952540987179690e-01,-1.317825364592965176e+00
-1.077442145589018407e+00,-1.359578585911588533e+00
-1.093190283546890296e+00,-1.478307783885979498e+00
-8.021405716898376559e-01,-1.471506217074147083e+00
-1.742760055296147248e-01,-1.554623335192305333e+00
1.397419004117514130e-01,-1.278603009464227558e+00
6.460221147751309401e-01,-9.890698248114683233e-01
1.592123926256553135e-01,-9.601573834908204708e-01
2.079565699707907056e-01,-9.909826262232623861e-01
2.096502976223441062e-01,-1.097872343869759515e+00
5.150947210796120723e-01,-1.243098425395259499e+00
7.133210077872542687e-01,-1.378093829817088611e+00
6.246104466634112562e-01,-1.474807942224921842e+00
7.255492476429561410e-01,-1.020008492224222962e+00
2.525936615224940729e-01,-1.048759121882633094e+00
-1.525634448057686110e-01,-8.866600133651189042e-01
-4.484449248958493062e-01,-1.005831277831567672e+00
-2.800877022657999316e-01,-7.367700512355421782e-01
-1.566297942427927192e-01,-8.607410535715721567e-01
-5.678198350660450949e-02,-1.203074192099272688e+00
-1.365295235160974008e-01,-1.642467303157990166e+00
-5.030257388242294347e-02,-1.887459436985466033e+00
1.263640221384542683e-01,-1.584742548792961614e+00
3.690367826487860325e-01,-1.251962373109571924e+00
4.697914284117156725e-01,-8.828211815982330846e-01
4.056160640074847890e-01,-7.518382477423989352e-01
4.588361174901713913e-01,-6.770719321557204795e-01
5.296624362866076963e-01,9.220186396645571603e-02
7.513367062806184382e-01,1.694504318080764627e+00
8.287981883715694886e-01,2.010199484284013405e+00
1.166295195534504670e+00,2.012815224536516290e+00
1.173421988486081702e+00,5.501184079628331780e-01
1.326695541472427520e+00,2.018303554887134754e-01
1.159519237649999202e+00,-5.697765420102660627e-01
8.289786075368900109e-01,-1.039500934032890012e+00
4.119434505169776162e-01,-8.683139319092049169e-01
-9.734654642719726969e-02,-4.023806025729356195e-01
-3.006719040270268706e-01,5.462943138976539270e-02
-2.970002173057667560e-01,1.182225489719193889e-01
6.155346884239136507e-02,-1.677093384547829191e-01
5.472364100777461077e-02,-6.002254236732308401e-01
-1.559150111637734870e-01,-1.113755103276354630e+00
-7.000484536570843463e-01,-1.407258085804008685e+00
-5.842163231045970351e-01,-1.292295347626986057e+00
-6.643805209333383810e-02,-1.322311260158333557e+00
8.527879460101743803e-01,-1.138847976320664035e+00
1.351979204854359518e+00,-1.136557189515376765e+00
1.900429738012546110e+00,-7.936982815561161031e-01
2.067993905078540973e+00,-4.231347004402487566e-01
1.919108804174448402e+00,-2.573892340045855209e-01
1.422510559538959996e+00,-2.991554241671352532e-01
5.074409724750561512e-01,-3.204291759390152650e-01
7.844132520175721435e-02,-6.123591371902118441e-01
-8.864603718306732216e-02,-4.854597254081737256e-01
7.750952361568090587e-02,-4.409642100453744495e-01
-1.217831750069848784e-01,-1.682456185648129598e-01
-3.002401486884604953e-01,2.234405760272641928e-01
-3.582273646913760601e-01,4.336899212849921331e-02
-2.489936017300717896e-01,-2.395975811312407722e-01
2.637561966537501149e-02,-8.635643124995707742e-01
6.709546759995481391e-02,-6.826081688332640285e-01
-1.070686231242536784e-02,-1.233409947134961743e-01
-1.644438192969532309e-01,9.224209951221279402e-01
-2.867372197085230612e-01,1.413754584766098388e+00
-3.502593623506371490e-01,1.227488832453710543e+00
-3.769162730016978879e-01,1.219395184849535241e+00
-1.150729618321307685e-01,7.999741708334414669e-01
2.037180210660278490e-01,5.905514363028186997e-01
6.144493192282113325e-01,-1.453406561245763340e-01
7.838562991179951478e-01,-3.334739156585816988e-01
8.263590492666903486e-01,-3.701762687394300477e-01
6.019012709507947090e-01,-4.097446875540446398e-01
4.836936541919763938e-02,-8.317985649667278825e-01
-4.847314815914933739e-01,-1.279818018684973691e+00
-7.401159957843712611e-01,-1.697288713395424864e+00
-4.871213825351046189e-01,-1.544209731556337895e+00
2.169894010035297235e-02,-1.278370648781184116e+00
2.701445680060675647e-01,-8.318213768878800485e-01
3.342742129874244905e-01,-6.653270711729856179e-01
4.747180960521222431e-02,-7.585194959935723791e-01
1.258770570900891173e-01,-9.383157365838304953e-01
2.872419908368845642e-01,-8.702242661640315902e-01
2.691590550836535645e-01,-8.024107011374509435e-01
1.261241827341279612e-02,-9.026307145825436251e-01
-2.744410185067140406e-01,-6.593482132123309469e-01
-5.296959313512934475e-01,-1.042856880576379375e+00
-7.509409614783674192e-01,-1.695700597522527886e+00
-9.847611992156135585e-01,-2.771908567159929504e+00
-1.083761069767975149e+00,-3.428303295887654922e+00
-1.033324106806065901e+00,-3.672123010377619678e+00
-8.327269419026631647e-01,-3.632664684189219173e+00
-4.439509841397609735e-01,-2.812070859941452561e+00
-1.404024686609994521e-01,-2.062155021376995467e+00
-4.733803483761409026e-02,-1.477642076965839601e+00
2.746802162202902076e-02,-1.290858149823940870e+00
1.388146107225544379e-01,-1.077496817996060008e+00
5.490885456643049833e-01,-9.033618805060924517e-01
6.476028289852423514e-01,-1.128478235165949251e+00
5.703640616632869031e-01,-1.535779692159912058e+00
4.511588150807003261e-01,-1.430443118055953367e+00
2.275660532620706056e-01,-1.091035519321703395e+00
2.549325703602670634e-01,-5.926209062479769196e-01
1.969802244132151381e-01,-7.302040726665393056e-01
4.509136866604807614e-01,-7.459407268125121115e-01
6.707539005960949652e-02,-1.124947212153111220e+00
-3.483846209115916137e-01,-1.607394714958766624e+00
-6.508441981678163568e-01,-2.419200852140090952e+00
-9.729184232149907796e-01,-2.456345091792706548e+00
-8.560604885812963527e-01,-2.181112942346637773e+00
-8.657904014444903762e-01,-1.641641456774809438e+00
-4.364599989526121715e-01,-1.735691296074536760e+00
-1.777695879775841592e-01,-1.886747063945246827e+00
-1.447606669313399597e-01,-1.985236586049690555e+00
-2.553615361278749885e-01,-1.868296491659677372e+00
-5.968486969652877505e-01,-1.814510140623030399e+00
-5.350446123726242398e-01,-1.364638535788090579e+00
-7.071219772614196764e-01,-1.655229935215382975e+00
-5.148231134153531396e-01,-1.302589927529773650e+00
-5.412080040311497697e-01,-1.542989613095755885e+00
-5.496399714524460300e-01,-1.575425223215233039e+00
-6.207752696372897949e-01,-1.609039283496831008e+00
-7.196776807484275285e-01,-1.677426142124435859e+00
-6.714053905280141787e-01,-1.690367132831884778e+00
-2.307440449521026837e-01,-9.821104560000076811e-01
4.962867479458538122e-02,-3.925735289824885399e-01
1.662628924691337828e-01,1.425490613466224299e-01
1.008106102002456483e-01,-1.182245646220529273e-01
1.803859929944118812e-01,-3.051477713404122105e-01
5.248720894121460256e-01,-7.944937882057290235e-01
7.843110746395094424e-01,-1.396474602652864716e+00
8.166567620374092229e-01,-1.664068934679301615e+00
9.984226846362007635e-01,-2.333803111360825078e+00
1.079080489756566008e+00,-2.833545789744420507e+00
1.122445057153755421e+00,-3.067731858263591516e+00
8.455210724895978469e-01,-2.453110494850614831e+00
4.847273427329656381e-01,-1.607357796425862739e+00
1.026478720221095375e-01,-6.201932343231560951e-01
-5.934985688298469869e-02,1.825143921847071082e-01
3.887119665153767611e-01,1.032077026858515989e+00
2.913308181668822217e-01,8.986857989821084303e-01
-3.284049505459897822e-01,7.604281754127978354e-01
-1.562750680563364414e+00,2.918083929270395838e-01
-2.274763889623845792e+00,4.324126418346778689e-01
-2.249607928371462062e+00,2.605379197470160668e-01
-2.234892213030376329e+00,-4.390152916637167502e-02
-1.952638368018823511e+00,-4.687931046784481470e-01
-1.815559009137476254e+00,-9.021776659347292560e-01
-9.460989845599516723e-01,-1.375365669570864036e+00
-1.606595499852598863e-01,-1.319834250534111630e+00
3.818256537346128576e-01,-1.210515792976488925e+00
4.357643448569538669e-01,-1.056207774368240981e+00
4.265154259534089665e-01,-1.455919501629960200e+00
6.805494653476627798e-02,-1.699253419947807764e+00
-4.633617789809202359e-01,-1.839098367721662131e+00
-1.042846092036837202e+00,-1.927143865657930721e+00
-1.231809536136806660e+00,-1.990111518090340148e+00
-1.322032999602528625e+00,-2.482040998182257319e+00
-1.165409204650922792e+00,-2.601766882695565108e+00
-8.243109214051975719e-01,-2.603553947765894883e+00
-4.423377426281381863e-01,-1.930975344571172148e+00
-7.077449738831667614e-02,-1.452676161288353196e+00
2.109579672508086201e-01,-1.059400440804144861e+00
2.927971767279625159e-01,-7.777119726025718549e-01
1.303680461190409867e-01,-7.401628794745627182e-01
-1.649633707144572414e-01,-6.028730680516090068e-01
-8.263870766736740592e-01,-8.405419480507525520e-01
-1.337400978545574937e+00,-4.664817722271892286e-01
-1.344996337882873094e+00,-8.768080440688631461e-01
-9.255833074049382159e-01,-1.139288977870559938e+00
-4.515370896629720687e-01,-1.769054325400863936e+00
-5.051844001572666082e-02,-2.036969055863152356e+00
2.167081015628774809e-01,-2.013738103246393241e+00
3.779644192893049648e-01,-2.083195362404739459e+00
5.146157047041030053e-01,-1.924099529955784815e+00
3.568264005700441110e-01,-1.360090008681022367e+00
1.071342082545526098e-01,-5.922018469213632397e-01
-6.374797253980756251e-01,3.508739650188080206e-01
-7.933124806779682237e-01,4.425577993152867151e-01
-1.173308651736860497e+00,1.048787053853381002e+00
-3.464815520937913340e-01,3.533723778094472467e-01
-4.886372118159827971e-01,4.474595497699563329e-01
1.367398291361438811e-01,-1.770807863119394365e-01
4.806391022096108689e-01,-3.776313064745628334e-01
6.843845087730524579e-01,-3.653370024517148540e-01
5.190870985846628427e-01,-2.790553724077037279e-01
5.066230888813896271e-01,-2.463675508356907018e-01
5.172008470216605813e-01,-2.163850958882119480e-01
4.801716276118539461e-01,-1.248040688888654437e-01
3.456621620346831403e-01,-2.256429407156445577e-01
3.597453678408970568e-01,-5.434796921901303701e-01
9.632021673346802260e-02,-5.202855959098663385e-01
-3.199080832685576303e-01,-6.704327727418042393e-01
-2.037455164632242521e+00,-1.117512230108269611e+00
-3.900312142021886697e+00,-2.067497036277421429e+00
-6.790477233600696216e+00,-3.256314416280048363e+00
-9.346836555624157938e+00,-4.374830123484246158e+00
-1.135543884104083645e+01,-5.253939706223862416e+00
-1.178257654341616245e+01,-5.599166531831238025e+00
-1.077537897922096022e+01,-5.382339639561122269e+00
-8.495253593318023988e+00,-4.536177084237746904e+00
-5.707926324063667955e+00,-3.533800180640271904e+00
-3.026323729028005616e+00,-2.002552753110141026e+00
-9.831996943130401068e-01,-7.965629308851756019e-01
-7.929123026037621091e-01,-2.577292969421560720e-01
-1.523452195262413822e+00,-8.512307692959306671e-01
-2.266833635489625021e+00,-1.421497303967232284e+00
-2.421091920842874057e+00,-1.817659770067756142e+00
-1.818820589273602017e+00,-1.814513121664615980e+00
-1.111993924402514322e+00,-1.631327070565248283e+00
-5.531044712880178738e-01,-1.497030437619015331e+00
-4.416373775500044285e-01,-1.410310570459640145e+00
-4.390420549810692963e-01,-1.430547725843456019e+00
-3.309277539133009816e-01,-1.255024170961673402e+00
-3.069439713826426219e-01,-1.040140191341034415e+00
2.741424990189228819e-02,-6.981511356128154988e-01
2.846660010995177847e-01,-5.446216588099386247e-01
4.761561845632872880e-01,-6.442432776735703692e-01
-4.071896386057504563e-02,1.402744533783582548e-01
-1.508643504236252264e-01,9.514999147760395681e-01
-1.094060596112476497e-01,1.490483171817419850e+00
7.196473653944942539e-01,1.685422179155377842e+00
1.166642932054113180e+00,1.881023401588363786e+00
2.881974193948260154e+00,2.155083286561232381e+00
5.233548806795248254e+00,2.295365454137628713e+00
8.176522129313445575e+00,2.489902808571810233e+00
1.045259557073729795e+01,2.589325400535214428e+00
1.195614237468643637e+01,2.726702474445612978e+00
1.219140573999474775e+01,2.833955433469875107e+00
1.121441656683950505e+01,2.836742976514997849e+00
8.608521891013245053e+00,2.514593063007296792e+00
6.149133596229738430e+00,2.000303704036417773e+00
3.455778626373958939e+00,9.716892194190824839e-01
2.579249744668797639e+00,5.455865176876506517e-01
1.566266141190514105e+00,1.842811964891296339e-01
1.520385438493326635e+00,2.819144454593309757e-01
1.131752956876643346e+00,2.915772099503492754e-02
8.628369001174158726e-01,-3.327160490780958213e-01
8.628369001174158726e-01,-3.327160490780958213e-01
7.116530552417691391e-01,-5.194892468015711584e-01
5.305604848345439883e-01,-7.784171016563994350e-01
6.759720437578972674e-02,-9.131048377159085572e-01
1.051076416682501791e-01,-7.836187461944150723e-01
2.030888024722713736e-01,-1.898153111264887505e-01
3.187232509655347212e-01,-2.355545899139669108e-01
2.027507501573441173e-01,-2.270545834541610741e-01
1.423103344993289499e-01,-4.652212452539979393e-01
2.271674260612762952e-01,-4.866825796535176885e-01
2.130121129879597175e-01,-6.247611379875160909e-01
4.387544459399428942e-01,-3.815865058617743388e-01
5.354321787035082325e-01,-2.867753209697117556e-01
6.443155413489367600e-01,-1.355516291658445116e-01
5.779913418460983499e-01,-2.668592565323824606e-01
5.708789826974512982e-01,-8.162330474530676838e-02
4.337347114543848581e-01,2.100507503476308283e-02
1.443570095551423849e-01,-7.389535780734290960e-02
-4.735805274345053495e-02,2.019847824676095360e-01
-2.026426359988552361e-01,3.302684754981464743e-01
-4.675609618297058706e-02,8.369499835039740931e-01
2.026748180176456970e-01,1.045032917909855863e+00
4.332110672419048902e-01,1.313912116579450950e+00
1.225146340389630245e-01,1.270630826902559019e+00
-9.256112727504739457e-02,9.243754738586896780e-01
-6.490426045594154258e-01,7.671393474592733686e-01
-7.467146007812361930e-01,8.745297189487469813e-01
-9.582426945652299244e-01,1.103235978596327493e+00
-7.906613761865107781e-01,1.122154536752578702e+00
-4.117056840138143547e-01,9.553117322842068493e-01
1.416362292077892049e-01,3.413813803293183624e-01
3.872442064136951134e-01,3.358276608485623593e-01
5.422496678712250828e-01,5.846712231363583312e-01
2.026748180176456970e-01,1.045032917909855863e+00
1.932022741047909886e-01,1.771967803999474178e+00
7.332778390645330879e-02,2.567034780977257125e+00
1.921687139003661615e-01,3.897480011002496081e+00
3.899207085761689090e-02,4.573246907041244036e+00
-1.060240502266895923e-01,4.057935829058036070e+00
-1.669368523614788158e-01,3.338637065921238545e+00
-9.148222191890628685e-02,2.025861929732482025e+00
1.066147402004851696e-01,1.741238652733797743e+00
1.542800763893084626e-01,9.817318260895211424e-01
3.116973649195079465e-01,5.371789224917251637e-01
5.031030717247081396e-01,-1.128017153367262132e-01
7.381389014685080241e-01,-6.127256520851049881e-01
8.841010955824548656e-01,-9.629133686526094582e-01
8.152127190613890351e-01,-9.209210697041056992e-01
8.602995445339824965e-01,-9.114675489199078884e-01
6.232926976280858122e-01,-3.883529639513672027e-01
5.723614216917174424e-01,-1.308885423847108986e-01
3.639223274449669976e-01,2.321014926461876793e-01
1.696283739945574631e-01,4.630671930799393765e-01
-3.780581949244943840e-01,9.003397303228213300e-01
-7.925971073491124841e-01,1.334149198136912240e+00
-9.476362846086111569e-01,1.338982435196741871e+00
-6.899131900742331291e-01,8.248259503854331598e-01
-5.617243608122771681e-01,7.994500647243915070e-01
-1.739836142284367226e-01,4.599699824708662899e-01
2.952428598709937527e-02,4.221506438053476695e-01
3.182673888577616239e-01,-2.018299892974841081e-01
1.598414765540728255e-01,-4.079111965649843685e-01
-1.324289009532272354e-01,-5.125790814475543744e-01
-2.169421737597266864e-01,-2.215236825205106619e-01
-3.154013831791245281e-01,-2.211304953196863987e-01
-1.707662870278474354e-01,1.495657145164801076e-02
-5.590840518476631882e-01,2.074870439745430672e-01
-9.611401318230368140e-01,4.545619465448098584e-01
-1.672117094135582516e+00,1.578871130946217116e+00
-2.533867303258347636e+00,3.370106483264204478e+00
-3.499680230628812616e+00,5.761077595031870224e+00
-4.445683511167272783e+00,7.426958926508377523e+00
-5.256439784434913776e+00,8.366588815630949583e+00
-5.699674340209323731e+00,8.356727856353833417e+00
-5.536978038295962357e+00,7.467993759727140635e+00
-4.647520211844629046e+00,5.887482080696102571e+00
-3.042622929526903608e+00,3.883616507742627899e+00
-1.427780502584717226e+00,2.112649085526393300e+00
-7.759381599507744753e-02,7.907559073788136272e-01
4.620718447768187298e-01,2.487183930999620207e-01
6.300731324873948269e-01,7.596407665193455339e-02
6.375145226723466507e-01,-2.119179346608209558e-01
3.729224717187771265e-01,-2.889766621192270124e-01
-3.339366711349986971e-01,-2.263026000573397367e-01
-4.940936505925458411e-01,3.542281879727270377e-01
-1.885743256501850040e-01,8.067935219025657023e-01
5.227084450038846919e-01,1.259695182424253490e+00
6.819655706994973698e-01,1.327379042509256646e+00
5.192288476755448912e-01,1.216840238052102396e+00
3.712119529661420669e-01,6.220430730643838890e-01
2.046834693193765320e-01,-5.453344322723713278e-02
-5.319600410010730807e-01,-8.021891805749750137e-01
-9.496391003671909026e-01,-1.598809542248358584e+00
-1.302729818609009493e+00,-2.442344090394758194e+00
-1.126769784109321160e+00,-3.019510968373479542e+00
-1.142134391843333097e+00,-2.791876485134309416e+00
-9.433561667411650697e-01,-2.194995371106950088e+00
-7.002975245225405709e-01,-1.356821275306586916e+00
-4.078727481847271297e-01,-6.838707785530687699e-01
-2.326811983229860881e-01,-4.178635650238511356e-01
-3.269898152192798890e-01,-6.476052064524033813e-01
-3.658400724923479563e-01,-7.991018815738978320e-01
-7.721065573528917980e-01,-4.642103710280428008e-01
-9.195614924767120391e-01,1.413951031471180897e-01
-2.525421521352863574e-01,8.629690022225204871e-01
3.522156664640594403e-01,8.174042037716311437e-01
4.830160145860558640e-01,4.055184376571293603e-01
4.913232316797924021e-02,-2.921358580064375432e-01
2.537506355430254601e-01,-6.145891411010839800e-01
4.797245078250949035e-01,-5.700079614644468773e-01
9.191883772451244772e-01,1.354928350120663261e-01
8.047816164848350384e-01,7.786192891968283236e-01
6.351346459051840920e-01,1.166006822036477875e+00
3.801446748263699882e-01,1.235733764291634396e+00
3.552219631625408436e-01,8.627758621344947532e-01
1.269174979039487394e-01,8.229042503987857859e-01
1.596853129264406979e-01,7.005775294179575896e-01
2.381708438661971627e-01,8.084530790251839294e-01
5.912429858324169674e-01,5.841614487361312946e-01
7.126598620510802284e-01,4.102982883591582142e-01
6.474657801828636039e-01,2.413901139546538732e-01
4.137757798746541926e-01,2.680966157351668544e-01
2.522665620085658422e-01,3.505173034079603345e-01
1.789499344746046106e-01,3.644548796097966115e-01
1.248859284956609084e-01,1.992320119105199239e-01
1.003260550742985924e-01,5.996039661700183765e-02
2.075865257180920520e-01,-1.611721205862789441e-01
1.775632532952108045e-01,1.835391842979563759e-01
6.145702931285845771e-01,8.461260118746584125e-01
4.379061789755582801e-01,1.524654049530234312e+00
2.906010718336615728e-01,1.684127511946659439e+00
-5.161489853804108741e-01,1.524576398088422824e+00
-1.034831977149506477e+00,1.430593732868808088e+00
-1.277001656082652703e+00,1.375304582141563703e+00
-1.267184570092556806e+00,1.301498717631704549e+00
-8.134577667056774875e-01,1.174575510491211672e+00
-4.673847710824630131e-01,1.032062024741886130e+00
-2.166797373752086253e-01,7.894280812360490174e-01
-3.830673843290485769e-01,9.489711079048127607e-01
-2.099384082276351537e-01,1.817739999343410462e+00
-6.911173126418020118e-02,3.217498907570554234e+00
3.734782634831249060e-01,4.288966940450879228e+00
7.647991903963650140e-01,4.744740334672240323e+00
1.050803825395758340e+00,4.630095202467435556e+00
9.980620263625840094e-01,4.812725577060720461e+00
6.294342104663039894e-01,5.074058587363870387e+00
1.006013313866844505e-01,4.892348115857842572e+00
-4.977132787943716052e-01,4.044417032535289280e+00
-1.019929001534515489e+00,2.682425900888028014e+00
-1.547473016027741233e+00,1.491935067301563667e+00
-1.941033477538946617e+00,6.827347348928622939e-01
-2.159105146961822985e+00,6.200305660255190920e-01
-2.052989219512588726e+00,7.534619698368136831e-01
-1.702236107798099418e+00,1.101610419567458088e+00
-1.320659510734383923e+00,1.294448517208044880e+00
-8.814381285668676513e-01,1.199907331422150225e+00
-4.557967225776221598e-01,8.867141066572911123e-01
-2.484947088820586847e-02,5.592924925889496413e-01
1.411480874607016767e-01,7.627803590396320388e-02
-3.921708253816481859e-02,6.986788902130313117e-01
-1.527455759579041117e-01,1.729274778500521803e+00
-1.447857319861095005e-01,3.245470108043591484e+00
-1.217204700371932180e-01,4.206549062314655529e+00
-3.440331978024074311e-01,5.190333301471172334e+00
-6.286549775834351372e-01,5.616976333181979975e+00
-8.414948667700937746e-01,5.355586926034940909e+00
-7.782570888307281942e-01,4.281953646128752844e+00
-5.671147463693415602e-01,2.895662617664052529e+00
-6.415219837722918594e-02,1.812805912600493174e+00
1.825796696907531214e-01,6.523521328365674554e-01
2.591018204526841506e-01,5.005890487404811573e-01
3.015582793834699071e-01,-7.666559256044701287e-02
4.956198733732398165e-01,-2.185404188350124066e-01
5.086546413711149350e-01,-1.244356614921508369e-01
4.269194237382217816e-01,-2.521069273428156454e-01
3.436304592830305982e-01,-2.449165001803945418e-01
5.627081239245691480e-01,-4.000340746178846496e-01
6.130935939455635086e-01,-3.422180223388101017e-01
5.816657507868203680e-01,-4.535629756791162426e-01
3.764697359536232080e-01,-4.164392105527063848e-01
3.985851172735662140e-01,-4.470780810503896530e-01
1.291952997049796992e-01,3.831064613407246244e-01
9.057517602230451548e-01,1.072821526492874211e+00
2.065641332831099852e+00,1.847076331195538046e+00
3.725578545155234345e+00,1.739169099493852233e+00
4.459301338867914133e+00,1.368855694422147051e+00
4.281475535825551404e+00,7.203867974547144559e-01
3.171527438009502209e+00,1.660165933322738374e-01
1.853755081645167779e+00,-3.079087298962894792e-01
8.449677292660859873e-01,-5.848780184040159869e-01
7.356028931330217402e-01,-3.989693743590827513e-01
5.921832506436546240e-01,-3.361600963841077094e-01
5.161973878292984708e-01,-5.239126215994031055e-01
4.769328965482569349e-01,-5.817184568700519698e-01
4.567638601222148154e-01,-5.553147828469842118e-01
4.837311581795987747e-01,-3.106861384341244592e-01
5.843761933713286227e-01,-3.175115584032684457e-01
9.783079850180914638e-01,1.131560443459302540e-01
9.505436693307707241e-01,3.802381198900592341e-02
8.967643202350741305e-01,2.259281111064398787e-02
5.841154927278352504e-01,-2.689846328008210219e-01
7.458256101410981609e-01,4.559933522775978104e-02
6.951865536200511064e-01,-5.976397879309620215e-02
8.141591565288287535e-01,2.475427181787941966e-01
6.661965475301034889e-01,1.163435082534307885e-01
7.733504431467972395e-01,7.027948809812881725e-01
6.181057299162459051e-01,5.148984803623235518e-01
7.760145249499244002e-01,1.069455608767618138e+00
1.175318032091583031e+00,1.985530349840551656e+00
1.444294867737553334e+00,2.613303677954362580e+00
1.459257378197873267e+00,2.572790972338871995e+00
1.076486992345065730e+00,1.380647696407885094e+00
7.450621787339952729e-01,2.422378123699813479e-01
4.252762562217361486e-01,-7.641260072838228501e-01
3.931387303767125974e-01,-9.463938919792982407e-01
5.368258113843041301e-02,-1.247242425797265852e+00
-4.255024001869083805e-01,-1.524623423611773276e+00
-1.136661750080773636e+00,-1.021049280807118764e+00
-1.690537253402943474e+00,-1.257283970240568316e-01
-2.047517152100602367e+00,1.190449494153941412e+00
-2.101121580036334979e+00,1.924899411188042198e+00
-1.896270603132380161e+00,2.015444098129430373e+00
-1.364086125048678211e+00,1.438005699041284391e+00
-1.161355861478125640e+00,6.848615131312043580e-01
-5.954769491252731584e-01,1.219931365207076734e-01
-2.420056505702961602e-01,-5.329725492124330888e-01
5.124640405611576854e-01,-7.578181193182454978e-01
6.150389887098693942e-01,-1.040039473395422576e+00
-8.659743473109327017e-02,-5.584764191301108127e-01
-3.656531660463548938e-01,-4.774954452325233523e-01
-9.442547190669263457e-02,-3.375195556854186929e-01
4.112771997622960418e-01,-1.627917915648111613e-01
6.311704745116391013e-01,-3.229346200367264053e-02
4.187487151398831542e-01,-2.182453032613738408e-01
7.248466482034551239e-01,-4.216047591223492930e-01
8.724142606814201395e-01,-4.514788442148316427e-01
1.004887218739825672e+00,-3.056912767631673744e-01
5.391888615322423250e-01,-3.970338783959708739e-01
2.754643318563359533e-01,-7.788081970836215895e-01
1.734766703121239442e-02,-1.102846216200645824e+00
2.505968909122570087e-01,-1.279591936623658999e+00
2.669819923602302358e-01,-1.134146061712991704e+00
4.982248027950931246e-01,-1.055469524615404886e+00
4.814103536330485711e-01,-1.053991853088462216e+00
4.198855265816229809e-01,-1.469343214433204148e+00
2.930937272934949767e-01,-1.823040280854577588e+00
4.710204825238738235e-02,-2.478260390012685832e+00
-7.177337667640183716e-02,-3.059068856704385997e+00
-1.331315980310334157e-01,-3.645666968768236593e+00
1.990637723313023466e-01,-3.617259280472227001e+00
3.566422432147757227e-01,-3.418921378386853505e+00
4.637621061484682450e-01,-2.935383888704013788e+00
5.441114065719856452e-01,-2.490450463485411881e+00
4.386905123459503564e-01,-1.853390149174927837e+00
2.600157902489614870e-01,-1.336723590019320618e+00
1.321617046607097279e-01,-1.132129657463834205e+00
-1.465611359103738687e-01,-9.969366165414562664e-01
-6.039897013360405742e-01,-1.218891045983495847e+00
-7.593636014268284606e-01,-1.078724696256761373e+00
-5.024912289149864320e-01,-1.072530325763506376e+00
7.376760197415026254e-02,-8.089650459586614772e-01
4.271048294411185220e-02,-1.033717504624048766e+00
-1.250066671260881279e-01,-1.106996528483153108e+00
3.850089734303237254e-02,-9.270382583136176358e-01
-8.237414558466242195e-03,-8.293122980297618074e-01
-7.052585490778383315e-02,-7.197637025186806037e-01
-4.346638759983449396e-01,-7.044216837268812981e-01
-2.878023712920496635e-01,-5.963498694178845927e-01
3.111219572511639969e-02,-5.467729248879588111e-01
4.553363276812210092e-01,-6.530081939249543499e-01
5.430947509869947787e-01,-7.207001388318869939e-01
7.291630062008043200e-01,-8.407971091334804914e-01
8.793862130644756192e-01,-1.060976878663542511e+00
1.015629995799809837e+00,-1.106605826710055362e+00
1.180382493471672234e+00,-1.385552013999507448e+00
1.138244710431874251e+00,-1.550205482604872342e+00
1.139088869587718156e+00,-1.911372420106917769e+00
7.912238192596766639e-01,-1.858274969452523573e+00
7.631376241019641737e-01,-1.958163634328014879e+00
6.633484114247216734e-01,-1.784634155960654667e+00
8.742479202811430650e-01,-1.772817507501761369e+00
9.302738453979865207e-01,-1.228081147788506522e+00
9.406394921136103093e-01,-1.233008104647955294e+00
8.176325457089886894e-01,-1.193025236048931070e+00
7.394729905036588891e-01,-1.561349871597353722e+00
2.761750181108350022e-01,-1.135210866143377295e+00
-3.657641131153147041e-01,-7.028520220731458990e-01
-7.676360861447826256e-01,-4.790793483195969205e-01
-4.729941042609913104e-01,-7.897089213039083511e-01
8.237850364753997179e-02,-8.461017334811742341e-01
4.579116174958364205e-01,-5.217294220802147775e-01
6.950029556468702019e-01,-3.506429559720685568e-02
8.564323503944218929e-01,1.749575876685193765e-01
8.074524522434359808e-01,1.321722912682483098e-01
5.466493793253396349e-01,-1.330678834687273049e-01
1.854554342627278696e-01,-4.972693079342532241e-01
-1.624483915294077929e-01,-7.902950848832523967e-01
-2.620193125052370231e-01,-1.037682684365376584e+00
-1.813957096673202429e-01,-1.064206397083845124e+00
-7.928484511790537259e-02,-1.055434230624676006e+00
-3.819364579905240586e-02,-8.882958392606521425e-01
-1.279547370989537192e-01,-8.908456605465666645e-01
-1.764819354103399074e-01,-8.065958680829636851e-01
-3.834532570156954506e-02,-7.607281637429023080e-01
-3.716350732979644689e-01,-4.483395062902600370e-01
-7.729105792240104078e-01,-2.328536023089208817e-01
-1.740861294127816095e+00,6.054205146078153188e-01
-2.438248059599705808e+00,1.538067311264633918e+00
-2.761669013869674671e+00,2.392962759116647131e+00
-2.097676204149264034e+00,2.433138365759050625e+00
-1.654830140684118156e+00,2.414894210926768370e+00
-1.158317923672515848e+00,2.405934652673629603e+00
-1.447764818759710748e+00,1.922525027521699625e+00
-1.253824871533852026e+00,1.119092010802037906e+00
-1.286010650750169404e+00,9.789553905001954770e-02
-1.286010650750169404e+00,9.789553905001954770e-02
-1.286010650750169404e+00,9.789553905001954770e-02
-8.775865104594600119e-01,1.631456786029512537e-02
-1.745239808941557724e-01,-6.518885557552987764e-02
2.356814404296255216e-01,-1.729159829550096228e-01
1.488166739048802922e-01,-3.787178512213963399e-01
-5.154953118696947723e-01,-5.554505872041819448e-01
-9.671369985188997820e-01,-8.687476608699660208e-01
-1.078506631209577016e+00,-1.104237307524100542e+00
-1.209185749495824025e+00,-1.396487644515145288e+00
-8.344438019709021770e-01,-1.213329957673285664e+00
-5.024912289149867650e-01,-1.072530325763506820e+00
-1.563092847820114484e-01,-4.394460035701882594e-01
-5.725062749209204327e-01,-3.240507472357430085e-01
-9.823454614322554290e-01,-4.719956131076381151e-02
-8.366011311820686913e-01,3.089180046668391771e-03
-1.759815100039327507e-01,-1.368439134159208093e-01
5.660148186443179075e-01,-4.782462712218096823e-01
1.110163148779120368e+00,-8.154263843284123014e-01
1.353854886524662016e+00,-1.067926488362245907e+00
1.255007703320993873e+00,-1.084284528304894746e+00
1.004387366453271202e+00,-1.055026405441443993e+00
8.292164226277591865e-01,-6.726006879432389063e-01
8.754439528581996477e-01,1.909030935208961069e-02
8.483042920480878823e-01,3.491634657069005998e-01
8.923967229310065807e-01,2.112482001292723954e-01
2.797319571591649900e-01,-4.964112543476206230e-01
7.082075429088896534e-01,-8.910200233316695195e-01
6.920996402651518054e-01,-7.884814450748031112e-01
2.005773613603237138e+00,-1.830358956470522214e-01
2.286597780974994443e+00,1.123196286748424783e-01
2.660851423830349560e+00,7.971120287670005813e-03
2.260296609583118066e+00,-6.150485404898253794e-01
2.046688205936767702e+00,-1.132511951058603916e+00
1.824800985697343503e+00,-1.359255006931214815e+00
1.514196010524086144e+00,-1.352499018485813220e+00
9.982729281270826815e-01,-9.477274648788143185e-01
5.735735158157668767e-01,-3.799861653775541415e-01
5.690448426033345442e-01,-6.971777227250593179e-02
5.017789652151992685e-01,3.827760911072018990e-01
6.560778045406867598e-01,3.220641499748992387e-01
6.304410896226538830e-01,1.117974203370777797e+00
6.077936447749657800e-01,1.975887703214983526e+00
4.751712438728630250e-01,2.936920671957940154e+00
6.562598802068527748e-01,2.559150765214519119e+00
7.731945956158251532e-01,1.879536789044989886e+00
1.464346770710548862e+00,9.051273974094626862e-01
2.198979891341369175e+00,3.629745010333224053e-01
3.038035490101139491e+00,-2.995935878649710893e-01
3.170163299860453865e+00,-8.230438041190456522e-01
2.791507540674741161e+00,-1.104504737830937167e+00
1.904676701522462823e+00,-1.089890543665235523e+00
1.236856778924531053e+00,-9.887016234014294191e-01
7.897254768046721995e-01,-8.252959111210593779e-01
6.951497414046002854e-01,-1.197864739711555382e+00
6.785246189841063202e-01,-1.509101268962084852e+00
5.381933587377322192e-01,-1.894784023942636564e+00
7.068678111134127917e-01,-1.549843061925014753e+00
5.623199933687410557e-01,-1.391123309275363429e+00
7.448924209391111217e-01,-9.343454609716280723e-01
7.858653754520046331e-01,-9.094722216875700260e-01
1.467352666625798108e+00,-6.961983714952926228e-01
1.604986679528414006e+00,-8.014641584975439326e-01
1.617111414817908654e+00,-6.758974938234398877e-01
1.143442070286373680e+00,-9.435832157156843758e-01
9.555322373192545182e-01,-8.730255873735761618e-01
9.843028870173097244e-01,-7.770213258106589693e-01
1.053910540188491840e+00,-5.289818395937641027e-01
1.407053528465351810e+00,-8.521238809318999741e-02
1.632977199194275419e+00,2.255203006666377796e-01
1.709704702472223170e+00,9.235036421760954850e-01
1.354438107621505516e+00,7.022358004011503008e-01
1.004750225565330446e+00,5.868844773159404005e-01
8.662478372513884306e-01,1.837195262189330325e-01
9.265187260463003671e-01,4.294233687181673309e-01
9.156494981996025073e-01,4.445338133565107652e-01
6.754413546945102764e-01,3.242018840083258913e-01
8.026050754100954032e-01,2.205305054300034651e-01
7.663486822102337781e-01,-1.525684114363147492e-01
7.567094461935620631e-01,-7.585792679942242600e-01
8.944897147302803830e-01,-9.658405164046156566e-01
8.221536068154430277e-01,-1.020130874890417871e+00
7.244187820599373717e-01,-6.833451302789038673e-01
3.534446997844290506e-01,-4.714070223967137263e-01
7.332629416487142227e-02,-4.027739308703156551e-01
-1.149224716587804035e-01,-1.994284026498489015e-01
-1.090888626456583688e-01,-2.995110916883204633e-01
-5.235645418494656589e-01,-2.477857956366121828e-01
-1.053473567365743602e+00,-3.878057996163711274e-01
-1.536637219004740151e+00,-3.354967447568263927e-01
-1.536637219004740151e+00,-3.354967447568263927e-01
-1.536637219004740151e+00,-3.354967447568263927e-01
-1.536637219004740151e+00,-3.354967447568266148e-01
-1.088455433220550050e+00,-5.261134473369077913e-01
-6.546341270063750217e-01,2.996342577060296941e-01
2.008167118051044225e-02,6.568071296314520469e-01
8.614633259009740751e-02,6.420579834409199105e-01
4.350942925204931422e-01,2.625242530140467836e-02
6.063050447722599934e-01,-2.972609707331820839e-01
6.369256479038923890e-01,-3.223303759913289102e-01
6.122663681789657364e-01,-4.822312239254213373e-01
7.911491551508950115e-01,-5.182604541132693754e-01
9.890494722109655079e-01,-4.190432734659621516e-01
1.003822322729189365e+00,-3.284218664121305031e-01
7.019393716247296355e-01,-4.446646883913736858e-01
4.495249659973218903e-01,-6.964290044758053577e-01
3.260620697911086330e-01,-8.489710758658061129e-01
3.622460783742751378e-01,-1.162376770138361382e+00
3.203941444743282907e-01,-1.507769293315117221e+00
2.406342271310732417e-01,-1.589772771831456710e+00
2.782702242678294358e-01,-1.372472671615872386e+00
1.436900527232105318e-01,-6.793568310840473190e-01
3.021577281149662175e-01,9.175355564319812030e-02
4.148374702829631389e-01,2.353538446914147653e-01
8.013229256969223169e-01,8.350421369522525658e-03
1.259791534703373905e+00,-2.212469137822887788e-01
1.648449446614090652e+00,-1.814988961248062138e-01
1.787840656111210791e+00,-2.610288406898452762e-01
1.388894650013357657e+00,1.465814362352567402e-01
8.991892664348294373e-01,6.592148360855485389e-01
4.562157779931913515e-01,1.441896757116287064e+00
3.188275475638113199e-01,1.433282302759925964e+00
2.179398915922949875e-01,1.927300814510387816e+00
-9.163685373550597979e-02,1.662698655972211892e+00
-5.459045235736070811e-01,2.080635304487367332e+00
-1.171615207276198722e+00,1.874688135329344529e+00
-1.488540753641467873e+00,2.269187908667082976e+00
-1.650888153034155925e+00,2.121302786966213993e+00
-1.499008347327539292e+00,1.750388096683718642e+00
-1.091887406124006032e+00,1.179329174889934384e+00
-6.648367193163223776e-01,7.942244951138609510e-01
-1.467457017649322626e-01,2.324867218444610084e-01
2.807242096261985953e-01,-1.260287238128004195e-01
6.044301083486238735e-01,-7.912368196539319998e-01
6.443503406759661933e-01,-9.399380917574581273e-01
4.132443136329203570e-01,-8.680948199106309771e-01
2.334666063940817882e-01,-4.996861377603482035e-01
1.860787839236306418e-01,-4.189234340028819004e-01
2.141724809436251764e-01,-4.353855148414500498e-01
1.826853738833581486e-01,-3.696901326076507122e-01
2.639254464055888483e-01,-4.631441660257450410e-01
2.750069656194778500e-01,-8.277821818731104786e-01
-7.176563804790583867e-02,-8.589454743333936326e-01
-4.642580634336035961e-01,-8.313597752680959019e-01
-7.320173834997443230e-01,-4.535586833881769531e-01
-4.499928938085240859e-01,-4.668358178069497155e-01
4.503774064137582717e-02,-6.814438601140062612e-01
6.394449676052395004e-01,-1.104881658949902645e+00
5.022478294738631499e-01,-9.165524021077572359e-01
6.232414218550528240e-01,-1.083285280406592221e+00
5.148625739923385902e-01,-9.064902506109031588e-01
4.242010465292698762e-01,-7.431640436709249231e-01
3.261165939280429860e-01,-5.982741379083885702e-01
1.852914763655840458e-01,-3.948825932898958890e-01
1.430364882100629287e-01,-3.033190967049680942e-01
-2.127808437844866396e-01,8.719062745600565656e-02
-6.700156075762710994e-01,5.142239508120862723e-01
-1.098449302698876862e+00,7.867851584230066697e-01
-1.280556492056498019e+00,9.412181651269634353e-01
-1.215838408325267128e+00,9.743134779127362588e-01
-8.067582431787144737e-01,6.977325761771574486e-01
-3.153974222334676170e-01,2.109245034521816942e-01
3.157011951055729848e-02,-2.164310849036372719e-01
3.232191849713653697e-01,-2.890020530257869646e-01
3.694712647443099129e-01,-2.128027179155663473e-01
3.694712647443099129e-01,-2.128027179155663473e-01
4.668029146351037606e-01,-3.539805400436480953e-01
5.727413143586027600e-01,-1.663452183697395059e-01
7.564508829709053472e-01,1.733759158022017133e-01
7.069333453758731567e-01,4.171656725488128714e-01
6.268512881184808982e-01,3.317929765492031446e-01
5.075787083605544092e-01,-2.949099092894178972e-02
3.787010101035950815e-01,-3.579091514335047131e-01
8.797257697054529368e-02,-5.874361148147070333e-01
-2.308349648509094298e-01,-1.291147991856735067e-01
-5.473605296344584703e-01,3.583017500832247348e-01
-7.162263029979898388e-01,7.801232363867035557e-01
-8.418715813962848182e-01,9.249333973204653114e-01
-8.238571033768022911e-01,5.604014641143416631e-01
-7.221901516996228620e-01,6.525516223951202122e-01
-5.590036457982147100e-01,9.724965047539056995e-01
-4.294337705475544942e-01,1.630801233399227002e+00
-2.214788855216207053e-01,2.158474334991220545e+00
1.491031324204266095e-01,2.434690096686253025e+00
2.620360204784783487e-01,2.283879369797325420e+00
1.236320186398972565e-01,1.492293052777170503e+00
-8.733204876651057269e-02,7.143269148351432118e-01
-3.097097587976134214e-01,-6.500831010580132574e-02
-1.053394030065767512e-01,-8.599443701337487755e-02
-2.318611238068434832e-01,-4.390032519930676946e-02
1.426967467644976468e-03,2.400897433029352407e-02
1.426967467644976468e-03,2.400897433029352407e-02
1.426967467644976468e-03,2.400897433029352407e-02
-1.380620242839502576e-01,5.663233828514132595e-01
-5.428610173902471969e-02,6.660346091773103883e-01
6.598443107725389389e-02,6.881517346416951009e-01
2.838603123097140357e-01,2.731636109510522381e-01
1.710858597483443100e-01,-7.892653060316579330e-03
3.332030674597843273e-02,-2.075417488226645180e-01
-1.056123715504500987e-01,-1.420665981163959091e-01
-1.303434177954483353e-01,1.066646620704229387e-01
2.765725894072654789e-01,-1.333227807916143315e-01
6.883489493807396498e-01,-2.357583226284145905e-01
1.051122778924006518e+00,-3.529826924661113030e-01
1.199056532137831699e+00,-2.273889865439631119e-01
1.111263391810873413e+00,-4.613140318300950060e-01
7.825728658077898414e-01,-3.956736574474882806e-01
2.968683805144846644e-01,-2.045001862095915945e-01
-1.380620242839502576e-01,5.663233828514132595e-01
-2.002197786925093426e-01,6.714928026857186483e-01
-8.983770857466383264e-02,4.837209047422835195e-01
1.193432985914832795e-01,3.441464351001108368e-02
3.964250047745369598e-01,-5.551077334604138241e-02
6.877873723726461996e-01,9.950531767641861147e-02
1.143784093203134455e+00,1.255196995287335859e+00
1.534020114513530153e+00,2.425994039962695581e+00
2.062158579722310758e+00,4.123178445373863354e+00
2.375065563288090598e+00,5.382336732030979398e+00
2.536771489109701516e+00,5.686957878159785373e+00
2.156167324411556674e+00,4.632683359099255327e+00
1.450429415231648811e+00,2.540349618974349521e+00
5.326267908894763980e-01,4.567279881979897649e-01
-1.224839951502181001e-01,-1.124060700830578075e+00
-1.449876308068907271e-01,-1.178765291817408079e+00
-3.397726312100328716e-01,-1.308042832539358047e+00
-6.082405941128983251e-01,-1.401090775978057090e+00
-8.574793486590908120e-01,-1.698757762243626290e+00
-8.121922420246534546e-01,-1.731212598952857062e+00
-4.582378695519581657e-01,-1.623744660250785232e+00
1.550773380286655893e-02,-1.398100647552650955e+00
3.821477394100410985e-01,-1.098883430544318252e+00
5.574001364698187855e-01,-7.600718280883920208e-01
3.776998585044643031e-01,-2.473922177130001288e-01
2.551720031504246533e-01,-9.709333043241218097e-02
1.025145518533931988e-01,3.923045465614434790e-01
2.824764222364053445e-01,9.493219448208800593e-02
9.619832592118579551e-02,5.965501294798388754e-01
-5.500163343390907650e-02,9.856024544388223285e-01
-5.498961864156433066e-01,1.968620021719802660e+00
-6.974617054565267482e-01,3.461052325007307306e+00
-5.381933798142193304e-01,4.964088617797977498e+00
2.259480523374567673e-01,6.231577900699524442e+00
1.216547272747617203e+00,6.642451103315484495e+00
1.836644455660574993e+00,5.876008551896917176e+00
1.945531518175439123e+00,4.025561361967537444e+00
1.608761877986413236e+00,2.209528901372725951e+00
1.347892114999712954e+00,7.159088508957315300e-01
1.219043114134287675e+00,8.795382479398623776e-02
1.011635134172923722e+00,-7.184081495120759886e-01
8.679819769093334303e-01,-1.167599005002136092e+00
7.180582964924732137e-01,-1.352954057622669737e+00
6.601555401759636732e-01,-1.115705307124918333e+00
8.116671962781916161e-01,-8.392084998796639495e-01
5.529933570000962195e-01,-1.098321490537334633e+00
-3.770709532219866655e-02,-1.368334154980058504e+00
-9.052579517165280087e-01,-1.787452745212736227e+00
-2.923760828350902674e+00,-2.239753530524414504e+00
-4.119241070538270044e+00,-2.356350354969967142e+00
-4.804287083312966722e+00,-2.266894913983953153e+00
-3.559491486043760755e+00,-1.486689881009546133e+00
-2.492093890071444662e+00,-7.133019932140012287e-01
-1.408465670988000129e+00,1.185870016716645409e-01
-2.419436649817114926e+00,1.256799304255496352e+00
-4.527444296105878507e+00,2.752518557921842302e+00
-7.252040450451977982e+00,4.365083772600349299e+00
-9.322567039382064991e+00,5.924232404143479513e+00
-1.043859389684842931e+01,6.973692423585505118e+00
-1.012701533265352971e+01,7.128573983839436856e+00
-8.466077900701778347e+00,6.266568559522956328e+00
-5.720779819535834143e+00,4.638914648742606062e+00
-2.774920893257563748e+00,2.448680324768404581e+00
-5.210066905241175217e-01,8.657537634546794703e-01
3.206662481707984735e-01,4.464368297656531870e-01
1.619008451554229955e-01,8.056755145611069757e-01
-1.047895270343461860e-01,8.725313117366021443e-01
-4.885977198378288477e-01,4.618916083523509908e-01
-5.792131711990251564e-01,-6.437914038963563068e-02
-4.011321791849866147e-01,-6.314536840871983747e-01
-6.374962090591962394e-02,-7.538213757762705081e-01
5.381533264075094580e-02,-4.447124794515806001e-01
3.021577281149662175e-01,9.175355564319812030e-02
4.148374702829630278e-01,2.353538446914144600e-01
8.013229256969223169e-01,8.350421369522525658e-03
3.751401568613639270e-01,1.413907558384937535e-01
2.565871046039570058e-01,-1.628914954333749929e-02
-2.239699489992275083e-01,2.551170517819852934e-01
-2.063597985568173532e-01,-2.900496068226307567e-01
-7.165445684444023966e-01,-3.517225214505996789e-01
-8.983460879685100098e-01,-6.658437844737117306e-01
-1.686216004488571008e+00,-8.519207503476968757e-01
-2.640404832474358088e+00,-7.774727949843137642e-01
-3.825455864033050268e+00,-3.784875394644410251e-01
-4.627193244541771833e+00,4.823337340207479729e-01
-4.994285035437664888e+00,1.505288448508467436e+00
-4.963366615453064234e+00,2.472248844942686929e+00
-4.112903806977115551e+00,2.648971088971936894e+00
-4.249637118148505088e+00,3.450150680075716902e+00
-4.677837501438326662e+00,4.198561795568991784e+00
-5.753768119673871695e+00,5.202922580577268974e+00
-5.633716550272326096e+00,5.061476801304688244e+00
-4.837393228949564694e+00,4.203277936804661330e+00
-3.506682903216876923e+00,2.841956713910146259e+00
-2.086108668055911775e+00,1.308918297178493839e+00
-1.040540772848421502e+00,4.804120844057138684e-01
-2.314313678799645724e-01,-2.048898686508634770e-01
-1.135584563025747173e-01,-2.363524797130973354e-01
3.361971560062961273e-01,-7.956201733074808047e-01
6.618115064399945346e-01,-1.280307960875936235e+00
8.917627981840996476e-01,-2.025482413452720731e+00
1.088881089621794640e+00,-2.781004693868949218e+00
1.333045652477986787e+00,-3.370040282831391565e+00
1.765105052004539266e+00,-3.506569071075035904e+00
1.539134430125921549e+00,-2.859605452964846251e+00
1.317778990257939986e+00,-2.191164626382668512e+00
9.615191697186213915e-01,-1.548503849508125807e+00
8.633116259089816946e-01,-1.393074591946992680e+00
4.073776358052125790e-01,-1.074429157831452875e+00
7.561794054683497468e-03,-9.008904526629223364e-01
-3.241899727980740442e-01,-7.343862036333547172e-01
-6.257940114854332325e-01,-5.944676537770827718e-01
-6.256890923233818791e-01,-4.827330879392721097e-01
-1.016755937640242191e+00,-7.296471088124382165e-01
-1.518998397708540837e+00,-1.335224151214367216e+00
-2.663841196548103696e+00,-1.552312138584350132e+00
-3.690668941772624834e+00,-1.513811367179029421e+00
-4.527488297860586819e+00,-1.021617350301140759e+00
-4.793036896880565223e+00,-8.312919706596524350e-01
-4.457437226079935755e+00,-6.935137528811136098e-01
-3.540544313556692746e+00,-6.105649894388497367e-01
-2.321498970180607024e+00,-3.479675984921190013e-01
-9.284599774716689735e-01,-3.501226019126017497e-01
1.021595108699976800e-01,-3.727108937881959405e-01
4.544349493930075479e-01,-4.914833067047153503e-01
6.694762555680989768e-01,-6.950117423484108992e-01
6.784254025658267295e-01,-1.278082866402439954e+00
8.074325034377656252e-01,-1.546617679913499632e+00
7.774929693224618132e-01,-1.575949477070141658e+00
7.745945655767926263e-01,-1.166300620514883812e+00
5.643653440186084946e-01,-6.107291314683122030e-01
4.044827001220682172e-01,-2.665673322356169050e-01
1.435962017605175722e-01,-5.604680447028436152e-01
-1.970252376443624165e-01,-1.262066831551577284e+00
-5.590503438561840177e-01,-1.808708558104609621e+00
-8.151644956763680616e-01,-1.954559849532749860e+00
-9.559745979939502369e-01,-1.674505343243392952e+00
-8.570756792031888338e-01,-1.205228302535118923e+00
-1.030206856294455298e+00,-2.579517181613290022e-01
-1.085088603623727277e+00,4.242994688637834466e-01
-1.280448187002683591e+00,8.535132211740563690e-01
-9.802109564824820209e-01,1.015352861421842112e+00
-8.867974049645191981e-01,8.171773262583822417e-01
-6.306963983766826765e-01,8.407774257615147073e-01
-4.642266430705258573e-01,2.100110283100566355e-01
-3.472188843837240024e-01,1.439394106790003180e-01
-3.647414040960521575e-01,-1.976378016581075703e-01
-3.828543137346018810e-01,1.276922670824669759e-01
-1.808135176683249024e-01,2.362498342342507773e-01
1.191320011769113341e-01,8.484655402163766569e-01
2.970322982012195689e-01,9.820492865670500393e-01
3.687704079723294615e-01,1.173471324451059949e+00
4.564578048932596555e-02,5.375369462266900156e-01
-7.651041608988889964e-02,9.215354841016986098e-01
