6.597744736454440595e-01,1.156031277615481856e-01
5.816172259259160260e-01,-4.064538843834740733e-01
2.109283515745326298e-01,-4.084933151482114111e-01
2.129059914625016370e-01,-3.878760658311271037e-01
3.473416997774908532e-01,-8.383142717819246359e-01
2.224616113578768151e-01,-5.511383360037991341e-01
2.129059914625167360e-01,-3.878760658311318221e-01
3.473416997774839698e-01,-8.383142717819190848e-01
5.893445236001056964e-01,-1.166571771466402341e+00
7.985707993858032205e-01,-1.907816824082247287e+00
4.303622591587111246e-01,-3.169955636821178757e+00
6.168330326453853873e-02,-3.608512379444154483e+00
1.292467210391097521e-01,-3.312917539300991088e+00
-7.781368223062526956e-01,-2.078016471275442978e+00
-1.224690297900927982e+00,-9.825572863448687189e-01
-4.721544376114497066e-01,-9.947610915926543562e-01
8.913541608168036590e-02,-9.797949743762497388e-01
2.725271391846845193e-01,-2.075970794822060483e+00
2.632597187947640638e-01,-1.917632549049407498e+00
5.816807256796653336e-01,-3.281636873892633255e-01
9.557058790769162870e-01,1.039558886699283868e-01
1.113715412021657469e+00,1.654881727772766764e-01
1.203748212272372387e+00,-4.534146344432847808e-01
1.051637843309429554e+00,-1.707551742949471096e+00
4.303622591587111246e-01,-3.169955636821180978e+00
1.023308170537553102e-01,-3.649769191884714381e+00
1.706397056975730020e-01,-3.354930997080103339e+00
6.436412390829997221e-02,-4.130691006593960601e+00
-1.184391729965180301e-01,-5.348369963408030614e+00
-6.568859468550659886e-02,-4.947142105961592762e+00
4.014452515478675321e-01,-2.686347847792037058e+00
1.014043441627095365e+00,-8.919283317681936385e-01
1.213809798198022705e+00,-5.362902551272061835e-01
1.172115860604104220e+00,-1.843623465466869837e-01
7.659205790956036264e-01,-2.029519088894082834e-01
-4.121503131440550777e-02,-1.777058389548523062e-02
-2.839369964506012756e-01,3.287834287248187493e-01
-1.234164954549606258e-01,1.141944178435948948e-01
-6.988890799118296047e-03,-7.807439653169382376e-01
1.345284230878031895e-01,-1.150751848435810132e+00
3.147600413729558788e-01,-5.810572889988003809e-01
6.845347597885993451e-01,-7.965293975171869878e-01
6.845347597886008995e-01,-7.965293975171877650e-01
7.063410480843909101e-01,-1.146022052623137388e-01
9.956562022681113566e-01,3.394257076187761485e-02
6.576013029146779987e-01,-1.126460749357464375e-01
4.175658658812105295e-01,-4.544166341765454864e-01
1.512723216059233267e-01,-3.552754325981192784e-01
3.274181901559940558e-03,-2.754865191689284329e-02
1.757647521691955983e-01,-2.475155389082999147e-01
4.062399826178252349e-01,8.446873630516793519e-02
1.470087654425751289e-01,3.957177651711720756e-01
2.359983387373603553e-02,-1.779831378825329213e-01
2.001470271374977961e-01,-3.812577533564661114e-01
4.741328376255318777e-02,-2.929646480479826051e-02
1.757647521691955983e-01,-2.475155389082999147e-01
2.169735857367737220e-01,-3.409665763738294331e-01
1.294467285567053039e-01,-1.907260158940858596e-01
4.741328376255318777e-02,-2.929646480479826051e-02
1.757647521691955983e-01,-2.475155389082999147e-01
4.122943746972506651e-01,-1.505754646437542088e-01
3.165164136938217743e-01,-2.769459502498014709e-03
4.741328376255318777e-02,-2.929646480479826051e-02
4.741328376255318777e-02,-2.929646480479826051e-02
4.741328376255318777e-02,-2.929646480479826051e-02
1.757647521691955983e-01,-2.475155389082999147e-01
-6.196887080725558272e-01,-1.399632543911404348e+00
-1.370942437686380133e+00,-2.880235890148675093e+00
-7.443148253038686102e-01,-3.658489212445770633e+00
1.095870948625729813e-01,-3.526826504765568249e+00
7.361871786551370533e-01,-2.852727035605378880e+00
1.152927031609620068e+00,-2.188868820052557673e+00
8.366130848063439984e-01,-1.728972749402772013e+00
5.112930138615106035e-01,-1.190201752478131203e+00
4.321231628893340559e-01,-8.556269424394036260e-01
6.903249542898601820e-01,-1.185407055877630844e+00
1.064362838374968590e+00,-1.931342073498681033e+00
1.231118748030118670e+00,-2.922914155018373261e+00
1.019130424899600040e+00,-3.080654976354099794e+00
7.127873998132465694e-01,-2.246928905349933281e+00
5.112930138615106035e-01,-1.190201752478131203e+00
4.321231628893340559e-01,-8.556269424394036260e-01
5.341643735223940981e-01,-3.301723415913570547e-01
5.721376577469177160e-01,-6.334526188975955763e-02
3.732016492785621975e-01,-4.106036956042033448e-01
1.956087635730761609e-01,-7.688956040905599032e-01
3.328066055734232309e-01,-1.213567723094166162e+00
4.315905128663833357e-01,-1.099559463368109613e+00
3.509872065903378857e-01,-7.407545794707235398e-01
4.321231628893340559e-01,-8.556269424394036260e-01
2.137001483306535388e-01,-4.299361353611711456e-01
1.066146489400184166e-01,-9.826600023254272731e-02
-1.410488333338442285e-02,3.633216781377805737e-02
4.163408524021743329e-01,-2.324813681299303936e-01
7.653143380400636575e-01,-5.503408114395661466e-01
1.655247015510610264e-01,-4.007759321742342395e-01
-2.993661744043424888e-01,-1.726108180880141785e-01
-3.128844965071095330e-01,9.519517416923320430e-02
1.002757436307466325e-02,6.922552935746965896e-02
9.064962508910466912e-03,-1.447870751911991549e-01
1.245901853529716302e-01,-4.800623393216302270e-01
4.177818390062359999e-01,-3.623787016462813870e-01
5.994646396779286512e-02,7.894874436400441953e-01
-1.494240456315716614e-01,8.874995047256409864e-01
-1.022785679260284075e-01,6.136542164789487996e-01
5.241764976243635729e-03,-2.912838006757969000e-01
2.213595165060716907e-01,-1.168031731825631692e+00
3.875348912946182112e-01,-5.367305979412630990e-01
4.625712606963607865e-01,1.702152628037514326e-01
2.678764742050182557e-01,6.285946441344251179e-01
7.610814137246930677e-01,1.248780125818507447e-01
1.880783037643038780e+00,-1.157934493422714928e+00
2.040165722285924854e+00,-1.682962115031427786e+00
1.207431199114724185e+00,-1.322695804574101963e+00
3.349923116186857008e-01,-4.244104145314557819e-01
4.178739639362448188e-01,1.276451823918829942e-01
8.644001912596470660e-01,3.008857088198088614e-01
9.956562022681113566e-01,3.394257076187761485e-02
6.873979180972586978e-01,-3.234531334869915620e-01
4.321231628893340559e-01,-8.556269424394036260e-01
2.120638159890371188e-01,-3.421529766380749793e-01
2.341265973327417427e-01,-3.176656213927675498e-01
4.321231628893340559e-01,-8.556269424394036260e-01
2.699073851059529683e-01,-5.482678118684052304e-01
2.877691674654795917e-01,-1.526423761963379422e-01
-3.000761162895960177e-01,8.922266807307768222e-01
-4.928106310251734734e-01,9.544075476570179628e-01
1.041751586033178856e-01,4.403552944471081365e-02
4.515269526354929730e-01,-2.444024361377059584e-01
5.257722184775974750e-01,3.509666433265121732e-01
2.700307290876383659e-01,6.484579757582331627e-01
-2.720863598740661665e-02,4.191537897623617281e-01
6.273062767886475322e-02,2.369930452918727337e-01
-1.641314746003997571e-01,3.359460996917624231e-01
-4.244361935326135815e-01,5.494239126877948909e-01
-4.470354387271251451e-01,6.409419121896954286e-01
-4.332140187502839246e-01,6.356219234957588560e-01
-3.539152019257536530e-01,3.452363138758094974e-01
5.889898191554773094e-02,-4.687296785832119339e-02
9.331135546116987589e-01,-4.151745205060995425e-01
1.514796304887479073e+00,-3.974903282225636381e-01
1.730062340589086034e+00,1.819331290915588706e-01
1.729765387603212856e+00,7.809473915438887026e-01
1.098291849317448721e+00,8.943179269090203443e-01
4.680618038493394306e-01,5.496159525327416473e-01
3.251379001474737351e-01,8.973716980841207891e-02
3.993268133524296437e-01,-3.210701852429419523e-01
4.650226948688042095e-01,-6.555071588193858156e-01
2.699073851059529683e-01,-5.482678118684052304e-01
2.884135509261859798e-01,-5.111071165476217537e-01
4.321231628893340559e-01,-8.556269424394036260e-01
4.321231628893340559e-01,-8.556269424394036260e-01
2.272338423569347440e-02,-3.685234734782787958e-01
-2.111828463495080688e-01,1.208509883314597549e-01
-8.621990575200352835e-02,1.765628637914081478e-01
1.801510061710248634e-01,7.848967714363988199e-03
6.899804218912007903e-01,8.830561574813781955e-02
4.708268916100155077e-01,5.720103566730361244e-01
1.086053640969557033e-01,7.193599156621337531e-01
5.369767815506556324e-02,6.312035763164061120e-01
2.743681134625175835e-02,8.417574140426227203e-01
1.086053640969557033e-01,7.193599156621337531e-01
-2.574356950328364757e-01,2.185599294479101673e-01
-1.744574461877803351e-01,-1.687219765606589039e-01
5.829912575853956058e-01,-5.462232513218032715e-01
1.855952285412588998e-01,-1.240972472187920284e+00
-3.255658590291993781e-01,-1.664933399424928906e+00
-5.708694836514554005e-01,-1.874675373377792331e+00
-6.837892383198731494e-01,-2.236157172509514179e+00
1.698328652243169187e-02,-2.354421535066825388e+00
8.909177808677181121e-01,-2.395603768687014412e+00
1.308345981081752152e+00,-2.096381577258193740e+00
1.530860463331320975e+00,-1.253514765041706225e+00
1.613703793963666255e+00,-2.868851904981962742e-01
1.995923501972280967e+00,6.008949550061108980e-01
2.120369517286413874e+00,6.067660842886681838e-01
1.437199333324387096e+00,-1.026140740890164882e-01
5.771135135284338746e-01,-5.009245295387151353e-01
-7.972894587259131199e-04,1.638351074384361431e-03
2.901187243144319750e-01,-5.815221812672566326e-01
6.051270311976573169e-01,-7.677282102112379381e-01
1.123794841233834552e+00,-4.758115187616274167e-01
1.576465351946142901e+00,2.521209018956575565e-01
1.695575372126767899e+00,8.165366362432020519e-01
1.657089383745311562e+00,6.357648576859720180e-01
1.113124487269479213e+00,8.755012691304405736e-01
6.268315286733234792e-01,7.025399611159539592e-01
2.989205588232559663e-01,1.840322435721678529e-01
-2.223232254234549510e-01,2.399824239763589384e-01
-2.826329943374755738e-01,6.281405292529263287e-03
1.056890028110305801e-01,-1.417562012157838058e-01
6.536084268613938653e-01,-7.151962267075222257e-02
3.769061238899090727e-01,1.472601119249734025e-01
1.002757436307466325e-02,6.922552935746965896e-02
1.088365918305227720e-01,1.941639692898297354e-01
2.894870098520467283e-01,-2.355085004695167683e-01
6.051270311976573169e-01,-7.677282102112379381e-01
1.123794841233834552e+00,-4.758115187616274167e-01
1.361176523749417999e+00,-4.334264222721149751e-01
1.178266462822955551e+00,-5.741657961934407695e-01
4.720204562872434284e-01,-1.028694120813100188e+00
1.737983905712675234e-02,-1.253344132980262371e+00
3.788962262604918529e-01,-6.054357351167712897e-01
9.950086584050743532e-01,-2.638141066074958241e-01
1.200112685780558186e+00,-6.038033868966157236e-01
1.363954768530527994e+00,-4.679744265026394290e-01
1.569853361940066083e+00,9.742405288835144506e-02
1.589009919242245772e+00,5.062184457145550986e-01
1.210610163491445457e+00,3.706868924571660728e-01
1.358078004863697563e+00,2.350605893945805491e-01
1.530105962520947438e+00,4.581750935000762359e-01
9.903177217507916907e-01,2.429563477109084602e-01
7.338745008216247534e-01,-2.645033225436298208e-02
6.474174505275902547e-01,2.894559479468133967e-01
4.589447633765366130e-01,3.736387682593063087e-01
6.724643552084978992e-01,2.348237244711421090e-01
4.653923836874228059e-01,-2.462183020410406778e-02
-5.082070352666514385e-02,1.013175633215474825e-01
3.151809441212411866e-03,-1.041963301166148187e-01
1.108404772016227252e-01,-5.150616139705975760e-01
-1.148063915863307277e-02,-3.635743929632405114e-01
2.841408035475624372e-01,-4.699402822926745243e-02
4.855400656848631313e-01,-2.660781937933034969e-01
4.824096931810405997e-01,-5.479860341114591860e-01
4.824096931810405997e-01,-5.479860341114591860e-01
-4.645001152836656377e-01,-5.955161073139564332e-01
-1.233417374185987514e+00,-5.013890120751864909e-01
-1.020461022789832306e+00,-6.861360765414055152e-01
1.997457655492393958e-01,-9.980142677741724588e-01
1.828363813495237356e+00,-1.696867764568723791e+00
2.430865747198399873e+00,-2.093583670792308116e+00
1.828615489661276738e+00,-1.697909374530679694e+00
1.197876016243756059e+00,-5.849018615911032448e-01
1.240833865533098379e+00,2.367230538343799706e-01
1.061759610051797420e+00,4.890814843420412950e-01
9.290682322669290283e-01,2.994641009442394197e-01
1.358078004863697563e+00,2.350605893945805491e-01
1.566344387344608124e+00,-7.465200982238940908e-01
1.044591854708440515e+00,-2.043118125273196473e+00
5.128291713500029436e-01,-1.609203284635184694e+00
6.051270311976573169e-01,-7.677282102112379381e-01
1.123794841233834552e+00,-4.758115187616274167e-01
1.576465351946142901e+00,2.521209018956575565e-01
1.685769581427643216e+00,9.302398874812706220e-01
1.525847137473366200e+00,8.575027039143745533e-01
9.903177217507916907e-01,2.429563477109084602e-01
7.338745008216247534e-01,-2.645033225436298208e-02
6.971049804398730121e-01,7.646181957062814227e-02
1.284724460829111958e+00,9.007743691623615323e-01
2.070702820335687644e+00,2.208562082041245933e+00
3.128909790361143362e+00,3.430273234093337287e+00
4.037881147745033594e+00,4.090206289532669182e+00
4.472411856321468981e+00,4.164152755402719563e+00
3.970080131788431110e+00,3.481495316335572188e+00
2.498109639623292910e+00,2.068074575438098694e+00
1.115959373956183720e+00,7.383273453265166708e-01
4.251907097218232678e-01,2.095095178358407154e-02
1.199913926688742360e-01,5.733668638562270381e-01
1.975596839081536216e-01,2.042813346174717548e+00
2.502064534986060407e-01,2.879462827218658649e+00
2.933045943464244742e-01,2.811140151575922008e+00
8.523385562451516462e-01,3.486324504835737859e+00
1.660938319211602510e+00,5.048722984732836316e+00
1.738552209270300963e+00,5.910234610049477588e+00
6.526452441756800393e-01,5.522243758446357731e+00
-1.009563430300471021e+00,4.039130963009146313e+00
-2.193248162708490767e+00,2.113483001542609152e+00
-1.433337944211751092e+00,2.832630250222989421e-01
3.644827860374496575e-01,-6.051163601901341504e-01
6.316803422239167798e-01,-2.705888458493102000e-01
1.123461395095108006e+00,-2.401560230028958187e-01
9.938272481221196442e-01,-5.055948089482481533e-01
3.258388563229484558e-01,-8.789910135178771178e-01
2.917093843260573083e-01,-3.241215897442577543e-01
3.154100591212328775e-01,3.997521307629525178e-01
4.276997165346548835e-01,5.627796296983889057e-01
6.588579929137644564e-01,7.700543262262937727e-01
6.402538625815240581e-01,5.329282878746274266e-01
7.170211761380264059e-01,1.041802507175715320e-01
7.576078732965991769e-01,1.956729446271229453e-02
7.480893207844419024e-01,-1.199664461903256207e-01
8.054013810743210211e-01,-1.531914876507840251e-01
6.556507931594034444e-01,1.811337478746955221e-01
6.588579929137644564e-01,7.700543262262937727e-01
5.610323755530510770e-01,1.034397884380557908e+00
8.670485838814802337e-02,7.477258557126279515e-01
-1.827911074154810744e-01,3.456055787997736745e-02
7.249321646985615319e-02,-4.607675282187794208e-01
-1.538136594452912120e-01,-7.107265015578964062e-01
-4.665770062669838958e-01,-6.325005639060101714e-01
-1.549019157069261576e-01,-7.084555563270231726e-01
4.177818390062359999e-01,-3.623787016462813870e-01
1.017739187643769277e-01,-9.582225855512205293e-02
-1.712396333437065099e-01,9.152183115095609278e-02
1.975469331017805918e-01,1.839324809096476721e-01
6.585588616468031065e-01,-2.496685977361527142e-01
2.856939887662053312e-01,-3.555765848604683921e-01
4.347647138870859296e-01,-3.478575671670358083e-01
1.001799145098581256e+00,-1.892071402041497208e-01
1.044231587604370626e+00,1.168452302536137910e-01
8.947471338784904749e-01,6.363225679556354375e-02
8.141605249830876634e-01,-2.846141396367596887e-01
9.430260411220341421e-01,-4.590206083623123989e-01
1.001799145098581256e+00,-1.892071402041497208e-01
4.321623891533162287e-01,6.978936995697266887e-01
3.020455926639992739e-01,1.191542605028762747e+00
1.111947256114560245e+00,8.546585182437431705e-01
1.175383328594828747e+00,7.829494170659831997e-01
1.021023139129816792e+00,4.768027225858715301e-01
1.524372010647258247e+00,-1.789207033462717478e-01
1.882667472459428781e+00,-5.997951975740705155e-01
1.706981115170885355e+00,-5.295266963693453510e-01
9.799953617830704511e-01,-1.546348189805155371e-01
2.344376356175634779e-01,1.815936614196580730e-03
1.088365918305227720e-01,1.941639692898297354e-01
2.322051362940883712e-01,3.140122026690418955e-01
4.829544251249854869e-01,8.036750129836471579e-02
9.799813035596216526e-01,-6.661185449056660213e-01
1.234470943508348739e+00,-1.785295180591573772e+00
7.776206446146030071e-01,-1.611056155881779306e+00
2.765155761807907009e-01,-1.359883893340253225e-01
6.322835904553999464e-01,9.964129934817498313e-01
1.097380312982338735e+00,1.733707904473183126e+00
1.094521607702536370e+00,1.975493723999552698e+00
1.097084454686754862e+00,1.734523141380045042e+00
1.371251099081987723e+00,8.618967172947950006e-01
1.535504930163497317e+00,-1.627181818555251621e-05
1.235042613582910676e+00,-1.454271120849676968e-01
1.294522708639911812e+00,4.166537950836605719e-01
1.271375404023757483e+00,1.109736918307062226e+00
9.258433410177731027e-01,1.330026286976150773e+00
9.258433410177731027e-01,1.330026286976150773e+00
9.258433410177731027e-01,1.330026286976150773e+00
8.356785394256213140e-01,3.851172291328467945e-01
5.322683241276037203e-01,-4.436271047626487718e-01
5.322683241276037203e-01,-4.436271047626487718e-01
1.113481320477330172e+00,-3.473195857766929184e-01
1.235042613582910676e+00,-1.454271120849676968e-01
7.141008692083268272e-01,-1.588099904158203068e-01
5.580341170617114654e-01,-1.982657049348928446e-01
5.796634547227960121e-01,1.420537676906649151e-02
5.064524976519254595e-01,6.300456142080898547e-02
1.017739187643769277e-01,-9.582225855512205293e-02
-1.149343160114825402e+00,-2.801046603833299425e-02
-2.070204192376233543e+00,4.688837802313183256e-01
-1.620138589396959317e+00,1.152557393547813058e+00
-7.138285892321815096e-01,1.559218576981612481e+00
-4.065332536050434431e-01,1.349664815881495228e+00
-5.750370067527734719e-01,1.381453490606229906e+00
-1.135095050258524640e+00,1.693159960414565068e+00
-1.135095050258524640e+00,1.693159960414565068e+00
-1.135095050258524640e+00,1.693159960414565068e+00
-1.135095050258524640e+00,1.693159960414565068e+00
-1.135095050258524640e+00,1.693159960414565068e+00
-2.075741731260095424e+00,1.897702983953335032e+00
-3.283821859624651118e+00,2.255967755209264070e+00
-3.746876569305990667e+00,2.498237388741127329e+00
-3.091930993770828362e+00,2.188444118038415986e+00
-1.829501345454039196e+00,1.306061622721542470e+00
-9.418079011880468032e-01,7.312710381631102319e-01
-9.418079011880468032e-01,7.312710381631102319e-01
-6.370647542168277333e-01,8.933414149827764716e-02
-6.650274451509217977e-02,-5.714471835110120912e-01
4.474441562712543896e-01,7.600291380501611460e-03
5.575550805762851114e-01,2.956368906108842731e-01
-1.581196636811695033e-02,-1.059113141200270780e+00
-5.608191241037532165e-02,-1.189074881858659616e+00
1.358368165483432033e-01,-3.958581794709396529e-01
-7.409848193105969538e-02,5.321239871858645110e-01
-1.032324331940190770e-01,1.031401208045404250e+00
8.377612050383926867e-01,-2.417986014724986532e-01
1.934782883727040881e+00,-1.962949232921610720e+00
2.526444424279883361e+00,-2.978106805698756077e+00
2.359196580984359137e+00,-2.558891179313688369e+00
1.595768462914714414e+00,-9.444003933321359900e-01
6.516076602127828243e-01,2.933492779030439923e-01
2.171783524276288957e-01,6.901836659414954944e-01
2.735362587281706115e-01,9.671018947330347615e-01
1.896437573729920778e-01,9.745827308340635486e-01
4.440254409164429150e-01,2.280055617088072140e+00
3.990686914521691664e-01,3.678686319576335073e+00
-1.924042281532912790e-01,4.147065416040630836e+00
-7.193912462094428362e-01,5.040256750121677065e+00
-1.125455568590552069e+00,6.219643768720410471e+00
-1.140899189849969408e+00,6.632558333991210198e+00
-6.331378095440849396e-01,5.264315458490382404e+00
7.820064148006573845e-02,2.682386512911492993e+00
4.559475341932772707e-01,-2.673930414180468729e-01
-3.285898705608261139e-01,-1.712078906403055267e+00
-1.184668033847451563e+00,-1.262024639045346452e+00
-1.096698091983015821e+00,5.653175657427629286e-01
-5.594097275471479058e-01,2.126906181430183729e+00
-2.542640832714629928e-01,1.571931055248687370e+00
-4.401057257631948647e-03,9.271330218781350663e-01
2.867273398903985027e-01,1.019703978469912897e+00
7.648157941870199483e-01,1.426331763106676975e+00
1.032546108996065470e+00,2.199287604468652901e+00
8.616403185313109558e-01,2.789014371162512607e+00
3.083920191692786084e-01,2.785998843096855637e+00
-3.727038183643006652e-01,2.271822369011287091e+00
-5.594097275471479058e-01,2.126906181430183729e+00
1.696495417769512126e-01,1.678767445383769541e+00
1.794291382275378544e+00,1.506593775794086154e+00
1.672598863596206131e+00,1.278747542032946605e+00
1.509776548645461736e-01,-1.176298065436709450e-01
-1.099997988399469717e+00,-1.713751061222921201e+00
-2.264022484464057072e+00,-3.133482419631678617e+00
-2.393490578208379738e+00,-3.200330448098454461e+00
-1.373237512819507788e+00,-1.888473602241851790e+00
-6.281471052137683753e-01,-9.993543615093534171e-01
-1.337502333984476488e+00,-8.026123758620903326e-01
-2.524073703257189827e+00,6.941183278664297962e-02
-2.079055012053165452e+00,6.621330534020931635e-01
-3.476075481664095967e-01,7.952543753251737346e-01
5.596364783840960255e-01,5.033446592667933928e-01
6.008520803097932017e-01,-9.981811811969307224e-02
3.383166927979064376e-01,2.585844598677266015e-01
4.296657785434196408e-01,8.922862329648009183e-01
5.298757336553215902e-01,4.205006809285645186e-01
3.567851825854017056e-01,-2.860905700288256526e-01
6.259819228815987069e-01,1.674466305262218568e-01
4.296657785434196408e-01,8.922862329648009183e-01
-8.922341396984652118e-01,4.944521723707934746e-01
-1.477317774397032490e+00,5.270070695028725716e-01
-7.115038056892647456e-01,1.048775201815631997e+00
4.479250483070095629e-02,1.175692637721101663e+00
3.243380258409598316e-01,8.763510254943503996e-01
3.999969099116710836e-01,8.039233672030806632e-01
5.415339207542952948e-01,4.332325646681896569e-01
5.333180511770325705e-01,-2.341074540102583701e-01
6.215289054085061382e-01,-5.035862402218650447e-01
7.743715218778366438e-01,-7.372011783987473255e-01
1.234801656482883425e+00,5.535327548943890230e-01
1.735135417679081860e+00,2.849366515702882463e+00
1.461654341597327544e+00,3.647312469606684981e+00
4.726659338758089635e-01,2.523382189475948501e+00
1.217451429465066653e-01,1.217365038203068739e+00
5.858686940834905155e-01,7.228314959723977084e-01
6.928346072475525252e-01,3.737953471425842222e-01
7.472018380990342878e-01,2.325823913665027998e-01
8.292674565005738740e-01,3.024625599219685768e-01
8.603325470436526956e-01,3.430504222834931949e-01
7.659941600509894144e-01,1.522356846807276509e-01
-4.686996380001537399e-02,-6.211835358714006272e-01
-9.984676986184416458e-01,-1.185070242981347111e+00
-1.263311886999551881e+00,-9.782655453527884237e-01
-1.033193926478416458e+00,-2.107915829094506865e-01
-5.442432220214806771e-01,7.931303112135820177e-01
-8.804544078650031746e-01,1.647407093134557465e+00
-1.418155292778826126e+00,2.077881512117650598e+00
-9.361384916824290192e-01,2.330676257644930249e+00
3.176132832087875946e-02,2.468742992097913369e+00
3.245132633179003689e-01,1.951634261261502967e+00
-1.115474535440157261e-01,3.071434948490995853e-01
-6.281471052137683753e-01,-9.993543615093534171e-01
-1.821563315228092172e-01,-1.008374339879762216e+00
6.472365243335053142e-01,-4.549382401071159765e-01
1.087094566912780946e+00,5.552306068147493390e-01
1.079854004972986337e+00,1.450500110161763390e+00
1.024149664720241049e+00,9.880497745089180661e-01
8.362893972446563406e-01,3.286889735053951100e-01
-2.145853617643546096e-01,4.673322940675620485e-01
-1.162231636483551434e+00,-8.238889658371859048e-02
-1.463436193307950717e+00,-1.295372438129861248e+00
-9.780063409767387750e-01,-1.692171326523160158e+00
-1.979351072849202253e-01,-1.087430880390837018e+00
4.321231628893340559e-01,-8.556269424394036260e-01
2.039448872160256609e-01,-8.786458458980463959e-01
2.281866252494970937e-01,-4.510659318453752453e-01
6.899804218912007903e-01,8.830561574813781955e-02
7.637978400302550819e-01,3.386861446691624700e-01
4.501800302281665500e-01,9.278463397432616666e-02
4.934087714350934295e-01,-3.435601998837490845e-01
5.782495801886813336e-01,-4.014730154374345772e-01
6.046785089698708537e-01,-2.611772978858662442e-01
7.019419356804257326e-01,-8.498369889285777024e-02
7.627215364782583551e-01,-5.251084010972115745e-01
6.566411251686689043e-01,-7.172740494134729472e-01
1.378813037158727051e-02,-6.160902849145982740e-01
-6.219022194766212763e-01,-8.672994135032489060e-01
-6.219022194766212763e-01,-8.672994135032489060e-01
-6.219022194766212763e-01,-8.672994135032489060e-01
-5.261810334976748660e-01,-4.963920662099729486e-01
-1.744871039905812049e-01,1.309812697102892554e-01
7.523001634731046883e-02,3.601464830833781550e-01
-1.742176823749374548e-01,1.304380058471450998e-01
-1.062670227905756937e+00,-3.595851664893721100e-01
-1.190899381319462380e+00,-3.835333375998018490e-01
-3.590921098871376338e-01,-3.569870732408456093e-01
1.891311690170703608e-01,-9.844589078397651960e-01
4.831783418274647190e-01,-1.985746993104195779e+00
1.658265093245632482e-01,-2.144465247574744104e+00
-8.882431702330201295e-01,-1.414169452838802243e+00
-7.280217545597066353e-01,-6.207366843502900577e-01
4.459580797742671021e-01,-3.209168163524898643e-01
3.508115832922345523e-01,-4.753390019806952305e-01
3.201073711869977245e-01,-8.107557540419552122e-01
4.374539758938110201e-01,-1.068246367396941537e-01
-2.223035608234680618e-02,2.262117019711968324e-01
-9.883455035998116589e-01,-2.532047841377226827e-01
-1.363119088898806508e+00,-4.036914105966204480e-01
-4.618236310629952879e-01,-4.013771466523612941e-01
8.561145776402522001e-02,-1.024018156622003906e+00
9.838250869591950165e-01,-2.011007270893866661e+00
1.974882641236770153e+00,-2.623832687640771599e+00
1.537672759526961030e+00,-2.277660305335165170e+00
-2.767527845080198223e-01,-1.340768779566504643e+00
-2.905152533444393725e+00,-6.265600548518990287e-01
-4.506467837636247253e+00,-5.636195618028824184e-01
-5.222088343956222900e+00,-4.753745187929691585e-01
-4.604308218470798408e+00,-5.009166965505463809e-01
-3.983967670832561758e+00,-6.070285921952601749e-01
-3.172178311526704153e+00,-4.624014389321295382e-01
-2.405670293954292660e+00,-3.864203121866606194e-01
-1.479383273998265746e+00,-5.829048706189814411e-01
-8.661902637456639908e-01,-8.403059174084938077e-01
-1.196426600627189307e+00,-8.591483603056746521e-01
-1.815755145695757244e+00,1.554522413924260271e-01
-9.085585251450326583e-01,8.205359547114136065e-01
-9.753753599587657863e-01,2.471372603688925806e-01
-2.043176360370845046e+00,-5.638412404930106536e-01
-1.540856869485226932e+00,-6.077262248666485123e-01
-1.540856869485226932e+00,-6.077262248666485123e-01
-1.866304094424026783e+00,-1.033044781437357562e+00
-2.022008960500786490e+00,-1.117974720690582568e+00
-2.533754081221013088e+00,-6.659545293516285769e-01
-3.430149419809139566e+00,-4.647665374755121093e-01
-3.983967670832561758e+00,-6.070285921952601749e-01
-2.813675632963160922e+00,-9.626709022297210705e-01
-3.822756367078926631e-01,-1.267394221049889635e+00
-7.531798638550020464e-02,-8.962762876799790224e-01
-2.360748419195509040e+00,-6.224775814501729565e-01
-3.983967670832561758e+00,-6.070285921952601749e-01
-2.813675632963160922e+00,-9.626709022297210705e-01
-1.297709502845686869e+00,-1.392760113557320878e+00
-7.763257454901103527e-01,-1.240940608600744843e+00
-3.717494093654018505e-01,-6.152373016110301851e-01
-4.199429672120477686e-01,1.432914475864867088e-01
-1.231751755904835877e+00,6.157443744065413949e-01
-3.258622751106848625e+00,1.207273596225623802e+00
-5.600438374512878070e+00,1.725961755193349267e+00
-6.426846993967491706e+00,1.692223395612765247e+00
-5.435530183357561107e+00,1.291049131412667972e+00
-5.099132205908632365e+00,1.463401397289680661e+00
-5.881674101961127832e+00,2.263399847246640562e+00
-6.148028845050583335e+00,2.975957738988048717e+00
-4.548528816954224396e+00,2.803163235825656407e+00
-1.813417681033091977e+00,1.912943118208109361e+00
-3.349383611497831481e-01,5.881099725386109700e-01
-1.043008631805332209e+00,-5.903925214780738617e-01
-2.774802562613311263e+00,6.834635373182297580e-02
-4.920043037771130834e+00,2.146643512089760453e+00
-6.530432012143264409e+00,3.850585769366609235e+00
-6.825512161947653311e+00,4.303556340116537093e+00
-6.530146654606660661e+00,3.850721964771393502e+00
-4.676988211796073713e+00,1.991946830872706631e+00
-3.053965751333926448e+00,1.833376713531862934e-01
-2.539010741324679632e+00,-3.773981932657217708e-01
-2.043176360370844158e+00,-5.638412404930110977e-01
-1.822951015060420454e+00,-8.362296553524761755e-01
-1.916052425640246248e+00,-7.081527117856394327e-01
-2.043176360370845046e+00,-5.638412404930106536e-01
-1.822951015060420454e+00,-8.362296553524761755e-01
-1.916052425640246248e+00,-7.081527117856394327e-01
-2.043176360370845046e+00,-5.638412404930106536e-01
-1.822951015060420454e+00,-8.362296553524761755e-01
-2.874725485071386366e+00,-7.875214241718411223e-01
-3.983967670832561758e+00,-6.070285921952601749e-01
-3.113196386316316122e+00,-5.876381099952664444e-01
-2.267090217028723043e+00,-6.226184382116219940e-01
-2.043176360370845046e+00,-5.638412404930106536e-01
-1.506781872482523710e+00,-3.054107174962118476e-01
-9.901682638092814681e-01,-5.350877111693058685e-01
1.779517137173861063e-01,-7.408397315406246575e-01
1.779517137173861063e-01,-7.408397315406246575e-01
1.779517137173861063e-01,-7.408397315406246575e-01
-6.154122010993487990e-01,-1.332857009785416658e+00
-1.723124140774543012e+00,-1.930259673154285149e+00
-2.279567141843317657e+00,-2.079906668573704653e+00
-3.120563137987806268e+00,-1.312482085550233046e+00
-3.983967670832561758e+00,-6.070285921952601749e-01
-2.268912708351450647e+00,7.258577671705779277e-02
-9.422380159035108615e-01,6.722977175758076962e-01
-1.444857662820036248e+00,5.983712209177727975e-02
-2.043176360370845046e+00,-5.638412404930106536e-01
-2.288266807076137610e+00,-3.261025084735834079e-01
-2.288266807076137610e+00,-3.261025084735834079e-01
-2.288266807076137610e+00,-3.261025084735834079e-01
-2.288266807076137610e+00,-3.261025084735834079e-01
-2.288266807076137610e+00,-3.261025084735834079e-01
-3.213470416383267914e+00,-4.176002191078222459e-01
-3.983967670832561758e+00,-6.070285921952601749e-01
-2.846001882046304665e+00,-5.726028473863301604e-01
-1.437221615018591248e+00,-6.549136200712851741e-01
-6.999464634820683484e-01,-3.587829420855168649e-01
-7.288295100009403171e-01,6.449644831692132041e-02
-4.739868337688011302e-01,-1.807969676648065252e-02
-2.960172581701140185e-02,-5.365227706326950452e-01
2.980280645781276938e-01,-1.169569243332840180e+00
-7.948924335129856078e-02,-1.190282733751510946e+00
-6.219022194766212763e-01,-8.672994135032489060e-01
-1.206475656165870991e-01,-7.487071408528587213e-01
4.580660477996578162e-01,-3.480109319225863640e-01
4.343887864388470965e-01,-1.050188779456537741e-01
4.950808393828610154e-01,5.186212998169113103e-02
7.849030875811515706e-01,-2.593883527978631531e-01
9.399095515148193636e-01,2.969326061242552606e-01
8.952150218127692405e-01,1.498147874152836456e+00
9.426092579837194174e-01,1.909067039002859678e+00
6.980629598150042137e-01,1.989117731922699361e+00
3.884180541780529738e-01,2.362857476892909148e+00
1.536117206744332109e-01,1.333985441132647054e+00
-8.212974511278220771e-03,-4.022082180405153751e-01
4.734817661275014244e-01,-1.069670225414788067e+00
9.616399577747728467e-01,-7.896041558912110236e-01
8.300142577464759697e-01,-2.630089764241408945e-01
5.677228715763471545e-01,2.742664276076072771e-01
2.787686576623326640e-01,1.136319263952428438e+00
7.528480115255824223e-02,1.856055819930398254e+00
1.174876244181109197e-01,1.928229535503728886e+00
2.813754989645305127e-01,1.155813050194240965e+00
2.546207131868858942e-01,1.380902416308391611e+00
1.174876244181109197e-01,1.928229535503728886e+00
2.813754989645305127e-01,1.155813050194240965e+00
3.898361386229131087e-01,6.087364380832082505e-02
2.598904761725909229e-01,3.754610138709509326e-01
-1.973342712380289285e-02,1.355195373247646717e+00
-5.862848424131936742e-01,1.700801515450000023e+00
-1.118210937577094555e+00,1.093339586363378135e+00
-1.543243776036021142e+00,5.776692824516020675e-02
-1.120606334621359501e+00,-5.561867681555133780e-01
-2.081118721847340369e-01,-4.236807888054858195e-01
-1.462936559281240445e-01,-6.383437876826989488e-01
-5.444178546200083985e-02,-5.338578354819557559e-01
4.742887639127221222e-01,-4.705748568815734667e-01
2.172992378103206501e-01,-9.090035631057520327e-01
-1.804794763426219029e-01,-7.450356047581629948e-01
-6.866672366345055734e-01,-3.883853102887792619e-01
-6.727017133293065054e-01,-1.310940256782087143e-01
-1.912571105311909658e+00,3.579960414609269503e-01
-2.725318381693204728e+00,9.549118837275548666e-01
-2.725318381693204728e+00,9.549118837275548666e-01
-2.725318381693204728e+00,9.549118837275548666e-01
-1.993964037570075565e+00,7.046391218819882951e-01
-9.709038152611056960e-01,2.940417745279149120e-01
-2.773474727783401539e-01,2.734627255430502890e-01
1.636308247759453438e-02,1.229063176874228280e-01
3.811908826739962008e-01,1.746427859872940747e-01
-1.065165618978636125e-01,5.851274362397557161e-01
-7.955579598972982724e-01,3.838718862592156444e-01
-6.980615450768286046e-01,-2.633213763829221343e-01
-6.219022194766212763e-01,-8.672994135032489060e-01
-7.841935721354009736e-01,-1.167772273847970554e+00
-7.068350351787999752e-01,-1.102757478558828552e+00
-3.601605775841573709e-02,-2.439016853018591002e-01
9.283212033324379497e-01,9.453208948416320645e-01
1.620406141781491671e+00,1.594261866614553824e+00
2.336390861376670181e+00,1.969729571190352413e+00
4.408828681132695770e+00,2.511456550543690103e+00
7.034020747659113226e+00,3.103206312349521934e+00
7.958371412397747591e+00,3.205435715180729783e+00
6.916307170102012236e+00,3.255718725900693222e+00
4.601826578046773086e+00,3.481107100358769912e+00
2.043575433646225736e+00,3.556513673920204344e+00
4.320338550409690281e-01,3.109736891866081709e+00
1.089445848838738184e-01,1.924898439622124480e+00
-5.608662571543600317e-02,6.674271595434848603e-01
2.972062371146077381e-02,9.250978379456099576e-01
5.635047961128587524e-01,1.238596126395364871e+00
5.635047961128587524e-01,1.238596126395364871e+00
-2.835031742427291390e-01,8.757225543070045193e-01
-1.198445145727499161e+00,-5.144403570359192684e-02
-1.859918341014780374e+00,-2.331886319226187665e-01
-9.938826218227435616e-01,2.083186362829663185e-01
2.359983387373603553e-02,-1.779831378825329213e-01
-5.567548646980925442e-01,-1.170221945333201674e+00
-1.472416425949746976e+00,-1.404857090311316670e+00
-1.439757010932043002e+00,-8.684018258736475593e-01
-2.963923722041901243e-01,4.802300500711650932e-01
7.659677163598591632e-01,1.457206965014461897e+00
7.751387017438136073e-01,1.484850050050543713e+00
7.177920490799075681e-01,1.211094342577766714e+00
1.222966082029157686e+00,3.709532086635741188e-01
1.147381532633484635e+00,-5.669683424823627194e-01
5.408213803331429759e-01,-8.400156268420677641e-01
3.201073711869977245e-01,-8.107557540419552122e-01
-1.901525107812650772e-01,-8.525664120261071677e-01
-6.219022194766212763e-01,-8.672994135032489060e-01
-3.002737296440556869e-01,-1.010606694586042131e+00
-2.871813487984867241e-01,-9.493779776044213303e-01
-1.140313999018189417e+00,-1.998676839827603913e-01
-1.681019274612890468e+00,2.140220537451507365e-01
-1.786270973443993215e+00,3.325664467372791977e-01
-1.491007084444417430e+00,6.790723875733605253e-01
-7.115038056892647456e-01,1.048775201815631997e+00
4.479250483070095629e-02,1.175692637721101663e+00
3.243380258409598316e-01,8.763510254943503996e-01
2.845390245313629274e-01,1.028118060137573897e+00
2.443374822471460206e-01,1.676593033121193344e+00
3.154414645625710500e-01,1.868359854173918810e+00
6.785569271949105641e-01,1.722433049651711512e+00
1.014839893149139360e+00,1.289079122888144635e+00
9.627052980716143127e-01,1.040204213956664514e+00
6.754565587324170561e-01,7.583878768760905498e-01
-4.057786374784429911e-02,5.183083702233749479e-01
-8.065728590516875185e-01,8.064854112350261506e-02
-1.448975385290709683e+00,-7.870465173556133731e-01
-1.056091027547031880e+00,-1.516336735384656409e+00
-1.817096695472340262e-01,-1.470822123490484135e+00
1.290797291617408471e-01,-8.670139281565865108e-01
1.879725244101939363e-01,-8.967291893856559060e-02
9.158393877041673403e-02,-1.896870785996986053e-02
8.891052468253314578e-02,-1.287025631037640727e-01
-2.654768899569140972e-01,-4.194385394218074214e-01
1.593505553540204289e-01,-6.414912428292010027e-01
1.143965287465624536e+00,-5.331818546933935199e-01
1.357098002451479157e+00,-5.293836757837850904e-01
8.649284705948330210e-01,-6.081601027085856703e-01
4.321231628893340559e-01,-8.556269424394036260e-01
2.039448872160256609e-01,-8.786458458980463959e-01
-2.829071824903497956e-01,-1.440877202971625026e+00
-9.761628389559208197e-01,-2.018148562434820992e+00
-5.497509764927486220e-01,-9.175585490633170194e-01
2.788392592466817366e-01,1.389961289184107884e-01
7.402940020138520927e-02,-1.006547042041070761e-01
3.201460678659948794e-02,-1.109524301057592532e-01
1.522178724337555633e-01,-2.785778569470334642e-01
3.751982900240072305e-01,-9.896070054849692710e-01
1.699142627223153568e-01,-1.607010575361750959e+00
-5.646461277386046751e-01,-1.724134514946123131e+00
-1.622626477659892652e+00,-1.847487297134653650e+00
-1.617738188711555392e+00,-1.904725010396877138e+00
-5.595448036679261383e-01,-1.783866688616972063e+00
2.168128824091254403e-01,-1.077768481334882233e+00
4.708287104756829211e-01,-6.092693910626335585e-01
4.321231628893340559e-01,-8.556269424394036260e-01
5.829456930152693284e-01,-5.286940280363058298e-01
9.298379684136758305e-01,-1.086984330063585219e-01
9.518259799499239060e-01,2.017782032733199393e-01
4.686793589759553624e-01,3.473108032878681750e-01
1.911735651872829289e-01,6.996413382549743210e-02
2.891513608278757919e-01,-5.466904792886871922e-01
4.524473517081230578e-01,-1.166806452736001143e+00
8.884275594298546297e-01,-1.748308150874666289e+00
1.535907318470030480e+00,-2.348434297070652654e+00
2.134106242789524988e+00,-3.104947390215150538e+00
2.286733281364834003e+00,-3.563853701793267437e+00
1.842613537590897410e+00,-3.274991491732337501e+00
9.916456533829267617e-01,-2.275693229860333844e+00
5.839954418652569812e-01,-1.016556550951648319e+00
6.356860903484129466e-01,-3.184944012692844106e-01
4.742887639127221222e-01,-4.705748568815734667e-01
6.310883005986293870e-02,-4.982066235183197911e-01
-3.847888677786483469e-01,-1.163530980267310638e-01
-3.493186965584744175e-01,1.554474934341745218e-01
2.313941170736910080e-01,1.336550087116856467e-01
8.622322624606523211e-01,-5.183567261649517643e-01
1.181747708659077745e+00,-1.026902113547230044e+00
1.421881206563211153e+00,-8.875402566786835257e-01
1.362052171657735178e+00,-2.400213864740197711e-01
8.980058727315576306e-01,2.491204797801239157e-01
5.500966567729626000e-01,3.519913858670900564e-01
5.349401604925710929e-01,5.856890465827549463e-02
4.459580797742671021e-01,-3.209168163524898643e-01
5.524222014061525021e-01,4.518418107315880228e-02
5.982267135604055763e-01,2.294272024540233434e-01
5.073801907072449380e-01,-3.674385259846237317e-01
4.539466143846206947e-01,-7.146099506474962171e-01
-2.585203582842054981e-01,1.447915399016096727e-01
-4.432534050784758262e-01,1.215182472783675083e+00
1.299985625004403955e-01,1.429696249823420917e+00
4.274730610563044486e-01,4.057073312312985958e-01
4.650226948688042095e-01,-6.555071588193858156e-01
6.030066463296701595e-01,-2.361204197672910066e-01
6.503426718868829948e-01,1.899365153607210255e+00
6.038296598569237172e-01,4.023912916021306962e+00
6.280816035940630648e-01,4.169074042717892503e+00
6.942418615475216548e-01,2.358128495466332186e+00
6.350745059232925094e-01,1.844561182605657934e-01
6.989491863482781842e-01,-9.587298826832522103e-01
4.242550349639184759e-01,-1.240013526472423466e+00
-9.897849655727231077e-01,-6.683872260015082389e-01
-3.194442258669701218e+00,3.772318027356403869e-01
-2.774052670595985592e+00,8.154335212903592867e-01
4.774329826677590344e-02,5.835016664147539833e-01
1.507302818145299650e+00,7.029165310444193127e-01
1.183606103073701066e+00,1.091461892411150769e+00
-7.451261019474127167e-02,1.545566777119999013e+00
-1.033228507334476021e+00,1.710927387518909049e+00
-1.551605551109959569e+00,1.447609649604428173e+00
-1.615191483572858022e+00,7.500153024577951300e-01
-1.681019274612890690e+00,2.140220537451503202e-01
-2.531173835858555154e+00,-7.436580000151197245e-01
-3.488326012752418048e+00,-2.005400492227790821e+00
-3.499491770965097892e+00,-2.574613582479140739e+00
-2.397262566235772940e+00,-2.403974738340966866e+00
-9.084170620065966650e-01,-1.934134371447324918e+00
-3.100225751781174321e-02,-1.373045175984643596e+00
-2.113739192322865168e-01,-5.866016373478276646e-01
-5.814179790346304944e-02,2.260052211065258776e-01
1.262527298843257872e-01,-5.018967509199782073e-01
2.376932329049106507e-01,-1.403197187980100180e+00
5.773021328528461504e-01,-6.456057725123117708e-01
6.093702176028623629e-01,5.919804022135478627e-01
-8.361574864235435389e-02,1.754647451618618570e+00
-9.608370903201793878e-01,2.156273408918349510e+00
-1.159671427269645561e+00,1.921900630297934454e+00
-6.136061928651184161e-01,1.104079712257638235e+00
-8.152608361300783812e-02,1.366353565636284906e-01
1.245901853529716302e-01,-4.800623393216302270e-01
5.804167551758252497e-01,-6.032814367028148661e-01
5.811671212905680228e-01,-5.655650442377514464e-01
4.321231628893345000e-01,-8.556269424394035150e-01
1.227796947621713763e-01,-3.615327796609048017e-01
-6.661203785622613061e-02,1.894634399496212818e-01
1.894370822162425305e-01,-5.176739798108543900e-01
5.790515610953917980e-01,-1.974334508720533510e+00
5.990887595885490136e-01,-2.500478243354883556e+00
2.382781245953344007e-01,-1.891575327162133835e+00
-3.026009530366760569e-01,-1.418097527105239175e+00
-8.089444966293198869e-01,-1.806781660044847415e+00
-8.089444966293198869e-01,-1.806781660044847415e+00
-2.507646545487134948e-01,-9.097464147709227733e-01
3.633156877726646528e-01,-1.681682195750759945e-01
5.395687655479559641e-01,1.896877496130957019e-01
4.431613966913158786e-01,-9.492826821328476106e-02
4.321231628893340559e-01,-8.556269424394036260e-01
4.539466143846206947e-01,-7.146099506474962171e-01
5.961705850896392711e-01,-4.063290451350374810e-01
8.590890332786512706e-01,-1.667041664967261472e-01
7.867889084685020240e-01,-3.177693899759668761e-01
4.321231628893340559e-01,-8.556269424394036260e-01
1.656203678359847442e-01,-1.012251018467198671e+00
2.176446652252645164e-01,-8.358826123792640894e-01
1.531882242661770921e-01,4.072791831785992078e-02
-8.225095879760290218e-01,7.777348301324252811e-01
-1.784722619178634950e+00,1.283358914109619775e+00
-1.686834543233579842e+00,8.665228703866740823e-01
-7.839833320772466863e-01,3.283221843241345556e-02
-1.191894798156166307e-01,3.006830581798044730e-02
3.537098538144508586e-01,3.404503314695986327e-01
3.341246804294242811e-01,7.244442757280257217e-01
-3.379157382277037658e-01,1.246702760018092215e+00
-1.214938220272235636e+00,2.335782529834341759e+00
-1.673539587991714539e+00,3.735765868225007669e+00
-2.042321770967499006e+00,5.084374920403459619e+00
-2.309340564823970876e+00,5.607003693184078763e+00
-2.607701828904042340e+00,5.146367292127810522e+00
-2.761495794629194922e+00,3.905678956349085684e+00
-2.488319151270069973e+00,2.397568916893203284e+00
-1.753801872976216369e+00,1.608724280480882785e+00
-8.496414772972185059e-01,1.501047223301680056e+00
-1.030713940659038069e-01,1.162916349903481583e+00
2.736614943454990234e-01,5.514200166991228835e-01
1.072224723072550262e-01,5.956130031809301340e-01
-2.325346797789833719e-01,1.029532862205125410e+00
-2.907881463653246845e-01,7.013706750962683811e-01
-5.093078494062235062e-02,7.636757509459242144e-01
2.384883007335855121e-01,1.522479963767652711e+00
3.274891430165860484e-01,1.680644766178059912e+00
3.023160001213225367e-01,1.522610421749818421e+00
4.415692637998451797e-01,1.474768888838181136e+00
7.098636776722955233e-01,1.189383123699643496e+00
8.072694790868530923e-01,6.325062614622536383e-01
4.516630212003663880e-01,-6.754720945347032768e-02
2.348592934069805016e-01,-3.027145915027433798e-01
4.516659591410359109e-01,-6.721965366026325106e-02
9.416662053046556125e-01,6.477615794055882614e-02
1.528741387280842190e+00,-2.363349799662265716e-01
2.108971558669766821e+00,-6.197296097125266634e-01
2.101732009689782910e+00,-9.204358186663059715e-01
1.490217484963802574e+00,-7.939830363502545785e-01
8.757582373669768883e-01,-1.736115515973788159e-01
9.060027355162216800e-01,1.308952400916480463e-01
5.565958666483635797e-01,-4.376013984937213719e-01
-4.665661200717932666e-01,-9.384429954017693420e-01
-1.175937377546110163e+00,-8.494379035889354501e-01
-1.291693269269841959e+00,-3.002810528252229383e-01
-5.867402324466599595e-01,2.777130866326034675e-01
4.514050189107600142e-01,3.447703977298004485e-01
6.138262034582541160e-01,-1.241523784493210741e-01
9.631269185967225033e-01,-5.145141014421482639e-01
1.211825148756527026e+00,-2.552086661579981985e-01
6.546258160206595011e-01,8.745915933450911783e-01
2.126088482346484565e-01,1.836973276176988135e+00
3.185085470337554181e-01,1.792676659080549850e+00
1.244567836309483783e-01,1.425494521079891941e+00
-3.657045933172796137e-01,1.214725835425233491e+00
-2.144438131951913462e-01,7.416340685125855092e-01
2.782063239820738998e-01,2.728890777068866402e-01
5.040504687201935452e-01,-1.473545075444871455e-01
7.047441638081153314e-01,-2.165221971418558045e-01
9.220596876556205190e-01,-5.156512306791570521e-02
1.567353514507722645e+00,3.180004353805225836e-01
1.788904597038961652e+00,6.125940514482614008e-01
1.813123335219153587e+00,6.516246295992429438e-01
2.025256882003505510e+00,6.083906060548290862e-01
1.806708008550887756e+00,4.949449719165016637e-01
1.142060484979987356e+00,2.225524329688138292e-01
2.489546976474616979e-01,4.693866569913562187e-02
-2.488197499997895912e-01,5.961795368481116048e-02
-2.319909705259796950e-01,-1.153233522681888432e-02
1.400861269619757266e-01,6.362829034408708055e-03
6.805228948282152635e-01,-7.606771083436671133e-02
1.049772908601162014e+00,-4.401141823682864218e-01
1.135741688059764831e+00,-7.224673074157225150e-01
1.233775962242898760e+00,-8.564863920819705267e-01
1.183936879420599775e+00,-1.042481904707082352e+00
1.328666939521674362e+00,-8.220964072077789897e-01
1.472424617685567316e+00,-2.758251848261126238e-01
1.259290559910409391e+00,-1.296964355044675707e-02
7.369426142847340655e-01,-6.627194794232917074e-02
8.627325867268779980e-02,1.382730248106699422e-01
-3.821207807178603200e-01,7.082033177774325061e-01
-3.894647640499316332e-01,6.643532352890835213e-01
-4.835999394330415813e-01,4.431465192840305933e-01
-8.448401156093345854e-01,5.923337365461853743e-01
-3.295297404865066837e-01,3.546075228163967363e-01
6.805228948282152635e-01,-7.606771083436671133e-02
1.301490083309993384e+00,-2.038792875753357714e-01
1.339880562047641943e+00,-2.626527184756088928e-01
8.486336058987403730e-01,-4.077805569413190390e-01
2.817781339552420938e-01,-3.604641412322422411e-01
2.253284736940756872e-01,-3.835224525137764240e-01
5.207342529013919696e-01,-5.077888340997405159e-01
6.057365256046012281e-01,-6.040396252813686750e-01
4.321231628893340559e-01,-8.556269424394036260e-01
2.638663374003606954e-01,-4.634581461397376811e-01
1.563005252416413970e-01,-2.221460164424844119e-01
-2.744026679146975289e-01,-9.095263796021270108e-01
-2.744026679146975289e-01,-9.095263796021270108e-01
2.611834501337377268e-01,-2.316286543725794012e-01
4.699477146685215878e-01,-2.919317399575128147e-01
3.844135931833694286e-01,-1.447382700406103506e-01
1.782200124097279847e-01,-1.859695875369701476e-02
2.418227230253487126e-01,-3.201368996952738688e-01
4.321231628893340559e-01,-8.556269424394036260e-01
5.804167551758252497e-01,-6.032814367028148661e-01
1.141579031546611223e+00,-2.835397589928761453e-01
1.561399127577250967e+00,-1.618551544026372579e-01
1.161343972605469288e+00,-2.566366449939444516e-01
6.324168753104099094e-01,-5.137899466966211470e-01
1.779517137173861063e-01,-7.408397315406246575e-01
2.294006863492663029e-01,-9.693389858574152917e-02
1.024542931594614181e+00,8.460582754185996812e-01
1.115959373956183720e+00,7.383273453265166708e-01
4.251907097218232678e-01,2.095095178358407154e-02
-1.709724696831460902e-02,-4.842927182202048098e-01
-5.396719889440357992e-02,-6.347449724751499378e-01
2.596439577628377737e-01,-3.955916953633251132e-01
4.742887639127221222e-01,-4.705748568815734667e-01
2.877175509595847891e-01,-5.412645803620759200e-01
1.777645880220581065e-01,-2.921651869438869897e-01
-8.958473275441028449e-02,1.419807775087352786e-01
1.460919003861180510e-01,2.401893882196276531e-01
6.546524768424999419e-01,-2.170348866332193483e-01
1.156734527848315874e+00,1.017782104174455027e-01
1.352988925144265275e+00,3.919191242671905551e-01
9.518259799499239060e-01,2.017782032733199393e-01
4.686793589759540302e-01,3.473108032878683971e-01
8.039853558335008019e-03,4.967226564162723901e-01
9.805508254063012574e-02,1.249472736421576080e+00
2.849337782697931032e-01,2.272544816923560251e+00
8.489364199430815550e-02,2.594499176451722011e+00
-2.793170850350531476e-01,1.969214277561555315e+00
-2.836673841903064042e-01,7.921703519420787432e-01
-8.492321299400373835e-02,4.832268615112329108e-02
-2.070237485465183658e-01,-3.211052130031654128e-01
1.648006943910575173e-02,-6.165146718748014676e-01
2.496479160680291631e-01,-4.469460636222686301e-01
1.274059940421314596e-01,-2.588666161708406133e-01
3.074523595084560634e-01,-5.464307688999684443e-01
4.321231628893340559e-01,-8.556269424394036260e-01
4.539466143846206947e-01,-7.146099506474962171e-01
2.696693506935227136e-01,-4.288749200516375759e-01
4.712622848742581416e-02,-2.185573176681090690e-01
8.073938284235801510e-02,3.479126761822933650e-02
2.966368252632751168e-01,1.009574261302299270e-01
4.453951429212906210e-01,-2.276001194496978242e-01
2.069225276079528775e-01,-5.723268186657368695e-01
9.072950509365029087e-03,-4.312488365153893111e-01
-5.830748966354392521e-02,-6.257402489151078218e-01
-3.799653839995115745e-01,-1.197533039379632402e+00
-1.155289106454917336e+00,-1.285954932689236774e+00
-1.543096467482933942e+00,-1.564515363748658183e+00
-2.098758319144307993e+00,-3.421083489005084299e+00
-3.176351677826827924e+00,-4.959035481072061380e+00
-3.608118268951000296e+00,-4.670307877028968768e+00
-2.985333656107308720e+00,-2.889145810549644366e+00
-1.573875484828583637e+00,-9.599000971764712897e-01
-5.255790161872151423e-01,3.366742322657290676e-01
-2.137330232892951376e-01,7.633271037100296530e-01
4.708268916100155077e-01,5.720103566730361244e-01
7.590834342678915991e-01,-1.376841005904475002e-01
4.394948662047596932e-01,-7.005684587892714310e-01
3.266400768616375960e-01,-1.001725690825768345e+00
4.389163639066608336e-01,-7.002227369444955496e-01
4.705076049674938310e-01,-4.238563339425754362e-01
3.014288197927761370e-01,-4.400653167650929731e-01
1.686182196680098000e-01,-3.014812062097689260e-01
-1.381168135105584338e-01,-2.972585861655947792e-02
-1.909806648717152777e-01,1.099458123274264787e-01
3.459833704852882663e-01,1.138358490180991500e-01
7.157827016197197967e-01,1.323369929660810074e-01
2.676906761083759356e-01,4.259255399553463217e-01
-4.275758689332368467e-01,1.100243819327582750e+00
-2.295635667581733541e-01,7.629751004203274567e-01
2.872811430723268278e-01,-6.369164996511902932e-02
6.286894960203862071e-02,4.062128732894541017e-01
1.453671036369287850e-01,8.096947723922518492e-01
4.031604827033372085e-01,6.483798026805521753e-01
7.077447468625840399e-01,3.005005630303481112e-01
4.511393679553493130e-01,-2.979290313780916244e-01
-3.187715985970065447e-01,-1.367263565739691433e+00
-8.148976316803321351e-01,-2.391832781597330815e+00
-9.072059728390615696e-01,-2.640264146635979081e+00
-3.415018323071375428e-01,-1.998092146910146250e+00
2.213595165060716352e-01,-1.168031731825631692e+00
5.350241406893876395e-01,-9.287310403404409609e-01
6.374726072714578251e-01,-8.857785859140449025e-01
4.321231628893341115e-01,-8.556269424394038481e-01
4.321231628893341115e-01,-8.556269424394038481e-01
4.319240154825184086e-01,-3.271399529909210235e-01
