4.071890509526085111e+00,-2.398926279262195482e+00
3.558815483086391840e+00,-1.759365044169474590e+00
2.343862652456147888e+00,-6.656701305050101158e-01
9.645692307073578942e-01,-5.615101203966937904e-02
1.773433781928910047e-01,-5.365356702404075473e-02
-3.382267731413330369e-01,-9.162229893188968133e-02
-1.207801542347310297e+00,-3.774964178078692445e-01
-1.553679646592855734e+00,-1.713795955645480484e+00
-1.465240800043642766e+00,-3.534575027367455213e+00
-1.609995769650743869e+00,-4.696826294019976089e+00
-1.796036041479320167e+00,-4.714308798745993734e+00
-1.641064755394527230e+00,-3.821901542892020665e+00
-1.022107596063073887e+00,-2.619044732531830011e+00
-2.464270606829616905e-01,-1.667294421866214682e+00
2.444718994941599832e-01,-1.133584034385649142e+00
2.418008450867622505e-01,-8.499736750830678700e-01
3.047471979816941956e-01,-3.312876287761291061e-01
3.888178380043315618e-01,3.759218680841256138e-03
-6.432842613024666312e-01,-2.475220635509688127e-02
-1.873010486058393154e+00,-8.687852342509591597e-02
-2.459895320469868363e+00,-3.405211383808421921e-01
-2.299945242686399549e+00,-4.955295947031834181e-01
-2.020063285248445251e+00,-2.398110931109219413e-01
-2.172165812463043633e+00,6.328806738636288953e-01
-2.484303690109483043e+00,1.592310524357003265e+00
-2.329331576290151418e+00,1.975803018166989222e+00
-1.793885427411507916e+00,1.660936477619651352e+00
-1.005362038438480043e+00,9.983771449649839758e-01
-3.558882903060657799e-01,5.183562939705791406e-01
5.475533261134459817e-01,4.517907298226460089e-01
1.336636919996209594e+00,5.873788750195854114e-01
1.615167427110302478e+00,2.862842377385340642e-01
9.645692307073552296e-01,-5.615101203966723492e-02
4.291140628515581756e-01,-1.688806604609068701e-02
5.397291372459064318e-01,4.750514372339156854e-02
2.984671444664915851e-01,4.978237674743116736e-01
-4.885880290461550729e-02,7.810745902931949258e-01
-8.312507185880163574e-01,9.185462257115069029e-01
-1.687031234862949924e+00,1.358792353874112901e+00
-1.836276937219660343e+00,1.526461078712901154e+00
-1.602383849258117943e+00,1.430760947189958054e+00
-1.423071114122341552e+00,8.347742563497946300e-01
-1.380718760730905714e+00,4.728798522593137266e-01
-1.247294654233992883e+00,6.462786770358608379e-01
-7.694803918414916399e-01,5.587512815117362530e-01
-1.411504870154000335e-01,2.076003287123629470e-01
1.502638980292211046e-01,2.302461196449754333e-01
-7.626231921708691297e-02,6.525550784594102982e-01
-5.023913241010015129e-01,8.054597868816849582e-01
-1.177496873380092568e+00,5.658045069315128517e-01
-1.475282793776984791e+00,3.613638942529151521e-01
-9.439044773714884151e-01,2.199578870090803107e-01
-1.556049726587839174e-02,-2.172157023259105035e-01
4.787965597027972198e-01,-3.278767648728340700e-01
3.275508996278706508e-01,-7.054444070036813841e-01
3.264530390379067337e-01,-1.667942749427304694e+00
5.277280462706118030e-02,-2.246682157332879015e+00
-3.597678712333248208e-01,-2.209804018636106093e+00
-6.741909779153999471e-01,-1.935056414821968440e+00
-8.599182303609644862e-01,-1.761722020278067236e+00
-1.064687569951648483e+00,-1.648964373088683599e+00
-1.342222193549042597e+00,-1.346095371773347260e+00
-1.573467129695403255e+00,-9.046491978943407286e-01
-1.639393211495686398e+00,-2.645372829543246596e-02
-1.452766782739249862e+00,5.514320290023463356e-01
-1.210549374601212591e+00,9.932061722233764822e-02
-6.707866546312365452e-01,-2.864803405283294913e-01
-1.040122001770715926e-01,-1.005774709414190282e-01
-1.777297222855515890e-01,-4.126910994528871779e-01
-4.215103824131775645e-01,-1.244152814821005482e+00
-2.810338260506626273e-01,-2.148222413285254095e+00
-2.088493604964285211e-01,-2.583939485435092998e+00
-3.417529628094537197e-02,-2.194654170423008033e+00
3.619263344675255900e-01,-1.247683518247111767e+00
3.042454656956677939e-01,-7.381353031855680813e-01
-1.998327885858283137e-01,-9.122047341320406177e-01
-4.659217224364278764e-01,-8.299568574718424463e-01
-9.386090751701670065e-01,-1.975273011693889913e-01
-1.224119967514909924e+00,1.986302179282285751e-01
-9.306786800860218367e-01,-1.015037764184026636e-01
-6.401054676328642445e-01,-3.182349269414848636e-01
-4.601333679555748013e-01,-3.275010420296221580e-01
-1.980616003718308205e-01,-2.441652664208768808e-01
4.990500503113461800e-02,3.593823071321113755e-02
2.467132189869792880e-01,5.985210745569381485e-01
3.333049195329726988e-01,1.385377409657669867e+00
-1.973284206037407007e-01,7.519036849383287091e-01
-7.830006678233510931e-01,6.545384882463743670e-02
-8.452337916688252850e-01,4.079775236330585586e-01
-4.667618140032522289e-01,5.731405280930351731e-01
3.255695330345346195e-01,5.027914011733070065e-01
8.492613553475135690e-01,4.044235730664648143e-01
8.506550438806486092e-01,4.423741031198544227e-01
1.009241050854938315e+00,6.555368082714387867e-01
1.144455842961091374e+00,6.092208362572176794e-01
1.151148018513690863e+00,-8.587231451366741930e-02
9.030379465320248489e-01,-1.139327725413023407e+00
4.752484529849758665e-01,-1.837125604370954068e+00
2.499073054305523192e-02,-1.703563134887218666e+00
-3.021759470046050389e-01,-8.642506356212071861e-01
-5.331481548741728860e-01,1.600210646796133007e-01
-7.031686595931495587e-01,9.194040789935202795e-01
-6.749574623854279753e-01,2.328929223557730244e-01
-6.404725143252056885e-01,-1.924099439823545366e+00
-8.570999324213084414e-01,-3.672052849431131971e+00
-9.877344528198439555e-01,-4.109500513887994977e+00
-8.569931272266246847e-01,-3.671091613393986375e+00
-3.646568366895586166e-01,-2.409556322685159291e+00
1.466360587852029440e-01,-1.100560078437876843e+00
3.440162313558515761e-01,-2.060203809202530989e-01
1.553135141795967955e-01,5.706185270999974968e-03
-1.170756476520996014e-01,9.164989669282433415e-03
-1.078669253754633850e+00,-7.221573615527114576e-02
-9.352142077294626210e-01,-2.030214156392694536e-01
6.032417226536579413e-01,-1.551783023231363967e-01
1.349074211748544583e+00,-4.373628443261133314e-01
1.003509395548866534e+00,-9.410557684054069449e-01
1.685761876522975933e-01,-5.238891612385396801e-01
-2.972587016357529643e-01,6.798505802649351670e-01
-4.877719326206040318e-01,1.415253059955492887e+00
-5.702120268128406666e-01,1.283009420713034254e+00
-4.595802299380796208e-01,1.044028999584649009e+00
-8.248861980975193131e-02,9.074718085317521332e-01
2.126225555395667433e-01,4.282404467392517677e-01
3.653875269226365165e-03,3.040091658222713322e-01
-5.010380740785268516e-01,2.072762631093650609e-01
-6.952586790197391453e-01,-9.617744806137833169e-02
-2.950025532472059231e-01,2.242687659410176060e-01
1.995174025073559454e-01,4.828382818709872626e-01
9.817642653903776440e-01,3.072250952567179838e-01
2.378173309089351761e+00,7.347314918222656865e-02
3.601248568147662255e+00,-1.789231630424215624e-01
4.086283638671467600e+00,-5.520734643045519530e-01
3.627544122103763868e+00,-8.750739698838627678e-01
2.435033573741655744e+00,-9.007716871789827051e-01
1.119472185535379527e+00,-6.418317626932096287e-01
2.666427081450013503e-01,-3.054716533822858238e-01
-2.263342052227319268e-01,-8.623746056256302583e-02
-4.206039862065313883e-01,-4.490935999651775312e-02
-4.329125292007174886e-01,2.186501683717256561e-01
-5.010380740785268516e-01,2.072762631093650609e-01
-6.952586790197391453e-01,-9.617744806137833169e-02
-1.017368449421979099e-01,1.856722410766702691e-01
3.715822406850748383e-01,5.468575315837836959e-01
3.516077206834220537e-01,6.868033744644433947e-01
3.671187514418007836e-01,9.005888309092734412e-01
3.333049195329726988e-01,1.385377409657669867e+00
2.667482525245334912e-01,2.055098174164267100e+00
1.934080156523005634e-01,2.648669191281044277e+00
-1.478556695846229736e-02,2.444180183858685851e+00
-2.328608820114350386e-01,1.299860152223250243e+00
-3.278802304844676690e-02,1.721473626053985351e-01
2.448395100804682256e-01,-5.326853043290475931e-01
2.891305391165157612e-01,-9.933724595510255995e-01
4.386587495628272437e-01,-7.284237217175645318e-01
7.077501697356844979e-01,-8.521934898090212374e-02
5.768637291049633076e-01,-2.973302609216546544e-01
1.138716724892013289e-02,-1.224157695380590383e+00
-5.550387491243162774e-01,-1.591898608402397386e+00
-9.652578871137067473e-01,-1.309056757489006406e+00
-1.120614317092257561e+00,-8.513549308144563454e-01
-1.037275321482283852e+00,-6.173807926754517617e-01
-8.291569737339131718e-01,-6.586882532155889924e-01
-4.852422141869312533e-01,-3.236572098121884289e-02
-2.663984363715041770e-01,1.077313856987793361e+00
-3.914371732482933575e-01,1.610772497752944066e+00
-4.921309191714376419e-01,1.491761968636356128e+00
-1.715159495329370842e-01,1.044624815089055803e+00
5.585169691886096022e-01,6.702267442544709297e-01
1.452470402662205506e+00,6.991453723376586105e-01
2.091908120830358708e+00,1.090403520117230629e+00
2.208676934237822742e+00,1.464321762740635302e+00
1.811166929235464629e+00,1.399160661383158422e+00
1.245530209785040032e+00,8.946096974837586258e-01
5.860958542855815301e-01,4.051711995848278347e-01
6.738486156694030449e-02,2.528950502703734005e-01
-6.357138811187901251e-02,2.661162741521743147e-01
1.154269459198041109e-01,4.228849285399304270e-01
8.409273005677456864e-03,3.927007758718277231e-01
-3.650474404616263491e-01,1.526961339606630330e-01
-6.952586790197391453e-01,-9.617744806137833169e-02
-6.798951351588984338e-01,-1.433572973608623624e-01
-5.933782873748838504e-01,-2.122423485853150715e-01
-5.988256387660897406e-01,-2.068508723908206171e-01
-9.885698223051730960e-01,-3.784219314334840156e-01
-1.599477234884346455e+00,-7.850494187795763468e-01
-2.152213937735993010e+00,-1.092055737639219704e+00
-2.189115736448268290e+00,-1.150582282671060330e+00
-1.648670439552543110e+00,-1.116964036190986498e+00
-1.106119196092597790e+00,-9.140223493392009013e-01
-7.568098466521044898e-01,-6.891774909401257032e-01
-2.357193590271352557e-01,-6.490884001530133895e-01
1.850242814781280776e-01,-6.033195798164159296e-01
3.468119882334603776e-01,-4.975066530678257104e-01
5.492880734841800727e-01,3.411676297311180273e-01
5.669442792859655800e-01,1.100122798730954532e+00
3.333049195329726988e-01,1.385377409657669867e+00
2.667482525245334912e-01,2.055098174164267100e+00
1.593783380844171482e-01,2.194724561492364501e+00
-1.063728695404687896e-01,1.635872094053028913e+00
-2.445487933043464235e-01,1.084999246614733570e+00
-1.758515935114326467e-01,8.066973973163930056e-01
-1.510874088889037348e-01,4.106763440510514673e-01
-2.904215883312019630e-01,2.737227676452961764e-02
-5.273112653561673469e-01,-1.165114477626338629e-01
-6.513509229614189433e-01,-5.019054448010056291e-01
-6.117977871735054141e-01,-9.245467499659620891e-01
-4.817701024315923508e-01,-9.346212389837147416e-01
-3.036727643103197538e-01,-5.221586527082044960e-01
-3.243251290542830123e-01,-2.468285578539090031e-01
-4.004549164348746304e-01,-5.774295761257240873e-03
-3.904165833983662126e-01,4.527349280903641415e-01
-4.973043356738398035e-01,7.606989367702213789e-01
-8.162290525141954189e-01,1.933725153293372745e-01
-1.251207966530141213e+00,-6.360554008724648156e-01
-1.709557858896020521e+00,-6.124684950917700377e-01
-2.104243512956727624e+00,5.962793622329051052e-02
-2.252236509780106921e+00,8.138611192266202998e-01
-2.223985886076744745e+00,7.821511516112166218e-01
-2.074187027686192675e+00,2.589097577352347454e-02
-1.312704702882489860e+00,-1.211942747141458332e+00
-1.222210830813534321e-01,-2.739308757139103268e+00
1.080878851859696121e+00,-4.009863102831618065e+00
1.988301621311383327e+00,-4.453465268634675844e+00
2.384878840557458357e+00,-4.059229796803831114e+00
2.168358152870639710e+00,-3.142575621022028809e+00
1.477987585361526301e+00,-2.199691626788466525e+00
6.187471072870469602e-01,-1.356948494577785214e+00
-9.408203717449822867e-02,-6.848052559077061341e-01
-8.451067163718947173e-01,-7.340502318873436405e-01
-8.160503370641619680e-01,-1.696461945895576751e+00
-2.910445114315386439e-01,-2.180408990242529654e+00
-2.875933274054751632e-01,-1.809815930332749678e+00
-5.709433124671071669e-01,-1.104341965738241393e+00
-9.332778530407765949e-01,-5.868997847567948289e-01
-1.148497638665587628e+00,8.916605985248199362e-02
-1.153659956780467732e+00,8.585731448477873506e-01
-8.744051202095273201e-01,1.203718171707695239e+00
-5.183017755156362760e-01,1.225667083705090699e+00
-2.871243066459621129e-01,1.232292388170766362e+00
3.172151305150439776e-02,1.347119618668905616e+00
2.201773730446895672e-01,1.660156180417875493e+00
3.078116582140591473e-01,1.413075636855592787e+00
-1.530287854615256793e-01,1.062327494634653702e+00
-1.171105397646475144e+00,1.167982577333428917e+00
-1.934122759032537830e+00,1.079987280994280319e+00
-1.924312699451852904e+00,6.955195964131075659e-01
-1.243622790321420091e+00,2.247802120037378781e-01
-6.952586790197391453e-01,-9.617744806137833169e-02
-4.099102824333112349e-01,-7.951280401955963806e-02
-1.462956992353447450e-01,-2.757121309456893321e-02
8.214816036637692664e-02,2.470031575022711701e-01
2.103260751124612915e-01,7.274399395802240154e-01
2.631744949671936951e-01,1.313395862482040100e+00
2.454676286162822685e-01,1.542252436942316285e+00
3.345655223402483336e-01,1.630761962326274572e+00
4.159879744109948874e-01,1.554162250640074960e+00
3.788565522733318702e-01,1.297188515820468790e+00
2.023732687061114977e-01,1.033450765662800697e+00
-2.568354117046042218e-01,1.067752271013437282e+00
-4.853109461552783666e-01,6.812148717449181268e-01
-2.584273234264721220e-01,1.084689036179759813e-01
4.635856299521071144e-02,3.333102228081543106e-01
2.427552310250175871e-01,1.167995590661208699e-01
3.383964315902381337e-01,-5.501325488527428753e-01
5.559203098079123356e-02,-1.130240800563131032e+00
-3.234927112053351261e-01,-1.421921483747422110e+00
-5.763379749427069987e-01,-1.217913048355210304e+00
-8.717765390026027683e-01,-8.040074007230902930e-01
-3.442953105297532623e-01,-4.875109317395049380e-01
2.882802674906226881e-01,-2.680326869191335670e-01
1.246189854895872334e-01,-1.321372577250005398e-01
9.108682607272888115e-03,-7.897421638030741042e-02
-2.586909168030098183e-01,-8.412669981814385745e-02
-6.669375948286271338e-01,-2.855321698201423453e-01
-5.547012369375355911e-01,-9.094722381463084260e-02
2.452810233885497904e-01,4.013051425862616539e-01
9.146104796629462852e-01,6.103412909370625750e-01
1.216714331528857329e+00,6.266194149736431518e-01
1.119583960100861031e+00,5.862401673159594040e-01
6.965935184282866510e-01,4.254188574784507626e-01
2.955014404350085333e-01,2.118619042675393693e-01
4.635856299521065593e-02,3.333102228081543106e-01
-3.208091656666988700e-01,1.549363203789382082e+00
-9.848194352503356619e-01,3.310854178504035072e+00
-1.299315529778543921e+00,4.239545429455074732e+00
-9.826323390776652289e-01,3.905004137190217328e+00
-2.349421417347137830e-01,2.653152129001207005e+00
4.248427635001965075e-01,1.359513305654205473e+00
7.450392081595919036e-01,7.077894884960040933e-01
1.753035441939955863e+00,9.050623803097084252e-01
3.130887739206507980e+00,1.647462164272646357e+00
4.344247945034140912e+00,2.081751830751182641e+00
5.066906566927285915e+00,1.972454233325787509e+00
5.520752336996055831e+00,1.644921855483479911e+00
5.736855597350800195e+00,1.514065237423224186e+00
5.805611018151573433e+00,1.784529813695740819e+00
5.781502627656731619e+00,2.046045626561030062e+00
5.781502627656731619e+00,2.046045626561030062e+00
4.327282589218595099e+00,1.732817588139186515e+00
1.938429271194866077e+00,1.269318550018799341e+00
3.857110434801866439e-01,1.016344060800710158e+00
-6.199121314674108790e-02,1.096266934430999873e+00
-2.630466821110717390e-01,8.773444328180870500e-01
-1.892817212200564037e-01,2.918267235086519640e-01
-1.413081441017678686e-01,-2.682593971691577539e-01
-6.230811896215561127e-03,-4.575309975838590115e-01
1.946171234208966816e-02,-3.577823489415832836e-01
-2.874142618190017040e-01,-3.691579480791467582e-01
-6.117248768190702846e-01,-3.488737182304665896e-01
-7.042119400384840855e-01,-1.951584544609469285e-01
-6.952586790197391453e-01,-9.617744806137833169e-02
-7.447304049662443193e-01,-4.042844743623467685e-01
-9.002860576468214582e-01,-5.474419481528888243e-01
-1.016262059439297261e+00,-5.889694386294485051e-01
-8.840106273671782811e-01,-9.091264353531117726e-01
-4.794071299396437946e-01,-1.242697969229867860e+00
-1.378076286104849280e-01,-1.736929843569533283e+00
-7.805670985487021818e-02,-2.066216886467624025e+00
-1.374399639155765573e-01,-1.737273413136494637e+00
-1.428579349815138899e-01,-9.771496282819275292e-01
-3.319274917406238035e-01,-3.740161366138214372e-01
-8.374459301474834749e-01,-8.152563888748927123e-01
-9.789779883900167068e-01,-1.103134526919219871e+00
-8.840564961606306449e-01,-8.356419763115680022e-01
-5.273253952519303400e-01,-8.693668221693870990e-01
2.215665379464867579e-01,-1.270152353731104578e+00
6.424508563468280808e-01,-1.143586596400297140e+00
5.494371558474863138e-01,-3.921436152009501463e-01
4.174451716049984995e-01,4.333494732584668996e-01
3.841920257325537325e-01,8.034084747377532310e-01
1.203318765956476744e-01,8.800322330149298322e-01
-2.013374761849837102e-01,5.611903147980320528e-01
-4.045927419869331243e-01,-6.643613219467812449e-03
-3.645795975034860081e-01,-4.956076731634782850e-02
-4.529490380673606986e-01,1.146628377181310859e-01
-6.952586790197391453e-01,-9.617744806137833169e-02
-3.823118552290699634e-01,-3.628010298004330503e-01
-1.627514191718219816e-01,-9.679077263325526204e-01
-4.807148741302917638e-02,-1.620231362716964441e+00
2.126408737384550829e-01,-1.621764455671068195e+00
4.979750893310452842e-01,-1.060698788998622355e+00
1.060979958055461747e+00,-5.112011570965112606e-01
1.218805390042216219e+00,-4.947564708480953893e-02
8.709165399171081567e-01,1.698523591345626749e-01
6.962233883497360720e-01,-2.545259155033476883e-01
9.110860647380184529e-01,-5.242573190478320155e-01
1.209020701169456480e+00,-4.742350635940403292e-01
1.511217878289524696e+00,-7.729458579631022230e-01
1.476458407780335769e+00,-1.194067384002868160e+00
7.558673258889502256e-01,-1.145383774497087170e+00
-3.234266716797211672e-01,-7.849630609023623418e-01
-1.207594867734057997e+00,-8.829802750819105706e-01
-9.072611333569291503e-01,-1.092995932993040542e+00
-2.633444602741928375e-01,-8.961346151649037806e-01
-1.771244605400885685e-01,-6.103146293176787696e-01
-7.073476723249949583e-01,-5.098084102014561747e-01
-5.038915380221280493e-01,5.256865832128319177e-02
3.549607993359730762e-01,8.594743997265180679e-01
1.060644719817003034e+00,1.417090874308190473e+00
1.413017744365448136e+00,1.518186526081377163e+00
1.303753629042429862e+00,1.297651831082675455e+00
7.743562650112785217e-01,1.066383488054494455e+00
3.193329877208071488e-01,4.582722080667019915e-01
3.740743103016077042e-01,-2.238279774450717408e-01
5.767548994541384921e-01,-4.507368135118942076e-01
1.024741469031297258e+00,1.570809703208137301e-02
1.450838212516634362e+00,8.872743150420527858e-01
1.489971442950203562e+00,1.442284580467854571e+00
6.850848003315475054e-01,1.051844891361660039e+00
-4.639267400916708972e-01,6.907951862968138290e-02
-3.442953105297532623e-01,-4.875109317395049380e-01
4.524430371205732104e-01,-8.782741907258647673e-01
4.272064973840434265e-01,-1.601204674926827387e+00
2.213613241652549468e-01,-1.873785392053728849e+00
3.106725298683228609e-02,-1.401596511898770991e+00
2.498565135434929751e-02,-3.296870012315259446e-01
-3.448568415250654606e-01,9.507001815152255064e-01
-1.098392350876733703e+00,1.089331898815743438e+00
-1.675621844749042966e+00,2.483489700084894058e-01
-1.861511270343118696e+00,-2.237138296125372114e-02
-1.641488035666418321e+00,5.160576183168270603e-01
-1.499037010084419697e+00,1.053034269325313188e+00
-9.641777508527927809e-01,1.067793879783814903e+00
-3.989370130306179041e-01,5.572729143376444760e-01
-9.296257600966392753e-02,1.969649789718464772e-01
8.971859100868075088e-02,-4.464483049980196711e-02
1.456733496834706765e-01,-3.930760204781540978e-01
2.313929913896431434e-01,-4.748324032428083985e-01
3.200648329204250353e-01,-1.417209537354432447e-01
6.597680917529365197e-02,6.588598521205469849e-01
-4.502263676476109810e-01,1.276046673244933372e+00
-8.025971617760442323e-01,1.755704500495364861e+00
-8.111132620223173717e-01,1.890637897292142267e+00
-6.386904301568989695e-01,1.402425938448284226e+00
-3.695379112292251356e-01,6.198344814910351497e-01
3.939050513053719005e-01,8.679640785659155366e-02
1.101483022074862816e+00,8.858141753474571556e-02
1.123872633113341735e+00,3.107836639014892599e-01
1.177577091950280819e+00,-2.390259761418077056e-01
1.463864170834561218e+00,-1.321625365622243642e+00
1.305097562583744430e+00,-1.809981536598116891e+00
6.666383010440469770e-01,-1.416291598825907494e+00
-1.794668790310549600e-01,-5.692317572828980987e-01
-1.609008374330066216e-01,-2.444134585156141903e-01
6.981293986799297357e-01,-4.589446723269172135e-01
1.263064946934317589e+00,-4.332374175521848669e-01
1.655314860131340104e+00,-2.765084957974544566e-01
1.466963219470204915e+00,-1.707319145293149376e-01
8.391364323026287986e-01,-2.774070823234127681e-01
5.436427977188164062e-01,-5.078077328144493530e-01
3.741084329707569101e-01,-7.270410648593095271e-02
3.853176428586372326e-01,7.004764636797767841e-01
1.013023925100475120e+00,8.275668932097838271e-01
1.433091501051289685e+00,3.959812135281650658e-01
1.136524800761914644e+00,-1.983049538629697295e-01
4.306085170269322582e-01,-7.761017183236863515e-01
-2.481211694360853370e-01,-9.152134750949539876e-01
-7.687981911562197235e-01,-6.082199042748627216e-01
-9.915284150814310804e-01,-4.763742763441754513e-01
-1.189882183406300920e+00,-4.105906500444478913e-01
-1.580579481670741249e+00,-1.533627032852572791e-01
-1.798090390797843829e+00,1.813709647895831445e-01
-1.338094133008358222e+00,2.502894486062386958e-01
-4.889969963506896056e-01,2.354514934676655777e-02
2.990896277047985774e-01,-3.162549694457721383e-01
5.277803016228580502e-01,-6.974748278059694773e-01
3.033294098862904242e-01,-9.547270260424403077e-01
1.469511040589689677e-01,-1.010623344706854665e+00
2.497913051703699316e-01,-7.994885993841885918e-01
3.472270109806016025e-01,-3.660991816619741934e-01
3.849919862600633125e-01,5.237305676227117096e-02
4.611437681949169809e-01,2.788701561166200271e-01
6.989712233652186635e-01,3.695974092404987199e-01
2.604287667973684273e-02,-4.011149062809117871e-01
-7.757185031278671650e-01,-1.704938793491045823e+00
-7.467996889093817536e-01,-2.452176101242475426e+00
-5.297303996057031172e-01,-2.463703966561891612e+00
3.370238286427152397e-01,-2.028057282977751008e+00
1.329324186955298526e+00,-1.207175373797575224e+00
1.692102259446460089e+00,-2.822171408535517623e-01
1.482477840098639588e+00,4.058808208688123309e-01
8.509718406257359424e-01,8.662534455130340705e-01
3.333049195329726988e-01,1.385377409657669867e+00
2.276519174362389708e-01,1.843409061220840472e+00
2.596171591264886391e-01,1.940550210971753620e+00
4.862602145733125880e-01,1.486870218951598321e+00
-3.647817006326793399e-01,4.652227990021032267e-01
-1.762344633560001039e+00,-3.176560907508696463e-01
-2.113275305782317481e+00,-5.813341215145675367e-01
-1.387159304486234257e+00,-2.141500789076658251e-01
-4.063831723476490354e-01,2.248208055131908079e-01
-1.341366981799310409e-01,1.235633671243630168e-02
-7.141646212505574354e-02,7.108253784103873985e-02
2.135940957701080445e-01,6.749240224009432909e-01
2.953976442317854945e-01,8.027166397239920981e-01
-9.741962367059417427e-02,4.075920131547178804e-01
-2.842144975770459769e-01,8.935891562371062191e-01
-6.010822739892213162e-01,1.255946858910951480e+00
-1.025050517704223507e+00,2.081930511640782910e+00
-1.320802825122034729e+00,3.472711618365806441e+00
-1.230685612765941350e+00,4.784093828165580042e+00
-8.443945304617855863e-01,5.826157055892283942e+00
-4.922218661300873932e-01,6.330402968347742743e+00
-3.983420194691628669e-01,6.132490633771481292e+00
-8.386213202607719630e-01,4.765621832891456577e+00
-1.740173901924464861e+00,2.587643632353565870e+00
-2.275771501276224740e+00,7.717217608445290367e-01
-2.228760232893260973e+00,-1.006277381782763776e-02
-2.143332969559444301e+00,-3.815945647945112595e-01
-2.034626616772988950e+00,-3.968749487219436212e-01
-1.675820559835718093e+00,-2.436166597842396586e-01
-1.111415317662712621e+00,-1.909601863689422419e-02
-4.063831723476490354e-01,2.248208055131908079e-01
7.282420502525207562e-01,5.050454333233571624e-01
2.345305561972274244e+00,7.572556916416710582e-01
4.376784676180033529e+00,5.747195589946778593e-01
6.054510285187110874e+00,-1.953669685148031188e-01
6.848920048755418932e+00,-1.338252327174130230e+00
6.735452833215978430e+00,-2.605531658245550108e+00
6.184592819322665136e+00,-3.711368370250663240e+00
5.613620009443611281e+00,-4.191368734189001799e+00
4.999510239080401597e+00,-3.619604209581300580e+00
4.071253633608529654e+00,-2.132840608925129278e+00
2.718577658705585431e+00,-4.898529824012069489e-01
1.389307156251899267e+00,6.071454024391104154e-01
3.833939619987538627e-01,1.575699326868424732e+00
-1.774209022369444000e-01,2.787575918816713738e+00
-7.540739462251757619e-01,4.486644117982433677e+00
-8.411082862839770469e-01,5.269183772683820877e+00
-4.735070689018314183e-01,4.588193390808835481e+00
-3.118370988953667045e-01,3.121619803859454478e+00
-5.150290555539844828e-01,1.247774113310512911e+00
-4.063831723476490354e-01,2.248208055131908079e-01
4.603723552618870785e-01,3.970283760323384259e-01
9.491369334354584630e-01,4.689397306554914935e-01
1.298588416781051746e+00,3.202097100420667752e-01
1.930537712957292040e+00,1.696770555864896002e-01
2.293455488823420652e+00,-1.831324472481467291e-02
1.881722296207101852e+00,-2.164640361625070064e-01
9.899688128250840879e-01,-3.560812255078092958e-01
-1.629770288724461391e-01,-2.867553573199496109e-01
-7.472163466952387312e-01,-1.073084200344798095e-01
-9.263984636526052530e-01,4.455964048230166147e-02
-1.338094133008358222e+00,2.502894486062386958e-01
-2.043603603480778297e+00,6.256470917001002996e-03
-2.814683654962257364e+00,-5.308396549601999137e-01
-3.299377375299668458e+00,-8.617821332185562344e-01
-2.855062992237171304e+00,-8.197487391476170338e-01
-1.834067764326478223e+00,-6.293781864884383515e-01
-1.064744964763740365e+00,-4.024210302290944230e-01
-1.064744964763740365e+00,-4.024210302290944230e-01
-2.232418021304868605e-01,-9.512871616362021943e-01
5.817784296930481602e-01,-1.295673668006478430e+00
5.817784296930481602e-01,-1.295673668006478430e+00
3.393381742799070344e-01,-1.493246078412067579e+00
-7.709585614642677776e-02,-1.969611671129562147e+00
-7.745293640995407625e-01,-2.209074310607977765e+00
-1.310201015719141271e+00,-2.136236048239822161e+00
-1.408882555639199730e+00,-2.100956751864687888e+00
-1.079648658317581500e+00,-1.897703030105785560e+00
-7.126119963466298612e-01,-1.404506370875226118e+00
-6.466632450441827107e-01,-7.272090455913801099e-01
-6.971483941311791277e-01,-2.432440328916168071e-01
-7.024105985032972344e-01,-1.843461971088724768e-02
-4.063831723476490354e-01,2.248208055131908079e-01
4.603723552618870785e-01,3.970283760323384259e-01
3.343535985617716033e-01,5.747191688095523165e-01
-1.046430323883687924e-01,1.826395160899303427e-01
-6.789337432092357009e-03,-4.391718843707093645e-01
-1.044142313707888126e-01,-5.933128790233841432e-01
-4.558519266526884772e-01,-4.415108913952537906e-01
-4.376264644052431652e-01,-1.951533914858570584e-01
-1.174874615141227735e-01,-1.370268738099204020e-01
-1.456860488867516568e-01,-3.537174848527521176e-01
-2.243549852127300070e-01,-9.598173590586281945e-01
-4.565510326873962743e-01,-1.065210426164681756e+00
-9.774828976927526503e-01,-9.383285356267709876e-01
-1.774370801336972558e+00,-1.095489711411801848e+00
-2.471401816860550049e+00,-8.055535454229306724e-01
-2.589867664749008647e+00,-2.607742268472055813e-01
-2.104872271475086709e+00,1.486895181192221804e-01
-1.384399589945376929e+00,1.689872888101646153e-01
-8.579539841185074289e-01,-2.353791354665440635e-02
-7.168198221596961961e-01,-2.353507695771046571e-01
-9.008655823465357981e-01,-3.952737552639601915e-01
-1.266982896864131014e+00,-5.270353365121647343e-02
-1.114187175487688419e+00,5.415020815934521448e-01
-6.313133280637525102e-01,9.522953283784988399e-01
2.968511313150624664e-01,8.561840748769284914e-01
9.756340912530466758e-01,4.495118778010485650e-01
1.036502524447522111e+00,4.292356792255844211e-01
1.018379578473434410e+00,4.025579882182904190e-01
7.805309040953802846e-01,1.192857894048945516e-01
6.792393764245171495e-01,-3.038095923818978639e-01
7.529037832709289946e-01,-2.329842561672409440e-01
8.944402442002157283e-01,2.379319295146061497e-01
1.036502524447522111e+00,4.292356792255844211e-01
1.018379578473434410e+00,4.025579882182904190e-01
5.650847135983911862e-01,3.742086309875894412e-01
2.053060606287038514e-01,4.454343511035894210e-01
2.458331162715223228e-01,7.954539714386292815e-01
7.838096684822210003e-01,1.720967625919735511e+00
1.453637217539823334e+00,2.797102202743951604e+00
1.985418882374324401e+00,3.568310690251232931e+00
2.011294893171980291e+00,3.491949117133323899e+00
1.544200884076128988e+00,2.838585053545101822e+00
8.352657705318348169e-01,2.113816813157570085e+00
2.047440701004276942e-01,1.586521186464084243e+00
-1.651804467506124141e-01,1.311871728798765124e+00
-8.372863766778422256e-01,7.171366291970009410e-01
-1.654328472114507953e+00,-1.921344039964934802e-01
-2.086854391891765914e+00,-1.150691188545059029e+00
-1.886348166031252438e+00,-1.907629690179926119e+00
-1.323750769853643927e+00,-2.205556840773606808e+00
-8.347428127227066730e-01,-1.908416605327091453e+00
-6.358064603277685523e-01,-1.214924426693570370e+00
-4.874635909239996012e-01,-3.180606972151142631e-01
-2.887119750612448521e-01,1.189701300485087043e-01
-1.385973592537735888e-01,1.710434259639767030e-01
-5.023217110006793218e-02,1.075427653733647404e-01
-4.513232908082884243e-02,-6.284769306299874125e-02
-9.614239953719893109e-03,-1.057455932921701619e-01
-1.213288531647372520e-01,-3.232159290123923223e-01
-5.421072665671017310e-01,-3.738645246813960821e-01
-9.548159287385441507e-01,-1.205068392525874416e-01
-1.038549647264462639e+00,-2.183617607226983129e-02
-8.619063134616213873e-01,-1.647411294798612758e-01
