1.194089005069097209e-01,1.611057718470926825e-01
-5.900880819186390958e-02,-7.320278348630451272e-03
-5.556208434934875040e-01,-9.986197856598529043e-02
-5.058417765464287008e-01,-1.279980496719121952e-01
-3.159465631755600801e-01,1.346849194663476135e-01
2.632584692461276688e-01,3.847641076373625180e-01
5.824967662717059902e-01,5.041986549660560923e-01
7.303819927176201654e-01,3.825172827495619821e-01
6.059906096809960507e-01,2.223982659725445843e-01
8.643965972651281859e-01,-2.491649955556854978e-01
1.162920646305444450e+00,-7.057352909815811648e-01
1.529083240981618408e+00,-9.657975738776634067e-01
1.227347528444129310e+00,-8.069919074771199075e-01
9.365400875391262092e-01,-2.978038871419364519e-01
1.005044186185165334e+00,5.949512641811803837e-01
1.512636569029870204e+00,1.315579365591916128e+00
1.847607310015250137e+00,1.908092149881006172e+00
1.671761675025044358e+00,1.900408658114733029e+00
1.629771508516408396e+00,2.713349127456123888e+00
1.649298464454273416e+00,3.978645774657786127e+00
1.995167690382751990e+00,5.982262945747488736e+00
2.034249563444000763e+00,7.418123551529679283e+00
1.863873035765451158e+00,8.259669508354216205e+00
1.418255042441029623e+00,8.030412417111975287e+00
7.725153573173578758e-01,7.039770316823874552e+00
1.994248370156067318e-01,5.013763447117832506e+00
-7.256316514404121953e-01,4.449149176634347391e+00
-1.675928477897656199e+00,5.011004057474151452e+00
-2.525635311233051628e+00,7.295027526492781078e+00
-3.106455484593970251e+00,8.985823482986164734e+00
-3.368817537445054633e+00,1.040653677723108217e+01
-3.300088209689186591e+00,1.119583758718295741e+01
-3.005041059705794382e+00,1.142442068050215020e+01
-2.565659752813151062e+00,1.102506445711300564e+01
-2.052595711136810053e+00,9.860375927098246507e+00
-1.543514177034189139e+00,8.038804599364704373e+00
-1.157787422026143487e+00,5.785578002334134773e+00
-7.977894703380549180e-01,3.575365416063383872e+00
-4.984223150611191144e-01,1.650260640690847547e+00
-2.323346686329857413e-01,7.241877298097364468e-01
-9.133592731331832693e-02,1.483755515798006464e-01
-2.697089351464821427e-01,2.266834139570520490e-01
-5.974996770947076374e-01,2.329758901420097283e-01
-9.314349842800434542e-01,3.019586003976642563e-01
-1.445333150726869631e+00,8.405843464085582806e-01
-1.871300505598846753e+00,1.580053724189045772e+00
-2.220323094438744427e+00,2.212820446568728006e+00
-2.248837894301993767e+00,2.302930310745937348e+00
-1.961147113967797173e+00,1.910020774523394804e+00
-1.400278654817402435e+00,1.146850494714696467e+00
-8.311408532640781610e-01,3.780117749545904293e-01
-3.497309375580959778e-01,-2.568511613694400911e-02
-2.758948503333283897e-01,-1.284314891428091181e-02
-3.864863243224117562e-01,1.365039996908355147e-01
-4.761871391569224565e-01,8.016560300369693359e-03
-3.504986661158336902e-01,-5.932954404072015020e-01
-1.108559043220848639e-01,-1.390629951365982997e+00
6.522519117444876280e-02,-1.999137147828463412e+00
1.450753335158160573e-01,-2.279573325933985650e+00
1.531207231660277890e-01,-2.127887019238898336e+00
3.268663483367866690e-02,-1.587939239915103551e+00
3.056118132136179458e-02,-8.440334085185836610e-01
4.847117232230256471e-03,-2.797435802618496448e-01
1.924848024878915986e-01,3.710713270595218938e-01
2.652745546149831157e-01,1.272510316812900832e+00
1.674463851519935598e-01,1.891314478978307623e+00
-1.700623397840879403e-01,2.353744235327719814e+00
-8.616948455270528884e-01,2.595652535361819613e+00
-1.651927008833166566e+00,2.479336987359088695e+00
-2.174205152625621640e+00,2.144471441120211708e+00
-2.454743881868589828e+00,1.518352373054959736e+00
-2.147152934346883146e+00,8.226053064593955577e-01
-1.922371748648209255e+00,5.852893325219721971e-02
-1.253689376222965279e+00,-5.404541112089619043e-02
-9.171478597257367582e-01,-2.234372698354414044e-01
-5.347799532132969935e-02,-1.693385815318623755e-01
1.490454352456078158e-01,-4.659726812567526744e-01
2.479623313555687769e-01,-3.616853066430544272e-01
1.802841571365800533e-01,-2.185921757740926230e-01
3.104103596676978660e-01,-2.484313416364261895e-01
5.572206531768281179e-01,-1.086978593067664672e-01
9.191505043163707978e-01,1.688335468422506591e-01
1.779230643951659863e+00,1.196731031632887854e+00
2.577737833002360368e+00,2.122091887184627712e+00
3.265387695036304549e+00,2.977020306781330117e+00
3.265387695036304549e+00,2.977020306781330117e+00
2.910610320569705145e+00,2.979082773591158251e+00
2.191237817765715246e+00,2.658566188745675962e+00
1.382976235202579618e+00,2.285591936981654637e+00
6.150562775938080984e-01,1.567046809873913205e+00
1.539630578641904002e-01,8.461628359990515102e-01
1.166715829979486085e-01,5.367389488355250871e-01
2.099571944916361899e-01,5.045909432623474355e-01
4.237470604449981582e-01,8.525510957040314253e-01
7.015060387515378304e-01,1.145530846059880981e+00
1.001524372573756150e+00,1.418097382543655582e+00
1.241435560876333222e+00,1.485404292375592794e+00
1.317182183140977569e+00,1.296214368055399246e+00
1.195835104346499644e+00,9.172433468176990345e-01
1.047170950049158833e+00,3.532912438733650795e-01
9.258283411142451680e-01,-6.967559380622088960e-02
8.603845487674812720e-01,-2.564683631982019318e-01
7.072543327570672833e-01,-3.543319671544412630e-01
4.791594454403055869e-01,-3.631598464674941629e-01
2.038370374584335398e-01,-5.987754793275226195e-01
2.351298268906481248e-01,-4.159960259238948410e-01
5.017523176961539155e-01,-2.949156589221278990e-01
9.191505043163707978e-01,1.688335468422506591e-01
9.192447218841439671e-01,-4.922643288017111013e-02
5.408169614669620096e-01,-1.488737676587386372e-01
-2.820777481161833994e-02,-2.983365338373090703e-01
-3.788367563360792167e-01,-9.890768836398940167e-02
-2.728205391063028284e-01,4.240265329182248411e-01
-1.205377298274142583e-01,6.861928143090956222e-01
1.539630578641904002e-01,8.461628359990515102e-01
1.166715829979486085e-01,5.367389488355250871e-01
2.099571944916361899e-01,5.045909432623474355e-01
6.145322574092481824e-03,4.534363472412274443e-01
1.780689088720541768e-01,6.111315929607423758e-01
5.069974074351656368e-01,9.105013714080677500e-01
1.096703889317479197e+00,1.315016385326035264e+00
1.281131040838311863e+00,1.210939379264466043e+00
1.106125002196206353e+00,7.382333460284010718e-01
8.185708499442544417e-01,1.335138778680835525e-01
5.155036158354047160e-01,-1.613873597843957231e-01
2.038370374584335398e-01,-5.987754793275226195e-01
-1.992798919725658480e-01,-1.156911127683153850e+00
-3.109845423865741365e-01,-1.792476836094409665e+00
-9.863449084291711078e-01,-2.948140866205467781e+00
-1.683466999217290372e+00,-3.890030008527013194e+00
-2.428619308260011600e+00,-4.396542041427637493e+00
-2.664305927546025465e+00,-4.055135162254107861e+00
-2.591925539491914510e+00,-2.977505503729396263e+00
-1.983447049443998189e+00,-1.754443719552060799e+00
-1.317710336998463294e+00,-9.415090551441220867e-01
-8.745729035268737794e-01,-4.370823300802952338e-01
-7.093659564747487600e-01,-2.674243291978599391e-02
-5.226059548396333465e-01,4.601095038775525059e-01
1.664507430073072433e-02,4.834471471576205492e-01
3.974984583081645484e-01,4.122892811183184181e-01
6.447581433719442590e-01,1.988212771096896370e-01
3.436371022772615746e-01,-8.635205494920061495e-03
4.240259999198282559e-01,-1.516764743030619977e-01
4.989805771403401646e-01,-1.220011933450645542e-01
7.506709794243182632e-01,2.476299800636432361e-02
6.166582963942587314e-01,5.129526185304790209e-01
3.859213476184849556e-01,7.079087575102919194e-01
2.223878423893260181e-01,8.000410281431713511e-01
3.544285117913370531e-02,4.104462555353928788e-01
-2.096320803694678159e-01,3.395645467951922680e-01
-4.176961330471758438e-01,2.116301484717383052e-01
-4.878519695538008905e-01,-3.370229273017460309e-02
-1.954981831046879170e-01,-2.612193615981427963e-01
7.839369283385139164e-02,-2.601723749805788799e-01
4.061851782086515761e-01,-2.037645519807980699e-01
6.192779888254434928e-01,-1.278044091881340161e-01
6.198222678516882578e-01,-8.121222198610118792e-02
6.041865404814411589e-01,2.431971178733343675e-01
5.590198109720839748e-01,6.624491370925712497e-01
6.287106270031806998e-01,1.140866284116087037e+00
5.166761790893422690e-01,1.309795818136451739e+00
2.625632142058823559e-01,1.248105993433136440e+00
1.071427093025496546e-01,8.653668211612509653e-01
-1.748500046823509846e-01,6.046629184406525637e-01
-1.823071432785777768e-01,3.409558922295266581e-01
-3.537441764614671635e-01,1.607154089087699522e-01
-2.331114278260494055e-01,-1.216489413753527316e-01
-6.156375279133587952e-01,-4.579650255195032993e-01
-1.137642454868307951e+00,-6.723648759273708198e-01
-1.739272250997031533e+00,-9.202772992902120697e-01
-2.088877824742178646e+00,-4.650189652654106442e-01
-2.087224235883764933e+00,1.522892571329365410e-02
-1.741344492746140782e+00,6.715350854967025995e-01
-1.259500155706680280e+00,6.322337197183848234e-01
-8.071629452447405262e-01,4.356756412952315638e-01
-2.598921120771083282e-01,1.571941894759602554e-01
-2.598921120771083282e-01,1.571941894759602554e-01
-1.840351925583861292e-01,2.063403892402659590e-01
-4.222993039109257385e-01,2.643407791264087980e-01
-4.250767878677580991e-01,5.949655681079913522e-02
-3.055818685932127354e-01,-1.497910592659333628e-01
-1.618632229789316590e-01,-2.224782940969020073e-01
-4.606856525752023312e-02,-8.573274224196708593e-02
-2.479777067783914823e-01,-2.811884760370843284e-02
-3.028349745603322596e-01,9.087904975138295580e-03
-3.958544354685695210e-01,2.102208316503522689e-01
-3.946320236809556792e-01,6.780684178403989515e-01
-5.739546034063827129e-01,1.317262144795953605e+00
-5.882988119816655592e-01,1.321644183630294567e+00
-5.187398105483337352e-01,1.437634415388993503e+00
-3.776965339686331746e-01,5.405327981319403285e-01
-1.333197623205035764e-01,3.547543473664347968e-01
-1.161998498454674816e-01,-1.312723922495330764e-01
-1.463677194922835267e-01,-1.844661228217580606e-01
-1.348546603065594041e-01,-5.968289519998459802e-01
-1.317843386824901764e-01,-7.043863501520788439e-01
4.437485947345784498e-02,-6.351146776470767419e-01
8.561577834683934407e-01,9.553436296254595728e-02
9.245656111307464231e-01,7.846515454772788889e-01
7.157419113520070431e-01,1.006758251028555762e+00
-3.381117990301056309e-01,5.474008962612550988e-01
-2.497722686056301766e-01,4.145750230341531117e-01
-2.832933488628150420e-01,8.313646549822650833e-01
-4.123213144718999579e-01,1.586722411980038716e+00
-5.410728658292993654e-01,1.967585724292251426e+00
-3.133698538274041767e-01,1.994666506589948485e+00
-4.372896183582198337e-01,1.911589313087184161e+00
-3.573555831868536203e-01,1.715828551287514658e+00
-4.663426925660062450e-01,1.633945527152855570e+00
7.455597357673908465e-02,1.166361595591992595e+00
1.060840330656473013e-01,1.079288796959390728e+00
-2.178756592042235540e-01,5.035907254690163981e-01
-6.617006461176739851e-01,2.535223361071290427e-01
-5.962475148364354549e-01,-3.610495820293070368e-01
-7.394081640205138473e-02,-4.338399287059704346e-01
2.995579367078977095e-01,-5.833747220998636296e-01
5.642428232622621609e-01,-6.206345849369001577e-01
7.869089478635014068e-01,-5.122596572193904851e-01
7.639486166465853101e-01,-5.247538420437566353e-01
6.700972205549440286e-01,-6.153572876170493311e-01
3.361631944579107634e-01,-6.957251504338742842e-01
1.085960321328101191e-01,-5.966548874370718458e-01
1.707340678351905797e-02,-3.100678957175811989e-01
-5.163145504742606973e-02,2.431152613933476314e-01
-1.154871929078722659e-01,4.860751503850020971e-01
-2.454740845471665989e-01,4.753071704656555707e-01
-7.213733494720374340e-02,-1.622848256659377708e-01
2.343525633257489693e-01,-6.425509605730399532e-01
6.355378133770012150e-01,-1.087124099412060785e+00
1.007529235530875367e+00,-1.466514949865639794e+00
1.275667191140730239e+00,-1.706230761309545541e+00
1.324390993418649520e+00,-1.685886336250460804e+00
1.188069772412195357e+00,-1.392962695883678936e+00
7.775332426032354194e-01,-9.600356978705597566e-01
4.807059054016912247e-01,-4.083970359233999453e-03
7.980028472027295150e-02,4.871622328509493949e-01
-1.810557077849491436e-01,7.522084406546765134e-01
-5.337640657365618768e-01,3.075032418627708930e-01
-1.139127418564245264e+00,4.917316102007715517e-01
-1.781497816511257382e+00,9.528070706307472104e-01
-2.349809530903963495e+00,1.727455772725266847e+00
-2.462700795619423122e+00,2.186659802528402530e+00
-2.157236263859472647e+00,2.247768886433108904e+00
-1.550508414743467789e+00,1.732705534764483080e+00
-8.720354807487107340e-01,1.338110969414368023e+00
-4.350598517192011960e-01,7.494956000761098247e-01
-2.619202286121661838e-01,6.077544289656758858e-01
-6.158746825704242839e-02,1.359081019414072333e-01
1.123744012424688771e-01,-2.029378958840031555e-01
8.458421889162108520e-02,-5.558739812519242207e-01
4.949371592477638804e-02,-8.256278157413108332e-01
3.499482180792588826e-02,-8.860335298629794520e-01
1.902349079978158664e-01,-6.394974441143707056e-01
4.027816174318622072e-02,-4.145517951924885813e-01
-8.258684185464554295e-02,-2.370824406236924919e-01
-4.156502851223107808e-01,-2.182114454208788912e-01
-6.406833716211076668e-01,-2.466222855909393913e-02
-7.176320327100039753e-01,1.439790599714355912e-01
-8.832576658792516966e-01,3.504702273013396985e-01
-1.029114181306317155e+00,3.381941057004441142e-01
-1.122376449455535941e+00,8.393353863470187637e-01
-1.112933565876450537e+00,1.345276373888724120e+00
-9.632381181277978044e-01,2.006737272385529458e+00
-8.329845565517934869e-01,2.044493673654917743e+00
-4.540171336292959103e-01,1.760081163538996130e+00
-4.164525369101833574e-01,1.866713515069325258e+00
-2.749639413934949483e-01,1.610312361845700480e+00
-3.486500799372578840e-01,1.511561850953400787e+00
-1.657599716203588536e-01,6.909014804055675363e-01
-1.720691617336865542e-01,2.580132933733507161e-01
-2.088944218027755928e-01,1.507658789201211588e-02
-2.722783666521572110e-01,5.451323538966147408e-01
-2.883822577098052453e-01,4.142582486596129154e-01
-2.485562743814091480e-01,4.487963928108195666e-01
-3.481812647647726244e-01,-5.403669612997537980e-02
-6.381340614730738325e-01,8.716078473452187891e-02
-1.029391194127098563e+00,2.146353614116084663e-01
-1.356034399755619235e+00,2.922453750316802434e-01
-1.490299027031166235e+00,3.857244069810912279e-01
-1.376240397056932130e+00,2.774013401177916616e-01
-7.279952918320009569e-01,3.516156329548086878e-01
5.924653084123610025e-01,4.807325004863216567e-01
1.739993363578595353e+00,7.727891004922781137e-01
4.763952810651879588e+00,1.210748907744988445e+00
8.522611334205798528e+00,1.754379309581565849e+00
1.281028751849823522e+01,2.287630312506574448e+00
1.580558838373830000e+01,2.612172474105947995e+00
1.744392561118280227e+01,2.648775297775408877e+00
1.746605708378510613e+01,2.376339713544677323e+00
1.612167494219786690e+01,1.890512766070785666e+00
1.372432111037384317e+01,1.319298417711964433e+00
1.045973427086111052e+01,7.782035866632159848e-01
7.115877824375740346e+00,3.588124040279337401e-01
4.328627441091045469e+00,1.368243242091285450e-01
2.220427450690221072e+00,-1.114161869382147840e-01
1.117411473794531096e+00,-3.542952306520151806e-01
1.234450179134410241e+00,-5.596539940325030438e-01
8.403433339553395554e-01,-8.018767436884434163e-01
4.641152807509673073e-01,-1.002574106400920151e+00
4.541627950899962407e-02,-1.134641832141745521e+00
-1.285490981985953629e-01,-7.901315373892928706e-01
-2.034596680847492178e-01,-6.715109422789847793e-01
-2.034596680847492178e-01,-6.715109422789847793e-01
-2.344971283939326634e-01,-8.617522681221170266e-01
-2.101579623176892953e-01,-7.717086384036451197e-01
-1.792076933677561740e-02,-2.594663525240788471e-01
3.042266779136046373e-01,1.676074492345041578e-01
5.551466843976087251e-01,5.126681829722342654e-01
7.562944191000511296e-01,6.673713741186031445e-01
5.950279607593081943e-01,5.042333460755750174e-01
-2.838841184452525757e-02,1.047668957921707861e-01
-4.781459314958776963e-01,-2.441217508282617632e-01
-9.222379951611231474e-01,-3.635917378353043516e-01
-7.434628061295972534e-01,-8.004031745551541954e-01
-4.983593836745358607e-01,-9.718883758127612182e-01
-2.988142619779955711e-02,-1.175124149730612855e+00
9.155234389683357399e-02,-1.133658692440252969e+00
2.471794551227308318e-02,-1.147890100893384391e+00
-2.190776665119140987e-01,-1.095921233466674583e+00
-5.655430330061715916e-01,-1.006906516105278371e+00
-6.465534410265330045e-01,-1.108434042754950610e+00
-6.262329411553761993e-01,-1.102360815896515245e+00
-2.463671417107214934e-01,-1.691500859627595776e+00
3.142404503844573038e-02,-2.315302125896142371e+00
2.010698070116955782e-01,-2.883705526809730024e+00
2.498724044337652661e-01,-2.850648472758081198e+00
7.747865355766919704e-02,-2.179300593009260378e+00
-2.417421707909468004e-02,-1.537503040553097389e+00
-9.369961079411120997e-02,-1.069260238820080477e+00
-3.130754289314902072e-02,-1.167252650336560338e+00
3.036396634790283766e-02,-9.380056625757969835e-01
2.277433182778766316e-02,-6.793595969045626015e-01
2.043072413169745860e-01,-3.587267401032089853e-01
1.742794178486615775e-01,-2.706549096046171887e-01
1.989310641659885748e-01,-3.028260399698739502e-01
3.891086856613692330e-02,-2.692087856903141452e-01
-1.314557347796392051e-01,-8.403706659304410742e-02
-2.531807642539863346e-01,1.674731893571969610e-01
-1.999597489543513962e-01,4.350374952104107407e-01
-1.687540201753103680e-02,5.687264999799420684e-01
7.025429727411010294e-02,7.575615199384053700e-01
2.160539259574492665e-01,5.213626563636301059e-01
1.390668684565915525e-01,1.937223372872233507e-01
2.689484596187775023e-01,-2.743534472103599242e-01
3.449998614222641313e-01,-2.245761202831807191e-01
3.474978239810480596e-01,-1.647504875803443292e-01
2.180090686384597853e-01,-4.042771760107080059e-01
-5.888395677852884674e-02,-8.098383791944624432e-01
-8.692274992402540534e-02,-9.335097970785436461e-01
-3.904165159786714134e-02,-6.980487314451585545e-01
1.525557954583018350e-01,-5.646552686141632638e-01
2.190231969977134985e-01,-4.907406697214183322e-01
1.554568191082852935e-01,-3.127475076129903608e-01
-1.195314857309895951e-01,-2.084036782218390560e-01
-1.543205976127528800e-01,-2.296204761844071740e-01
-2.398745114539275469e-01,-5.228062130667238128e-01
-3.461165971727692692e-01,-6.914064141723005319e-01
-2.569322297583858661e-01,-7.272362916745592765e-01
2.514288214152200773e-02,-3.974482726281229894e-01
5.894622514963956394e-01,-2.544964394017830076e-02
1.094412599783699980e+00,2.686814592164037951e-01
1.450161992076227424e+00,4.602408932712581668e-01
1.546458863644125659e+00,4.868189430306337218e-01
1.339469098007303627e+00,4.271602366058167566e-01
1.078072282532329229e+00,1.059768119478095988e-01
8.281726207998088007e-01,-3.246737011562410014e-01
7.170491200735084059e-01,-5.998325925014618143e-01
6.534427302805111415e-01,-1.205406321952416260e+00
4.420867461047564562e-01,-1.402371241029644278e+00
2.154426953605641792e-01,-1.476492308867473513e+00
-2.104279355296328202e-01,-1.081513960357048720e+00
-3.303869443267071770e-01,-1.207498776272404761e+00
-2.422676820759839256e-01,-1.519970384604647506e+00
-4.177788483091468726e-03,-1.816111478029839743e+00
1.230757292106365863e-02,-1.614903811391356303e+00
1.321071588685296672e-01,-1.429837491120554249e+00
3.217003909644524096e-01,-1.273855270036188037e+00
3.789475631604872219e-01,-1.301140142260310162e+00
2.365710384356839169e-01,-7.936385126966125636e-01
-2.718263072188782936e-01,-2.233878073196656211e-01
-6.195845267814691359e-01,1.680354778986718756e-01
-9.070328139011474278e-01,1.085212525272820500e-01
-9.586619062660520774e-01,6.415414478663639467e-03
-9.037764338012568288e-01,-1.266897303734483282e-01
-6.838908186231774655e-01,-2.504878718767512003e-01
-4.477649500729597443e-01,-1.180052714885653775e-01
-2.715240222154161748e-02,-1.339108530371107275e-01
1.209804665156637982e-01,-3.401964190912405983e-01
7.517079847662026804e-02,-4.470764643082390521e-01
-2.655805362140545856e-01,-3.410312658367394278e-01
-5.952754474312494937e-01,-7.476788045374647973e-02
-7.839984133075835748e-01,-4.961397749422214593e-02
-7.266479510315196899e-01,-1.331294345535135315e-01
-3.498869219870380798e-01,-4.256979237253761261e-01
-1.531289473116860533e-01,-8.873768383812962179e-01
-1.834712642614530764e-01,-1.311546743712111107e+00
-4.104238307895771154e-01,-1.576171697614714873e+00
-7.341292155416510035e-01,-1.513848455684045913e+00
-1.030462005731712205e+00,-9.279195406221442122e-01
-1.036521151488234871e+00,-4.740104916365834864e-01
-8.367545303911444465e-01,-1.417450616964693322e-01
-2.907151663994427815e-01,-2.797239039083902479e-01
-1.104431097797173439e-01,-4.882375559512916463e-01
-9.090678630779210068e-02,-1.353436110138219961e+00
-3.451758297939201969e-01,-2.359156765258390465e+00
-3.315646615859048074e-01,-3.175977050534536161e+00
-1.079004464786831458e-01,-3.430418287672822419e+00
2.689728242788272383e-01,-3.277164330639299017e+00
5.677375064524095016e-01,-2.764815738294342573e+00
7.857881221341561639e-01,-2.237117451434375237e+00
7.481304783251062629e-01,-1.849387722325237515e+00
5.319149470234589838e-01,-1.335412580864575816e+00
3.528926708334662599e-01,-9.110249131196095362e-01
2.211729762748518568e-01,-5.736628280053641671e-01
2.116454806977180469e-01,-5.357038764899662020e-01
-4.753863705131775724e-02,-2.429925809025672567e-01
-3.114775377653794530e-01,-1.437868960283844866e-01
-6.081422324660282763e-01,-1.809543752042984399e-01
-8.078375145199093721e-01,-5.024334916092051406e-01
-9.343130792930319783e-01,-6.134128626998899270e-01
-9.914941461438121495e-01,-6.786271836015272951e-01
-9.762366377073821155e-01,-6.270251915463710413e-01
-9.584016187771181583e-01,-6.586810726501934887e-01
-1.008141746095246427e+00,-7.316764497765070319e-01
-8.227959578430257270e-01,-7.663104464767357404e-01
-4.823345696552096551e-01,-7.372663403671553262e-01
-1.989396803343326248e-01,-7.622482011995763695e-01
-2.080848233401666192e-01,-6.060699998522669496e-01
-3.439443636824640049e-01,-5.634927957360903461e-01
-3.610085152490847826e-01,-4.509525078889519145e-01
-2.517008070164201694e-01,-6.410596915068375035e-01
-1.262488325943500467e-01,-6.061186348370464216e-01
-6.462209685576238150e-02,-5.961840778412488273e-01
1.669508897032252748e-02,-7.600328524102916150e-01
-1.640952270497040011e-01,-8.850264132657565952e-01
-4.155073522385204776e-01,-7.723272902661013628e-01
-7.127134407218743695e-01,-5.543676359503004747e-01
-8.408931168466021733e-01,-4.265185878061929503e-01
-6.728456963906692678e-01,-5.247570332420955497e-01
-9.485198667590366561e-01,-5.965113354818549762e-01
-1.288185006585113257e+00,-6.463668481950632927e-01
-1.721849551228544772e+00,-4.604922585526196044e-01
-1.698461239202225581e+00,-4.270074097534106161e-01
-1.548457212517458270e+00,-2.308704075148880763e-01
-1.175870504299866059e+00,-8.168592793197175517e-02
-1.270703917726748733e+00,2.126874070090949975e-01
-1.025469932909915283e+00,1.616256881771073461e-01
-6.417805138105608931e-01,-4.178009012593374150e-02
1.955158389430310950e-01,-7.549149516755652156e-01
4.206382476429212924e-01,-8.363655018369957617e-01
5.328624987421070047e-01,-7.607447135656991710e-01
5.498535660797235769e-01,-2.510918556245418931e-01
7.003144238802366806e-01,5.643776246749430438e-03
7.562797604147912800e-01,2.774833146565334197e-01
5.595519941206839043e-01,2.671962705496372381e-01
1.353391268244843737e-01,1.241363603629776352e-01
-3.843704239565253200e-01,-2.149291556791406155e-01
-8.326230323311639703e-01,-4.021035874274733191e-01
-1.023055083448312974e+00,-5.236995476975792041e-01
-8.490201604347700215e-01,-6.256885601557856669e-01
-4.395704067750616506e-01,-6.416436118945185729e-01
-9.457373075183057864e-02,-6.100215095857138836e-01
-5.999691246599953703e-03,-2.321306289140899481e-01
9.719434872125504166e-02,-2.941974825243452440e-01
4.336411372951968213e-01,-6.005814581605729563e-01
4.818058123377902957e-01,-7.176731743909864347e-01
5.599311300999022523e-01,-4.735703232695439580e-01
3.581023594133511123e-01,5.404623926398728628e-02
3.055758768547210957e-01,2.439442418921514144e-01
1.313581050972017217e-01,3.267281939503558497e-01
-7.456150915765748233e-02,1.553791982001964944e-01
-3.040506285987022439e-01,1.934249078975448510e-01
-2.891544993650610809e-02,-6.761381936321713138e-01
5.841995342376288258e-01,-1.815425325979418636e+00
1.347482676805462853e+00,-3.424793350538459791e+00
1.948509825672842366e+00,-4.775909388930699606e+00
2.304028143043209909e+00,-5.715809695707896765e+00
2.377636498214160898e+00,-6.124759414937584800e+00
2.284897472260191797e+00,-6.139446516218576733e+00
2.159670209835686805e+00,-5.870882725121600032e+00
2.115210519413642132e+00,-5.424736045877172508e+00
2.160884424651744240e+00,-4.838700668090649692e+00
2.230486954411872169e+00,-4.176558753018905890e+00
2.109988160611037333e+00,-3.349257423496884378e+00
1.877232334926119961e+00,-2.766599229988658148e+00
1.384694079968551206e+00,-2.486694544667886309e+00
7.474578930951468747e-01,-2.053978081438120551e+00
-1.610489374954154340e-01,-1.257138025778002266e+00
-1.029224138408792566e+00,-1.687751356625509791e-01
-1.726447104455404169e+00,5.439298585661017649e-01
-2.070033682604941472e+00,7.632703837266364699e-01
-1.942700868931845903e+00,8.650205064968407020e-01
-1.467938473382936149e+00,6.232291744972798808e-01
-7.415034302330386629e-01,6.293527716475884048e-01
-2.433870269464278799e-02,4.653482291944346372e-01
2.458088182645134512e-01,7.184604479870574378e-01
3.244514047062607154e-01,3.731434983137761341e-01
9.316342220525299089e-02,3.159542964476104721e-01
1.760837425823739144e-01,-3.761095800477036177e-01
1.531455011971156466e-01,-3.826852164629105379e-01
1.062325988813013627e-01,-3.230090943495876332e-01
-9.767389565900603740e-03,3.393714338822981236e-02
-1.491959304671408582e-01,-1.603450632519794472e-01
-1.547179035559544669e-01,-6.212081424402463581e-01
-2.336740141274813165e-01,-6.775171145123228822e-01
-2.524889562271989685e-01,-4.453657631923239602e-01
-2.953341735203923180e-01,-2.689821296721695565e-01
-2.507761773986122988e-01,-1.416819525526026302e-01
-1.363074365534005516e-01,-1.665143963004839522e-01
-3.889975040611064888e-02,-4.850777096818422174e-01
-1.108416178385181541e-02,-5.928496921774371042e-01
-1.026440845504651006e-01,-8.645922436176057824e-01
-3.068446902612014665e-02,-6.927851273840279767e-01
-3.928304406667209106e-03,-6.359596948092161028e-01
1.855286017571308038e-02,-1.783512613747528508e-01
-2.705439525702088566e-01,2.274159283907421503e-01
-3.718226032268336922e-01,3.300798787018981439e-01
-7.976137698645043850e-01,3.280440182092727586e-01
-5.936761750893027045e-01,1.660153373042337899e-01
-5.652141473753378165e-01,-2.643419696324476598e-01
-2.412362397130573544e-01,-2.459059963624940226e-01
-2.771225694197263500e-01,-4.344094525766163950e-01
-5.164939168342893433e-02,-2.017695628112493589e-01
2.050407510773673836e-01,-3.461930524113869811e-01
2.812358765449530784e-01,-2.605351258632017664e-01
1.504057539115883635e-01,-2.475550332139609400e-01
5.522090235164958671e-02,-5.143245078983940122e-01
-5.888395677852884674e-02,-8.098383791944624432e-01
-6.177174275757719296e-02,-5.306540763318032816e-01
-1.035053186775195255e-01,-2.136439965808015762e-01
-8.239804221787021266e-02,-7.099502114806899300e-02
-1.076459000275596101e-01,-5.174632461017606433e-01
-9.437437401829146255e-02,-5.949445734683022069e-01
-1.400442385194807793e-01,-3.991890131278722498e-01
-8.188073203830911750e-02,-2.247922679488840170e-01
-2.951435427114175725e-01,1.756423641554246406e-01
-5.022655505819106914e-01,8.140251878314304079e-01
-7.448936597561038875e-01,1.691417806473175522e+00
-7.356695053544588525e-01,2.049081460536543275e+00
-6.368498183634309084e-01,2.145717769941749786e+00
-5.629964849185874476e-01,1.565930865624416191e+00
-4.135004996959397716e-01,9.883156463842569517e-01
8.924917537483108287e-02,5.622719381345743228e-01
7.492346243042601328e-01,7.532629465758329257e-01
1.595307738995375368e+00,9.692073468476937181e-01
2.015754119496293573e+00,1.214129535109918168e+00
2.100258509528987627e+00,1.022592380894244535e+00
1.479078299316274991e+00,6.315841038621410330e-01
1.105246020177419686e+00,4.244335420613459808e-02
6.608782382950740830e-01,-2.489821676283590079e-01
4.277831703651266970e-01,-2.767155211191203446e-01
2.051050348745904750e-01,-2.366897193764186669e-01
-5.532020431518697851e-02,-2.406382308771667922e-01
2.120368865500585776e-03,-2.292165633420389370e-01
2.842607968017477060e-01,-2.425711592724237586e-01
4.511208925650913582e-01,-2.885115633942256785e-01
2.911172062417342055e-01,-4.599728838921828267e-01
-4.578929031662190043e-03,-7.305165543421131558e-01
-7.853257425840162731e-02,-7.138567756600129321e-01
-1.220354194568288864e-01,-1.307434914228589706e+00
-4.262285406955268301e-03,-1.353907362231548950e+00
4.657020800652701409e-01,-1.803916449500357677e+00
6.846219806409828967e-01,-1.342701312632691879e+00
7.402542681870127872e-01,-1.316583786865625827e+00
4.586758440098712142e-01,-1.205006695425488772e+00
6.411827870292037268e-01,-1.210055073164455264e+00
7.776641479796895240e-01,-1.197071955277596356e+00
8.575267767515030171e-01,-6.460072089696887732e-01
8.111727531647092704e-01,-3.304468697644077912e-01
7.187096438714380975e-01,-2.717491301057147202e-01
3.809554530339396283e-01,-4.870724924227595176e-01
-1.886640719348927075e-01,-5.905259152619793950e-01
-5.378350402721525647e-01,-2.407276385726411783e-01
-7.425739547453303890e-01,-1.738969877280946708e-01
-4.878519695538003353e-01,-3.370229273017458227e-02
-6.800336564530479189e-01,-1.691515306117926387e-01
-7.357749535522725148e-01,-2.203549007383531211e-01
-6.723391807813453580e-01,-2.525543681728343870e-01
-7.757514622294910955e-01,-6.156432626884574821e-01
-1.144473129311903703e+00,-9.575581319295943805e-01
-1.765143895851244649e+00,-1.231642579206083443e+00
-2.195062505279629761e+00,-1.381306404270410848e+00
-2.445971720689759543e+00,-1.398276629020573480e+00
-2.374109082472708021e+00,-1.215777589085342836e+00
-2.237720422621153116e+00,-1.142403180141182251e+00
-1.697102645834263512e+00,-8.416355135440154456e-01
-1.207798602060492721e+00,-7.089672892371143842e-01
-6.283472274516436196e-01,-9.797888418120141718e-02
-3.918029672267594465e-01,7.222948340287915769e-01
-3.687648597817760887e-01,1.228930527427608554e+00
1.399693245974579781e-01,1.434745056812229747e+00
5.015336690973100087e-01,1.013587412371387497e+00
8.740835071346610974e-01,3.567517298529913061e-01
7.893540990388452361e-01,-4.894199702776095839e-01
8.384348584014935657e-01,-1.019614879023758913e+00
1.083068677199543917e+00,-1.451796130803919782e+00
1.457314610294607515e+00,-1.553113126531226351e+00
1.608804685382802413e+00,-1.711909434606821101e+00
1.917531560134114299e+00,-1.737924731773202280e+00
2.071541341440650275e+00,-1.694800691501936241e+00
2.178376955114829983e+00,-1.594758574640349647e+00
1.772619849346911192e+00,-1.512417974948767618e+00
9.635640742885126508e-01,-1.408460095156003344e+00
5.350609506626443634e-01,-1.381430394117555638e+00
4.389574852989423515e-01,-1.331944652453440403e+00
1.016765720896578351e+00,-1.444085276427341080e+00
1.406928654179675720e+00,-1.509618298237466183e+00
1.620697513585768190e+00,-1.548192115236530997e+00
1.501955045409169909e+00,-1.331195657716843117e+00
1.123563481822678511e+00,-1.035595457602365155e+00
6.749892825336338831e-01,-6.667829985068387533e-01
1.010954391000900565e-01,-2.769022787967313493e-01
-3.768644056596819336e-01,-2.267616091514629978e-02
-3.656550180995966626e-01,-7.005376605628467479e-02
-2.926601382572877608e-01,-1.723728143446460748e-01
2.970438361194870612e-03,-2.238495537226459220e-01
4.904832152638156917e-02,-1.553102842193211375e-01
-3.597931026234989921e-02,5.569476100253963752e-02
-7.641412308211635585e-02,-5.208469308953535271e-02
-1.501199781390743504e-01,-3.844343215516697887e-01
-2.799625524592537842e-02,-7.939494743256284570e-01
-1.572421229198179560e-01,-1.125037511148486935e+00
-2.879086041141482588e-01,-1.132688981761560187e+00
-6.308265182079501043e-01,-9.670671113536430941e-01
-8.372834426075271841e-01,-5.687863250347703348e-01
-1.051960836301274904e+00,-4.619857629078189670e-02
-1.162757274256062789e+00,3.027684274454630065e-01
-1.200833100760390071e+00,2.441610865204869585e-01
-9.998131908441141302e-01,8.976731964876253494e-03
-6.937857036412032885e-01,-4.062031813376505984e-01
-2.566968836803670828e-01,-5.500099442531425353e-01
-9.816746111737094382e-02,-8.366851572776027313e-01
2.747762248172926428e-02,-1.056653718312661194e+00
8.179902524081736348e-02,-1.728980191250194975e+00
3.411919895427924510e-01,-1.989697078725320312e+00
4.945789283047803409e-01,-2.051027324653632355e+00
4.891481799759158644e-01,-1.632133813380267862e+00
3.689628311615786860e-01,-7.866520434705381870e-01
2.293521761422639971e-01,-1.516727718126664737e-01
1.529362244095878731e-01,1.279357628972427885e-01
2.800838945993835982e-01,-2.919040054262518336e-01
2.177907629812419477e-01,-5.108284470170822988e-01
2.842089344114916982e-01,-7.023080643593857531e-01
1.634742426458840325e-01,-8.026427967497153926e-01
1.113051491503369711e-01,-8.234996178094415864e-01
-6.447977131470637724e-02,-7.660904851008829564e-01
-2.805777289839289090e-01,-6.337886112433253061e-01
-5.875424614532531731e-01,-6.724582166794709215e-01
-4.613214503485683626e-01,-6.472127165197946175e-01
-1.529688240589034409e-01,-4.239925858621297339e-01
3.696968706037334629e-01,-1.058980257539045289e-02
4.866923548844809266e-01,5.940917603712202455e-01
6.453119777848473904e-01,8.573643950924580981e-01
6.623123734036672206e-01,7.820217168933993879e-01
7.439218379018364136e-01,1.289995056579586186e-01
4.869520169101064222e-01,-3.225908216641104609e-01
1.658626554234767236e-01,-5.161893897059526282e-01
-1.737629769705919813e-01,-3.058036706630402057e-01
-4.056818716548236670e-01,-3.893622429007474739e-02
-7.112518162276501021e-01,-2.001586542977050742e-01
-7.106168278233420121e-01,-4.221456710958310099e-01
-8.525610556351955749e-01,-5.236529402761784802e-01
-9.798041570510550580e-01,-9.501379287931896456e-02
-1.308217017416032357e+00,3.978546907936893889e-02
-1.337654408647608761e+00,3.124367001324846599e-02
-1.224738421693742030e+00,-8.899362463387809619e-02
-1.260353230565525617e+00,1.557139105708731375e-01
-1.009624838281087511e+00,6.341546347123163674e-01
-6.128438432327820706e-01,8.666459683983190887e-01
6.298750798228750121e-03,5.370247872175279991e-01
2.819778072948599390e-01,-3.069166417878886333e-01
4.478152989968518516e-01,-1.006612864918759120e+00
4.970928154204816152e-01,-1.376410113111304456e+00
3.819070838034470117e-01,-1.355523539488118878e+00
3.980727206431676213e-01,-1.145367415798876243e+00
2.924285101049326485e-01,-5.496730269241711930e-01
4.112426580501096218e-01,-1.321668724116783766e-01
5.314873967396218646e-01,5.118026885065274367e-01
5.767849254137492609e-01,2.634715660471068643e-01
6.680556595720833490e-01,-5.221072643361077820e-02
5.425510373498764194e-01,-7.880450564137183589e-01
4.787231902708165010e-01,-9.424332257164582671e-01
2.891465270482196370e-01,-1.103571624594328338e+00
9.155234389683315765e-02,-1.133658692440254745e+00
2.471794551227308318e-02,-1.147890100893384391e+00
1.021148288993582454e-01,-1.231582581819076871e+00
2.828968960577548097e-01,-1.502789534538402361e+00
5.057865362518879637e-01,-1.693112417802796976e+00
5.538390595626013768e-01,-1.797440865587587311e+00
5.786155520807124697e-01,-1.832795406621492873e+00
7.909121080024745787e-01,-2.077141401422912370e+00
1.067250610802564115e+00,-2.271600228796553100e+00
1.252308303508144816e+00,-2.215827415040989568e+00
1.087602878421344732e+00,-1.717459149060880153e+00
9.886942010598238628e-01,-1.418480857907215009e+00
8.816243572144613072e-01,-1.294014359230954314e+00
8.725711075906488201e-01,-1.588323478036244296e+00
5.776318946208135463e-01,-1.646440574917286126e+00
3.902656574938441481e-02,-1.736214876352671688e+00
-4.652625325171492188e-01,-1.351305490382553431e+00
-7.156273750841525283e-01,-7.867914054230267240e-01
-2.564035751952986608e-01,1.685789683208366863e-01
3.481962039903187534e-01,8.940890799607803530e-01
8.799540381299120195e-01,1.181314978636487600e+00
1.006297052791117919e+00,1.131781195972098475e+00
7.359812805716592354e-01,6.233665555663405744e-01
3.716965463956056759e-02,1.915578284649518404e-01
-5.783090598118929559e-01,-2.527965392959299895e-02
-8.388875240754246621e-01,-3.848052055749924816e-01
-4.997672443161352285e-01,-2.902136986112182626e-01
-6.726714201070747023e-01,-5.264348226459183433e-01
-8.032100310172513025e-01,-2.834070529355544044e-01
-5.768816897542580202e-01,-6.758946769736224880e-01
4.499713446850651249e-02,-1.209522117586936840e+00
1.899803882378810760e-01,-1.493936690745428786e+00
1.066397862783997896e-01,-1.351676254879561556e+00
-4.751616738561310616e-01,-5.809709698760540109e-01
-6.551679458125552191e-01,-6.556985252127746355e-02
-8.296334195609738060e-01,4.098446509984891017e-01
-7.027609375905540245e-01,4.674995963288836598e-01
-9.060313090727998286e-01,6.026009429211334201e-01
-1.111106119883749965e+00,6.187247361115884026e-01
-1.385577271007306877e+00,5.614221888848451858e-01
-1.617567493013994051e+00,4.420348762099147177e-01
-1.711327275099721268e+00,2.875473752122454374e-01
-1.556025571999270607e+00,1.367970225305620291e-01
-1.407740400144666060e+00,-7.584654039083191246e-02
-1.136262357399953959e+00,-2.959420380763306824e-01
-8.956434183263785043e-01,-2.735898113750627192e-01
-8.956434183263785043e-01,-2.735898113750627192e-01
-6.922714021610678614e-01,-5.606961604052258519e-01
-7.785990222460345000e-01,-1.266247073053551553e+00
-9.415201073466922255e-01,-2.179363926337631874e+00
-1.556470389591372738e+00,-3.124946719557548658e+00
-2.124179914474095376e+00,-4.030016451330662441e+00
-2.387459356030035895e+00,-4.445141262328581533e+00
-2.308676110299457740e+00,-4.232403962869941694e+00
-1.962038637545289399e+00,-3.514983471075987964e+00
-1.631477334815865321e+00,-2.368649169821942735e+00
-1.118007074049215621e+00,-1.505456308105984631e+00
-7.143347069752504774e-01,-9.585354334658198194e-01
-4.691986727412481573e-01,-1.053568346942579836e+00
-4.855129728198926964e-01,-8.059728082098450708e-01
-6.252606081176566022e-01,-4.690341077462657493e-01
-1.009791159329557209e+00,-5.360377137793496949e-02
-1.125442633532122594e+00,2.612657588422532817e-01
-9.989036061414198198e-01,2.833736972865906201e-01
-5.297223166724107646e-01,5.009182621888068621e-01
-1.931806035634195950e-01,7.469500853976607235e-01
2.004539956724590150e-02,9.014778662057592040e-01
1.691131410902537435e-01,1.109092380283887236e+00
1.459823847455774815e-01,1.299397349065754215e+00
-1.975946783385670522e-02,1.578333663880179261e+00
-3.922758758801395684e-01,1.905031734869341964e+00
-5.376096852746610200e-01,1.962061802002373234e+00
-5.075246366571120049e-01,1.864491995184310857e+00
-2.465517369287329730e-01,1.445050928266081058e+00
1.239349196306049157e-03,1.130280965746488508e+00
5.941199640679332983e-02,1.036592587425434475e+00
5.264867319293178860e-02,9.640911581259822283e-01
-1.561759657810232182e-01,1.178498204739273580e+00
-2.674486376228419338e-01,1.033925887890250639e+00
-4.016560656852061761e-01,7.339051813255471624e-01
-5.413441964497193171e-01,3.309438143233961460e-01
-3.852216036524440113e-01,-1.023633818472061661e-02
-1.187748677087146348e-01,-2.409267158477996218e-01
2.522027830736365828e-01,-2.813618724754606282e-01
3.173914671555447820e-01,-1.701531021134457533e-01
1.827254352620052147e-01,3.141377782893223919e-02
-1.115765442006831920e-01,2.179986644857582478e-01
-6.073528647252921520e-01,2.908462765728816457e-01
-6.711839665306418290e-01,2.498878578186667643e-01
-8.820663503263614924e-01,-1.301169772161022862e-03
-1.060423322551872660e+00,-1.425973713865883175e-01
-1.446443272504476019e+00,-1.841912595792600249e-01
-1.458790814804984626e+00,-4.106136065616205477e-01
-1.560683398341657702e+00,-5.319360071278533830e-01
-1.541885698627635914e+00,-6.404183501566240722e-01
-1.631432208326445643e+00,-5.288801166739601767e-01
-1.423275891552332251e+00,-3.900885227164413993e-01
-1.072102897767850616e+00,-2.872956686485846345e-01
-7.615665333477582566e-01,7.742085500454802538e-02
-4.093808450326383852e-01,5.100595660651899843e-01
-1.956922985590752728e-01,9.326451022155721748e-01
8.146350209612235327e-02,1.096020906615674528e+00
2.335105251523448833e-01,9.804523482716418492e-01
1.521070864605951478e-01,5.023910993682759729e-01
-6.048382282261755699e-02,8.885574035149906846e-02
-4.307542424232460587e-01,-2.843752391591893303e-01
-6.321398647852618513e-01,-2.382669256046063000e-01
-7.109560040107494316e-01,-1.740023738955706611e-01
-8.836608212022657449e-01,-1.778670270820108951e-02
-1.232600880537207955e+00,-3.896378139056706075e-02
-1.500056771639143527e+00,7.174707902692287198e-02
-1.361849719316490015e+00,8.976545991281677239e-02
-1.063686843527069437e+00,9.342838277339816644e-01
-9.751327565438782097e-01,1.191381060340215292e+00
-1.144349614671402504e+00,1.316958424710335418e+00
-1.308826631633362769e+00,4.550067478853612735e-01
-1.348499627240532073e+00,-7.024364997104562414e-02
-1.241792234733178901e+00,-5.338523308391689426e-01
-1.210191848936826631e+00,-5.337110158843590968e-01
-8.954939830429978764e-01,-8.165824460182332656e-01
-6.593294652220351715e-01,-6.930626184884728369e-01
-6.546550296597750118e-02,-1.101324498820323905e+00
4.006660197334780890e-03,-9.575151482618341481e-01
-1.016950114567314323e-01,-9.611788201976858570e-01
-2.359939271850425291e-01,-7.541462020613913797e-01
-2.085236610736853069e-01,-8.339169434642730305e-01
-1.326024764700393932e-02,-1.115483621472556530e+00
-3.445226901202895764e-01,-9.225072982604094474e-01
-8.231813688194499212e-01,-6.949416478259095031e-01
-1.023055083448312974e+00,-5.236995476975792041e-01
-1.105520739439292743e+00,-2.995111852239577543e-01
-7.600918836500559772e-01,-4.628153212600656929e-01
-3.064460808490063193e-01,-7.500284506287797637e-01
2.500971467619925726e-01,-1.235799065448474066e+00
8.265457701434889559e-01,-1.704883052463285642e+00
1.401931273009432877e+00,-2.216078800989753184e+00
1.744054591762796758e+00,-2.503565796967116341e+00
1.844573166483443050e+00,-2.479851172647685509e+00
1.408469588346014323e+00,-1.768613318149725222e+00
9.317625822322710416e-01,-1.136757055533171634e+00
-5.253038184416418399e-02,-1.385133989036767543e-01
-6.399165833306796891e-01,-1.885205021895073052e-01
-9.520665716681947499e-01,4.786450752887888571e-02
-1.312444262702374687e+00,4.985186599282151465e-01
-1.395612719094847964e+00,7.433359039502058785e-01
-1.746170000262542654e+00,8.164133625056471111e-01
-2.038865882638014160e+00,5.270474894437610081e-01
-2.010605563114022054e+00,2.698592410114348250e-01
-1.977178466316287242e+00,-1.522483759273807746e-01
-1.928434550490222055e+00,-4.214932675309694954e-01
-2.115651129581793466e+00,-2.826943769161635034e-01
-1.899198575051155080e+00,-3.221629681761674358e-02
-1.684812575078632024e+00,5.806818668749952339e-01
-1.382083462210440539e+00,1.211609434111416750e+00
-1.191080610853913146e+00,1.604980801229580978e+00
-8.557354339356170181e-01,1.536438279908602489e+00
-4.974257125288087389e-01,9.287808952174410049e-01
-2.790871444729661199e-01,2.821459108667613846e-01
-2.365699706873883590e-01,-3.308963513802755108e-01
-2.588130735709686103e-01,-3.377107108051319306e-01
-2.348873531440630602e-01,-5.784585401604064314e-01
-2.348873531440630602e-01,-5.784585401604064314e-01
-4.109870841551755971e-01,-6.483473106883492765e-01
-5.858030552806502422e-01,-4.721596383516212803e-01
-6.025393910596205105e-01,-2.079126896831876709e-03
-4.283355742684067380e-01,6.368106314296224646e-01
-5.047976272501867451e-02,1.475805077040149849e+00
9.587406630776622307e-02,1.481786216561269409e+00
2.793145825223429801e-01,1.745396332533758921e+00
2.051275977565852338e-01,1.412678005511852186e+00
4.513220320639153571e-01,2.165890566621508917e+00
5.240995860425249342e-01,2.359890176266973505e+00
7.366922573755827486e-01,2.714459977177587913e+00
8.424365526151226247e-01,2.382235285561527416e+00
7.788502744883816220e-01,2.070711061942646314e+00
5.391876648033365749e-01,1.366475421352683517e+00
3.870686897209349442e-02,1.344929959265778852e+00
-4.842805862489547586e-01,9.706574002945858037e-01
-7.938167953490089523e-01,7.591532464039690842e-01
-1.471386544161678911e+00,3.217324138853007165e-01
-2.096566436661325472e+00,2.241726839906090507e-01
-2.376646616045592797e+00,4.880173105405224976e-01
-2.194967730203567502e+00,5.484567782634621746e-01
-1.562566063880319378e+00,4.719030906028702788e-01
-4.755416278060843882e-01,6.908325286531425968e-01
7.488263263554676419e-01,1.015260170959467079e+00
1.490282635569943004e+00,1.869669659823900654e+00
1.909800727065957160e+00,2.687948713324810779e+00
1.700154957447836068e+00,3.383421623090202779e+00
1.240616323657748099e+00,3.558978244039455952e+00
5.719839369599658552e-01,2.995750573505286951e+00
5.522048428738436654e-02,2.431636899356136361e+00
-2.354447319021788776e-01,1.808914435918244301e+00
-5.591087156050623952e-02,1.259796085485545225e+00
-2.232853626694855376e-01,1.337617848987377789e+00
-1.742977049469713879e-01,1.091615784663358291e+00
-3.008764121922478663e-01,1.299129481460357338e+00
-1.173444596542942420e-01,4.756150598178488509e-01
-7.795337504141422458e-02,6.297239522632197550e-02
-8.066858240245017297e-02,-1.658357864855807273e-01
-1.650789051612985836e-01,1.190836615283788064e-01
-3.782317315783612632e-01,4.675195999812528092e-01
-7.836796565170980333e-01,8.347202066485022165e-01
-9.132904063221261026e-01,1.195931540839408003e+00
-8.330486848756822882e-01,1.280853632829396016e+00
-4.355945249454822310e-01,1.097372171106261174e+00
-2.178307873827090568e-01,7.194404249296201259e-01
-3.166204285213989889e-01,1.221727071238458140e-01
-4.119988600621107833e-01,-3.783246157948796928e-01
-6.474385096093154823e-01,-5.289192261366505443e-01
-6.739061058695844375e-01,-5.901551331675258805e-01
-7.311205377015779217e-01,-3.756193014279476383e-01
-4.705949837113428957e-01,-2.331243096248262203e-01
-2.754108153050100483e-01,2.825294611070121656e-02
-3.265711517509377049e-01,1.203925242162765530e-01
-3.156052219057497998e-01,2.973513117283269058e-01
-2.625540526198022473e-01,2.598810473887517847e-01
4.130466311320130784e-02,2.029941935426519961e-01
8.540569940136970295e-02,1.014800925470815685e-01
2.470974568953697159e-01,1.158866243839043186e-01
1.484657306962914314e-01,4.431739841127217000e-02
2.141248883840037587e-01,3.112438959833176422e-01
2.666008137592463800e-01,3.600902547430400724e-01
