-1.369050452123494521e+00,-1.055278607010256220e+00
-1.290621298405426165e+00,-1.125248772193019553e+00
-8.805398128270640612e-01,-9.363559692027098036e-01
-2.690447487436088414e-01,-6.455440233653465532e-01
2.696837653433556414e-01,-3.957867566704182383e-01
4.112093244780388179e-01,-1.992769413349297913e-01
7.685779979533758910e-01,-2.729789902130772550e-01
9.152575892077875475e-01,-2.978629175565710163e-01
8.361254304314709174e-01,-2.598944509197743669e-01
5.669266170107434277e-02,-1.885838497620663801e-01
-3.182341871729524874e-01,-1.075723467357640323e-01
-4.090369521410025522e-01,7.832468538725621821e-02
7.680719591274427771e-02,2.153908486041102854e-01
5.105880442422785492e-01,2.421427041550153481e-01
8.541021171251286237e-01,1.751286804324537760e-01
1.017141411732313871e+00,7.152032478556685779e-02
7.360698182667272382e-01,3.024260134861616114e-02
9.835288865919187273e-01,2.563439344778324913e-01
1.331542956196253291e+00,5.807865705706665160e-01
1.778204352989886994e+00,6.134043027405712278e-01
1.431938683021629410e+00,4.955368909116260601e-01
7.655545806240450224e-01,-4.877842133634524568e-01
2.731109022003938014e-01,-7.412119988219003641e-01
2.111872086367489465e-01,-8.831360374090636567e-01
3.440475465225876772e-01,-1.119965454918933345e-01
1.449773146903876875e-01,-1.480480321281877065e-01
1.984299939723979667e-02,-1.389732982690654872e-01
-3.263027928015655443e-01,-2.805968457373282376e-01
-3.209386650393377116e-01,-1.487111853712907161e-01
-2.395683570079109870e-01,-5.146840732768184073e-02
-1.665405222437441046e-01,4.142994000123467746e-02
-1.960094382692839643e-01,9.186446199527442680e-02
-1.908115915678894603e-01,1.449954889171933270e-01
-1.862727635289188402e-02,-4.227873502279917706e-02
-1.820439254786990202e-02,-3.244520700114015277e-01
-6.373041834343713685e-02,-5.065281029715265060e-01
-6.822541067316953978e-01,-1.290386824781406983e+00
-1.813094053016450102e+00,-1.753936622354729469e+00
-3.266128771799490238e+00,-2.392264693734023950e+00
-4.295039578338496256e+00,-2.582707376034291791e+00
-4.885535157480783930e+00,-3.382188922852535029e+00
-4.757619019988069020e+00,-4.220785982212718501e+00
-4.450086113938337640e+00,-5.328068362060434104e+00
-4.114216843624392439e+00,-6.106930018704610497e+00
-4.114216843624392439e+00,-6.106930018704610497e+00
-4.114216843624392439e+00,-6.106930018704610497e+00
-3.665464496714281317e+00,-5.405979925199456027e+00
-2.977943168650655448e+00,-4.647789828195840300e+00
-2.178526069251442543e+00,-3.089434192910010424e+00
-1.644598730085823357e+00,-1.907741794495277032e+00
-1.322406586878422274e+00,-1.265518472167747044e+00
-8.884859650748765381e-01,-8.033879765310668608e-01
-4.839086329864630276e-01,-4.551607732475038692e-01
-3.056628744975438683e-01,-1.228129206273858021e-01
-3.706285723644356378e-01,-1.777810248482715183e-01
-5.553859588015537252e-01,-1.997845522375251981e-01
-9.931775246051449679e-01,-7.927371796688734706e-01
-1.307596455622732634e+00,-8.379098899755655916e-01
-1.327072416043530989e+00,-5.308628219629325518e-01
-1.193177559082593264e+00,8.055293798909267389e-02
-1.078418350116318924e+00,3.175365479593739715e-01
-1.113223840746776716e+00,2.547229635601204745e-01
-9.680751589221969766e-01,3.414381298279616228e-01
-9.014750676313384448e-01,3.023330307031431574e-01
-8.701579327463493385e-01,1.982363207661305970e-01
-8.401527221494007325e-01,1.212863535784335228e-01
-5.738684011270640539e-01,-2.267201708879598432e-01
-2.055263528731537948e-02,-3.923985345786643597e-01
5.228448583201156241e-01,-6.110797946223222032e-01
9.140555896529655167e-01,-4.733696825821632759e-01
1.268983176776196098e+00,-3.975113410503006151e-01
1.108153100775925326e+00,-1.530683256182222840e-01
6.922998662834065620e-01,1.315336743007603504e+00
1.354874428983713630e-01,2.908371589812498659e+00
-1.662504488332763181e-02,4.295888621027451393e+00
-2.268513867222767821e-01,3.582761005572874691e+00
-1.872613510166070416e-01,2.942781024836139014e+00
-9.528537086846458615e-02,2.320229873945002019e+00
4.684413190802703131e-01,2.596761847538244794e+00
9.614739260178341018e-01,2.153690882442314436e+00
1.287331126694923000e+00,1.405015015439032622e+00
1.081336899983756483e+00,8.142310874689232536e-01
7.205263563194017618e-01,4.088401835780884896e-01
2.576124452097703910e-01,1.624737626291474502e-01
3.767936337581807155e-02,8.999226981726093921e-02
1.212400304812417395e-01,9.479549012066836033e-02
1.454174610567033343e-01,1.748305515888037287e-01
3.976225724467628564e-01,4.290079617248577781e-01
3.145900344746614952e-01,8.340567227406073814e-01
8.150116452989134008e-02,1.054117246283985176e+00
-2.352756921597787820e-01,1.561095208485863139e+00
-1.940519732376142503e-01,2.185982539307267380e+00
7.812785436259343796e-03,2.950424711827455582e+00
7.367047246339972211e-02,3.684711896909092399e+00
-1.662504488332763181e-02,4.295888621027451393e+00
3.060233149386111795e-01,5.408114204240689560e+00
3.656696879280754708e-01,5.368495126541848350e+00
3.439419241906402913e-01,4.698653739674262475e+00
-1.399823144110775019e-01,2.722291571922122788e+00
-4.300846830817348088e-01,1.485524248620351040e+00
-3.993428381124660698e-01,7.107369490942492263e-01
-6.531045732694442663e-01,6.505057527546653784e-01
-5.018389973415687821e-01,3.197614833811453505e-01
-3.911867127772539754e-01,5.475381368014270445e-01
-1.921382501800027870e-02,1.651240244549727398e+00
-6.167701219290030318e-02,1.802302381202174342e+00
-2.677606409318683198e-02,1.559288258139635674e+00
-2.731026078196732709e-02,4.959060603639602882e-01
1.608062919393284385e-01,5.969857877683871356e-02
2.619244657931033560e-01,-9.630907726291225435e-02
3.609055320179930249e-01,-5.658463933029281301e-02
6.486156665157576107e-02,3.379879286796693139e-01
1.148227900376920865e-02,4.834495129667908953e-01
-1.219605626363683970e-01,3.476809756298684939e-01
7.208294914876257724e-03,2.076229229221403794e-01
-2.653071492504724405e-02,2.936727189863508336e-01
4.330027692848058274e-02,1.958417170862648271e-01
-8.465876533512392554e-02,8.355549137607352905e-02
-1.738441182317569111e-01,-6.118472608377539812e-02
-4.409313002776091284e-01,2.350145304731598994e-02
-4.409313002776091284e-01,2.350145304731598994e-02
-4.409313002776091284e-01,2.350145304731598994e-02
-4.290373897404139436e-01,-6.434460061907243573e-03
-4.756069607767478002e-01,-1.306729319648682885e-01
-5.226938668461552639e-01,-7.137544525413984375e-02
-5.262583546093765330e-01,-5.588464245919484708e-02
-4.409313002776091284e-01,2.350145304731598994e-02
-4.786801171078972073e-01,-1.194360215920179796e-01
-2.202049152373213026e-01,-2.011438315090109397e-01
4.409507921823221238e-02,-1.640678397561054491e-01
4.818173705172374421e-01,6.298838370955285593e-02
9.484248615196950727e-01,4.249748044969215988e-01
1.271152388992206284e+00,7.092191209852899414e-01
1.408059257111299090e+00,9.539229497060051077e-01
9.721486305081344925e-01,7.670464747860826771e-01
3.050879346029197192e-01,3.351772474904417543e-01
-3.007515419277901891e-01,1.153011369748939419e-01
-7.260206246360217941e-01,1.800912812062052393e-01
-9.515330067198803921e-01,3.470057030421737077e-01
-1.028835585021589782e+00,2.262860840509512417e-01
-9.429576120505959169e-01,7.213705868057007642e-02
-8.646317558841801754e-01,-6.326220097199000691e-02
-6.331968775488105994e-01,-1.134858935063023412e-02
-8.433153491405234181e-01,-7.167188089119416738e-02
-6.828883852302938262e-01,-1.512790679435044305e-01
-7.548634780041368897e-01,-3.227616171288047453e-01
-5.481633874484570512e-01,-2.171714933713795315e-01
-4.956302536813529391e-01,-1.660037351764842295e-01
-1.027165654368634301e-01,-1.061480582207471185e-01
-1.339367017190834785e-01,-2.649476309576019317e-01
-4.308766107775663934e-01,-4.203042614560904000e-01
-9.231259131835414244e-01,-5.653025416408292703e-01
-1.099198927204081411e+00,-5.434182908994212857e-01
-1.175428128770668934e+00,-5.102974699974817119e-01
-7.923548368930892760e-01,-2.565865096488431640e-01
-1.059975580044898891e+00,-3.268008027020801731e-01
-8.066741796706624612e-01,-1.817691807559547179e-01
-7.780495891378713669e-01,-1.763240117543657115e-01
-7.819338851754111808e-01,-2.443878002165098817e-01
-1.013327562804118953e+00,-3.666628771026499423e-01
-1.072275596097880035e+00,-4.959726843837548582e-01
-8.434093131689918144e-01,-4.958786348546037615e-01
-6.651375582920278084e-01,-4.721228772810652785e-01
-5.933447752711275003e-01,-3.580908772063903234e-01
-7.200342534411730000e-01,-2.118179911893991740e-01
-7.238087800460479837e-01,-1.302946140831529320e-01
-8.297361664572240336e-01,-1.529868712566353761e-01
-1.075711054481377937e+00,-2.951579614942939633e-01
-1.084226679547888983e+00,-3.809657311245920885e-01
-1.290305167246759144e+00,-7.005338391239331886e-01
-1.383148805053211472e+00,-9.369115308098635575e-01
-1.535929658860110347e+00,-1.038549774822681071e+00
-1.311496134174200856e+00,-6.693135769322005046e-01
-1.471043754695565253e+00,-3.719752012047801148e-01
-1.608271253131010825e+00,-1.272619117774368702e-01
-1.696159243050875176e+00,-2.438434322143721855e-01
-1.696159243050875176e+00,-2.438434322143721855e-01
-1.612188912384776573e+00,-2.552644513500264001e-01
-1.663637771509978824e+00,-3.113794984478757133e-01
-1.147462114927860988e+00,-3.507948812721813914e-01
-5.886557308809781119e-01,-3.380557771278415724e-01
-1.564257347213265092e-01,-4.521764684808029511e-01
-3.048131652739533015e-01,-6.908399108109910536e-01
-4.556382975991433715e-01,-1.168358577227913697e+00
-1.016746866196662769e+00,-1.852557613221324173e+00
-8.899820941870573154e-01,-1.893141927980783290e+00
-1.236987119845221139e+00,-2.501760511573312584e+00
-1.276979074076740162e+00,-2.826924925693823809e+00
-1.843951231924155332e+00,-3.267918420784655442e+00
-1.905572861813156660e+00,-3.056597392715647565e+00
-1.524446168223937637e+00,-2.281733206625314203e+00
-1.019701519623690045e+00,-1.473941393211445128e+00
-5.304163265414022499e-01,-6.391901272957918323e-01
-3.745521955526928126e-01,-2.516616242362255118e-01
-9.509322747915040230e-02,-8.828380646177459712e-02
1.753815204089634316e-01,-8.244361140060851856e-02
2.794029589975585703e-01,-3.750264638575830783e-03
8.363887810318600124e-02,3.234450844352165788e-01
2.121159047770072859e-02,3.446730939107734981e-01
-2.379945130206506110e-01,2.290274575017383907e-01
-2.928861350542684705e-01,-4.092666961805127568e-02
-5.002738253212827280e-01,3.243391231916458728e-01
-2.663927323656207213e-01,3.210849249582772291e-01
8.785907043334269251e-02,2.589340379262488057e-01
1.083778343292862267e+00,-8.317984499415788102e-01
1.972349822164167099e+00,-1.889424487873224701e+00
2.640546663149717865e+00,-3.033379567549555400e+00
2.646983439581521491e+00,-3.591514415669806670e+00
1.863235540432524706e+00,-3.375005646687934568e+00
1.166059929825472352e+00,-2.623295781354879175e+00
3.928407500316272172e-01,-2.084481351648962200e+00
5.016408416715113089e-02,-1.821947025722688851e+00
-4.128971104752986870e-02,-2.125052650800443477e+00
-2.356674718226954846e-01,-1.497718141325062202e+00
-2.482094952941815147e-01,-1.193972043510848069e+00
-6.596181677194226101e-01,-5.174354578587506692e-01
-7.192309239479562910e-01,-9.445451585387338866e-01
-6.848450652615234446e-01,-7.338893620011873731e-01
-7.141085565864558893e-01,-4.540864392493288992e-01
-6.395626347166203374e-01,2.459320803440608882e-01
-4.371516344894028627e-01,7.172958462432559301e-01
1.144736450728092159e-01,1.073315220830086236e+00
9.442262751529181264e-01,1.107836214255363272e+00
1.207894400152589531e+00,9.923448064760309606e-01
1.414778267023822700e+00,6.678742381316717935e-01
1.080253776223703222e+00,3.625445910910758407e-01
9.358240217064834887e-01,3.456377049913169491e-02
5.812728948666181505e-01,-1.996549382750218704e-01
2.832459543898508403e-01,-2.740339840449689257e-01
1.940728702195022026e-01,-2.469286422660264546e-01
1.176979888152297239e-02,-7.121016564417018135e-02
-2.374780793824571301e-01,5.267076089632679453e-02
-4.080091151823849183e-01,1.132378847935947980e-01
-5.141763153292524535e-01,1.392862301216667986e-01
-5.469788193852758162e-01,1.299084623413468975e-01
-3.357926430908713678e-01,-1.006711587022707591e-02
-3.375478817977933255e-01,-1.605308957060901931e-01
-9.184836983850161451e-02,-2.505488891810608298e-01
1.354971503003152833e-01,-2.413018473615333725e-01
6.282656823654259037e-01,-1.879403057683125267e-01
6.633270377080588975e-01,-2.343610201667770954e-01
1.092167263621853568e+00,-1.666574523471839667e-02
1.493426947775954083e+00,3.176169608867227545e-01
1.963077627085500820e+00,6.597197036173095830e-01
1.850033981318028209e+00,9.326418011923539586e-01
1.329898499255594002e+00,9.709324329484916305e-01
5.496840740905787337e-01,7.013670556671923739e-01
-2.235152372155473355e-01,3.015975452878331686e-01
-6.666947927231267057e-01,-2.179360421822442717e-01
-6.016640571830891293e-01,-7.221694569860369617e-01
-4.338138412657590037e-01,-6.583766286663883527e-01
-5.102261444662082868e-01,-6.422830907408230150e-01
-7.541170734329262215e-01,6.194179277039672631e-03
-9.876950255683952795e-01,1.589095779760584318e-02
-9.876950255683952795e-01,1.589095779760584318e-02
-9.876950255683952795e-01,1.589095779760584318e-02
-9.313633461823819237e-01,2.380732052864729595e-02
-7.993777919257764042e-01,2.747381119685227135e-01
-7.695437374407466669e-01,2.231856874073720742e-01
-3.065853643454823363e-01,6.924593951041976281e-01
-1.367633031241741737e-01,6.644486276705431349e-01
-1.191670076533725836e-01,5.122404332085650491e-01
-4.540314387931615459e-01,-2.058034621966682021e-01
-6.912109049784826986e-01,-5.756730108378532718e-01
-7.539950075284117537e-01,-4.866054180512394689e-01
-8.358170280345310621e-01,-1.088324787207203548e-01
-6.678329700074462361e-01,1.332399286601741728e-01
-1.044597112135738026e+00,8.149249258954514852e-02
-1.468805986833797261e+00,1.306856483983005225e-02
-1.998888206172441340e+00,-1.453829965797892865e-01
-1.944892916873983246e+00,-3.761511109615306991e-01
-1.637891183983630317e+00,-4.345989703204197196e-01
-1.513318606731957505e+00,-2.039331044025033124e-01
-1.513318606731957505e+00,-2.039331044025033124e-01
-1.381367182394276361e+00,-4.672716560189413837e-01
-8.695246981281705700e-01,-8.773425745963332467e-01
-4.413713454351277377e-01,-1.185928244087826933e+00
-3.634986524854449952e-01,-1.223101463871602235e+00
-5.637359830371615477e-01,-1.232483261751013748e+00
-6.395031573910758826e-01,-9.599564493171991453e-01
-6.629371513057266130e-01,-8.072748295713835232e-01
-6.698404782253210010e-01,-3.198463541902460960e-01
-6.253674709111238794e-01,-7.094216511498027677e-02
-4.856145666225972213e-01,1.237245429410265829e-01
-4.205024939241708282e-01,1.238403067397271795e-01
-2.669935283179247776e-01,1.370860972075594597e-01
-4.052768737344355499e-01,1.995786713592293260e-01
-4.052768737344355499e-01,1.995786713592293260e-01
-3.607971555640990258e-01,5.158366520419290779e-01
-3.272743802954846126e-01,5.670223901682763801e-01
-4.457920549169843705e-01,4.824200632615841533e-01
-3.989682331730881604e-01,4.137661125747033042e-02
-3.755977952425076372e-01,-1.234579740427190764e-01
-3.831763454346668873e-01,8.824504115552274375e-02
-3.034299831635539069e-01,1.558286249579954041e-01
-1.422440302842502557e-01,5.069247704017731254e-02
1.951173389553122473e-01,-1.204761366998456235e-01
4.671505066611272294e-01,2.339857393474697178e-01
2.752190418443283271e-01,3.147146648927909296e-01
2.635729833599571026e-01,3.803917973405821495e-01
9.701819076573436895e-02,3.460038363721465449e-02
1.776688403729738130e-01,8.447745532302645965e-02
3.842086763539812044e-01,-3.930337856307628865e-03
2.756163852966116989e-01,-7.690330969227263114e-02
5.835895195224027887e-01,-3.725789507498405428e-01
6.837537485837243967e-01,-6.831470562459774909e-01
8.081639825467618055e-01,-1.065960391761074266e+00
2.857800765124361431e-01,-1.309216996305996084e+00
-4.164104684930311495e-02,-1.811475192938025280e+00
-2.163714949944545718e-01,-2.278650148933511588e+00
2.407141532759255464e-01,-2.292255758120331333e+00
2.880043379367448475e-01,-2.610783928494085249e+00
2.451773691842453751e-01,-2.739452964447128824e+00
-1.772492794979887432e-01,-2.959502810090932190e+00
-2.369630067150752806e-01,-2.323774503180732864e+00
-4.975908438910157661e-01,-1.860096338954116968e+00
-6.565921633773214028e-01,-1.668376354408403373e+00
-1.076110878474593857e+00,-1.807748666422249739e+00
-1.100835262589527686e+00,-1.681578372293245360e+00
-1.418405689566101247e+00,-1.716920194222959273e+00
-1.659573098100306954e+00,-1.706597752753246766e+00
-1.926319516295481815e+00,-1.655826765384076138e+00
-1.636243136080420824e+00,-1.270180940981281648e+00
-1.049830343187464043e+00,-6.627984748959256933e-01
-4.107024043984187633e-01,-1.510657812981643644e-01
-1.960092177120630053e-01,4.667702254107825577e-01
-2.844461174177772556e-01,4.974867776222248184e-01
-1.427435539070591730e-01,4.667362311391071716e-01
3.693752450837277657e-01,1.171966652353709087e-01
5.992365929405732983e-01,-3.761161881118529199e-02
3.156548065856415453e-01,-2.120736347297393076e-01
4.836493139298351368e-02,-3.091436997382036589e-01
-3.097519528117392285e-01,-3.240667323529299315e-01
-2.863182390423256729e-01,-2.092499314101172458e-01
-3.375224306072585057e-01,-1.622566639448665970e-01
-3.936572188687330054e-01,-9.741179526339172057e-02
-4.331115763314126732e-01,-1.034451434604167532e-02
-6.858457330285078202e-01,1.739456985399716604e-01
-5.352917940807366826e-01,1.897758719748552370e-01
-7.492407454323326554e-01,3.282073447500601371e-01
-7.927152711192199108e-01,2.011060689254413059e-01
-6.926446512202920625e-01,-4.153262569266624737e-02
-4.702838492996302411e-01,-3.958774693644632192e-01
-2.351637794626086353e-01,-5.552840692477668538e-01
-3.366412736869670019e-01,-3.798049178891316768e-01
-4.706724342196085820e-01,-2.172617512548245811e-01
-6.574732850868448830e-01,4.200431528573349005e-01
-7.271033464442865357e-01,3.129875252651926343e-01
-6.434417116834085792e-01,3.235084321866271706e-01
-7.692580270557229927e-01,-1.014227244249470417e-01
-5.815439043725673107e-01,5.572393513981974827e-02
-6.045796732131685225e-01,1.311085910892941242e-01
-4.758860915704375971e-01,2.681686171893123971e-01
-4.572495790708204777e-01,6.262886366860997978e-02
-4.090449168803596547e-01,-4.360296072606127393e-01
-3.429049267515382748e-01,-6.320084576412460242e-01
-3.477556068611017404e-01,-5.037542361164423221e-01
-3.988809528326385800e-01,1.745755066914463777e-02
-2.946476733602575449e-01,-1.732522401638136589e-01
-3.761496567079667397e-01,-4.579218238480001202e-01
1.518699278991438861e-01,-2.864308101848755950e-01
-3.459087723106249457e-01,6.673579997810478170e-01
-8.505767657218193945e-01,1.647068073320230308e+00
-1.875387671125884559e+00,2.141887266627476194e+00
-2.090835637763683863e+00,2.097361844277047638e+00
-1.746216647436831249e+00,1.486604125411641553e+00
-1.221470557618891561e+00,7.348863134685582610e-01
-8.615390016010758822e-01,1.085308196742190007e-01
-7.896259305811358375e-01,-1.183724892459370320e-01
-4.941441061870183726e-01,-4.083660062497705412e-01
-4.606005710958007704e-01,-3.630328974866123826e-01
-6.536626804801550783e-01,-1.652093882888238940e-01
-1.208227093757006099e+00,2.676662244161877591e-01
-1.629058806416804783e+00,5.656362060739519304e-01
-1.921290849459344363e+00,7.652840064084828198e-01
-1.921290849459344363e+00,7.652840064084828198e-01
-1.754274357972962051e+00,6.901033836310987990e-01
-1.393686377524908204e+00,4.856701304085424553e-01
-8.860383442425127098e-01,2.338425466473689485e-01
-4.086886337571173922e-01,1.369325082104504154e-01
-2.911175621159234894e-01,9.346945800416385508e-02
-4.025251158295045650e-01,1.456516105912018522e-01
-5.180639826701349815e-01,1.425840986774333519e-01
-4.574176334737716232e-01,2.357362906304459049e-01
-5.710621912806154166e-01,1.914661728082800440e-01
-6.240131769343431056e-01,2.520222567764191512e-01
-6.162271185696447384e-01,2.726079148969471899e-01
-5.405617139126865922e-01,3.081110067540798747e-01
-5.261798174935726768e-01,1.862593304385571080e-01
-5.261798174935726768e-01,1.862593304385571080e-01
-3.612349959559728041e-01,1.627382507096057085e-01
-5.140856296180422724e-01,5.102522050811350018e-01
-2.431216838294776028e-01,8.189197316125453874e-01
-4.807439285903816750e-02,8.406515373500663690e-01
2.274757010275821334e-01,4.375264393507966587e-01
3.178972129475855345e-03,6.214795000749135517e-02
-3.066375272296175125e-01,-1.703624130599680486e-01
-6.253346452678405498e-01,-9.560619899058907245e-02
-1.009068988544340684e+00,-7.702938562608287187e-02
-9.950149054815348171e-01,-3.427693699637131969e-02
-6.484081815088944545e-01,-1.153244969018485527e-01
-5.332182327900608643e-01,-7.909243037243594843e-02
-3.492781246760107150e-01,-7.434212389668645726e-02
-3.049182429804909722e-01,-8.691643488788905469e-02
-1.930204225324739786e-01,-1.565465858561810308e-01
-2.978001695947457561e-01,-5.381673420714688794e-01
-5.325127054088439893e-01,-5.498990265189991344e-01
-1.789776713167596789e-01,-3.198512609331563006e-01
1.157312903393770548e-01,1.983020281642100258e-01
9.860246178641186854e-02,1.819296963343606521e-01
-4.902802224371118761e-02,1.477452657900300004e-01
-1.196422886844168134e-03,2.100210222551572581e-01
4.229925783588828758e-01,5.166877008998119747e-01
4.468752857516654631e-01,3.371308660322819284e-01
5.908923800085968958e-02,3.270041430209535416e-01
-6.415527384350523388e-01,7.857150319356695500e-02
-1.418147186701359530e+00,5.126997606564206444e-01
-2.057473893268963572e+00,7.976322981571724036e-01
-2.290142431176139137e+00,9.936208922999365534e-01
-1.891010685058792884e+00,8.582220806240073996e-01
-1.469045052853755307e+00,3.272510902731053384e-01
-1.025677833731060806e+00,-2.080139423410051758e-01
-9.478363886595879695e-01,-5.521625883318395100e-01
-8.244978679284125089e-01,-6.323537667858455391e-01
-8.184754182742027817e-01,-6.199941086861850970e-01
-8.805029182815752309e-01,-5.463151597451311181e-01
-9.195332889325648074e-01,-4.297745738399887938e-01
-8.751974255523216062e-01,-3.764416139727548294e-01
-8.177876819771036088e-01,-4.177062622679418857e-01
-5.020621369050453087e-01,-5.335864068378646241e-01
-1.850345891360997141e-01,-5.679184804806418629e-01
2.934489874060862147e-01,-8.900653260321778060e-01
3.563205533168276595e-01,-7.148244250554514068e-01
-9.509370448878527726e-04,-7.260063924512044631e-01
-6.363944377105841266e-01,-9.959092347762452113e-02
-7.690818457942936170e-01,-2.314146703879883527e-01
-6.928069878042651952e-01,5.619327552125166249e-03
-6.017310684069956395e-01,-4.321211825092646786e-02
-2.795940377522742604e-01,4.650207167517012019e-01
-1.064355842269321117e-01,4.949471316984579983e-01
1.506600401009612622e-01,6.802351860025886987e-01
6.103432829767749257e-02,3.942886942802054651e-01
1.212632915288772428e-01,3.868271952592428620e-01
2.437126878259823423e-02,2.170155724168174871e-01
-1.450099280839702853e-01,-2.450319427329716304e-01
-4.215528064841410349e-02,-2.900436700223357200e-01
3.258921111789146452e-01,-2.349980160834260756e-01
9.160914222974885224e-01,-1.287857765927392095e-01
1.054607628343122494e+00,5.410016180039752820e-01
8.828191399545789464e-01,9.660628629444745208e-01
2.748744338114905705e-01,1.032949000138083218e+00
7.895531097504864329e-03,1.311145110134757097e+00
-3.015740705307529690e-01,9.997184413746513787e-01
-2.421176461558946225e-01,8.367547357311401202e-01
-2.526295388446855306e-01,2.039568721758684422e-01
-2.526295388446855306e-01,2.039568721758684422e-01
-2.234012937421833711e-01,2.008577100194585685e-01
-6.635666139386596774e-01,-8.158004487374213853e-02
-6.635666139386596774e-01,-8.158004487374213853e-02
-8.260693069023651303e-01,-2.996008487140163767e-01
-4.894044325297312037e-01,-1.610734996713151512e-01
-3.323603413641208482e-01,-3.920991540138792919e-01
-3.568765425136229963e-01,-3.736793247622436920e-01
-7.788326224441638468e-02,-3.584974540187469971e-01
-8.711133709540623549e-02,-1.751941705882542888e-01
2.359005851462377956e-01,6.227933642858319435e-02
8.664001862690125233e-02,1.354460680483180468e-01
1.151349635193632676e-01,1.512105652222499597e-01
-1.787358038239779678e-01,1.771384065205277789e-02
-4.728685841072335222e-02,1.734172555497407175e-01
1.462544711908508044e-01,3.653801101026329934e-01
5.370049912222409905e-01,6.439124111137469741e-01
1.092767340500352846e+00,1.126866279120325887e+00
1.458512194470258372e+00,1.518996249300017087e+00
1.625345973305453384e+00,1.729375583206821165e+00
8.754373163019190107e-01,1.385005520934946555e+00
4.739748713912633193e-01,1.030584750245868264e+00
1.825339305088531094e-01,6.658961960257078205e-01
6.339145697552247549e-01,6.193908769042481000e-01
2.667138778904883933e-01,4.138532982662188608e-01
1.844338149569808294e-01,3.287484641273101249e-01
1.844338149569808294e-01,3.287484641273101249e-01
1.844338149569808294e-01,3.287484641273101249e-01
1.411759429284719092e-01,6.813213171806953294e-01
-4.463917643199307589e-02,1.644188686631002483e+00
1.939963245313303386e-01,1.596489149633830040e+00
1.882833231459264955e-01,1.238390403688162777e+00
8.664001862690125233e-02,1.354460680483180468e-01
-1.923922863476170420e-01,-7.176199435211512434e-02
-5.569928954615696037e-01,-2.528679365213835628e-01
-3.978133601243176165e-01,-1.569239312086901650e-01
-8.804228078320873452e-02,4.432652517597793218e-02
2.235261723558082392e-01,1.370889496280201514e-01
8.012956408037549827e-02,1.644247864489089550e-01
1.715272681885528505e-01,1.929320067116790105e-01
8.012956408037549827e-02,1.644247864489089550e-01
8.644013993685034647e-02,-4.730622533114647171e-02
1.645252185820080676e-02,-1.232265689597993041e-01
-2.736231470711980238e-02,-1.769366174504961864e-01
3.464132690373947915e-02,-3.875884763563258034e-02
-2.506256098615187722e-01,-9.852607179530385728e-02
-8.069650524655382073e-02,-3.747112651249401988e-02
-1.189054939665585425e-01,-6.019200374345784477e-02
-1.189054939665585425e-01,-6.019200374345784477e-02
-1.470896488291867921e-01,-1.093166067236286676e-01
-9.006232336087779955e-02,-2.497794057283131142e-01
1.954440940744612831e-01,-1.058951454905304596e-01
2.509510941537806961e-01,-6.254420729572181259e-02
1.812608264236006406e-01,1.630519292760178041e-01
2.064694142847546265e-01,7.825276382106130524e-02
1.163063080829598583e-01,-2.528545982692839700e-01
1.481810239504627869e-01,-5.151351133359332035e-01
-6.332183390103426901e-02,-9.335493587865224541e-01
-1.058626670659124254e-02,-7.470364587292195324e-01
-1.574055586737796164e-01,-8.848958929645853733e-01
-3.723620222891785292e-01,-5.862377238422343817e-01
-6.546351040945929123e-01,-4.763635798087351714e-01
-5.441026830888635590e-01,-4.258176892950181203e-01
-2.322301449803204909e-01,-5.038660404539408999e-01
-4.333208016177696881e-02,-7.965098798302835403e-01
-1.232451344125881088e-01,-6.310559378251396900e-01
-3.531613379508152795e-01,-6.551650521257862403e-01
-5.800110319291026384e-01,-4.151650791806419938e-01
-7.709393003355689000e-01,-4.150275688843891309e-01
-9.712996784905546521e-01,-1.997623248793377604e-01
-9.826729872997792548e-01,-4.570801202624567394e-04
-9.826729872997792548e-01,-4.570801202624567394e-04
-9.329484256671896070e-01,3.168541446396292566e-02
-8.304897829046010704e-01,-4.395971301362538303e-02
-7.904938554017333363e-01,-1.361119696582414329e-01
-6.988178540721445842e-01,-3.169849438941687025e-01
-6.848914362480583717e-01,-5.130842464560503302e-01
-6.420754188271412533e-01,-2.829181024084344021e-01
-8.787262241420115139e-01,-5.200363157866152441e-01
-1.213302020079726651e+00,-8.440563152480133891e-01
-1.371650748585268698e+00,-1.299701901449453967e+00
-1.291812321371014205e+00,-1.140345280254781324e+00
-8.068684700451247416e-01,-1.007794478063167354e+00
-4.405270162855276506e-01,-8.969416650648497358e-01
-3.075052418784996466e-01,-9.058710289682074812e-01
-2.489891079974986821e-01,-7.632298965330226448e-01
-1.172565169995327533e-01,-5.998411314230104319e-01
6.494187032391632308e-02,-7.515731277522647025e-01
6.743558017654718850e-02,-7.898824164437642237e-01
-2.873416537978936910e-02,-7.575105564187163409e-01
-1.834338600640494921e-01,-4.350438817359000288e-01
-1.420159509882586435e-01,-2.818155522499059540e-01
-1.280414353649603765e-01,-2.355690376020145305e-01
1.398320753208904532e-01,-2.374680137725599383e-01
2.360377192184241468e-01,-3.899684342346830257e-01
2.062655264270638333e-01,-6.537761115274310919e-01
-3.031613488291067318e-02,-7.978916149921758683e-01
-3.958201993836972243e-01,-7.153376082145556092e-01
-5.742457252348747154e-01,-2.437130452664941771e-01
-6.898526545716621161e-01,-2.341880075836610120e-01
-6.952243615416313638e-01,-3.019872561086111573e-01
-7.629164968941415381e-01,-4.506860261199782114e-01
-9.817104304066419651e-01,-2.632863703877961203e-01
-7.041238382206047586e-01,-6.038620356578172643e-02
-7.041238382206047586e-01,-6.038620356578172643e-02
-6.737336774097862913e-01,-1.567279464935524003e-02
-1.056100284830359337e+00,2.062510738209973743e-02
-1.108078778207454818e+00,-2.684688348440913627e-02
-1.204625357207206982e+00,-9.658896916681085354e-02
-1.067920092144827526e+00,-3.336720821528336711e-01
-9.117998377727375425e-01,-1.682843408907058469e-01
-9.637807776743442245e-01,3.826832610925510747e-01
-1.690657866568713974e+00,1.465658794734101766e+00
-2.727320299872145526e+00,2.644970056486818155e+00
-3.666854471364553003e+00,3.493624723553199640e+00
-3.700155810156323888e+00,3.663010989741199985e+00
-2.796315015256204628e+00,3.074930669626784852e+00
-9.584135738961535589e-01,1.840245681945146039e+00
1.190210839122307185e+00,3.974027232241043595e-01
4.316013478050804153e+00,-1.215876291053713532e+00
4.524753372776712190e+00,-1.520102140639845612e+00
3.540550045458555672e+00,-1.271661070866443533e+00
7.302977539063598700e-01,-2.310415294043405010e-01
1.799282089221003744e-01,-1.420767803858745959e-01
1.804358520910939734e-01,-2.948422123852099674e-01
-2.525587754078736369e-01,-4.402124637730852053e-01
-6.949333694967485542e-01,-4.410958567055725532e-01
-1.047128101395831123e+00,-4.984653839276073084e-01
-1.546749621723915391e+00,-9.667136929388477906e-01
-2.449302176878272785e+00,-2.489707990427569406e+00
-2.308794668000103911e+00,-2.088216782471483235e+00
-1.901779746001166060e+00,-1.234920635013169843e+00
-6.480498568158498118e-01,9.445601679060487976e-01
-2.669140597574685136e-01,1.179354686357913629e+00
3.122649488484806612e-01,1.296547705749684587e+00
1.026432476292042040e+00,6.455833222338034361e-01
7.557608143368720333e-01,1.136039244574185356e-02
4.747437965081748867e-01,-4.628090341905699012e-01
-1.793436004963260832e-01,-4.048689269405308377e-01
-2.034695340780100226e-01,-3.266618450970928955e-01
-2.432444531423226253e-01,-2.449752542834160718e-01
-4.676759537425336788e-01,-5.989513549376299789e-02
-4.009133246905048353e-01,-4.369383331809724713e-01
-6.181495272571218003e-01,-4.838004138938308274e-01
-4.879761951280423005e-01,-5.499640079049079588e-01
-3.002604284459579609e-01,-1.338895764245481845e-01
-1.954796598106884054e-01,-9.867957766052193325e-02
-1.716338017290935103e-01,-9.386137905909058832e-02
-4.902999966548806654e-01,-1.428818672700858661e-01
-4.902999966548806654e-01,-1.428818672700858661e-01
-8.319797849765248055e-01,-2.735840482886602865e-01
-8.376709989398406497e-01,-2.466574260321083845e-01
-1.129202544495716554e+00,-4.823891326026754078e-01
-1.136554761854369211e+00,-4.752185194623057551e-01
-1.015453216052774721e+00,-4.300613080228578577e-01
-5.799994284457553606e-01,-1.736898645324598811e-01
-5.278503329402597366e-01,-9.268145809766133170e-02
-4.910838422598638453e-01,-1.056520494052520104e-02
-5.790976496257927986e-01,3.111350903251625111e-02
-6.468778457014708883e-01,-2.994901734171575430e-02
-5.507997904754131646e-01,-9.093872864382576693e-02
-2.653526963155219964e-01,2.244777884191128392e-01
4.443940517037123228e-01,7.804703535926990066e-01
5.438700438234244094e-01,8.613858916036655211e-01
3.532755229103066164e-01,6.281608780512136780e-01
-2.189808969060337562e-01,1.214821415592523546e-01
-3.307401880209510647e-01,6.499117112704896893e-02
-4.110324992709508130e-01,1.325795751314651771e-01
-7.519657824863011930e-01,-1.913157535877278020e-02
-1.067266461860110871e+00,-2.157242596048803696e-01
-1.369886346734608074e+00,-7.757735575311640597e-01
-1.437254060380755760e+00,-1.382216114744126756e+00
-1.192978318669318805e+00,-1.976887414502603413e+00
-6.789453101611991892e-01,-1.819555998200873326e+00
-2.611338248970862530e-01,-1.250497990555992311e+00
-9.395538315854214118e-02,1.752556957612457778e-01
-1.697097368977746046e-01,1.196689946120918613e+00
-1.857471656168268315e-01,1.891717678326972907e+00
-1.637784688420753920e-01,2.326249787775872324e+00
-1.860239471340347228e-01,2.203494871022420032e+00
-2.915947175778784151e-01,1.501795940425052711e+00
-5.520256808146216665e-01,6.549349504704838898e-01
-7.982018137488360310e-01,-1.268069200988244764e-02
-7.302232512769057937e-01,-2.066962440265255330e-01
-4.832883587390243152e-01,-5.017146742445377505e-02
5.150712848670409016e-01,-6.108903340677726557e-02
1.706528738962220570e+00,-1.177984303532815108e-01
2.704223346453295207e+00,-2.972822777993340271e-01
2.851907875970279616e+00,-3.495461695011640169e-01
2.134694265096467980e+00,-3.098868591823456531e-01
9.794557288775311843e-01,-2.530395835509764990e-01
2.549947857990519928e-01,-4.150005382790412090e-01
-1.327024641974446431e-02,-7.526964398892691532e-01
2.220659619099741022e-01,-7.455233429835496084e-01
-2.094873263750741607e-02,-6.496122708667317891e-01
-1.766946569806377917e-02,-3.407112523467144549e-01
-8.914792523491318899e-02,-2.395493687876875666e-01
2.653968397222964543e-02,-1.163085391987833395e-01
-2.085463237916352353e-01,-1.470141585360211223e-01
-1.849363618088859240e-01,-2.487191971490772813e-01
2.394099940075601271e-02,-3.116157689002860831e-01
2.171393242367582188e-01,-2.148846601439715620e-01
7.021664753583364837e-02,3.302613555608511220e-01
-3.686163586445712625e-01,7.878954544108716096e-01
-4.860455685594797792e-01,9.162141560160996789e-01
-4.860455685594797792e-01,9.162141560160996789e-01
-4.860455685594797792e-01,9.162141560160996789e-01
-4.860455685594797792e-01,9.162141560160996789e-01
-2.245887053761111418e-01,6.305564404582221227e-01
2.882433927965762921e-01,6.166296137116024090e-01
5.333170817906213168e-01,3.180514615671879430e-01
6.593558514245446700e-01,5.895836373517314710e-01
5.333170817906213168e-01,3.180514615671879430e-01
5.311516950681480775e-01,7.966131953032692392e-01
1.841143426255937576e-01,1.064547767870724693e+00
5.383909519447124814e-02,1.803055447693769242e+00
9.662818523990249209e-02,2.341705956176113990e+00
4.613415365743971375e-01,2.685637867401201806e+00
7.707207701268868894e-01,2.299492607597807936e+00
1.836258799212979076e+00,2.465233372447891202e+00
3.106579860362746359e+00,2.714684439549103434e+00
4.435954485967467775e+00,3.373167464193658649e+00
5.213257782167113774e+00,3.216705615063063295e+00
5.395574838143510910e+00,2.660770275657193373e+00
4.917503271292101630e+00,1.835331905392726393e+00
3.943149091017412289e+00,1.066713635601870713e+00
2.672319555080800768e+00,5.145624966577542203e-01
1.310746476482711032e+00,2.585955930735752140e-01
2.082292881400594764e-01,1.523549243841371414e-01
-5.251099840519414252e-01,4.622625913716531532e-01
-6.228381665960044389e-01,7.294393245736863207e-01
-8.916692509154023893e-01,1.741095296928347302e+00
-9.557619234795633467e-01,1.924490787267774561e+00
-1.098645952856602381e+00,1.837687868540104130e+00
-5.373331925467765835e-01,7.713751059117073261e-01
-2.596677718405878688e-01,2.604490881398129343e-01
7.854797134193185204e-02,9.266739123352267515e-02
-1.018243483975655173e-01,-7.304168403188748826e-02
1.457282582500264434e-01,-3.590699881680980976e-01
1.457282582500264434e-01,-3.590699881680980976e-01
3.940723702202070799e-01,-3.308925531535360509e-01
2.450971878294660455e-01,-5.017046471736540114e-02
2.966151835093464029e-01,-1.406723638797168288e-03
1.703693310302496489e-01,2.000984923014363648e-01
-6.515500382919350852e-02,2.893112178669596246e-01
-2.698480803831602159e-01,1.266195416064419765e+00
-3.157103755093362274e-01,3.841444135685495809e+00
-3.350398684453340659e-01,3.982289455856607763e+00
-4.400707375664597021e-01,3.299177992637893464e+00
-7.188866082080889175e-01,5.277003928152498302e-01
-6.972951336609963802e-01,3.815038696471512170e-01
-8.647466369729264191e-01,-6.374487960838308431e-02
-9.245963908607737203e-01,5.606160484356426110e-02
-8.000873654602929097e-01,1.941390925279342095e-01
-6.004526089679652623e-01,8.874257466406286488e-02
5.661462087169707308e-02,-1.183748282459957668e-01
3.359173907764221867e-01,-3.849223017755556420e-01
7.270769142709656574e-01,-5.312427696982423564e-01
7.270769142709656574e-01,-5.312427696982423564e-01
5.390426426032990381e-01,-8.461224628310203277e-01
8.392809822876692305e-01,-1.398479507042811987e+00
1.517852400284606995e+00,-2.107655609027722310e+00
2.691911364518912109e+00,-2.483938299192028243e+00
3.145871098591169090e+00,-2.562707381538438245e+00
2.987372433923393356e+00,-2.410182971416170883e+00
2.001018100081772388e+00,-1.922092512920965390e+00
1.407806049410274651e+00,-1.674012610091099029e+00
1.076775317571781354e+00,-1.524221877710099760e+00
1.447684352103535632e+00,-1.612259921905132787e+00
1.177127598691982246e+00,-1.316560899786771932e+00
1.029440383433561479e+00,-9.301253908372771884e-01
7.909537944594847714e-01,-4.470948409860825978e-01
4.419229323884685257e-01,1.989596153093524736e-02
-2.384464134509585997e-01,4.451865569506737730e-01
-8.282495864089852722e-01,6.068882495857541581e-01
-9.887434265267740496e-01,3.105102358028422604e-01
-6.576498420934215883e-01,-1.389527257146995765e-01
-9.331513947182527857e-02,-5.865536315464159323e-01
7.095564127090330242e-01,-1.158888893376680773e+00
1.163901547722400620e+00,-1.950495890313310277e+00
1.202016102672769593e+00,-2.701377680163356665e+00
6.984209975591376685e-01,-2.999486482345292249e+00
1.492236745949008514e-01,-2.982876998682723269e+00
-3.599098760920502182e-01,-2.558190841140670635e+00
-6.402787492945556380e-01,-1.907465111511815969e+00
-6.228243370579945593e-01,-1.078075690369752149e+00
-4.609303052570123960e-01,-6.081214062981513679e-01
-4.086639610730865568e-01,-4.298226504391224889e-01
-2.465138231760638510e-01,-3.641896881635284244e-01
4.075989873856250556e-02,-2.256916960813695194e-01
4.567427166629311475e-01,-2.779976346394710807e-01
5.363455281315662182e-01,-7.628012157791257408e-01
4.094268909463119055e-01,-1.256330685846597239e+00
2.152226900949650024e-01,-1.565931353012690819e+00
1.582899238524261912e-02,-1.607811964688922401e+00
-4.223584080809507368e-02,-1.423621828161042435e+00
-1.936496782633234104e-01,-9.937141451837244732e-01
-3.417976608099884128e-01,-5.324442756934114618e-01
-6.171532323203171577e-01,-2.993858617167568514e-01
-4.375825381598059116e-01,-1.102527879242903505e-02
4.380109405138169626e-02,-3.955656204861170838e-02
6.351569501499680914e-01,1.715593956853364854e-01
9.045414461080765189e-01,3.354131204884315820e-01
8.858297060467948958e-01,5.841007756628003866e-01
5.145736411429809865e-01,6.141114673732087637e-01
-1.325263518059671131e-01,3.542179213282554140e-01
-5.665409284329312456e-01,1.846469049970744791e-01
-8.823398589470832221e-01,-1.901890417844560172e-02
-7.132624260398120475e-01,5.035303602114019755e-02
-4.889692986288758925e-01,-1.292597808195174447e-01
-4.011407705467316953e-01,-5.629057967211775759e-01
-5.092064578720130186e-01,-7.967009681748508099e-01
-8.225912137653684786e-01,-7.594972264168124987e-01
-1.051955076105706155e+00,-6.083455002414529522e-01
-1.158337025179963176e+00,-3.761914469779950032e-01
-1.142985521501743928e+00,-3.249223381991298565e-01
-1.024025588194968250e+00,-1.200001409636944349e-01
-8.898512067290571537e-01,-1.394844270025750732e-01
-7.984429176829237473e-01,-1.871062874277631960e-01
-7.984429176829237473e-01,-1.871062874277631960e-01
-8.442780565655334524e-01,-2.380409912295492203e-01
-8.247668753309946865e-01,-3.336848622237460482e-01
-8.247668753309946865e-01,-3.336848622237460482e-01
-9.198008468038832985e-01,-2.629827629149710799e-01
-1.024025588194968250e+00,-1.200001409636944349e-01
-1.024025588194968250e+00,-1.200001409636944349e-01
-9.879229601545529427e-01,-2.395843414792758752e-01
-7.290769245848390812e-01,-2.805438310218192344e-01
-3.645947385801456830e-01,-2.243546786905503965e-01
-2.256003828457579519e-01,-1.980677033793540320e-01
-3.704034003721833335e-01,-2.788027014705066753e-01
-5.601558662100663000e-01,-3.256771786388646395e-01
-6.821979185856740235e-01,-1.934325787212853032e-01
-6.194394622454788557e-01,1.683522693973931936e-02
-9.613374360986044476e-01,-1.075757919820793385e-01
-1.059295657033652693e+00,-2.062024269145433797e-01
-1.109405976820669215e+00,-3.419518506224726306e-01
-9.951267621795759633e-01,-2.241724039034248273e-01
-8.382692738706826185e-01,-1.105956304778152183e-01
-7.716103573010761885e-01,3.513263826481977797e-02
-5.543657273462814228e-01,1.517342915823188254e-01
-5.665208389073490558e-01,1.786295244458009912e-01
-5.238832768034742404e-01,1.352851636168572180e-01
-6.754386616657974685e-01,1.286235426549590666e-01
-5.185513543726804064e-01,1.713955516053037587e-01
-6.399426333443252179e-01,1.016888327754808113e-01
-6.199459078848088556e-01,3.860627480963020608e-02
-7.850222490234982642e-01,3.018215445024489268e-02
-8.332148028674850604e-01,6.280541539488979259e-03
-8.529966371523549640e-01,2.066519713665547833e-02
-7.933297524728679662e-01,-4.554026180678403743e-03
-6.754386616657974685e-01,1.286235426549590666e-01
-2.206691630633873802e-01,-4.095312320848318310e-02
1.277725307577072811e-01,-1.494892662326658128e-01
8.672848836930547867e-01,-4.867057450913184757e-01
1.414852655012390770e+00,-9.157832143734677688e-01
1.318398410798236720e+00,-1.085045496242173169e+00
5.600312568941603342e-01,-9.340534758425971251e-01
5.909980820029892739e-04,-7.201191305695279210e-01
-7.568951793993709820e-02,-5.176379103885265787e-01
-6.139365008107916521e-01,-5.611739433307824099e-01
-7.607966245803549077e-01,-5.676729334352427214e-01
-7.012910666731188014e-01,-6.382055643712266635e-01
-3.805481063790012719e-01,-5.124042530335257695e-01
-1.705933163531559438e-01,-3.878808119644492902e-01
-2.463090938086876514e-01,-5.645089371103788611e-01
-3.744969010984521840e-01,-8.504057315974847819e-01
-5.502159695222390567e-01,-1.126439374628650514e+00
-4.147906267256269430e-01,-8.652233506252527961e-01
-4.147906267256269430e-01,-8.652233506252527961e-01
-3.297241926048716243e-01,-7.416468036527208429e-01
-5.222079068751385167e-01,-1.189387287527943649e+00
-6.410507132525499197e-01,-1.338570113546375673e+00
-7.696602483368921721e-01,-1.666399217903257401e+00
-7.451147809762131979e-01,-1.556723854212583191e+00
-6.117340291094951477e-01,-1.384521896779006056e+00
-5.395113669686729674e-01,-1.220245381459252876e+00
-5.881391632729240371e-01,-1.365434971037558842e+00
-6.527542244419608508e-01,-1.237248588319189935e+00
-9.098741445879083845e-01,-1.168474071596047770e+00
-1.136172390379713404e+00,-9.455918761051453902e-01
-1.312203668344468666e+00,-1.053275641989883660e+00
-1.351037886510027652e+00,-9.664755462597621749e-01
-1.331536121351322377e+00,-1.187989466536468086e+00
-1.315922697404581454e+00,-1.509774651112284261e+00
-1.095827614171035247e+00,-1.645307207052950638e+00
-7.770151294417102505e-01,-1.540207202844367407e+00
-4.091115919153044955e-01,-1.196469418651319838e+00
-4.486234009960305413e-01,-8.910060729665585377e-01
-5.625439830067334723e-01,-5.203990112367045118e-01
-6.436918634346199264e-01,-2.925320866982912826e-01
-4.455193572724822082e-01,-2.533897396622698528e-01
-1.527632271798879116e-01,-2.651399385637908113e-01
-2.094797669364255877e-01,-6.286686112550018413e-01
-1.882478684230414756e-01,-6.568320088415869895e-01
-5.168254743432189047e-01,-5.217898875203765829e-01
-5.879722168426119167e-01,-1.576443022143586281e-01
-6.243457914679941823e-01,-1.803714503791849777e-01
-5.616645688983997742e-01,-6.680180085967251102e-01
-5.458930459189117457e-01,-1.116395948117302250e+00
-7.075405404459129688e-01,-1.508951793100639094e+00
-6.357455708198788136e-01,-1.671286920154793521e+00
-6.357455708198788136e-01,-1.671286920154793521e+00
-4.076776847996689268e-01,-1.229305797465589878e+00
-4.638945695492772137e-01,-1.798967180915912900e+00
-3.386646209889329628e-01,-1.723188528575726908e+00
-5.562711990170600418e-02,-2.263298384026927401e+00
3.096477088654643883e-01,-2.756112622957097802e+00
8.308275784711239842e-01,-3.298808414406595890e+00
1.252284503131974036e+00,-3.045034154448559960e+00
1.629170142908411556e+00,-2.258087327151407919e+00
1.820794530898517616e+00,-8.339003347037015068e-01
1.950540744399402060e+00,3.073950762737414494e-02
1.839632348785100291e+00,4.014112398794989489e-01
1.655519138258238154e+00,-1.921944990397008723e-01
9.393073608772227745e-01,-4.577984144481347939e-01
1.607302417701324537e-01,-6.077060159389682248e-01
-7.642589110864503876e-01,-7.617721188325885517e-01
-1.251578580694774567e+00,-1.131717178092252363e+00
-1.120080267076919434e+00,-1.434718429926266081e+00
-9.038496986852652126e-01,-2.022349053897183779e+00
-6.073438136023896483e-01,-2.565729957564370611e+00
-4.861644059110366012e-01,-2.692376585682410006e+00
-4.733792355381096773e-01,-2.799617371276723610e+00
-6.249158313345442028e-01,-2.630442398523798797e+00
-8.323886482410918219e-01,-2.535506620615320728e+00
-1.050146527331040414e+00,-1.878409360746547296e+00
-1.007802821762900702e+00,-1.051987830433483539e+00
-1.362263627107066055e+00,-7.022740536123812660e-01
-1.275100943084594318e+00,-4.889134853519958024e-01
-1.071402549549271610e+00,-6.880912936091749810e-01
-9.581502380844596212e-02,-5.901349018286421444e-01
6.607599690477142795e-01,-6.664254702167656808e-01
1.234944086299379018e+00,-6.609132049285729726e-01
8.558857248852917987e-01,-6.242438781413357507e-01
1.403678809548293938e+00,-4.639171200637308701e-01
1.008330780064599974e+00,-5.922978580368546409e-01
9.316961509981220857e-01,-8.874668298086696439e-01
-4.077998480919571567e-02,-1.253560109647818388e+00
-1.595557489603790235e-01,-9.968759945014408208e-01
-5.556293508075530463e-01,-7.019528776278913806e-01
-5.116844153604643841e-01,-2.269969989118792442e-01
-4.868195506488326996e-01,5.102189573634886843e-02
-4.669067700598318327e-01,2.599638617267775384e-02
-6.537783314759904041e-01,2.000528969208196714e-02
-6.537783314759904041e-01,2.000528969208196714e-02
-3.973300224161441796e-01,7.771547764168471040e-02
-1.024029295169280457e-01,6.998553280456476511e-02
1.436089998803473378e-01,4.875002663056057783e-01
4.096282891642682444e-01,3.444011985841183843e-01
2.169826726898129443e-01,-4.143311431098829073e-02
1.834553122437612427e-01,-8.809589121106502496e-01
1.312322922757638288e-01,-1.341439540565813049e+00
2.081265272702676195e-01,-1.253903628077497556e+00
-2.187993900358931390e-02,-1.249254556506740110e+00
-2.867524108562622409e-01,-1.064954129560435003e+00
-5.547193722065369981e-01,-9.152189465119113798e-01
-5.625153324752355521e-01,-3.460107301571945793e-01
-4.058338554803904707e-01,2.520686228740431356e-01
1.756850666082778734e-01,9.426365293116737432e-01
8.241099373460187838e-01,1.478297482504765670e+00
1.533788693675815162e+00,1.945118116569993116e+00
1.813454991131611349e+00,1.646823768125917686e+00
1.658539558036939532e+00,1.456681025707195598e+00
1.427046942397873552e+00,1.439287733003772107e+00
1.151989985913815850e+00,1.744472066569913604e+00
1.043433149827640349e+00,1.934017424850098532e+00
5.172828931111279616e-01,2.180704379426859241e+00
-1.236829953629992318e-01,2.299659070921221904e+00
-7.817527150226994959e-01,2.365739463721809432e+00
-1.360249239287964151e+00,1.852427661074119047e+00
-1.649244379453515208e+00,1.320088578133065571e+00
-1.377780588720820321e+00,6.580548097698459831e-01
-1.492265822391680929e+00,6.692729678132132154e-01
-1.710240367320100985e+00,6.819876194622570553e-01
-2.095461830266303060e+00,8.875622142670108738e-01
-1.604798743784288106e+00,6.032522812852352256e-01
-9.866642439869025560e-01,2.666633098900060284e-01
7.622635208840735643e-01,3.382747104475137268e-01
1.205170343166707791e+00,-1.758776373704837026e-01
2.325184116854607463e+00,5.584386458194988689e-01
1.907177715441933818e+00,7.946493129593267257e-01
2.269243186336099338e+00,1.919567803491047719e+00
1.813454991131611349e+00,1.646823768125917686e+00
1.306581602401934772e+00,1.207230579172992924e+00
3.509992187807171593e-01,6.118502870831155072e-01
-8.074528933413800402e-01,3.712466563255960028e-01
-1.253782921625337776e+00,3.708302931352197573e-01
-1.684583910855735445e+00,1.068562049901267130e+00
-1.738085382719184668e+00,1.997310985853593124e+00
-1.645842188773728898e+00,4.115413495302425062e+00
-1.293479590263140855e+00,6.219310881516489253e+00
-8.996099851734433717e-01,8.318266069785902772e+00
-3.360227630782616770e-01,9.409768556389252581e+00
2.643531426301965470e-01,9.550796883603664966e+00
7.183905612438578059e-01,8.611715563833634235e+00
1.553714952986303910e+00,7.103260594978803688e+00
2.762748530496581534e+00,5.171667635632702265e+00
3.460871505391440284e+00,3.599407657808356031e+00
3.930784271280570952e+00,2.398177112329373362e+00
3.365641857317168917e+00,1.698292234438209203e+00
3.856434723541925180e+00,1.702831516627622666e+00
4.161195879796549590e+00,1.717694189739983557e+00
4.710094515646259694e+00,2.397462413172555706e+00
4.581864793237487632e+00,2.156225199597312514e+00
4.118853388061900489e+00,1.487133042184979770e+00
3.339291788034421504e+00,7.516587244201811124e-01
1.849259091102563923e+00,1.548083324175125453e-01
6.567054673405681164e-01,4.906865445849317720e-02
-5.458833292201153292e-02,-3.017761033331574083e-01
-6.450268089560674822e-02,-3.775658355992357884e-01
1.320313652149808503e-01,-3.612576127427534201e-01
1.012672414669583798e+00,-2.599679416095777573e-01
8.818033177035584647e-01,-8.353455468127461703e-02
8.328665157339986136e-01,7.134785858761262534e-02
-1.632080689677715135e-01,9.018445133211121234e-02
1.158065780569956099e-01,9.383667276218139730e-02
6.688013454669174962e-01,2.626161133515542701e-01
1.781015500307881361e+00,4.970211033925937549e-01
2.801085304563413203e+00,5.796630179085855428e-01
3.568595534122459334e+00,4.314904981746484625e-01
3.429619635622702667e+00,7.388845594292386965e-02
3.483029749521294072e+00,-1.175508949895953670e-01
3.483029749521294072e+00,-1.175508949895953670e-01
3.422642412720053429e+00,-3.776207119209776253e-02
3.323285930779063868e+00,-1.673671978079775691e-02
2.775267274199273881e+00,-4.559997980931027040e-01
2.725574804628289272e+00,-8.627680781160937951e-01
2.035509982717863320e+00,-1.255731080104668385e+00
1.298713586406278653e+00,-1.051071625450955116e+00
3.832038718514960696e-01,-6.286828882910389105e-01
-9.438625208422607438e-02,-5.249742448289647090e-01
-9.035708992241685278e-02,-5.022813541081123656e-01
-1.763821913444250239e-02,-4.206371561670333992e-01
1.789110320422395706e-01,4.107869908635555789e-01
4.806293754700988741e-01,1.127208011224838158e+00
7.482477424502136376e-01,2.148721872905111852e+00
8.360300812205859744e-01,3.240063721372315353e+00
6.563112152728802773e-01,3.595441367340305838e+00
3.980620262475642046e-01,5.719557443680401754e+00
1.148381436460338134e-01,7.212427644746605360e+00
3.300345719689639495e-02,9.344594607589487012e+00
1.026389740961897341e-02,9.496558000431667423e+00
6.021867301364716707e-02,9.797985511080153032e+00
1.091794243300656386e-01,9.888899238667972824e+00
7.414859912334469116e-02,9.370909091992604800e+00
3.300345719689639495e-02,9.344594607589487012e+00
1.026389740961897341e-02,9.496558000431667423e+00
7.123506084825494133e-02,9.873861148339212690e+00
6.259934928979388191e-02,9.593738106690045342e+00
3.300345719689639495e-02,9.344594607589487012e+00
1.202152948609167271e-01,6.667440343076036946e+00
-4.242721076801841407e-01,4.928703151650524639e+00
-1.199408411925648066e+00,2.806045839109663209e+00
-2.006764024327205131e+00,3.100985707017459792e+00
-2.133032710288061740e+00,2.399729909647224879e+00
-1.464054122292542059e+00,1.512836363378154081e+00
-5.422377910665741041e-01,5.681939685808926610e-01
4.311135492247319956e-02,-5.834164863123261421e-03
1.577511554645005254e-01,-3.520841268439500044e-02
1.295425057703332994e-01,-2.144665341742963693e-01
1.107123193126876709e-01,-4.528100033719321960e-02
2.188329849119228510e-01,-1.100422853623023722e-01
3.454972257342124875e-01,-2.555467058837273403e-02
4.228722672591754272e-01,-1.072281685595894291e-01
3.193102032705630311e-01,-1.827914082729814871e-01
2.400107593316156696e-01,-8.056826390712217012e-02
5.462739008398924401e-02,-1.762655770442391606e-02
-8.980223449024876681e-02,1.842099687864032498e-01
-8.980223449024876681e-02,1.842099687864032498e-01
2.264381216806416741e-01,-1.642462509294323122e-02
6.938900689313003411e-01,-3.210516464496803168e-01
1.390083403899932568e+00,-8.601111687022651164e-01
2.048661182102967881e+00,-1.320822435593819177e+00
2.326430059055577093e+00,-1.508506494335623671e+00
2.448628047175397171e+00,-1.473842127294173743e+00
2.148614871072958454e+00,-1.042086342490117445e+00
2.148614871072958454e+00,-1.042086342490117445e+00
1.369807206577355219e+00,-8.933285203409964126e-01
8.608427670933160858e-01,-8.855684685528046884e-01
1.013728452813515146e-01,-5.656521553371863797e-01
1.322739850331117184e-01,-4.019385261107727980e-01
1.680187454956054982e-01,-6.265293488557008850e-01
-3.291846328284549032e-03,-4.451294894011745273e-01
-2.427960684134774783e-01,-1.927863292780804261e-01
-3.968840334820711302e-01,1.433797793679082166e-01
-5.146831407091323474e-01,3.073049336873823756e-01
-4.737287762626514187e-01,2.532636874020313122e-01
-3.605649435885643350e-01,1.250947688360146970e-01
-1.196060893225078248e-01,-3.192265895572673484e-01
-2.352359505034517378e-02,-5.687213474752131903e-01
-1.343601287143407208e-01,-9.995092267731605640e-01
-1.343601287143407208e-01,-9.995092267731605640e-01
-1.889405018337954045e-01,-7.758319246081649689e-01
-3.452985909733566894e-01,-3.841581110151220946e-01
-6.091014630767118687e-01,-6.901958783947673703e-01
-4.566972055728568680e-01,-1.086247223337038159e+00
1.963675127429263534e-01,-1.138236188977519214e+00
9.603698748261378926e-01,-7.483224866866049485e-01
1.475221596910332389e+00,-5.809653023070723288e-01
1.703438386964534423e+00,-4.195425436542515318e-01
1.521988227350471234e+00,-2.759636483288617215e-01
9.580033721598782970e-01,-1.238931330205032266e-01
6.634543626075741773e-01,-5.091269425276061938e-02
5.082262556190827452e-01,-2.547412243808527821e-02
7.411302676419032620e-01,-8.326401131887620211e-02
5.188425175341853102e-01,-1.973420583660262170e-02
6.899762631281712855e-01,-4.886492550570056825e-02
9.351512342797475563e-01,-9.860783872503453562e-02
1.456654491068797519e+00,-1.504582479634552494e-01
1.341988268136279139e+00,1.928774686107067801e-02
1.121163989963340768e+00,-1.950932447568998890e-02
5.822837219131731246e-01,-4.317388313686688628e-01
2.645651095583697598e-01,-6.956416037741728342e-01
-3.589917424097817666e-01,-6.875808476999993868e-01
-6.159284221815781724e-01,-3.461115282801154880e-01
-6.738676678015543819e-01,-4.125287990744010425e-01
-3.579494056962221893e-01,-8.030314653252552670e-01
-8.502274746165097707e-02,-8.918041435893955260e-01
1.875082407266452297e-02,-7.947675064951340573e-01
-3.266737451935972092e-02,-4.781669645214338127e-01
-2.230907179548591301e-01,-1.146398078979210949e-01
-2.181601389708318628e-01,6.635223007124887475e-03
-1.582468189907419165e-01,8.365444615973735565e-02
-8.192104103804520587e-02,-1.156451698823915686e-01
-2.284071709296124977e-02,-2.843378939782849613e-01
1.643120458354438039e-03,-4.029675128359549441e-01
5.086103519717227045e-02,-4.444218342900376206e-01
-2.196682600876786740e-01,-2.536166214161888477e-01
-3.889864613179496722e-01,-1.298956054652640746e-01
-6.006947305057697140e-01,6.349987717940899778e-02
-4.758575711640715133e-01,-4.158881207050242612e-02
-4.619423911422952944e-01,-3.285033406221456870e-02
-3.036082849119998706e-01,-1.991404989149428983e-01
-3.984149076791798083e-01,-2.994601030490345317e-01
-2.793719799284484218e-01,-3.351425944076442121e-01
-4.331508296706130245e-01,-3.308167890036647907e-01
-5.051161137439867943e-01,-3.047609226602920329e-01
-5.051161137439867943e-01,-3.047609226602920329e-01
-6.168893243204216503e-01,-2.925016643489778412e-01
-9.215342517207846251e-01,-8.151097274956665695e-01
-1.617116648157346237e+00,-1.744099956783979666e+00
-1.878514395885746646e+00,-2.141602720503096080e+00
-1.912918347561726629e+00,-2.071370530849584224e+00
-1.448649269054514077e+00,-1.275465006601595563e+00
-1.095989809993931141e+00,-6.853815312670050730e-01
-1.095989809993931141e+00,-6.853815312670050730e-01
-1.367530170328954187e+00,-1.073327572908959748e+00
-1.513010840129783929e+00,-1.421910058381417485e+00
-1.161301127849980075e+00,-1.171598911371600549e+00
-1.154509694850921919e+00,-1.507923460580840924e+00
-7.784777157896204391e-01,-1.191163487553435374e+00
-3.310232024433497622e-01,-6.595698158961250668e-01
-5.042222813156178596e-01,-3.573536513954355121e-01
-2.547114692433746219e-01,-1.114900808650709646e-01
-1.031246714817728310e-01,2.481081392728301804e-01
2.285466043556506399e+00,3.903576937094251770e-02
5.583254951195324445e+00,-6.563199495660245741e-01
9.336158619353915000e+00,-2.087121786335889961e+00
1.221344359200364593e+01,-3.261930695578016071e+00
1.371784048506254905e+01,-4.155867590030883463e+00
1.377837587487850257e+01,-4.557593631376824383e+00
1.191848675263244495e+01,-4.140276470807976672e+00
1.145653236267501285e+01,-3.760559110161013852e+00
1.166095644370476769e+01,-3.110367225246805312e+00
1.343191698478158358e+01,-2.634777229230949036e+00
1.349229446131131382e+01,-1.552908797844352984e+00
1.229543339245192080e+01,-4.749753220011528887e-01
9.696799836303320319e+00,3.170915719608303762e-01
5.968242464093342470e+00,6.505246668890970474e-01
2.688735665404195618e+00,4.991756387786163707e-01
3.675017722065881398e-01,1.757169321848494892e-01
-7.559653937263452472e-02,-1.276869550516502860e-01
-4.427217304519306951e-01,-1.324616942282716425e-01
-6.771775197202961616e-01,6.992640816562330219e-02
-7.332458170642938144e-01,-1.995824915855874404e-01
-8.113236358125026915e-02,-8.056446740671614412e-03
2.444108059978560843e-01,1.897605710315721783e-01
8.245383357191966578e-01,7.393345945654876683e-01
8.190583933765734903e-01,3.980181936220978933e-01
9.381159599385652248e-01,-5.835084368435066240e-04
8.719328179136529577e-01,-1.529539075601840936e-01
6.626437279961524540e-01,4.845162951063739128e-03
4.432050639065589492e-01,8.383608085506896734e-02
3.087186123893054246e-02,5.660361780415085892e-02
1.851866648391582437e-01,3.961439966671105317e-01
-1.659653301791603475e-01,4.522861407649186316e-01
3.613227894325038991e-01,4.953275107183944814e-01
3.405936032575073158e-01,1.693490155946072995e-01
5.712192730541220120e-01,1.245869326259227000e-01
6.035498982285047997e-01,9.002030138374475521e-02
8.325673696389243039e-01,-3.532920497687024042e-02
8.594771816200293957e-01,-1.206645198533387170e-01
8.719328179136529577e-01,-1.529539075601842046e-01
3.912256038370304223e-01,-7.146597183995491431e-02
4.579187848958455875e-01,3.114559517669582833e-01
3.681678761446070536e-01,4.451854815609300187e-01
7.127890874908452412e-01,3.950571136544666628e-01
4.824301232645706872e-01,-1.227689288389523584e-02
