5.779984801930739380e+00,3.153308266011971006e-01
5.953268507900459028e+00,3.103700857945002611e-01
5.887904604166457112e+00,2.809339497372441707e-01
5.786388948380345454e+00,2.448014529902240444e-01
5.406345264396887451e+00,1.566111088104462368e-01
4.946143299197931498e+00,4.095328580808012264e-02
4.420522629769820355e+00,-1.102583660248347419e-01
4.011618756635930261e+00,-2.533563547784612457e-01
3.650288423627900958e+00,-2.769480976900338676e-01
3.304568830795962420e+00,-1.952194760979322485e-01
3.145116945148288767e+00,-4.302772107019355030e-02
2.879432622004814757e+00,9.801739293894780325e-02
3.382731999515516730e+00,1.746232509033572577e-01
3.874583524889898989e+00,2.212718040029526545e-01
4.954762243682489853e+00,2.013623088154093688e-01
5.148950804621965638e+00,2.243798576946070267e-01
5.481392069612827100e+00,2.430797827082424312e-01
5.345043566196207685e+00,2.636055656906944877e-01
5.338221959003464967e+00,2.691135344071914348e-01
5.205983061515542687e+00,2.600469291371255154e-01
4.986427965081085212e+00,2.318725222632276317e-01
4.793630267737150064e+00,2.039861740917926769e-01
4.509743369126735679e+00,1.253412553328207557e-01
4.235134763351052989e+00,1.947657579160488525e-02
4.067432436592740785e+00,-1.217734701048965168e-01
3.874060819548383439e+00,-2.576933522650444730e-01
3.083209364226318971e+00,-5.191625672242238254e-01
2.214588776679319082e+00,-7.040728324821716733e-01
1.444993613177995906e+00,-8.831463091469384796e-01
1.250478586462018926e+00,-9.288210914798905593e-01
9.111045008404090595e-01,-1.005005745252528726e+00
5.858307706939245296e-01,-1.037297871873186894e+00
2.498682114353246719e-01,-1.038289120563275603e+00
-1.323837834957261872e-01,-1.025813427958218504e+00
-3.484619402245203723e-01,-9.897076466714292975e-01
-4.719547392333246494e-01,-9.866755441330797849e-01
-4.063048210525562198e-01,-9.198749236683333441e-01
-4.116134608370449199e-01,-8.494202191299602411e-01
-4.346920638568457784e-01,-7.513886822863791171e-01
-3.775470855251624736e-01,-5.651196095468905556e-01
-5.241749807761328928e-01,-6.786598248225235164e-01
-6.582808851335508749e-01,-1.019295765931537145e+00
-4.700310151795505931e-01,-1.081650933754031207e+00
-3.958152249331085837e-02,-9.572334948476027838e-01
2.946237684947639601e-01,-9.262432515095436747e-01
8.054528607144890717e-01,-9.057116663995773420e-01
7.472631769888289366e-01,-8.964670442838398312e-01
3.271576325143276676e-01,-1.020204879930605157e+00
-4.296767215211299007e-01,-1.041544028283123202e+00
-8.277604845117217947e-01,-1.128104497573435783e+00
-8.277604845117215726e-01,-1.128104497573436005e+00
-8.831615637576459843e-01,-9.834807197766934905e-01
-8.555404640213214451e-01,-6.348704435153699199e-01
-7.726927288109957104e-01,-3.441880509943424093e-01
-8.060754590336612901e-01,-2.306803207153640123e-01
-8.410702151929781989e-01,-2.860109322108502772e-01
-8.794436413123395413e-01,-2.917736385430765300e-01
-9.540068033201080100e-01,-3.341142791172191373e-01
-9.696154943851116315e-01,-2.991847326147909492e-01
-8.853522727251660340e-01,8.199959654815966448e-02
-6.964389202114390498e-01,6.150502139143593228e-01
-5.839944375971879431e-01,1.705683962952824428e+00
-5.763730985745511015e-01,2.995466024870442556e+00
-6.650135151074840767e-01,4.429446239241871197e+00
-7.462793758150589873e-01,5.784012841296080509e+00
-8.293838855654650510e-01,6.956166958506027065e+00
-8.976595588968401263e-01,7.815865509615912643e+00
-9.538177240767253817e-01,8.349469169885757935e+00
-9.956607683653906360e-01,8.528703852258949780e+00
-1.022671373933774053e+00,8.348176828685138773e+00
-1.034201464529679093e+00,7.813351858652018755e+00
-1.030187947990711672e+00,6.952467875412248866e+00
-1.010176923745097266e+00,5.779536202400374911e+00
-9.765185212160845118e-01,4.423440610965193365e+00
-9.828744286217585557e-01,2.991301552691790544e+00
-9.289852162599002705e-01,1.690942335623698778e+00
-8.674407342769719920e-01,6.737300410581057442e-01
-8.712484914919461643e-01,-2.620902803507991000e-02
-7.704696955561232130e-01,-3.081651506756212244e-01
-6.479224648204068293e-01,-2.476571088533776333e-01
-4.810768464740210471e-01,4.963427083906608028e-01
-3.034925653541453161e-01,8.147627738975231626e-01
-1.527818709991027868e-01,9.287587886385824110e-01
2.766178612790965580e-02,6.770699623576347248e-01
1.419741831293222789e-01,5.555983398915501636e-01
1.136796619853683715e-01,4.330177178245914194e-01
-4.992891693769081068e-02,3.581977426295170908e-01
-3.173769577716700763e-01,2.817692536726492114e-01
-5.548764297409294333e-01,1.275132047541373548e-01
-6.531260786546888575e-01,1.390318782488895455e-01
-7.475609225149926207e-01,2.775762274582377342e-01
-7.417918180287311758e-01,5.806462112187699143e-01
-8.447435680244242961e-01,8.800292926475229427e-01
-7.658794088444954573e-01,1.013442908936358799e+00
-6.155705989879085571e-01,1.041460881759517010e+00
-3.156640954358396201e-01,9.030465123223788693e-01
-1.315516624375636379e-01,8.342895908384456716e-01
1.142602788366879445e-02,7.687052765531907639e-01
6.423968580610159296e-02,7.072530235285366951e-01
1.272342613211333295e-01,6.444431905361800439e-01
2.186830443247859135e-01,5.525416223518448966e-01
1.779440011665171795e-01,5.682766488229837876e-01
6.849440903943469772e-02,6.465673365925100891e-01
-1.755193052056080727e-01,9.045706526055237173e-01
-3.246895501095715120e-01,9.129433777958116947e-01
-4.432324435918504890e-01,7.898308864189391709e-01
-4.644305435910681679e-01,4.091113571149627703e-01
-5.191590262640829456e-01,1.010031045814651918e-01
-6.329812171771527218e-01,-2.689825019329836198e-01
-6.376022025640675217e-01,-4.946298213434655588e-01
-7.097649393317700950e-01,-7.720986875522033444e-01
-4.926005159010986567e-01,-6.037788388257828709e-01
-3.294494363856293462e-01,-4.509807071725028815e-01
-7.885507440026109233e-03,-5.377507313183535476e-02
1.290573854655233110e-01,9.544679546554912797e-02
1.800624448673145139e-01,1.333513047886336900e-01
6.263445014412198641e-02,-4.403254805672180555e-02
-1.399770244849189542e-02,-1.725727019325577483e-01
-1.080127996603531398e-01,-3.181021783157890193e-01
-2.010445798948312102e-01,-4.514448697479651051e-01
-2.957660422420345658e-01,-5.736550847858242763e-01
-3.889237693320749534e-01,-6.766740134663914441e-01
-4.797322758051800196e-01,-7.614214747590686283e-01
-5.871765634957151203e-01,-8.479460884092726580e-01
-7.223442187477419063e-01,-9.820322998144022097e-01
-7.815422387336954380e-01,-1.028003421332482681e+00
-8.876650370621791408e-01,-1.147245615316492051e+00
-8.364735138452359386e-01,-1.076448875787419102e+00
-8.937029478781892688e-01,-1.143643969673732830e+00
-8.327284847139047042e-01,-1.071291081823466662e+00
-8.895574877992636909e-01,-1.117037379830883692e+00
-9.325496688361430975e-01,-1.120039999083367377e+00
-9.881955352448811292e-01,-1.127545019487727673e+00
-1.061225515890803495e+00,-1.081783027475099246e+00
-1.107867248996026843e+00,-1.165817673068192173e+00
-1.153964864361903375e+00,-1.331264617783309845e+00
-1.168823483692661647e+00,-1.606799260948446939e+00
-1.200037259640826637e+00,-1.820676669461581465e+00
-1.214860557284013431e+00,-1.983480152616311054e+00
-1.209789087197861379e+00,-2.064857872261780081e+00
-1.185814168539353730e+00,-2.067749302655697452e+00
-1.143070518232133237e+00,-1.990598020938741275e+00
-1.082844087103037145e+00,-1.835974282045382822e+00
-1.004877102055068416e+00,-1.614257322613673606e+00
-9.554963390069519669e-01,-1.387130569623820753e+00
-9.789338637392609455e-01,-1.296278091792748999e+00
-9.130731966105478659e-01,-1.148557440741215796e+00
-8.249771750781471624e-01,-1.065949450629724904e+00
-7.217941547076693887e-01,-9.547224448561718591e-01
-7.169703989567220992e-01,-9.495213176347787609e-01
-7.302167225758341429e-01,-9.434626939251506972e-01
-8.110585883347765090e-01,-1.018751854687428127e+00
-8.759226808428313138e-01,-9.965792383359362017e-01
-1.022088834826052839e+00,-9.168187444791910945e-01
-1.024534287529573984e+00,-7.271603831503187232e-01
-1.040315451235732436e+00,-6.313113304730119113e-01
-1.002945427863780825e+00,-6.280536881012119821e-01
-1.028683887759544113e+00,-6.173926705639025680e-01
-1.038288029167473647e+00,-5.944244117547881068e-01
-1.034692164857949903e+00,-5.592786023974043452e-01
-1.044038191390169512e+00,-4.960359455933022743e-01
-1.033861751773585080e+00,-5.158959688138852195e-01
-1.080976843938104226e+00,-6.663161382739868355e-01
-1.111929190400911649e+00,-7.468724120602944216e-01
-1.093848661975941772e+00,-6.094153031723859026e-01
-9.309329951113987089e-01,-4.142285909378720654e-01
-8.405901004776803465e-01,-4.551756896279943176e-01
-7.039686314284325785e-01,-5.761327840919147070e-01
-4.619646217387761156e-01,-4.942716785781260946e-01
-5.418186576699739881e-02,-2.385268736981048243e-01
2.182471632803451855e-01,4.474146072629824056e-02
1.083231101037368083e+00,2.193787797124308048e-01
1.318998777114376297e+00,3.747988198213348943e-01
1.357856541443281273e+00,4.032948716444426096e-01
6.066752167019267006e-01,5.707371651436244919e-01
2.195831522502511846e-01,5.140720868557777656e-01
-1.349049888073503567e-01,3.320937251176430682e-01
-2.851797885706205959e-01,-4.752506825137395308e-02
-5.272114906376510479e-01,-3.673593388277379690e-01
-7.895992566294922632e-01,-7.938490172839715031e-01
-8.904827447544665375e-01,-1.013618103931704706e+00
-8.342305666815603704e-01,-1.056803478357479342e+00
-7.511767603079121391e-01,-9.773415482940449595e-01
-7.648033809580452314e-01,-1.018050202794293480e+00
-8.024287055845191752e-01,-1.069239554130211323e+00
-8.231338915955359603e-01,-1.056875507659192248e+00
-8.561295478795870606e-01,-1.025601177084633608e+00
-8.675085741565982111e-01,-9.340267718860826296e-01
-9.066230395338725767e-01,-8.577077669224281165e-01
-9.363373847504055103e-01,-7.501960359819227486e-01
-9.514463991199012538e-01,-6.275509190764616552e-01
-9.522196991449203285e-01,-4.467487519311895139e-01
-1.013586585159061304e+00,-4.381249632903470581e-01
-1.050514752520897765e+00,1.390905238269826982e-01
-1.064183052807674779e+00,5.625868644942204622e-01
-1.018493801923346709e+00,1.114323234111215255e+00
-1.036248559542878089e+00,1.122026869169225227e+00
-1.087034513844801875e+00,1.287973132129481835e+00
-1.125499154242841637e+00,1.357381573018200616e+00
-1.145331442024147828e+00,1.374391241851735668e+00
-1.147638009787331770e+00,1.325548795257747381e+00
-1.131973829151837974e+00,1.216316703395372345e+00
-1.098741447384383729e+00,1.050392563375239119e+00
-1.048615647029239595e+00,8.345710477730308163e-01
-9.823982868243937849e-01,5.790612157411304528e-01
-9.020950172180730586e-01,2.896728555346026468e-01
-8.066593895965116223e-01,-3.774115386485443670e-03
-7.872860228664785298e-01,-3.296828022947216330e-01
-6.937374414128039124e-01,-5.664836098263040798e-01
-6.184275321463178487e-01,-7.163009523256702593e-01
-5.066662842022257029e-01,-6.996225455895168643e-01
-5.102690924634605274e-01,-7.347094039134135501e-01
-5.147250094108669627e-01,-7.809662511973090027e-01
-5.219360044885569261e-01,-8.059782323423352324e-01
-5.189617900554583940e-01,-7.990165288234687413e-01
-5.204925196791083675e-01,-7.774985878097445680e-01
-5.158242486196323862e-01,-7.378057176544625673e-01
-6.820248913519958434e-01,-9.023480582499956437e-01
-6.690555677041873928e-01,-8.616173924666928885e-01
-5.947169138201869876e-01,-7.623402613630402280e-01
-3.713742437632486793e-01,-4.920058486427921207e-01
-2.520791234946574977e-01,-3.365083199473558051e-01
-3.105378565348757003e-01,-4.115669951252080017e-01
-6.415861095983149687e-01,-8.134298323533429853e-01
-8.240523364618593805e-01,-1.061380482427975336e+00
-8.815482483547852910e-01,-1.121422056058131389e+00
-7.296035524546673479e-01,-1.017577033767768979e+00
-8.135334303462827821e-01,-8.603171169405661178e-01
-9.049298913164436353e-01,-8.671494237852631626e-01
-1.097116241702251749e+00,-9.691874526873334172e-01
-9.224821746436234760e-01,-1.027970120365804041e+00
-8.428451666066586467e-01,-1.013346308666386753e+00
-7.473067633435397372e-01,-8.744027472308927296e-01
-7.297828155085480661e-01,-8.390067222889356913e-01
-7.611097503344647075e-01,-8.062889605461550646e-01
-8.817065424094792103e-01,-9.639602540766295524e-01
-8.512208442582400725e-01,-9.582811261326771302e-01
-7.345568509245777866e-01,-9.168691079445641101e-01
-5.828126079398899817e-01,-7.399519582212221724e-01
-5.238373208302751216e-01,-6.893535261692040894e-01
-4.652537213685306039e-01,-6.237718902628027751e-01
