-7.196369356897528435e-01,2.586641002976283743e-01
-4.973433078340589453e-01,3.505209261756395828e-02
-3.699960340254635494e-01,-2.446053958627988356e-01
-1.061586950916713207e-01,-5.854011953260611634e-01
7.366725503789713081e-02,-8.918740693881778148e-01
3.147940762137260706e-01,-1.253375680524288383e+00
7.327649969641549799e-01,-1.822832101410212902e+00
1.222281946044637913e+00,-2.425011078076899196e+00
1.819845243825018999e+00,-3.066987696594246859e+00
2.317730219153220972e+00,-3.608329433925295593e+00
3.056262522989218855e+00,-4.169584136452049172e+00
4.019486654092125022e+00,-4.653277760879930725e+00
4.949626511373017124e+00,-5.386657337842614801e+00
5.690842111887543631e+00,-6.151294143755100308e+00
6.015989360799769869e+00,-6.853887762217699020e+00
6.250630289075115087e+00,-7.162299377371458498e+00
6.209952772820070521e+00,-7.046656183460033418e+00
5.850043693179941329e+00,-6.390186067484976640e+00
5.538768682436751689e+00,-5.727253280497190069e+00
4.554331250199242120e+00,-3.955648981218046423e+00
4.469858619003357347e+00,-1.904041089844645596e+00
4.723577368049767244e+00,6.454465685030934541e-01
6.045187394022384808e+00,2.474423308349861461e+00
6.945094834541016837e+00,4.411620921322024103e+00
7.629433730980668571e+00,6.025258365729317056e+00
7.934709497955807933e+00,7.247709819874574855e+00
7.884355974617949236e+00,7.986076173169891490e+00
7.469325489907894244e+00,8.192046766750303632e+00
6.715373644460834512e+00,7.857291197947478878e+00
5.635665772849660193e+00,6.981297414591067785e+00
4.346417507727304397e+00,5.707949829317796819e+00
2.847255022625613474e+00,4.059649461129072989e+00
1.604806576705498200e+00,2.647308281063979862e+00
4.750996308421426839e-01,1.463576742939397102e+00
4.750996308421424619e-01,1.463576742939397102e+00
3.560245064796164760e-01,1.132360476458729170e+00
6.437026428133884037e-01,1.035761596464202183e+00
3.831563850697715101e-01,3.509756418141244949e-01
3.308982307128851552e-01,-2.488308189313044871e-01
4.073815259393699650e-02,-4.677359939838741099e-01
-2.814144266273413408e-01,-4.176204294154809427e-01
-6.361839146571529602e-01,6.390535477913424078e-02
-7.789160878485378303e-01,2.349839887771675018e-01
-8.181551434009162183e-01,2.996899689555593271e-01
-7.230024841458094764e-01,2.518493407261674921e-01
-6.622468126195673044e-01,2.248596719232673624e-01
-6.938248978102526943e-01,2.157194132767993044e-01
-6.591404692866397186e-01,2.047624070202543889e-01
-5.844574165919592668e-01,1.906992553893571696e-01
-4.167424399386306932e-01,1.665583100433802310e-01
-2.949509793207530373e-01,1.444276807054821476e-01
-1.782152830771428220e-01,1.224107191310610521e-01
-8.455881474763932149e-02,9.417140010291712160e-02
-1.697158854206208545e-02,6.477150000644707473e-02
1.684833028778213310e-02,3.746589332923855320e-02
2.940543747998025648e-02,1.922636378583813047e-02
4.824475457950114232e-02,7.264366704032686715e-03
6.498624857486090534e-02,6.119631518665030571e-03
8.017228580189655895e-02,1.501808839654795134e-02
7.761823950160150198e-02,2.927908473546992144e-02
5.757439469469201321e-02,4.751031734221645986e-02
9.615772989035936344e-03,7.042767283677943413e-02
-3.668608299595797761e-02,8.726909161519946778e-02
-1.098298727269209074e-01,1.119810119476386534e-01
-1.139644296102323567e-01,1.002406658291464525e-01
-1.086376006190724886e-01,8.294145567238885020e-02
-1.065515027907212864e-01,6.375711626282432043e-02
-2.086968026680033894e-01,9.460344792479068177e-02
-3.926476023736741316e-01,1.671186273127577837e-01
-5.970343525463285284e-01,2.407940526919279400e-01
-7.327676525543536101e-01,3.006732107384727515e-01
-7.078228504456680614e-01,3.022055904740958421e-01
-7.212231875098448208e-01,3.218503851150336659e-01
-7.951001836409469226e-01,3.530826335351665568e-01
-8.348821872856706516e-01,3.608613516812562150e-01
-9.650407558430001975e-01,3.989451518377026829e-01
-9.125933902311967882e-01,3.430768550301355746e-01
-9.179344065998070734e-01,3.040067201588094181e-01
-7.073328377324671346e-01,1.209682313946841142e-01
-5.870511643316342898e-01,-6.768623811871200824e-02
-3.996128196875761707e-01,-3.086358954234535434e-01
-4.626546381062853763e-01,-2.388168441374188822e-01
-3.395616573554676720e-01,-2.951041335295958024e-01
-1.829741205269331539e-01,-4.950652357501948986e-01
4.722595378703235702e-02,-7.772496746882507912e-01
8.769700923769509215e-02,-8.771570561077260964e-01
-3.249948141605085716e-02,-7.196258812965953267e-01
-1.530336343472322724e-01,-6.231853137810434706e-01
-2.508962686283858767e-01,-5.160823324893921704e-01
-3.431507795330979160e-01,-4.121881336581381672e-01
-3.488839715998901525e-01,-3.730748150503101490e-01
-3.601188613691470031e-01,-3.879597481913739654e-01
-3.787623796511917496e-01,-3.368325957923653524e-01
-3.610466239629503415e-01,-3.542042941574837234e-01
-3.192203837235801367e-01,-3.789771708646990644e-01
-2.415979713851193478e-01,-4.990520857993991366e-01
-9.055180712144984823e-02,-7.241028456240440336e-01
1.632759429439896159e-01,-1.106052355059166992e+00
3.397568450091037473e-01,-1.358819856429896555e+00
3.667709761425820836e-01,-1.402997742351102417e+00
2.035635958869011219e-01,-1.150450180231838981e+00
5.431918247143931178e-02,-8.899223465017321866e-01
-1.115463155426141967e-01,-5.848674682858182594e-01
-3.473313738166862175e-01,-2.401433281774812134e-01
-4.268234916035721360e-01,-7.846502439958147335e-02
-4.963636152057170903e-01,-6.508597553367936189e-03
-2.060135032994438731e-01,-3.602899226134563260e-01
-1.811146963252655701e-02,-6.877680629201887719e-01
5.969685634059824775e-01,-1.483845987906453390e+00
1.503683837213717789e+00,-2.610031882269405301e+00
2.000020756591756044e+00,-3.282577975419503691e+00
2.190744379699578914e+00,-3.651925501039656297e+00
1.779880529282719337e+00,-3.322751540935491743e+00
1.450425704598608423e+00,-2.972767385275793206e+00
9.998479670305285838e-01,-2.385785403886602207e+00
5.105160227222828029e-01,-1.656614480324160255e+00
-2.182503229033409126e-02,-8.871370540657206316e-01
-4.429658103113426337e-01,-2.615749388971837508e-01
-4.059543201200464524e-01,4.892980800226675447e-02
-2.556123079045278801e-01,9.247956712666315082e-02
-1.909942283406332320e-01,7.516857215747008159e-02
-5.202734380195519481e-01,2.256379683511170464e-01
-6.615437232678680335e-01,2.952669989953359275e-01
-7.548045737193284088e-01,3.403244576694813839e-01
-6.828330822246237997e-01,3.116585058942527575e-01
-6.707771955219797855e-01,2.957666637146843525e-01
-6.405174387913719070e-01,2.605569401048452582e-01
-6.056026541724320866e-01,2.193540427977887786e-01
-6.001683418747854049e-01,1.647885273542910589e-01
-6.617375246865746519e-01,1.880255862884416540e-01
-5.509418583662012425e-01,1.528295985070506902e-01
-4.090317055927441547e-01,1.493237318199057140e-01
-2.817846961995844612e-01,6.098289795772773164e-02
-4.807149922976641232e-01,1.417078631569159419e-01
-6.723104015143027690e-01,2.239701305826344579e-01
-9.696134559449955947e-01,3.661629293608550939e-01
-9.709830348471863992e-01,3.790862684208401445e-01
-1.007101455486948183e+00,4.022719681573480588e-01
-8.708603262651247734e-01,3.722179835389039515e-01
-8.327306788555045580e-01,3.589870413402637128e-01
-8.026265863265852341e-01,3.529106125096939106e-01
-8.036273966619222886e-01,3.431502468244764792e-01
-8.516153000780285476e-01,3.479409278440474540e-01
-9.780987297238140643e-01,3.756525231991686975e-01
-9.288627184326772035e-01,2.987212330212945521e-01
-7.614367820303258316e-01,1.517531435107566939e-01
-5.127893966442016449e-01,4.096683320805340200e-02
-4.495602222523137903e-01,-4.167826337929164682e-02
-4.061666445958265759e-01,-6.177563757817784024e-02
-4.384531841629498716e-01,-8.894701067252991367e-02
-4.120079285520411583e-01,-8.615140991875075427e-02
-4.299581143752445045e-01,-1.149938020949372308e-01
-3.257602663024179446e-01,-2.477633833388079021e-01
-2.334595831356581774e-01,-3.974043214553990566e-01
-9.553505866387827783e-02,-5.724884775724525809e-01
-5.415813807196982223e-03,-7.038504748901098784e-01
1.077085313211059436e-01,-8.881406575614897436e-01
5.632191454417768278e-02,-8.162808849604480388e-01
-8.547372367942970839e-02,-6.268432541650137413e-01
-4.037736542451065835e-01,-2.333936360542669397e-01
-5.828812826928126967e-01,1.229215737690434428e-02
-7.609318297782139418e-01,2.118904761780912860e-01
-7.026311748969715776e-01,2.197070783836189978e-01
-7.466609983528035288e-01,2.708740983710127281e-01
-7.476003486756527261e-01,2.777377060706222589e-01
-8.922744061512545288e-01,3.325230444112256545e-01
-9.057635094602821679e-01,3.367498883322035397e-01
-8.723402936255159057e-01,3.183084678957497915e-01
-7.739337288471206389e-01,2.801301788578541840e-01
-8.080235107332783828e-01,2.618088620209280126e-01
-8.772423836272683628e-01,2.911248988014177863e-01
-8.434238381535402729e-01,2.791749803934088225e-01
-2.945894286537668050e-01,9.912319198958048638e-02
2.897777856254598050e-01,-1.393239918184751847e-01
1.392727160414427123e+00,-5.676650514058847463e-01
1.397721082340587007e+00,-5.746808586877701908e-01
1.335992674849375117e+00,-5.443564720381274258e-01
3.902043143142332193e-02,-6.743473758283823061e-02
-1.528540013926119878e-01,-3.209616341427431324e-02
-2.809008334970833909e-01,-7.560488887669758462e-02
-5.929607747920307981e-01,3.745510223933368188e-02
-8.457721749382158816e-01,1.499172124125798533e-01
-9.396916475935664925e-01,3.202814183157203232e-01
-7.577225786899172144e-01,2.739145570291109388e-01
-7.050627189580155330e-01,2.662312967943696318e-01
-7.327118044154321552e-01,2.777687054235440378e-01
-6.671593801730615336e-01,1.491664709908723796e-01
-7.094753109137870162e-01,1.304815429973164576e-01
-6.220130397364506125e-01,8.360033430503696628e-02
-7.880414739484691289e-01,2.149889562029190793e-01
-5.786278416060237628e-01,1.583956373936297457e-01
-3.249819176438620283e-01,7.869909007579964366e-02
-6.667079257632048395e-02,-2.401365182828046733e-04
-1.522373372273521687e-02,9.630833899267037673e-04
-1.693243183097414284e-01,8.443970914329597399e-02
-2.937015707122302421e-01,1.499680812321732559e-01
-4.364959340552336808e-01,2.167746970143663299e-01
-6.047185933815071301e-01,2.813156719659367644e-01
-7.034171639477799776e-01,3.200310896093163660e-01
-7.643103285040058203e-01,3.397945526190478405e-01
-7.415702229500250597e-01,3.272177291595618764e-01
-7.439065894590024541e-01,3.094579171081771052e-01
-7.327170857121964032e-01,2.783637554585126073e-01
-7.658691779242096098e-01,2.505413312436660656e-01
-8.030711652647829490e-01,2.319125081502020624e-01
-9.767365119404342044e-01,2.928753508358656332e-01
-9.222642189181995409e-01,3.011507119262626930e-01
-9.242381454400999674e-01,3.292215104294226591e-01
-9.242381454400994123e-01,3.292215104294226591e-01
-1.069378652671512997e+00,3.973304466558448267e-01
-1.084736388818283714e+00,4.181228879635114914e-01
-1.000893976199182189e+00,4.008099002731002614e-01
-9.303067212333754332e-01,3.711133439664641709e-01
-9.928028374223583086e-01,3.810894514191873750e-01
-9.637899619205010371e-01,3.557278083098779353e-01
-1.046692943697548506e+00,3.618552802313698136e-01
-9.346043230252056855e-01,3.192022431256791859e-01
-9.009453442241949217e-01,2.884702922747421350e-01
-9.009453442241949217e-01,2.884702922747421905e-01
-8.472760329619937192e-01,1.935412374684622738e-01
-1.010142218444256779e+00,2.569751424013852481e-01
-9.195911105495456761e-01,2.485479369324752053e-01
-1.094105623034790975e+00,3.826634677000491647e-01
-1.000511405244924656e+00,3.598702829847629792e-01
-1.000511405244924656e+00,3.598702829847629792e-01
-8.280734010273357315e-01,3.208480095318029246e-01
-9.299574975599096405e-01,3.495039613547262225e-01
-8.721438156279873732e-01,3.399145659294127708e-01
-8.587315770450999475e-01,3.446318739864390746e-01
-7.000862111631842577e-01,3.084846510613398762e-01
-7.395034292752570293e-01,3.139966154413585953e-01
-7.786983212364924078e-01,3.310889753015442971e-01
-9.641773467989716018e-01,3.714753644856193526e-01
-9.435664491145953070e-01,3.743315597449069498e-01
-9.633372705181161288e-01,3.773194162226943260e-01
-8.921689155928335113e-01,3.665548347210912938e-01
-9.151638159811384954e-01,3.708214239507014454e-01
-9.974368939756365071e-01,3.991866283995674780e-01
-1.111516487676398768e+00,4.261149750648085544e-01
-1.068293655410734955e+00,3.992027211989182534e-01
-9.519642928151023087e-01,3.339043485940651479e-01
-8.481156738493579317e-01,2.763325746416659401e-01
-8.041031361658895760e-01,2.258163812471204457e-01
-7.539609186414781838e-01,1.726425617240021082e-01
-7.092326227257222948e-01,1.010659986145160533e-01
-7.002682502130568309e-01,9.697321291881497163e-02
-7.293042157396852909e-01,1.325894452339803353e-01
-8.690361497169318827e-01,2.524131688466240697e-01
-9.235603888686831908e-01,3.118509608185392468e-01
-9.593140033502026709e-01,3.502247067960775340e-01
-9.555546820082176929e-01,3.465400837016385793e-01
-9.447975837131599164e-01,3.388355392750823092e-01
-1.040506578325004927e+00,3.566660715765360146e-01
-9.690160721491049012e-01,3.201827167867442037e-01
-8.496032667437191099e-01,2.754715691043513326e-01
-5.753840317395527704e-01,1.903561948736632592e-01
-3.410135902806362140e-01,1.183502699817704645e-01
-1.912025262106459289e-01,6.873819031432079618e-02
-5.568381215749624441e-02,2.405809184252538646e-02
2.154853812595429116e-02,-1.464891600203481600e-03
2.683315987052274990e-02,-1.086813152049637696e-03
3.140560198387409158e-02,-3.370857031468684102e-03
1.106008998579616556e-02,1.139080143919352257e-02
-2.797138906224037880e-02,3.768606936573191957e-02
-8.124211256101017409e-02,7.112036262957467658e-02
-1.408449463550728864e-01,1.066324219597375861e-01
-3.211903605968884357e-01,1.839220212090003082e-01
-4.260919725640390232e-01,2.359129537479085492e-01
-5.231320277046990208e-01,2.831599332420913218e-01
-4.908660060428902683e-01,2.802071591775135428e-01
-5.090853048780176193e-01,2.829627010232843576e-01
-5.168038794937932501e-01,2.718240105543305862e-01
-5.931389877994096560e-01,2.793306552522181740e-01
-6.126117483110916639e-01,2.633569831314978016e-01
-7.243123122556727189e-01,2.783759612173514197e-01
-7.243123122556727189e-01,2.783759612173514197e-01
-8.357266990690073172e-01,3.212095152095467143e-01
-8.106323271337229075e-01,3.139046822406978965e-01
-7.586978806112597562e-01,2.848954654886730053e-01
-7.738093922366167110e-01,2.791563272185920153e-01
-8.086056250179272098e-01,2.664490184723665167e-01
-8.293244175168850152e-01,2.757686162611430181e-01
-8.446128491324660370e-01,2.954100867280282650e-01
-8.398801187918476518e-01,3.383890835338084768e-01
-8.871527741084379581e-01,3.764443810404442536e-01
-8.978031515928659445e-01,3.868918462502816680e-01
-9.860517778015299717e-01,4.140144249132018395e-01
-9.957007977171939972e-01,4.100402939859429940e-01
-9.866160157679797482e-01,3.938399591056772620e-01
-8.966847892831851796e-01,3.499220299537465495e-01
-9.487052272919461737e-01,3.429276683119618085e-01
-9.749151189854390331e-01,3.283777010903726756e-01
-1.138330201254418084e+00,3.813402166500930446e-01
-1.138330201254418084e+00,3.813402166500930446e-01
-1.008150688444724441e+00,3.373406045876569670e-01
-8.431549643334160793e-01,2.590887005207823668e-01
-7.081939285805898265e-01,1.948063740415893197e-01
-6.821441016233141807e-01,1.810430994359309986e-01
-7.518674413505939125e-01,2.107206593111438375e-01
-7.698224841158433085e-01,2.441665851370738161e-01
-7.868436602240482802e-01,2.637423439503545075e-01
-7.644991131492373526e-01,2.628898477699368463e-01
-7.673272850711465587e-01,2.670814318084419603e-01
-7.871867200032830469e-01,2.766258479576960139e-01
-7.907967342992687776e-01,2.920266772825011459e-01
-7.686669856342627227e-01,2.631502115896252603e-01
-7.304124807904768257e-01,2.147212036251905931e-01
-6.104528543537135477e-01,6.442455190337587068e-02
-5.881474887970745691e-01,2.643812740582589943e-02
