-4.156168726773981636e-02,-8.108500975294355428e-02
1.482548409366383491e-01,5.737598185629546460e-02
1.494403781682422661e-01,2.630425936805468878e-01
8.038156215044810204e-02,-1.279238404055604572e-01
-1.532564655725073520e-02,-8.055718820138464409e-01
1.573628933195319601e-01,-9.451611924869128822e-01
5.119841665107509598e-01,-6.118040571398851712e-01
7.821196936317880155e-01,-1.295630118619666982e-01
6.784233196550306655e-01,-1.495056216916240133e-01
5.723127728627177557e-01,-7.026941212938316861e-01
5.723127728627180888e-01,-7.026941212938314640e-01
5.324081014999133554e-01,-6.515793100759527112e-01
2.984086043281263811e-01,-4.933214882712264049e-01
-4.107097478402801927e-01,-8.617868935258498064e-01
-8.690980861293875481e-01,-9.488135700886191071e-01
-7.854593521130418532e-01,-8.690623201411910026e-01
-8.867267767499404929e-01,-7.925640950892927084e-01
-3.000501761118541943e-01,-4.217726155954824585e-01
-1.065260580422570519e-01,-3.217467120818507942e-01
4.813600532747314142e-01,-1.827434551139804075e-01
2.997696028982603234e-01,-5.304874545701075972e-01
2.124594555483161062e-01,-3.022376769019556875e-01
4.737753833098840711e-02,-3.576816082367632182e-02
-3.881115954131777318e-02,3.429288946212307732e-01
-8.049629360495626218e-02,2.620575749108557395e-01
-1.877814813159007779e-01,-8.162610680504280014e-02
-1.935447164263402464e-01,-9.277458636686877758e-02
-1.873068740982004876e-01,9.007126832786310766e-02
-8.223731633793993079e-02,6.887187847328365420e-01
-1.745832768561816351e-01,5.998106218580242510e-01
-1.728544126330391062e-01,2.654734139596559572e-01
-3.763416740494059387e-01,1.055010332808133389e-01
-2.607724779473005738e-01,5.037126615972226107e-01
-5.186644515039279257e-01,1.384123032963571198e+00
-5.846348223809225697e-01,1.959419200874375822e+00
-7.351166283681073166e-01,1.953718042569306368e+00
-5.399077147625334083e-01,1.434801289543016223e+00
-3.535549824396034824e-01,3.490133304444569262e-01
-2.142126358370910200e-01,-5.288332236166499722e-01
-3.495189434371166470e-01,-7.830552507801861184e-01
-8.957975168107028541e-01,-5.446436696490019047e-01
-1.488305558073095058e+00,-2.096586073035411613e-01
-2.294982026813671805e+00,3.745834128819057751e-01
-2.456074296862773121e+00,8.526806729052014422e-01
-2.852766000658877310e+00,1.561399633287547939e+00
-2.919244138184779569e+00,2.048810911387807021e+00
-2.973917402145962008e+00,2.249512693867629309e+00
-2.348940126152194718e+00,1.687580715654608099e+00
-1.468793735000804235e+00,7.351256754533567195e-01
-7.814451673153013367e-01,-1.049505967190847294e-01
-3.150034569890090563e-01,-7.326718399875840060e-01
-2.854639432264007848e-01,-6.633488456271008360e-01
-2.854639432264007848e-01,-6.633488456271008360e-01
-3.189107274034218009e-01,-6.413116525653296263e-01
-3.624563722009810363e-01,-6.224476971741451647e-01
-3.076574548723738367e-01,-7.716045827164843551e-01
-1.390189402224780713e-01,-7.721911824745025799e-01
-2.214724769035705532e-01,-7.852393577827818660e-01
1.756052477492552610e-01,-1.158024492173301556e-01
1.425253728587883573e-01,-3.796516483973980810e-02
2.801388727555245706e-01,-5.530971490938627749e-02
-1.724065187204924521e-01,-4.926619627225721776e-01
-2.796899918940450869e-01,-6.967812559836439323e-01
-1.917671503750610906e-01,-6.843508638434036007e-01
9.119125056421242825e-02,-3.673204866761653475e-01
-4.580556007140246938e-02,6.472016420172822804e-02
-7.702664455260548326e-01,6.868958905758720812e-01
-9.651012217658222481e-01,6.501164151710759898e-01
-8.847454399443482886e-01,3.212188464881686745e-01
-1.626807609036481916e-01,-3.675116544292326148e-01
-1.540356560198589686e-01,-6.102779559972383305e-01
-8.575831783753833440e-03,-8.311643052502043494e-01
1.197434701834331622e-01,-8.583725063131985022e-01
2.226368853925671798e-01,-7.456583040864986911e-01
1.320668997784288645e-01,-4.878953703587991519e-01
4.576334697883818747e-02,1.483950796528801241e-01
-1.034809200689694592e-01,6.186267131588889523e-01
4.139723892593342724e-01,8.990134679160696196e-01
1.297080972829993240e+00,5.134260766837024370e-01
1.539506463601336250e+00,2.862849386785595862e-01
2.061667277703117751e+00,3.958436843810768657e-01
2.011327286310463869e+00,6.886753914413742406e-01
2.117822940768550488e+00,6.232489787046007201e-01
1.251018518471777252e+00,1.942723915399748869e-01
5.853533357758019529e-01,-1.708075693930747596e-01
1.445702367491198126e-01,-4.491529732840609523e-01
3.024815046590009215e-01,-2.939639435668264245e-01
1.581291951116606809e-01,-2.676745778379390761e-01
1.902172062922877910e-02,-1.640709650936501007e-01
-2.663919981071499188e-01,-3.193639538612487727e-01
-6.882807792475340580e-01,-1.862608472279449479e-01
-1.192177292624313267e+00,7.643365680664805650e-02
-1.729097598577763240e+00,5.936652103101462963e-01
-2.051809076240858953e+00,6.632091297067912450e-01
-1.662224210830764992e+00,3.618426166099339425e-01
-1.054671639289866070e+00,-8.589353697617216343e-02
-5.805852363355694656e-01,1.134361586032266306e-01
-6.336578754827363325e-01,7.418378312203633973e-01
-9.166379491524582201e-01,7.914145926704547751e-01
-1.016352174989023416e+00,1.465432709515113174e-01
-1.178565266758143881e+00,-5.663645867576740933e-01
-1.003345470077048551e+00,-1.014585164012431484e+00
-6.757608614045454987e-01,-1.072120521488912903e+00
-3.283456171265092816e-01,-7.389022714376747292e-01
5.805081785056006444e-02,1.231647034101859273e-01
3.727437041893007508e-01,9.901744505672243069e-01
7.283798482444320266e-01,1.931920826858157803e+00
1.149263822800311141e+00,2.722235693230532050e+00
1.565923911306813743e+00,3.266586040316266093e+00
1.858329847775497479e+00,2.931925308972469946e+00
1.926209920333152859e+00,2.077099178271481605e+00
1.552218553629501452e+00,9.930806057666212716e-01
1.083436656484116911e+00,-1.244389937937584595e-01
5.944777298446742853e-01,-1.034861673296283868e+00
-7.565893416297206527e-03,-1.337617386556161136e+00
-3.311142664190812601e-01,-6.753297773917907865e-01
-5.172270093900120935e-01,3.927418447629391074e-02
-1.929268223383022451e-01,3.803326229463102615e-01
-1.937947058468727224e-01,-7.307181812955940159e-02
-1.175142233173384482e-01,-1.096288798654565105e-01
-6.815424104884575118e-02,-4.131389100816861837e-01
1.008547375545182923e-01,-4.643515758962692974e-01
2.573073944438740712e-01,-5.394132178440651515e-01
3.649146521963707035e-01,-4.320750865794257822e-01
3.374108912491086687e-01,-3.883512308766798871e-01
2.029310412827254606e-01,-4.968046679656142328e-01
4.317200072334181210e-02,-4.204981239447181385e-01
-1.210818783122367438e-02,-5.723816116773947638e-01
8.013842430138012896e-02,-4.678719489852691260e-01
1.783089375633845897e-01,-4.879528788018783758e-01
6.514600802426402659e-02,-4.324374023384057741e-01
-1.107885844379452450e-01,-1.976189920604133343e-01
-1.419834053719059297e-01,-2.940331556574572458e-01
1.005297492923854820e-02,-2.180408007059986275e-01
2.194413132823931356e-01,-2.986737535475273986e-01
1.403981089676441252e-01,-1.866855499329279078e-01
1.250021749793202852e-01,-2.005718152281605327e-01
3.888363867754340841e-02,2.189578862028940254e-01
1.165681144845901740e-01,2.711686314869161119e-01
7.948781391263427809e-02,2.319020195239765991e-01
1.475855992646905590e-01,-3.283761784156084551e-01
1.783089375633844231e-01,-4.879528788018786534e-01
1.419940268073797418e-01,-5.759778663445007663e-01
5.796332446768296398e-01,-9.179883347002807392e-01
1.237835101206837596e+00,-1.659134878966588289e+00
2.077007165580334824e+00,-2.334927716643291351e+00
2.645768318093062899e+00,-3.103868672561020503e+00
3.756831175305721082e+00,-3.648135386047723028e+00
3.810082909151228048e+00,-3.501548017032459104e+00
3.397640496131036247e+00,-2.569772380424558023e+00
2.335481264387944567e+00,-2.106655918422337681e+00
2.278313284337460498e+00,-2.443598987572427106e+00
2.322280440797713119e+00,-3.090367950694946408e+00
1.921564245626987688e+00,-2.917945963486968886e+00
1.162756867209270739e+00,-1.992335750604543376e+00
6.355435597969376627e-01,-8.125674721327580396e-01
2.846926766561188593e-01,-1.357682776405963465e-01
4.428054820836575811e-02,4.300994744992681085e-02
8.543565410585073072e-02,-6.997591504748227331e-01
9.488406620753801757e-02,-1.128782118001344870e+00
1.943009396929453181e-01,-1.421294103099402184e+00
1.644372304642407745e-01,-1.456573676948515139e+00
1.138854001172451280e-01,-1.171938542107567649e+00
5.544449035018417238e-02,-7.069227274611281642e-01
1.621547076336625759e-01,-6.866876819347942362e-01
2.933296324321443826e-01,-8.098374933585045232e-01
4.404237272653291901e-01,-1.025748898441942725e+00
4.492290452649888577e-01,-1.373975282618165039e+00
4.755058216675590588e-01,-9.379584684902230185e-01
6.012627997626843745e-01,-5.151741602820441024e-01
6.821668091662242972e-01,3.587337549733702891e-01
5.727498785262755687e-01,6.303341201435420649e-01
-2.106476330058277835e-01,2.079737060152128780e+00
-4.963102902527488092e-01,2.198044298221182302e+00
-6.510858412437848797e-01,2.409439270956197365e+00
4.314749593635416880e-01,5.698761305337353145e-01
7.383987189781068272e-01,7.390210466509454790e-01
7.384636376598470164e-01,2.952860196962885930e-01
2.196857148685973926e-01,-2.781927420689401381e-02
-1.183625844742593886e-02,-7.571628238570075053e-01
-3.518941239564996604e-01,-8.375212549921356997e-01
-4.685101786227952592e-01,-7.659739989665130533e-02
-8.094241558550046012e-01,4.449751488741803263e-01
-1.119929613637656418e+00,1.520511073230250254e+00
-1.326205696323003336e+00,1.097592994732089267e+00
-1.051834996099003217e+00,6.310476449067706772e-01
-4.889739418841003160e-01,-7.460721171812314534e-01
-2.921644399755591315e-01,-9.584731257849732344e-02
-2.583517406338337596e-01,-1.793891050814257204e-02
-3.691717406798183942e-01,5.322631262939771235e-02
-3.006957561511557908e-01,-4.741722156455654980e-01
1.300787676901001347e-02,-3.088691214308704747e-01
6.360748441855406110e-01,-1.733573070702720542e-01
1.057715491222016579e+00,9.492685752413794475e-02
7.919822152763849044e-01,9.810415445806511259e-02
2.036507966971274342e-01,1.625753893177763476e-01
-2.012051911173559082e-01,1.810097921444598634e-01
-4.686031754041830588e-01,5.393369820070297305e-01
-4.173907752472183486e-01,2.902429812051889324e-01
-3.456695138612603246e-01,8.595616196686678423e-02
-3.873556148352472195e-02,-5.809260176062449599e-01
3.847979651629025027e-02,-6.549722995756367405e-01
-1.454166299284831154e-01,-1.076817526275000825e+00
-3.377607753928620893e-01,-8.919005298622227906e-01
-3.390748219739769254e-01,-7.352492609631910980e-01
-2.571531338107143072e-01,-2.720590019767097356e-01
-5.370764277106455653e-01,-2.237284889381098985e-01
-1.017096999931506929e+00,-2.950498804978795020e-01
-1.129414863712414618e+00,-1.034633216912258930e-01
-1.013197231930100584e+00,-5.517762549883822865e-02
-6.147669978139647107e-01,1.707098400340570088e-01
-4.004481282977364054e-01,-1.005310698932550678e-01
2.832576124114853308e-02,-2.069009065224572397e-01
5.035274699369253204e-01,-4.551205215908170620e-01
6.421151201921400098e-01,-3.846676555326566382e-01
9.814569617506520016e-01,-8.710827978946232841e-01
1.171709229689033682e+00,-1.427666584566875008e+00
1.309633045432183618e+00,-1.812614599277183824e+00
1.008283486399280227e+00,-1.764609277078737604e+00
5.971450244153111431e-01,-1.377859257381538693e+00
-4.632774954404529459e-03,-9.906997031714667168e-01
-3.678149170766678022e-01,-6.226121272131384110e-01
-2.441574068983756451e-01,-5.626053033038697082e-01
-5.090248091504016859e-02,-5.038232207556639919e-01
6.150449105000914407e-02,-2.753538942406156265e-01
-1.910736651369010219e-01,5.938001702379406416e-02
-4.167208517400554091e-01,4.578736285802792461e-01
-5.646378527040000206e-01,4.560895283797204991e-01
-5.663549940541614536e-01,4.012471914636564496e-01
-4.379504464425032495e-01,2.854315250047771424e-01
-1.628813657209744747e-01,6.448342439217275013e-01
5.040133309956831842e-02,7.430494189215249845e-01
4.776812985776729414e-01,7.414682628466330305e-01
4.751602864954317940e-01,4.556277491198797991e-01
2.210738477077260067e-01,3.049262561871683985e-01
-2.435782327077753717e-01,2.534247104466232359e-01
-4.379504464425032495e-01,2.854315250047771424e-01
-4.265372241309838830e-01,5.584315813844920040e-01
-4.911683717060365550e-01,7.385197185533034503e-01
-6.084094136674120801e-01,1.143381741607041535e+00
-5.158501644434192457e-01,9.294673758135582053e-01
-1.020830138391727315e+00,2.527161812441558020e+00
-1.119533403286228301e+00,2.302668399791315323e+00
-1.608704583608969951e+00,3.610425562083363626e+00
-1.925705023856931097e+00,4.124015675792577440e+00
-2.388473011446169192e+00,5.716937263639482403e+00
-2.409327801151920578e+00,6.163960642034660431e+00
-1.890407884473460864e+00,6.102006080008737676e+00
-1.544175257581635430e+00,4.997441170396451859e+00
-1.354808120837533547e+00,4.489634137234507882e+00
-1.794330546595840126e+00,4.491062287069441439e+00
-2.040834826491605192e+00,5.510842543822284334e+00
-2.286830510083313950e+00,6.114359483184116151e+00
-2.155354616200296558e+00,5.842869190108686439e+00
-2.377624726232880015e+00,6.091297880644848561e+00
-2.603039031584701402e+00,6.087804030420594259e+00
-2.876485527005431031e+00,6.195612152310097542e+00
-2.709062201612756571e+00,4.614052270464352290e+00
-1.627628465520443823e+00,2.785002792182273978e+00
-7.141916012018232340e-01,8.802867266645939548e-01
3.456699699162640860e-01,-4.321918804742245351e-02
6.976131460244062721e-01,-4.751400685599073137e-01
9.458561916215934007e-01,-1.015668298764997646e+00
9.681603229498304541e-01,-1.551403052578169239e+00
5.576469803502632772e-01,-2.050649326824353746e+00
8.087828629691362625e-01,-2.631426238349167335e+00
1.241046497440492224e+00,-3.048244057277766927e+00
2.003564041967830889e+00,-3.472279249952921809e+00
2.007830356617369194e+00,-3.060490876835125995e+00
2.530604277094344656e+00,-2.402643868698546736e+00
3.147559844616468983e+00,-1.450154845763709455e+00
4.128556802913267099e+00,-6.139343455918426784e-01
4.414716717764144427e+00,4.016005947481923744e-01
4.048548833812604109e+00,1.231045766500694194e+00
3.396260965006734800e+00,1.407243273124266780e+00
2.405326522139896728e+00,8.485043777133195464e-01
1.701592852748698537e+00,2.071201278896744880e-01
7.243298129948594344e-01,-1.522274107512174013e-01
4.297672362652117384e-01,-1.670547751226011679e-01
-2.946817603901011676e-02,-3.899075269115969689e-01
2.020694470729582637e-01,-6.076759199038996861e-01
2.253909019021738402e-01,-4.501437988209647800e-01
4.649608271287128392e-01,7.806146132181578101e-02
5.830842610318139885e-01,5.136503724487635481e-01
1.448909748094246996e+00,1.188795600798635554e+00
1.958164441120314958e+00,1.563406651371872957e+00
2.127181485329255217e+00,1.752146838483185531e+00
1.306804685828384605e+00,1.128948568618468817e+00
6.991651296363686763e-01,2.447474997807662089e-01
-5.743702632266430019e-03,-5.552363675982320279e-01
-5.743702632266430019e-03,-5.552363675982320279e-01
-6.361485730160122698e-02,-5.213175889298733434e-01
-6.361485730160122698e-02,-5.213175889298733434e-01
-9.638042068324635669e-02,-5.991213847560099559e-01
-1.946727484666067598e-01,-5.504182456953014002e-01
-1.576437285412723988e-01,-6.668166162904278771e-01
-2.519163494455374797e-01,-6.577122340564960368e-01
-2.799521473493291751e-02,-7.474585596829930179e-01
2.104996736954445058e-01,-6.037919834295064625e-01
4.736431568733889264e-01,-5.290387982641391318e-01
4.930705751957648042e-01,-6.862221372898312001e-03
6.681938162847430585e-01,2.936168102773604738e-01
5.622306011327000697e-01,3.922819460214609921e-01
2.190752598669123696e-01,1.455233206296930315e-01
-2.333542929211927519e-01,-3.350699207644942668e-01
-4.488310496151615148e-01,-2.253704851571483037e-01
-4.038835318428761201e-01,-5.557270708816203220e-01
-3.223049858546733204e-01,-4.049498008537941174e-01
2.309100340330817736e-02,-4.670425176518643862e-01
3.980343689329176593e-01,-3.736280689044511605e-01
1.574866544725706807e-01,-1.143818513234023532e-01
-6.053127790783768836e-01,-2.502523851428714030e-01
-1.463544198431547816e+00,-2.256073753913926949e-01
-1.294476247875076869e+00,-4.308786494623816909e-01
-6.301282761044356695e-01,-3.149626748827132894e-01
1.924303957639084683e-01,-2.433073695761612254e-01
2.839685408653395693e-01,-1.239863251788613507e-01
8.857568817702841935e-02,-1.834197719561277418e-01
4.040420267828509493e-02,-1.958184935045838848e-01
1.333500010123728208e-01,-2.431232267986836448e-01
2.054006835616582205e-01,-2.710300167846246833e-01
2.052453568019078911e-01,-4.586521999230100954e-01
-5.940916392334322227e-02,-5.008416803138103779e-01
-3.512410173003630565e-01,-3.299444226325113361e-01
-5.980670098438273241e-01,2.362321862835167763e-01
-5.727219866586895636e-01,4.140572871334967653e-01
-1.032091330592607603e+00,-2.103542307296647207e-01
-1.274518680487644051e+00,-6.744524099450459609e-01
-1.824700872019361153e+00,-7.331443881716956934e-01
-2.233531664232480285e+00,-6.163318006181347508e-01
-2.604450591576640495e+00,-1.020482080619303344e+00
-2.550250721278134236e+00,-1.293511386710234357e+00
-1.905344177496073321e+00,-2.028505540135055352e+00
-7.681405195902132332e-01,-2.212845073192856393e+00
5.558780513052973271e-01,-1.890020319098071333e+00
1.236121864188420405e+00,-9.983488441139324321e-01
1.323392690950941253e+00,-4.021166447636633223e-01
4.024598471387832999e-01,1.310589100831313913e-01
2.713019376030608720e-01,2.870915823823743107e-01
9.496599912599371085e-02,2.577424323557124808e-01
5.643651637865799708e-01,-8.766535586782654432e-01
8.024303095975396927e-01,-1.552334166199355492e+00
8.528252299405262304e-01,-1.813238158212300277e+00
7.679659321540458494e-01,-2.195268852599919551e+00
3.578164243109728249e-01,-1.963684751422669406e+00
2.651594898098960096e-01,-2.099449076596699992e+00
5.381980865373091338e-02,-1.810008877504116320e+00
-9.516037914591869706e-02,-1.682360873245789534e+00
4.527440925073297068e-02,-1.292081640673322207e+00
3.096336793191917791e-01,-1.002537780389981981e+00
7.004914332272301758e-01,-1.170106767379378132e+00
6.269196508329158979e-01,-1.006364954365283726e+00
6.258893822875992718e-01,-1.037062098085347772e+00
5.114674476525242763e-01,-8.824680541602043515e-01
5.959926426983607195e-01,-1.055162433924110577e+00
5.089048137057002874e-01,-1.187124375983130031e+00
2.253113345833476777e-01,-1.026775330269696473e+00
-1.498580274579535410e-01,-7.263212053454105588e-01
-3.492155795686751607e-01,-3.753654264855474931e-01
-6.176276649690443099e-01,-5.978745448628218773e-01
-8.436891053127052453e-01,-7.922056723705342973e-01
-1.329640510621659777e+00,-1.351288513589578910e+00
-1.138333775097927214e+00,-1.147266759369740541e+00
-8.242564943838331937e-01,-8.292169745478138454e-01
-3.468729023396132649e-01,2.290412826757320108e-01
-4.716230812353920943e-01,6.779643099434194964e-01
-5.399940245037270214e-01,1.298190279185827301e+00
-6.494368016664856524e-01,1.829299220157788231e+00
-5.446257950039562479e-01,1.522251385328718731e+00
-5.163461322192594016e-01,1.374144648011257797e+00
-1.065546240518802298e-02,6.661356294403364409e-01
1.985471620380553637e-01,4.969232807793155793e-01
-7.913926764452160201e-02,1.252222132756943163e+00
-5.260166029389549136e-01,1.846654198001384639e+00
-7.134703413739844624e-01,1.713124465089981729e+00
-5.050025880456046057e-01,1.475821751049753994e+00
-2.984448687844008519e-01,1.355951112793914559e+00
-2.099453634354550569e-01,1.448471976209164014e+00
-3.815216073270651376e-01,1.561147118768074549e+00
-3.505089669111227102e-01,1.128941111080044024e+00
-2.163072679346444982e-01,3.634121305736408014e-01
-8.145246169257971958e-02,-5.468623447956587613e-01
-1.651401331770999126e-01,-1.053623990974960067e+00
-2.930995970036276432e-01,-1.068960061506550208e+00
-4.046108537975206532e-01,-9.360537846603709244e-01
-4.466274637621017174e-01,-7.096226394915592373e-01
-1.937055735509062571e-01,-8.797206077854863304e-01
7.131855542195818243e-02,-9.261418906794732786e-01
3.209978051407909039e-01,-8.595688983990819043e-01
3.635329494207257262e-01,-7.212538395333758512e-01
2.480329611698945391e-01,-5.468955265334188853e-01
8.767858499274161499e-02,-6.133631414631607326e-01
-1.114416924529584435e-01,-6.232474174336213313e-01
-4.100860419283828412e-02,-6.595390652497825634e-01
1.126154201043778752e-01,-5.414894682913999890e-01
3.732861294347469827e-01,-2.477221996795007097e-01
6.492097468263335891e-01,2.183903672416521169e-01
7.839164510811945652e-01,6.694053020775031504e-01
7.605234622293096658e-01,5.286264741749489016e-01
4.648252016250289387e-01,8.487480911524792893e-01
6.103453518119168059e-02,1.026161088840594315e+00
-2.497186327139611084e-01,1.332049345824968256e+00
-4.000061968488529129e-01,6.395479992827661775e-01
-5.839241309948215441e-01,-1.362938854700443680e-01
-5.756820312752936042e-01,-8.107643215370187173e-01
-5.322080758190611549e-01,-8.642292157530749863e-01
-4.518754961634136036e-02,-8.724560305681199335e-01
6.477232583782732700e-01,-7.607387811215975404e-01
9.533251272499397855e-01,-6.932718482592802323e-01
1.093479715991567902e+00,-6.479648694361138661e-01
8.170939153570380142e-01,-6.512123025970305568e-01
3.768587425766534715e-01,-5.034756325559160972e-01
1.319582118642992630e-01,-8.786005190328304015e-02
-2.948949196729627187e-01,4.522688160160635573e-01
-3.081290854978952498e-01,8.480275358847275680e-01
-4.235296284904769837e-01,6.829922869341176206e-01
-3.544088859668095837e-01,9.854513035831881096e-01
-5.213511661009558873e-01,1.419036859763405323e+00
-8.326691863272364102e-01,2.036579248608478387e+00
-1.031462647401181876e+00,1.595459100485557835e+00
-1.031462647401181876e+00,1.595459100485557835e+00
-9.071682633940277851e-01,1.449917988805658586e+00
-8.666018167033399111e-01,2.370262550978449845e+00
-1.006175036758409247e+00,2.774045197733789880e+00
-8.778277992935950014e-01,2.713210061532909556e+00
-1.114115075834041013e+00,3.554701920967415329e+00
-1.369128228898725208e+00,5.795472265784117560e+00
-1.808048245459911607e+00,9.010078230009888500e+00
-1.587282052349491712e+00,1.170137464512561465e+01
-1.076841320327800888e+00,1.311206299616507209e+01
-4.244101364817497446e-01,1.278200882256206050e+01
2.693823673477322225e-02,1.107194106333416705e+01
-1.444554984580667389e-01,8.604384185740057589e+00
-2.296181003863733971e-01,5.538056897787792643e+00
-3.415514540900844720e-01,2.830363607233798540e+00
-2.233494936748811333e-01,6.335631015748540706e-01
-4.026628709511709814e-01,-7.333516547334606450e-01
-8.104432545350896966e-01,-7.516247492687387899e-01
-1.135361921622900283e+00,-7.338686179338010929e-01
-1.374618345480605797e+00,-7.105967670432689065e-01
-1.167849298217918275e+00,-7.396242583544977434e-01
-7.140129265223659205e-01,-7.625058070040620084e-01
-3.600209317602897086e-01,-8.723219922217806399e-01
-5.629565818581461212e-02,-6.376506251184312912e-01
5.820365297689780171e-01,-6.200391391331147029e-01
7.974927538877919497e-01,-4.531193760961254036e-01
5.962422537565330583e-01,-5.639242634603307547e-01
7.263021073167404140e-02,-5.094708605063635876e-01
-3.265081777478675562e-01,-5.326455509899997720e-01
-5.053751749670490900e-01,-6.760192307013523916e-01
-6.925620898266685588e-01,-8.485572594888045606e-01
-1.563191926792929787e-01,-1.332755464800358780e+00
-5.189820856127700388e-01,-1.290113300885240788e+00
-7.489471722583342927e-01,-9.019220807070428281e-01
-1.072161380631645899e+00,-4.961376125653650382e-01
-1.231428037451532509e+00,-4.034701247226295528e-01
-1.108494090078315342e+00,-6.372489864447647978e-01
-9.248951944772432210e-01,-5.364046364686623214e-01
-3.171271829344877724e-01,-5.260094156284849110e-01
4.697591241519867289e-01,-3.049963452712235457e-01
6.390513635045523833e-01,-1.135858501021077133e-01
5.939825887958011252e-01,-1.224417940855563325e-01
4.296249981166073706e-01,-4.053363575980641342e-01
1.359172561474704666e-01,-7.234026932797804621e-01
-2.996916265252429490e-01,-9.016091883249386374e-01
-5.004061240653175924e-01,-9.897223535050450050e-01
-6.604896042216884533e-01,-9.510478325068538741e-01
-2.230716582407694659e-01,-7.651062525829056549e-01
-1.921705637061700001e-01,-6.920675635743658294e-01
3.025259266812246536e-02,-6.283969736099779269e-01
2.271700599865000836e-01,-4.862500571414824502e-01
3.308984322129672195e-01,-3.573721058579355514e-01
3.374561602819511341e-01,-2.346674986160579846e-01
2.683313272752992917e-01,-1.348006287116471913e-01
1.467836976274774774e-01,-1.739838132366038417e-02
-8.113125131521481403e-02,-2.188793614105574437e-01
-2.349655982930086984e-01,-3.939594240911680756e-01
-1.814316814135020217e-01,-5.807069061671239485e-01
1.036783316891324962e-02,-5.227215161884849470e-01
1.395048531878591014e-01,-5.666025550806269573e-01
3.667156567074255080e-01,-4.334151722182510991e-01
3.558791256314153273e-01,5.476225907139016524e-02
1.862342627741101486e-01,5.721419477566540568e-01
-1.650146732453763865e-01,1.065278636769491083e+00
-5.303044680940210975e-01,1.184466578190831010e+00
-8.896479459703059423e-01,1.056818611879248637e+00
-7.230603914501483320e-01,8.540557663028948143e-01
-4.979057792061513665e-01,9.425902106420329662e-01
-4.579368908736039523e-02,6.647119307619271389e-01
-8.322343512285228229e-02,1.647844818623541707e-01
-1.662028502977397626e-01,-3.398503920696963054e-01
-2.826081958485489598e-01,-3.882300574350447397e-01
-6.094026463862487475e-01,-5.375362954565947593e-01
-6.776137260780351612e-01,-7.565192916555039115e-01
-8.718275530509331794e-01,-5.561511587118639355e-01
-8.526455607165792649e-01,-3.688561549791762872e-01
-8.863322069108741097e-01,-3.678550899487263437e-01
-9.232904618152733001e-01,-4.247366478944231138e-01
-9.072229048362763226e-01,-6.788296465282038783e-01
-1.135169026538078052e+00,-2.922231403025992158e-01
-7.793541760955977615e-01,-5.006200152880009302e-01
-3.727590369311142293e-01,-2.277587924307951373e-01
-2.986839946031862314e-01,-4.476131751469473175e-01
-6.075438943423574489e-01,-3.145844847430562252e-02
-8.397319857166591905e-01,8.159013371247533786e-02
-6.231872454600194677e-01,2.494537577846175636e-01
-5.740834126444888108e-01,2.122461110999130096e-01
-1.042030536745340408e+00,9.082363362979894994e-01
-1.149752945526990366e+00,6.935838056249145067e-01
-1.352305569528821749e+00,3.785841063787188099e-01
-1.203113229587405186e+00,-5.760226060226143474e-01
-1.076067618603517628e+00,-7.961084551748075500e-01
-8.093885437325770704e-01,-6.055503861061075632e-01
-7.649044252359386009e-01,-2.575131585226286823e-01
-9.085916325600162935e-01,1.543924650413386612e-01
-1.209550743418057017e+00,2.338747252166822888e-01
-1.355406803836654017e+00,5.044592857056930946e-01
-1.321770811051258265e+00,5.569148521540258079e-01
-1.239754773369289076e+00,3.752231351791215919e-01
-1.035932508231648841e+00,-1.994802838952754523e-02
-7.605900109486073424e-01,-3.358191181926516999e-01
-3.290002802583641972e-01,-4.756308371326594675e-01
-2.049739067768489020e-01,-3.012184301547577436e-01
-1.484625428355766386e-01,-1.774711649287497861e-01
-2.830130343179807495e-01,3.980960457905019512e-02
-4.313130441982142016e-01,-6.499530198465490460e-02
-7.924579117287972041e-01,-2.438575890640403143e-01
-7.040342876665799388e-01,-4.559452009477241718e-01
-3.241211002483082582e-01,-6.033573062589008273e-01
2.420731666569893303e-01,-9.269074454679143704e-01
5.298632386537760475e-01,-1.480445732827140093e+00
4.853118912854741951e-01,-1.998984004226298516e+00
3.755192498557838321e-01,-2.106229343236567075e+00
1.650033829136952346e-01,-1.796581061482376063e+00
-1.226316794032402124e-01,-1.290151544593574728e+00
-1.950725485814967519e-01,-6.579004039453274499e-01
-3.446863782077116967e-01,-2.706492350571416683e-01
-4.133149848459904407e-01,-1.175992800618322759e-01
-6.823545434000137799e-01,-2.525439448295921929e-01
-8.383130010033295054e-01,-3.205134899640061374e-01
-9.981866597647357509e-01,-8.877349920002006178e-02
-1.071386849020947718e+00,1.907276055728770736e-01
-1.055577962527638691e+00,2.720017954087934897e-01
-1.027485580680929322e+00,3.348211359132724496e-01
-9.242260702585500809e-01,2.846479352603524804e-01
-7.429272845162714356e-01,3.522185934154094533e-01
-5.601136676172765450e-01,1.830182368456692299e-01
-4.431948092306294829e-01,-1.854946634512904813e-01
-2.978514240798061929e-01,-4.421246932863973078e-01
-6.165751453685680561e-02,-7.220538172178513348e-01
-2.178365115897906990e-01,-4.526646555854001441e-01
-3.511988427777970045e-01,-4.852042047361329047e-01
-5.723300672141319323e-01,-2.640591947608581513e-01
-4.399235657310446856e-01,-4.107040933336056909e-01
-4.443533074409873884e-01,-3.283280395981667543e-01
-2.365357884394012067e-01,-5.247391292264316220e-01
-6.732001856408396934e-02,-2.993724452906204037e-01
5.266143405824716406e-02,-4.407976577446492961e-01
-2.444262377330604086e-01,-5.681091335898313943e-01
-6.309157176878312789e-01,-9.397749314597197978e-01
-7.751950222671604163e-01,-1.113519162655358441e+00
-1.066030901673662434e+00,-1.113159012232232570e+00
-6.531035129745950130e-01,-9.365958582310741631e-01
-5.905656166096421300e-01,-9.960833385574895393e-01
2.203491785338191067e-01,-9.645739603245693239e-01
4.886923775695824479e-01,-4.482449104618392854e-01
6.758771801563435710e-01,-1.679393402524707868e-01
3.945814076979889951e-01,-1.411068496426390873e-01
4.095536152419812503e-01,-4.011284237055325885e-01
1.174417655175268027e-01,-6.558324258242496096e-01
-1.302185223494749244e-01,-8.264692658415457860e-01
-4.427260894781149814e-01,-1.132425568526848059e+00
-6.335978642369716196e-01,-1.903508334336053265e+00
-8.707759682039417637e-01,-2.580039598450970750e+00
-8.944881466567691231e-01,-3.100814763132689222e+00
-6.823076753810184414e-01,-2.604586009749460640e+00
-4.144325352986940603e-01,-2.169093754479394676e+00
-2.311440515502253545e-01,-1.498869994504368197e+00
-1.245205537392731904e-01,-1.564381691894209503e+00
-1.245205537392731904e-01,-1.564381691894209503e+00
-1.801446305818935889e-01,-1.496779017056336647e+00
-3.191454087416603635e-01,-1.136860113720824961e+00
-3.820939398844963031e-01,-6.545391107033800004e-01
-3.333900856079829444e-01,-5.739135114385309766e-01
-1.790439216521975685e-01,-5.384252831381329818e-01
-1.095692283728310346e-01,-4.692735412246192284e-01
-2.347701223114489338e-02,-5.581084016587518626e-01
-2.493952717015910647e-01,-9.490962308075223675e-02
-4.206952106781413625e-01,2.863159003795068824e-01
-5.774797670149881545e-01,1.099557036074797489e+00
-6.122770295594508472e-01,1.446477312413502858e+00
-5.685161341167495053e-01,1.211183982185386920e+00
-5.705847579581388995e-01,8.792184380872667404e-01
-5.627540450213454060e-01,4.376002791437347272e-01
-5.343978380529845751e-01,4.135955545269094369e-01
-6.030142650841396890e-01,2.508519489284072868e-01
-8.235816529360825422e-01,2.433717899196762013e-01
-1.002129106085241528e+00,5.898524470026823563e-01
-9.229255193059900941e-01,9.839434388648431451e-01
-9.614106825168513559e-01,1.664945288022804171e+00
-1.143191141341056927e+00,2.003232402983314397e+00
-1.527994132052199028e+00,3.225501010689125536e+00
-1.623600937207684058e+00,3.501888421068101387e+00
-1.389336213048534496e+00,3.541532363607851508e+00
-9.023840135729706002e-01,2.336482579001956772e+00
-4.305335965779688578e-01,1.264219582704975142e+00
-1.150823678173750059e-01,1.990220318549331679e-01
-2.722969511852144642e-01,-4.724744899425572520e-01
-1.450398658749008363e-01,-8.167671374678934226e-01
-6.165751453685680561e-02,-7.220538172178513348e-01
1.664346343623452074e-01,-6.651143374917366513e-01
8.653051890703383764e-02,-6.030227827278978880e-01
2.395439265571186194e-01,-3.894857459390206889e-01
5.829092892004669180e-01,-1.348048847975377197e-02
3.719369698826731629e-01,4.554338823674170533e-01
2.348728830705143211e-01,-1.175557106447213396e-01
-6.450642895003828869e-02,-4.769903792801353792e-01
2.099863841308296786e-01,-9.626917326044470702e-01
1.664346343623453461e-01,-6.651143374917363182e-01
8.653051890703383764e-02,-6.030227827278978880e-01
2.395439265571186194e-01,-3.894857459390206889e-01
2.816681097756158492e-01,-2.943956228839576528e-01
3.174931162198123547e-01,-3.086507413173965597e-01
-7.991808104576798855e-02,-5.178555246990528271e-01
-9.825429615086850310e-02,-1.093830279765222180e+00
2.305978997199863156e-02,-1.574527898161291350e+00
2.750514929810159437e-01,-1.937667993426690272e+00
1.457947360088256983e-01,-1.699762274252719640e+00
2.182476085274427657e-02,-1.322987919387045741e+00
3.716491570614960382e-02,-7.155035756462584384e-01
3.073587896618853454e-01,-4.151262750629254317e-01
4.392568002436214591e-01,-1.763275361424687104e-01
4.050520683696708923e-01,-5.107287238509822247e-02
7.745478171500298770e-02,-2.007928907593261592e-01
-1.851165884142547402e-01,-2.864653607842793659e-01
-5.938249937121311550e-01,3.395608215437827954e-02
-8.685126747019311644e-01,2.108712938408900117e-01
-1.324569320855253363e+00,8.185669403036739677e-02
-1.498774379389521405e+00,-1.749249574840118504e-01
-1.320459383043214974e+00,7.897259008512717837e-02
-1.120793070068343944e+00,4.347947828154870575e-01
-6.772752010820664026e-01,4.270541586036482040e-01
-8.055301816793897229e-01,1.233828415683280721e-01
-8.254805465520576035e-01,-3.232380228472072070e-01
-8.920606370330100843e-01,-5.535921193343305013e-01
-6.265403203184651826e-01,-9.237787817026570369e-01
-2.912170574670706613e-01,-7.387732573024449190e-01
-9.824111620653748489e-02,-7.539461096404600493e-01
3.796854497162168579e-02,-5.861636197274096016e-01
1.502510070020176003e-01,-6.899515665804503151e-01
3.667156567074255080e-01,-4.334151722182510991e-01
1.665322884706997575e-01,-1.802248610053396316e-01
-5.244542462206661787e-02,-2.765071372471669120e-01
-5.749310127251788805e-01,1.562427458446744577e-01
-9.144783731957553119e-01,6.289393290460852937e-01
-1.160308372868724458e+00,1.158647339261894116e+00
-1.285704940806964292e+00,7.100130646324007699e-01
-1.177839813942988423e+00,3.626311682252277291e-01
-7.305598114024570711e-01,-2.803827127132370589e-01
-6.796131392680694328e-01,-8.717832942173212030e-02
-4.166516491826209867e-01,-9.932715766534568058e-02
-8.040985456322318203e-01,2.052116090411558180e-01
-8.217029145232356280e-01,3.937936958161322165e-01
-1.119738006526913798e+00,2.481288265346951460e-01
-1.276087660703455473e+00,-3.352814266052850508e-04
-1.446772860872710176e+00,-3.528425351168109070e-01
-1.529349035998027739e+00,-5.299330311614385280e-01
-1.442950518587843067e+00,-7.364915280438819600e-01
-1.381331440580484404e+00,-8.118029294144271102e-01
-1.381331440580484404e+00,-8.118029294144271102e-01
-1.371016236164148694e+00,-8.815289834731154794e-01
-1.239933099831455943e+00,-6.243313805158013929e-01
-1.003679688669268044e+00,-6.072372256318613326e-01
-1.026207378155108207e+00,-5.073428422753011313e-01
-1.080638000169646062e+00,-7.253758150474254318e-01
-1.228003962973322594e+00,-8.197199007269472260e-01
-1.003683198930618303e+00,-8.798022654173888180e-01
-6.992763779063776441e-01,-1.029043806311810805e+00
-2.523623010839262659e-01,-1.138571949098734271e+00
-1.199744526999817207e-01,-1.174589696157695595e+00
1.859210007541541726e-02,-8.706582433783023323e-01
1.184175612862613768e-02,-7.487317039960200704e-01
5.692625449220958256e-01,-1.137777999467078249e+00
6.446021918717959043e-01,-1.291342450163861066e+00
8.160499102792397874e-01,-1.057012654994496037e+00
-3.806932194956581111e-02,-5.788283820860574691e-01
-5.340043147817246094e-01,-7.386530299268070365e-01
-1.022333025713582311e+00,-1.027886754723063234e+00
-1.308441433551766675e+00,-1.158376239749859371e+00
-1.269518677208711699e+00,-1.122467393542571523e+00
-1.245147276491705535e+00,-1.151629797592974569e+00
-5.698019217805182501e-01,-1.457180672613731298e+00
-5.436596746401649582e-01,-1.557100302044733153e+00
-2.297232409129670860e-01,-1.257667077853570570e+00
-2.880679091336669773e-01,-8.961879330183374348e-01
3.445493655388086607e-01,-9.127236221984585951e-01
6.552226699673507904e-01,-1.280838590717677583e+00
9.267181257215442169e-01,-1.416805543168887738e+00
1.008312788808777061e+00,-1.473304837573755854e+00
8.195334932774510639e-01,-1.671662294674668869e+00
1.442634751324357811e+00,-2.452774798241072585e+00
2.242790838835404976e+00,-3.488326550349353905e+00
3.663619081604380767e+00,-4.341337820922163360e+00
4.389952290409531166e+00,-4.346827943195934019e+00
6.353541191970959012e+00,-3.617502842823506537e+00
8.755092440138184884e+00,-2.072446453467873262e+00
1.158654840035823241e+01,-9.265293974894951712e-02
1.381261010377829379e+01,2.046484459397718503e+00
1.530873882266378416e+01,3.836857128328118094e+00
1.577741570151626682e+01,4.889906381385978662e+00
1.516325590128189305e+01,5.034402808757800329e+00
1.336193553164931913e+01,4.316190313134798728e+00
1.053943013247845251e+01,3.030566130614195774e+00
7.024006225725305974e+00,1.568877869270931313e+00
3.963553390095637230e+00,3.426205427363692713e-01
1.742360281570143776e+00,-2.171724254285886946e-01
1.725259039386803694e+00,3.178439776358059632e-01
2.195425304183149962e+00,1.131660337279716932e+00
2.663159587597200506e+00,1.665209766768976252e+00
2.560460696339120990e+00,1.728682316616179993e+00
2.066460675753349463e+00,1.214727931529267613e+00
1.201410232003719214e+00,6.446857672463107702e-01
3.633461843742488151e-01,5.693930260994226611e-01
-2.194649436572927437e-01,1.053171102789199454e+00
-4.991085894233271980e-01,1.402771297997180477e+00
-9.246769588882444157e-01,1.275657374286139900e+00
-1.064063782211040587e+00,1.120975952841116063e+00
-8.668753534842165154e-01,6.037786878523084821e-01
-4.355169256712685399e-01,2.157475792840946038e-01
-9.432548043236389790e-02,-2.963777189061151396e-01
1.664346343623453461e-01,-6.651143374917363182e-01
1.690658056969139844e-01,-5.183593866032466524e-01
2.578299015113153514e-01,-4.303077759639246658e-01
4.307345085207797686e-01,-1.711364098053034521e-01
5.339203207536616924e-01,-1.201822379566326454e-01
6.643345159469898897e-01,-8.541357612778355257e-03
8.240403042266333244e-01,-1.958920149013679626e-02
8.335190602689184214e-01,2.363716157059759237e-01
6.466452614507625096e-01,2.359609701904302470e-01
3.839317110406116895e-01,3.279597573223373419e-01
3.661504309416355185e-01,2.664726893260819240e-01
1.441789299697583848e+00,9.429780189450778227e-01
2.666279940068591259e+00,1.704211765593924177e+00
3.505824036726376658e+00,2.297739258348639346e+00
3.252071545462881907e+00,2.017460946479495920e+00
2.313816291414854120e+00,1.269321837078023929e+00
1.245431083984463783e+00,1.037267647583151264e+00
5.584821782550037916e-01,1.270006475622919684e+00
1.615426972130956096e-01,1.836725117854129730e+00
-3.234839340915192096e-01,1.067670942910286414e+00
-7.118223830709858868e-01,-1.435330523303835967e-02
-7.265341182279503318e-01,-1.277497106511602309e+00
-7.080693606011400076e-01,-1.568979974476485628e+00
-5.698577326982221525e-01,-1.621691372228201145e+00
-3.546492831627258702e-01,-1.105775087570716630e+00
-1.649864281734983451e-01,-4.830572365893051057e-01
-1.865934763022093421e-02,4.085378964480920194e-01
1.303081250944739151e-02,1.098440100231844685e+00
-4.110241878637831137e-02,1.189797791069467925e+00
3.241270282942076419e-01,1.129444449903468817e+00
3.558278709609966617e-01,6.876473482830609552e-01
2.822795636884271042e-01,1.695865405126679992e-01
-1.134638514667013903e-01,-9.532474415850390737e-02
-1.618916972200669102e-01,-2.291306907306663310e-01
6.356874329845479954e-02,-7.247009528631229158e-02
-2.308162068329139630e-02,5.032379036503457082e-01
4.449924905887781695e-02,1.021946614834153388e+00
-2.242941190929156337e-01,9.817879215306930529e-01
1.277106988879225247e-01,7.664931897340968581e-01
2.662506247241994140e-01,6.348332118610712227e-01
2.701316465208095097e-01,1.026086077437202038e+00
3.510155887374932782e-01,8.756786582035481770e-01
6.952944964337559597e-01,8.638469194577281796e-01
9.742006366569777587e-01,6.472148930382086718e-01
1.252016379892800124e+00,6.574243245202495700e-01
9.311890196575706158e-01,4.628703367724024131e-01
1.141768229073268692e+00,5.024611797053535334e-01
7.591063756917281191e-01,4.030476414032170829e-01
1.190775822852302657e+00,6.230329565604321163e-01
1.397022300602343448e+00,8.158638463842159405e-01
1.468159608833442986e+00,8.838263001490550552e-01
1.190777900110689291e+00,6.538502413764492038e-01
7.439948847779537244e-01,3.623566767900029406e-01
2.860275329766248653e-01,2.792116404053289827e-02
4.468362125706869248e-02,-4.727599615092981100e-02
6.037155427484030418e-02,-2.817159821613884341e-01
5.791099556416882121e-01,-4.092710145141762457e-01
2.850682352592739943e-01,-6.494390079596715770e-01
2.614649014515970857e-02,-8.141426009131337294e-01
-4.914206189802173275e-01,-1.415206758597844061e+00
-2.285353567769549399e-01,-1.948717724249994454e+00
-2.836587786953409518e-02,-2.187288567633026037e+00
1.131377336187516097e-01,-1.760867974791709756e+00
3.316409628135719156e-01,-9.566862688662511882e-01
5.162603462666857101e-01,1.035841614464085882e-02
5.695987424662640741e-01,8.794205562299239887e-02
4.986530630322081326e-01,-2.424632132539492613e-01
3.285067917375216195e-01,-8.150857892541735206e-01
3.162514734758798962e-01,-1.121930959369115133e+00
1.589721723315930257e-01,-1.207321069052978313e+00
4.423951019932097495e-01,-9.025875300077497165e-01
6.188616996393220271e-01,-5.879368167675790291e-01
8.597167439324567839e-01,-2.302324991240045637e-01
4.990409705133643237e-01,-1.933385878307052330e-01
-2.965505670774350455e-01,-1.575935425696975700e-01
-9.714222169177048061e-01,-5.838038473007514106e-01
-2.287505987323944279e+00,-1.152994255126917222e+00
-3.443397702831864304e+00,-1.854236521048780562e+00
-4.806407740308699772e+00,-2.387829952672128719e+00
-5.409601454799657816e+00,-2.707738567646860606e+00
-5.060710181911789007e+00,-2.662772387751365155e+00
-3.858357693067084870e+00,-2.451385643172486528e+00
-2.122733958933656684e+00,-1.745541603069560299e+00
-7.583464883802194523e-01,-5.906451562746558581e-01
-1.761040906642837023e-01,6.424510366591115185e-01
-1.301978731193529915e-01,1.271533033906555588e+00
-5.352490460497980572e-03,1.529053745926622243e+00
2.374975443565402189e-01,1.184832030833581573e+00
5.544013949196462399e-01,6.887085269991269909e-01
5.678446942566425237e-01,4.381685837863246169e-01
3.854694806735148305e-01,6.842939044337517096e-01
6.804180140738075311e-02,5.558571529266264077e-01
2.707586974256441792e-01,5.986367170263054982e-01
5.227441333507432120e-01,4.373481443149808412e-02
6.806787037410664265e-01,-2.538522063841948118e-01
6.499597386780525676e-01,-4.297228659807060813e-01
3.894595444063311818e-01,-5.763340918173818217e-01
7.382414125196534727e-02,-7.342020913131023230e-01
-1.421355238334545967e-01,-1.102583488661628364e+00
-2.077542327519055487e-01,-1.353767866888987204e+00
-1.969443575749055542e-01,-1.164446948248410330e+00
1.083174310323525014e-01,-6.380594412256967995e-01
4.119000601824885921e-01,3.535761996476115970e-02
6.643345159469898897e-01,-8.541357612778355257e-03
1.249742653334210640e+00,-1.092045535096861086e-01
1.087704030051938942e+00,-1.993620609998068838e-01
1.673338391040758433e+00,3.497113972718541852e-01
1.129913733782255125e+00,4.473659555649965314e-01
1.305797665851921918e+00,4.699801979285060383e-01
2.469922330974697322e-01,4.105044311052626904e-01
-5.229494750488721255e-01,9.829916331453347755e-01
-1.184832350315148997e+00,1.636306349636673430e+00
-1.410793796745333450e+00,1.943175918255531043e+00
-1.545534453921552753e+00,1.921130070399747369e+00
-1.375227813488065554e+00,1.491919318175950693e+00
-1.023760525291053103e+00,6.315348381051326676e-01
-6.938597617916432148e-01,1.613856810075893211e-01
-4.576702998108366782e-01,-1.516811779403622051e-01
-3.477126825041188529e-01,-3.287677193339772624e-02
-2.820566267495648316e-01,-4.323071863025789718e-01
-5.226911525912651957e-01,-1.243731586579196691e+00
-1.058690823063155984e+00,-2.070839871864488035e+00
-1.551064627341108171e+00,-2.455812765758046190e+00
-2.123522796093437748e+00,-2.339529571254574503e+00
-2.428110913362875767e+00,-1.691414826608480304e+00
-2.566807252635716630e+00,-5.066901908167478208e-01
-2.043111363124872071e+00,8.595570717933920246e-02
-1.254633665069436521e+00,1.597355072235200624e-01
-4.480503391735708441e-01,-7.689381046780248141e-01
7.250936320083845033e-02,-1.311691035094443514e+00
-4.349302251224247406e-01,-1.831288949390014187e+00
-8.802872418486628048e-01,-1.768560573973296579e+00
-1.166476860467501320e+00,-1.400622622260566663e+00
-8.101767612855195200e-01,-6.485988166774959707e-01
-4.394647955946112128e-01,-1.128426773912756011e-02
-2.713515862301866810e-01,5.870502740488257043e-01
2.653382356817125809e-02,8.674114232278015146e-01
-1.857273595943723099e-01,1.199552708385107413e+00
-3.778799106648162431e-01,1.003719643898948854e+00
-4.699716231760938112e-01,5.697135353339716213e-01
-7.129514658040556618e-01,-1.128004258593015841e-01
-6.023333104246126890e-01,-5.372821721767908620e-01
-6.326381533437005489e-01,-4.644607134722961717e-01
-3.664977496638094911e-01,-2.252504973853464154e-01
-3.216500765304333709e-01,1.213687735837364889e-01
-2.148612832241506287e-01,-7.875726351485651255e-02
-1.818443848264385543e-01,-3.933896409068001754e-01
-1.681484783795185178e-01,-5.065236803840229562e-01
-1.669278294034438614e-01,-5.125437675014565819e-01
-2.649671527622960987e-01,-4.074523592675760031e-01
-5.718229615980284786e-01,-4.970086290658440875e-01
-9.386537723909680331e-01,-6.093428105352948210e-01
-1.180329157246461813e+00,-4.765434565112691701e-01
-1.366422106187141106e+00,-3.948531257539767414e-01
