4.552148955031971589e-01,1.654808691368564733e-01
-5.542788244610364484e-02,9.230832422871468879e-01
-3.591884539394366027e-01,1.089586847855160689e+00
-2.367678427761844007e-01,8.636382836786823392e-01
1.215276000139849932e-01,5.323200514681243334e-01
-7.882714426410128428e-02,-2.538963591026722755e-01
-8.664710880835438944e-01,-1.121898478374898422e+00
-1.545510092393970858e+00,-1.532972521940849875e+00
-1.629568166450411582e+00,-1.424602245443917559e+00
-1.049462799608012364e+00,-9.554170383204574346e-01
5.207461863807427010e-02,-2.529762267423662503e-01
6.655034237081145498e-01,6.281763390830299998e-02
2.506985868312696097e-01,-2.549976001379199442e-01
-2.746506564307390486e-01,-1.982845427575398167e-01
-2.242927737007328892e-01,-8.947248526510962960e-03
-1.468695682845047035e-01,2.455439518397908860e-01
-1.731629022633389692e-01,1.072379331025755667e+00
-3.555681813802972768e-01,1.213438894423767067e+00
-5.676673055348058217e-01,5.019800720703727626e-01
-3.649921691451760708e-01,1.608767313505336805e-01
-6.152956659324995137e-01,1.262937895648796882e-01
-7.655485774338106619e-01,-1.651392432334413130e-01
-8.390757899649601281e-01,8.121584924879804435e-02
-7.469978396988573577e-01,5.878067690296181480e-01
-7.458346466113658924e-01,4.209282019848079592e-01
-7.124826720700598859e-01,-2.271289398477868704e-01
-2.961895809283031644e-01,-6.535829907171687436e-01
6.935771740090973525e-01,-4.668525252047849849e-01
9.840313490968899401e-01,2.090097592908424229e-01
1.276068401645672201e-01,1.003683382601891605e+00
-2.803016419320790709e-01,1.068830978324327274e+00
-4.413081770403438076e-01,7.558021141880589822e-01
-3.772098635845005377e-01,2.434712783791071200e-01
-6.760054761344493901e-01,1.345267642471190128e-01
-1.159756931620411491e+00,2.380320222470891367e-01
-1.105907749508780125e+00,-9.561239534684633223e-02
-3.836192373225610353e-01,-4.570141087009018666e-01
3.475647587127529969e-01,-2.493845140619128653e-01
3.900785935120983927e-01,4.197721787614216299e-02
-7.598037176489884359e-02,1.801818084836058487e-01
-1.598951101882549741e-01,1.107943529485812678e-01
-1.447238293483141813e-01,7.313684105112921822e-03
3.362068956798352354e-02,1.768758363535837819e-01
-2.753766642270705223e-02,4.206757880803076999e-01
3.443438240779350679e-01,7.593290112473780051e-02
1.156088603778305579e+00,-6.118237816373638394e-01
1.345139871163847145e+00,-1.074196074425684211e+00
9.499674653902177024e-01,-1.115662096482791465e+00
5.875095180741298773e-01,-8.643080397113445112e-01
6.325012014053382758e-01,-5.488068547439920453e-01
6.309960455253712519e-01,-7.369969926031448848e-01
2.670879996685167623e-01,-3.292830132424607315e-01
-6.904517207792225386e-02,5.837772696733094513e-01
-3.319858219030232677e-02,5.811597598805338105e-01
-2.414234722716303017e-01,-8.924893030025851104e-01
-5.762799441194462746e-01,-1.390396230285202872e+00
-6.316609475477583668e-01,-5.806322285132535788e-01
-2.921118846075177466e-01,4.393560435098984862e-01
6.332357614656497491e-01,6.126207602453044299e-01
1.118947609017758804e+00,9.036874374596050308e-02
6.304191096187239385e-01,-2.666987330810769441e-01
3.201355902550100385e-01,-4.953298410880376812e-01
1.038659274953393830e+00,-9.975922487703279273e-01
2.085504785524752602e+00,-1.748377014010426445e+00
3.457758498170913963e+00,-1.814918410566709994e+00
4.418300784026802930e+00,-1.316817167943379996e+00
3.803497501891051069e+00,-8.855197557350698023e-01
1.967195073481917467e+00,-6.908430475118378933e-01
3.812270727371921408e-01,-1.173557553947408294e-01
8.329692640692815120e-01,1.482234011837660903e-01
1.020036426620049452e+00,2.427151740781643696e-01
6.444639150889295287e-01,2.977371442355082887e-01
6.321934504831766555e-01,-8.200746757293583822e-02
3.854834245496543410e-01,1.760980438964717676e-01
3.854834245496543410e-01,1.760980438964717676e-01
4.512731188423942386e-01,-1.612690069198619014e-01
3.227380483621624663e-01,5.787774094220478061e-01
1.334838996647284282e-01,2.965700886362540034e-01
1.254346519520137815e-01,-5.632717149616582875e-01
2.297516515956986582e-01,-4.814565352652537267e-01
2.440284000279370133e-02,3.103102192638625412e-01
9.347198255535937167e-03,9.229388459670089251e-01
4.800708008926470871e-01,4.463529020720160556e-01
1.103445330970188376e+00,-5.431456247894925760e-01
1.205195382136841298e+00,-7.363730724185093557e-01
1.020417265636763604e+00,-4.440996365784337097e-01
4.290793253358008430e-01,-2.166597159980969411e-01
-3.296182426617380590e-01,-2.612436030569348921e-01
-1.734038614064059347e+00,-1.845497722040470467e+00
-3.282864334134510287e+00,-4.671544498538908741e+00
-4.115071826719026937e+00,-7.179834665237679658e+00
-3.736372968182639198e+00,-7.927245715131529202e+00
-2.332152423808054653e+00,-6.251199696343423540e+00
-6.024381795972013620e-01,-3.053583050072257166e+00
8.968926048597628542e-01,3.481044694170529197e-01
1.335564483240996081e+00,2.563200240163022503e+00
1.008546948446933822e+00,4.413373866331633089e+00
4.572204216386342446e-01,5.272955686774669637e+00
4.924122587960118591e-01,5.043232472915407882e+00
1.163525503379489789e+00,4.276452214784253414e+00
1.595914171680594018e+00,2.587367304296991133e+00
1.236882773966694771e+00,7.512132338711389190e-01
1.103445330970188376e+00,-5.431456247894925760e-01
9.470777872158285815e-01,-5.932231054657779445e-01
7.414452751986206902e-01,-2.659441779054805832e-01
4.290793253358008430e-01,-2.166597159980969411e-01
-3.296182426617380590e-01,-2.612436030569348921e-01
-3.052837137073732832e-01,1.176745193564609826e+00
5.569863255270842556e-02,2.444060150486148331e+00
-6.138699907879348328e-02,2.186257421194396589e+00
-1.218546217362209833e-01,1.835143086422714731e+00
7.659395634047760915e-01,2.720251330267227097e+00
1.729065693450835273e+00,5.421492427253168600e+00
1.536640238702339456e+00,7.655261466685959526e+00
8.255295333310449513e-01,8.061174708874425221e+00
-6.475105729805254173e-02,6.253376608551742599e+00
-5.837328627405433679e-01,3.432090002698020115e+00
-5.516546334999429257e-01,1.162632265260373332e+00
-2.435300573735109664e-01,8.001974913633924658e-01
-2.660869303295270161e-01,9.390327216459283255e-01
-2.732316778391125633e-01,3.835847142477986083e-01
-5.990412337872887960e-01,2.281516366042960764e-01
-8.080884071639693467e-01,-4.117188030878589089e-01
-6.880918278528167509e-01,-4.495895234469249879e-01
-3.378214754307992118e-01,2.821329741053078544e-01
9.347198255535937167e-03,9.229388459670089251e-01
-3.017562944244023271e-01,8.960955411331960052e-01
-5.119986914076659623e-01,4.039198075463624193e-01
-1.546538381696014874e-01,1.473678445624468925e-01
1.601036485408405818e-01,4.922194863585132585e-01
1.334838996647284282e-01,2.965700886362540034e-01
-1.001029597524806664e-01,3.238869072730068410e-01
1.334124797226134973e-01,1.107300526698096865e+00
7.510532293286142913e-01,1.766572487828908411e+00
1.111181572106557658e+00,1.890329079062228024e+00
8.023923222259201626e-01,1.316450230399975663e+00
5.670076093954157237e-01,6.503142919360485052e-01
4.875633938772252485e-01,6.211252472434197758e-01
2.351009089827485188e-01,6.565893795863879667e-01
-7.859632963986177417e-03,6.320193028967547866e-01
-7.859632963986177417e-03,6.320193028967547866e-01
-7.859632963986177417e-03,6.320193028967547866e-01
-6.617417070821690617e-01,3.254969611297898191e-01
-6.617417070821690617e-01,3.254969611297898191e-01
1.171300855224774590e-01,1.078377502474386906e+00
-4.448754033031155491e-02,1.205948075603619607e+00
-9.726207185557934620e-01,8.398850208346518853e-01
-1.161061146051321602e+00,3.820844986385873998e-01
-5.987107530959430157e-01,5.320907849373045506e-01
-7.262844628453407614e-01,9.407372351109961617e-01
-1.216860814068370100e+00,8.257519427910375853e-01
-1.161061146051321602e+00,3.820844986385873998e-01
-1.040730387479139374e+00,4.910424580674595946e-02
-7.783934221355904848e-01,-1.619676076181656710e-01
1.389441461388963017e-01,-3.812780456496072667e-01
5.125366682862191325e-01,-7.580023672944470325e-01
4.620756017878809851e-01,-1.401799802285492946e+00
8.188895069245218927e-01,-1.673542027510070973e+00
9.609619435468076398e-01,-1.993761569485240637e+00
7.403318908287112032e-01,-2.337642892920894333e+00
6.526324274106077850e-01,-1.881204980401077087e+00
6.386309171734277923e-01,-1.009042593979012636e+00
4.071160919662454858e-01,-3.797257027551235176e-01
7.368261095462050325e-02,2.707162831818689386e-02
1.460208279947231846e-01,1.024587192651348788e+00
-1.724847750726021811e-01,1.140291962781296631e+00
-9.034384444756941024e-01,3.464365483345323571e-01
-5.306379294803149627e-01,-3.923683819677695750e-01
2.439842779143603368e-01,-6.739702969553236223e-01
4.050908148672952569e-01,-2.732061932859851661e-01
8.607295947358657717e-03,2.310492702131601017e-01
-1.121757810419762302e+00,6.647352246959746802e-01
-2.468634174259606961e+00,7.293868101590259556e-01
-3.085887250687043171e+00,3.598730909659033639e-01
-2.599419994019648072e+00,-8.097249122584648795e-02
-1.543104461947343520e+00,-3.314800125438897016e-01
-3.657786991296718693e-01,-1.029305429624156387e+00
2.905741705612971404e-01,-1.480472890379063156e+00
6.310418854184027815e-01,-1.012879064457344214e+00
6.930953412165686833e-01,-3.657845165838914392e-01
3.854834245496543410e-01,1.760980438964717676e-01
-7.859632963986177417e-03,6.320193028967547866e-01
-9.092308884506856981e-02,4.615430423666292414e-01
-7.586279417495039867e-02,7.455410422046484520e-01
-7.586279417495039867e-02,7.455410422046484520e-01
-6.617417070821690617e-01,3.254969611297898191e-01
-1.006069295783815098e+00,3.911091295037638638e-02
-7.857004385899126753e-01,2.583792337876661058e-02
-9.293628590943509016e-01,-3.002521584602299218e-02
-1.038767044431021302e+00,-2.311241669717728486e-01
-7.175054804538592013e-01,5.948120910182375792e-02
-6.322567953863604817e-01,4.322599538021443255e-01
-6.896412246754431985e-01,6.571856662938514726e-02
-8.352862931655439249e-01,-6.131450539617208095e-01
-1.036679459858129926e+00,-7.923798774870424166e-01
-9.305584414416930850e-01,-3.698760523380708043e-01
-9.015280579679684214e-01,6.245947889280973470e-02
-1.128040933648920552e+00,7.767504067052127814e-02
-1.147024080238537636e+00,1.044409250200968725e-01
-1.147024080238537636e+00,1.044409250200968725e-01
-9.297229075970090406e-01,8.986897675002181174e-02
-6.387947471131072419e-01,1.529462586322622997e-01
-6.715881830874055325e-01,6.831331638887437607e-02
-9.653951711927647450e-01,-2.193612450968877425e-03
-1.663044569657526228e+00,-2.996455001207545266e-01
-1.697044991359829780e+00,-7.143595298228442303e-01
-5.421242098996944536e-01,-9.633133229732953051e-01
5.339914135059825595e-01,-7.565267971751401532e-01
9.723670049813499805e-01,-1.053488096312447109e+00
1.987669656503015414e+00,-1.782305021684922552e+00
2.083236965772452987e+00,-1.755281846544352709e+00
1.178371521380106479e+00,-1.016442803225719116e+00
3.197332844727173162e-01,2.948932347510511143e-01
-6.309098036848479474e-01,1.955816355944502094e+00
-1.655260360862532920e+00,3.592501815713698754e+00
-2.010938342588620475e+00,4.308692975974270034e+00
-1.611801283095313897e+00,4.084364451891378422e+00
-7.906605239797505069e-01,3.037882542554680043e+00
-3.611060632910344931e-03,1.669369570482315268e+00
5.150183469640990941e-01,3.424197037977225189e-01
6.337493442811306110e-01,2.051506628977015773e-02
6.264776572774514163e-01,6.457411860926526304e-02
3.659855578116206209e-01,1.879738817691892494e-01
4.238498541277852527e-01,2.196425240828938918e-01
7.695094446561105972e-01,-1.215536244685199857e-01
1.072784244460871728e+00,9.730457455421277768e-02
1.187397122013879036e+00,7.790019259521805406e-01
6.901620795896078464e-01,8.592679038128707703e-01
3.845119728009346316e-01,1.834832882368961915e-01
5.881605178351076990e-01,-2.158213193555441889e-01
3.925302905234225870e-01,-1.475545346361529508e-01
3.583333659369460911e-01,-2.939806023240022492e-01
3.984982136499874428e-01,-5.631822592223033608e-01
1.372829162764307720e-01,-3.627318798129076649e-01
-9.473784445053670678e-02,-5.669883209878606722e-02
-2.378752346000624907e-01,1.593216470025335951e-01
1.969247186825249796e-01,-1.245521458135502024e-01
3.229916892642785142e-01,-1.189142547289321894e-01
-3.976276033743447041e-02,3.691592600610682506e-01
1.268038863123211457e-01,5.329719551378463427e-01
3.032672242035585122e-02,5.786224509476057820e-01
2.650951886355645826e-01,7.234372420111451207e-01
8.060898697844893768e-01,1.209136631002579065e+00
9.888748957191121347e-01,1.389472058928534981e+00
1.914127188702230420e+00,4.044308224342989533e-01
2.860736609745707426e+00,-1.075477287263830517e+00
2.912543641204471623e+00,-2.816841290263189634e+00
2.010797693489060123e+00,-3.925616022456706045e+00
8.582217215104931407e-01,-3.712411245734489107e+00
1.829113017628604676e-01,-2.253481039091284721e+00
2.902387417938313563e-01,-7.568814800357860362e-01
6.675154754158427739e-01,-4.065485118486441563e-01
7.833323183111914334e-01,-7.335266693585930364e-02
8.357163181369260396e-01,2.315076585652934421e-02
7.324281430323411612e-01,-4.173137787063138093e-01
2.255840561269188971e-01,-1.909178032864406183e-01
-2.872153184956986044e-02,5.632477823566978126e-01
-6.512722752940178772e-01,1.788964204160042204e+00
-1.361980484179154516e+00,2.577920327527257527e+00
-1.361980484179154516e+00,2.577920327527257527e+00
-1.335071119772932580e+00,2.631337212505477918e+00
-1.335071119772932580e+00,2.631337212505477918e+00
-8.148007618431353238e-01,2.503185198129487699e+00
1.900109687241789691e-01,2.022006441433489066e+00
9.888748957191121347e-01,1.389472058928534981e+00
6.891782152811702922e-01,7.097936750960648356e-01
-3.291721484020039834e-01,-2.537203622648405710e-01
-8.678720544172175977e-01,-6.197022355045813669e-01
-8.273903097422008468e-01,-3.868942635907975380e-01
-2.791448415794833826e-01,-1.909746397525086126e-01
3.629078424383598844e-01,3.122561650014292131e-02
6.247519130696692624e-01,-1.950984127842828042e-01
2.237448677420666998e-01,-5.877522324100705742e-01
2.416729532579978135e-01,-5.750405065203236799e-01
4.282347344650871412e-01,-2.814304193840150847e-01
-1.170651753328520867e-01,1.132603683714543258e-01
-1.000842536272588124e+00,3.975690181747739693e-01
-1.401957760383418128e+00,1.322589758435283924e+00
-1.143744002237895740e+00,2.108152514033530878e+00
-8.544253947362049351e-01,2.202988664061682478e+00
-3.604951927672049861e-01,1.565529690122431372e+00
1.180596134942611813e-01,5.725785007175203667e-01
1.503225626542482374e+00,1.073303279577388469e+00
3.117636127382772404e+00,2.442619068387293702e+00
4.017026936751726396e+00,2.662858613248470618e+00
3.675923166440976608e+00,1.586773561375720565e+00
2.345752033329181696e+00,3.420472564406027982e-01
1.279640679903033540e+00,-4.642371012876150282e-01
1.061274061573983962e+00,-6.133252829669161299e-01
9.429786213839665976e-01,-5.049552520605373740e-01
7.386872301343618830e-01,-1.799151588931150458e-01
8.662340834213106966e-01,5.578926393689653818e-01
1.062529103121739205e+00,9.330092527268109004e-01
7.061376964421026692e-01,7.969359158669498955e-01
4.325504923030224491e-01,4.052163181284833549e-01
2.245915102638628424e-01,-3.713674521598229195e-01
3.014362851563555032e-02,-9.724676271807041195e-01
3.725689725529188756e-01,-8.375641090011493040e-01
5.278525125567460341e-01,-2.779111108901358325e-03
6.079353234844923071e-01,6.004455966001718270e-01
8.704095929992244907e-01,5.471048753446804414e-01
1.308273124497340845e-01,5.964746083794111309e-01
-1.078733810064601339e+00,1.070698617194768554e+00
-1.935458829979703532e+00,1.373941243297172043e+00
-1.752405704281554844e+00,1.648126207581148028e+00
-7.991226497273421492e-01,1.285882329869570961e+00
2.885475698712604287e-02,2.990605461493486827e-01
7.566501747590942406e-01,2.334962058638701543e-01
9.479246970126204985e-01,7.568089815079456217e-01
8.116782187379799618e-01,4.428664594767488527e-01
5.684047816930491992e-01,4.440727761643918359e-01
4.325504923030224491e-01,4.052163181284833549e-01
6.629338608874362215e-01,-1.521200902734609339e-01
3.819540727336466768e-01,5.031583906418515273e-01
-2.156029085114782584e-01,1.625935926205558824e+00
-2.156029085114782584e-01,1.625935926205558824e+00
1.177161673840985828e-01,1.331763715739859411e+00
5.990305330728991073e-01,1.062103219487100514e+00
7.046178902625023222e-01,5.701133944609093618e-01
3.664094526407470909e-01,2.390362919401324004e-01
1.213185672306659885e-01,4.480724956336126774e-03
-1.568535647714725811e-01,2.269512035718590226e-01
-7.806744495990665389e-02,4.068050250748642682e-01
9.457692520753183119e-02,1.301483110326742132e-01
-5.963871642127152595e-02,-5.736617670679250436e-01
4.343327016691795640e-03,-5.114562182339186247e-01
4.182039639829428501e-01,-1.896013771013849714e-01
5.125366682862191325e-01,-7.580023672944470325e-01
2.973391512318890317e-01,-6.887688744641541350e-01
7.368261095462050325e-02,2.707162831818689386e-02
-3.655403339820207376e-01,5.160878886263187137e-01
-9.034384444756941024e-01,3.464365483345323571e-01
-9.293628590943509016e-01,-3.002521584602299218e-02
9.359327884145726695e-02,3.534832414851744598e-01
1.186050702677971858e+00,6.156745831634149457e-01
1.347234133553076418e+00,-6.125018669297110918e-01
1.271334729743854863e+00,-1.168146953060535287e+00
1.479423036912368872e+00,-2.010526233783532790e-01
1.449721462867621380e+00,1.075357109336275929e+00
1.333293358798991912e+00,1.279826986479306816e+00
1.357874620522592890e+00,8.189095730939355278e-01
1.468628643577430504e+00,6.159762250481847223e-01
1.324610103005149142e+00,4.037613790304656614e-01
6.702278026442183290e-01,1.936332477417480602e-01
4.669422828464793729e-01,-3.452191722968438181e-02
6.619119149287929771e-01,-5.884035161891600918e-01
9.240823582616027876e-01,-9.030265808563694430e-01
9.050230746416703109e-01,-3.957096236400213796e-01
4.873699031797255610e-01,3.001299265482442191e-01
2.105878393708622009e-01,5.328062348529358783e-01
1.542463772631562091e-01,2.592034533818558528e-01
1.404311006628945757e-01,8.641557862789969735e-02
1.136133791375782409e-01,3.276104261305182869e-02
3.218483182483978244e-01,5.329035357625590968e-02
7.136145725901555936e-01,1.673817893452938244e-01
9.254042271527741503e-01,5.181594503492270576e-01
1.186050702677971858e+00,6.156745831634149457e-01
1.383405830830739314e+00,6.375505295919239312e-01
1.273866690097322563e+00,8.401763280468751427e-01
1.346557007771216563e+00,8.005866957417947516e-01
1.457147360948904513e+00,5.973883710484814147e-01
1.467036789763331850e+00,7.331466779937592104e-01
1.059241725223692754e+00,1.477587198905674803e+00
4.625621205767854183e-01,2.194558688990676298e+00
-3.770707523751413714e-01,3.143759257921929340e+00
-1.526944472683664511e+00,3.945271322414845017e+00
-1.168966423524678611e+00,3.101379589240340184e+00
-3.217983855899395735e-04,1.627160353425443740e+00
-3.030473108836144111e-02,1.195680174566016385e+00
-9.470522506178927213e-02,1.004498493406148718e+00
1.864391692760233171e-02,6.344018476727355527e-01
4.135141059579974243e-01,1.680584303491149123e-01
6.285906169402882826e-01,-1.440329742535176594e-01
5.843605347302139874e-01,-3.851805130756629225e-01
5.450301730838805758e-01,-1.831660393524366381e-01
9.234111557843801554e-01,3.795303003163530420e-02
5.948276926560024380e-01,7.707231581759492467e-02
-4.766068447701363731e-01,1.064111783320761256e-01
-1.026806496313592332e+00,-7.285276457284034501e-02
-6.240104449353423011e-01,-3.356213057453338311e-01
-5.014552640400415234e-02,-3.069292964240827870e-01
1.018403915480864570e-02,-6.542980132735508325e-02
8.731964975802499612e-03,8.255206452693437669e-01
-3.030473108836144111e-02,1.195680174566016385e+00
6.252329296269917933e-04,1.012765035393416113e+00
2.779033972945461894e-02,1.435701999612989610e+00
6.029347576983462575e-01,1.233976766494535360e+00
9.986255809475520495e-01,-1.424737101252010300e-02
3.184797871049341866e-01,4.290501947777163871e-01
-3.030473108836144111e-02,1.195680174566016385e+00
3.504835434825644136e-02,6.771023644669229569e-01
1.824698989775443425e-01,8.971240696275558646e-01
4.077760785797511500e-02,1.367696278090953399e+00
-3.670623090111680975e-01,9.302999460626659722e-01
-3.867802164370156004e-01,7.374383464952710687e-02
4.698231909103311316e-02,-7.833887797485721283e-01
4.568375498873745166e-01,-1.251654069221295407e+00
7.567887209947344873e-01,-1.440599362350559298e+00
8.334935747237970372e-01,-1.638074756052848135e+00
6.071991491329236101e-01,-1.937388329301029222e+00
-6.130775125765448585e-01,-3.167145048123090945e+00
-2.278793520375446136e+00,-4.893011696591777593e+00
-3.219539838524470010e+00,-5.736805252083794215e+00
-3.180742788214409700e+00,-5.113695893485825650e+00
-2.422401220034720026e+00,-3.341308580694067665e+00
-1.583381951302797130e+00,-1.244748559614955008e+00
-6.340673478672282926e-01,-6.372921547911167273e-02
1.024599078400744573e-01,-3.314823003606930940e-01
6.325012014053382758e-01,-5.488068547439920453e-01
2.580593896861334557e-01,-3.906299997835230853e-01
-1.779337193323440036e-01,-1.714384463662480818e-01
-3.362210820640380571e-01,4.407578875670690177e-01
-7.774067545917838773e-01,1.301912130404056622e+00
-4.981176848024131965e-01,1.526830816660490031e+00
6.546661256772180471e-01,8.285945544768629212e-01
9.986255809475520495e-01,-1.424737101252010300e-02
1.110997212525375089e+00,4.139113231932328163e-01
1.881523718518411048e+00,1.772810336588222624e+00
2.336420736329288594e+00,2.904977074921746283e+00
2.047761860465758144e+00,3.535618426263750447e+00
1.499602898085648839e+00,3.249592891964714347e+00
1.144954972801723203e+00,2.326539047142460070e+00
8.222283423316032458e-01,1.465350004279295737e+00
5.374151173913301882e-01,8.859815824989696331e-01
2.960532103036647364e-02,6.118111195010864645e-01
-6.196646490405224306e-01,2.587846601426795901e-01
-1.026806496313592332e+00,-7.285276457284034501e-02
-9.668008533861855991e-01,2.823858246539935266e-02
-6.014166178543323138e-01,1.873566880553493297e-01
-5.933119801132815674e-01,1.487795798400475822e-01
1.824590635191135901e-01,-2.641303482741607089e-01
1.038105130684513266e+00,-7.329687858693070268e-01
1.038105130684513266e+00,-7.329687858693070268e-01
1.038105130684513266e+00,-7.329687858693070268e-01
1.476690080661799076e+00,-1.419418489470908762e+00
1.522619402737544592e+00,-1.883497379497480972e+00
1.057256970272672847e+00,-1.133849705117121243e+00
5.455540651401948882e-01,-8.391632397314767733e-01
2.844290375690612382e-01,-8.987092077384936095e-01
7.209152498174560553e-02,-7.631222883374000343e-02
5.658039460500716850e-02,4.376431900519539009e-01
-7.395670440380861521e-01,6.594043073168477376e-01
-1.666529860952605357e+00,9.095170413557376321e-01
-1.693809423633511946e+00,1.177302665141540139e+00
-1.202520024840204593e+00,1.168535639974306317e+00
-3.245074950858050089e-01,8.993665487825346361e-01
-2.372947275814322465e-01,6.260451540205925758e-01
-7.210301473506728342e-01,4.309738365841408458e-01
-5.885110269180009457e-01,4.319642615567108601e-01
1.061332353701898018e-01,6.049353255572952337e-01
1.720087868323344482e+00,1.205309200790521285e+00
3.416489930417358156e+00,2.020853277799996128e+00
3.463964180181117403e+00,1.763580738740168297e+00
2.169785393242739779e+00,6.318064261921718661e-01
8.858201726028692713e-01,-1.150205401083342016e+00
5.306004151627901066e-01,-1.785751634294848289e+00
6.764076897973575475e-01,-9.171293638393873682e-01
6.957716427012783367e-01,2.697909940427216657e-01
3.736719721167167663e-01,7.438358896762052863e-01
-6.523390170821287415e-02,3.182134868203166933e-01
-2.645058614607799230e-01,4.663495924400327258e-02
-2.675112012974953934e-01,-5.873328058020169662e-01
-1.542721012098988154e-01,-1.196281843029368019e+00
-1.187364796858754457e-02,-1.194562692303143381e+00
3.525521791036197866e-02,-5.875256143641431894e-01
3.631212630926870522e-01,-6.107208466377150868e-02
8.620193009390367811e-01,-4.538334001251533717e-02
1.242507543768642142e+00,-6.266778751892106147e-02
2.449699428774123611e+00,-7.827135782968719369e-01
3.832755875917260635e+00,-1.683022961553407804e+00
3.948125879019770412e+00,-1.735104094756093396e+00
2.589636953824701493e+00,-8.803978397345755269e-01
6.750007799047201829e-01,2.878610767280511684e-01
-2.319066894426182746e-01,1.058030757529007326e+00
-1.679852753047091085e-02,1.155800259974426147e+00
-3.030473108836144111e-02,1.195680174566016385e+00
-1.517792826728528964e-02,1.035030376921553641e+00
5.242214731528770377e-01,7.973158428022375510e-01
1.069559922701238008e+00,7.026943316443010623e-01
9.704116205504883519e-01,4.884255402835713800e-01
4.871221366184020907e-01,2.101785293006262489e-01
9.716600984564893739e-02,4.743585315512391931e-01
1.808985853298683832e-01,7.236660190453654273e-01
2.973764484478412795e-01,5.769698228758807224e-01
2.168714780668188069e-01,5.564795365446167930e-01
7.573320791342456892e-02,7.350014329269788371e-01
2.971966739175519942e-02,4.124169739018732073e-01
9.963285004044203363e-02,1.886734277290098849e-01
2.799173949542771433e-01,5.611000685000925303e-01
2.200170530942192060e-01,6.952085097700552163e-01
-1.052152067253383783e-01,6.707059886746210564e-01
-4.685193694422028488e-01,9.945948937279707192e-01
-6.043568875034800447e-01,1.428699047998069016e+00
-4.798088407802347244e-01,1.596164783003053200e+00
-4.893916501261142971e-01,1.138834872241999197e+00
-1.078187062624211157e+00,6.903796177681598145e-01
-1.071001900819674280e+00,5.901980584414202591e-01
-3.186464957420238608e-01,4.587627414820389382e-01
2.410926708185717193e-01,2.583621775192350700e-01
4.432163782885468750e-01,1.064879231084920747e-01
6.270233826057568516e-01,1.006342238863208449e-01
5.008172123452864222e-01,2.516886435723018067e-01
1.166692007179173478e-02,5.646216188053208018e-01
-6.474505368584018150e-01,3.775594660899306287e-01
-1.026806496313592332e+00,-7.285276457284034501e-02
-9.742225990226264232e-01,-2.991341991656537580e-01
-9.139196061892324030e-01,-4.892331533365025242e-01
-9.277557851539850464e-01,-4.530325559226990317e-01
-5.294261833463994593e-01,-8.253662602995295861e-02
-7.646436084822022528e-02,6.799167534995551598e-01
2.814137533437484351e-02,1.013850696790308703e+00
1.396293064071411627e-01,7.279917344238460153e-01
3.475278571996720522e-01,-7.716949378934642723e-02
5.412817266992766552e-01,-2.258939095510947848e-01
9.198186345278095422e-01,-2.997477508530904580e-03
2.678268773837241934e+00,-7.695441613109166301e-01
2.743925954351291718e+00,-6.357727967542982084e-01
8.013670448099239341e-01,2.882809531578966467e-01
5.424057205374535617e-02,1.182009197921638638e-01
4.408869643862733251e-02,-3.781024907797538304e-01
4.103021298764937819e-01,-7.830475391691381626e-01
4.491341595408989140e-01,-7.375135193324870997e-01
2.643426925153857243e-01,-2.719545912437038027e-01
-2.641359349647678378e-01,3.814698397842155586e-01
-5.037791903268926674e-01,3.623585225588472070e-01
-3.705464453735867192e-01,7.789168725587763964e-01
-3.765449802753488839e-01,1.201338023878967265e+00
-1.153650199114313990e+00,5.300824825255789907e-01
-1.510012148511114871e+00,-2.753518752788945978e-01
-8.246598828389866132e-01,-5.143494163091159033e-01
-4.229589297935324455e-01,-2.320393526877672641e-01
-9.970408491073248780e-02,5.915757056871047137e-01
3.435104493305820572e-01,7.316717541424586635e-01
3.057277602589429377e-01,7.161464897198099866e-01
-6.379394598506805958e-02,1.023289534048336336e+00
-2.555309568334429571e-01,5.770170406149183195e-01
-1.313166441837695375e-01,-6.836526280700374603e-01
-1.333872865773262639e-01,-6.403075096223858065e-01
-6.578285813104202406e-02,8.306282214280895360e-02
1.404111547183191921e-01,2.724274705374536976e-01
3.000155019250114186e-01,5.541273323327653433e-01
2.953186771967569735e-01,4.208237282476280927e-01
-4.699394499616825482e-02,3.612107733636474860e-01
-2.621684591893837513e-01,7.808388896791494949e-01
-7.333557474327603853e-02,7.748604796822735619e-01
1.624004691674537371e-01,4.011309849348361212e-01
-1.210237736241492369e-02,1.912248757589775361e-01
-2.624008932230432189e-01,-7.196189606068177820e-03
-1.886180057052140313e-01,3.562859961847433810e-02
-1.272156702982890908e-01,4.412184327658462413e-02
-1.295175393469353842e-01,-3.770605380512519894e-02
1.596038033234043474e-01,-1.003852667686315620e-01
5.124422384266215102e-01,-2.135104372915850035e-01
4.908635008161447155e-01,7.370678585301621011e-02
-4.974134764323365730e-03,7.063429106603026364e-01
-2.790041202398301223e-01,5.831896846239478238e-01
-2.378752346000624907e-01,1.593216470025335951e-01
-3.455904051415213396e-01,5.083700764891860291e-02
-7.132058659870847972e-01,-1.515810135158380811e-01
-1.459023837547596791e+00,-7.407874935816516349e-02
-2.659716168016541982e+00,3.408582221536440304e-01
-3.448919022398538203e+00,6.556385953491699059e-01
-2.764066526116649047e+00,6.383745504395262893e-01
-1.261991405327314908e+00,3.658845596673571676e-01
-2.554271566990412023e-01,5.016419139451515630e-01
-2.264395800556657790e-01,8.944008192739797414e-01
-1.211599744958343633e-01,1.047089872654737963e+00
5.822412732002461844e-02,7.435749967852302023e-01
-9.937082790241720531e-02,9.351179324529215187e-01
-4.260434932073600689e-01,1.649784050443443784e+00
-4.686384660740744446e-01,1.663671425462073250e+00
-3.765449802753488839e-01,1.201338023878967265e+00
-2.226702799593082427e-01,5.063961905948862752e-01
-3.052107339285359267e-01,-1.523439309575913281e-01
-4.229589297935324455e-01,-2.320393526877672641e-01
-2.649258601856199213e-01,6.561162375499438038e-02
-2.378752346000624907e-01,1.593216470025335951e-01
-3.455904051415213396e-01,5.083700764891860291e-02
-3.184101715835295776e-01,4.889543309965209417e-02
-2.378752346000624907e-01,1.593216470025335951e-01
4.793026274116606034e-02,2.809680110317755997e-01
2.725229990493095444e-01,2.682934197806519649e-01
2.520420694229346184e-02,1.648271088165826070e-01
-2.378752346000624907e-01,1.593216470025335951e-01
-1.801289016959448375e-01,7.517687599773034690e-02
-6.589190290665496164e-02,-1.417590579798278239e-01
1.932707460895914942e-01,-6.409739469747698370e-01
3.748301949737118943e-01,-5.297495477331900515e-01
3.537783618659077756e-01,6.435386775426672479e-01
2.048698836384301447e-01,1.562283810642274062e+00
-6.005660373786207012e-02,1.461192388209178850e+00
-3.188834965730677484e-02,5.893509793016485920e-01
2.914585012079808912e-01,-4.756893361516106866e-01
4.432431653469960930e-01,-8.404237267591031513e-01
4.441470640331887654e-01,-4.775728026165384499e-01
2.742468611776692211e-01,-2.971266516752803510e-01
1.774160777978892600e-01,-2.537857284846504191e-01
2.718741887743587604e-01,-5.096626109784587605e-03
2.718741887743587604e-01,-5.096626109784587605e-03
-1.075534143357196881e-01,7.588423178436666527e-02
2.320566162143661293e-01,1.393493883204462158e-01
5.864830715826392371e-01,6.252328654953559495e-02
2.022783840068407835e-01,3.016812162247327622e-01
-1.127520335281077535e-01,7.638848205231700828e-01
-2.850061182180680941e-01,8.344333015245249952e-01
-2.477614582273589827e-01,4.656214539356877680e-01
-2.977062955244104137e-01,6.918242315991118829e-02
-2.339444803836013623e-02,-3.031725694086762068e-01
3.458086614767361677e-01,-6.540895602083900418e-01
4.441470640331887654e-01,-4.775728026165384499e-01
-1.334704407703208862e+00,8.051083368690159503e-01
-3.944171493706572384e+00,2.040416481783504210e+00
-5.647151702182038768e+00,2.826831101384864375e+00
-5.545492042411331646e+00,3.033182898216350676e+00
-4.223467935588694822e+00,2.909951550425317279e+00
-2.571202350935758218e+00,2.340671420656200929e+00
-1.245862794867532486e+00,1.339443036154065014e+00
-5.037791903268926674e-01,3.623585225588472070e-01
-1.088590542134801331e-01,8.102667690903447850e-02
9.952023566576234659e-02,2.356724278403018180e-01
1.046137950621973123e-01,2.252781642589761213e-01
-1.205618679790668446e-01,5.756826721907404298e-02
-5.566071629759290068e-02,1.624935768724560248e-01
-2.944191036871673384e-01,2.028444050099496299e-01
-5.821416045929846961e-01,8.928437896432486753e-02
3.238583539935100952e-01,3.786765222946229803e-02
1.075317349414467216e+00,3.078269650338017957e-02
1.066874782583242531e+00,1.147516306960305044e-01
4.833179420093852707e-01,1.109339985227551367e-01
5.304267206425145043e-02,2.076987279099692767e-03
-7.815022339381692829e-02,-8.506266906062523447e-02
1.945179374445878684e-01,-3.957668154972088237e-01
1.091298533463237221e-02,-7.697887161236157683e-01
-4.993590577775257056e-01,-8.323189357889065887e-01
-3.401409003239539985e-01,-6.909046489369706778e-01
1.708609424800404675e-01,-3.169623022337395568e-01
1.267485935708427720e-02,-2.197425949416084989e-01
-5.325409827554001829e-01,-3.866179498798814063e-01
-5.545451718407533592e-01,-2.514319110870475993e-01
-1.610985692523463630e-01,-2.641830795711450075e-01
9.609854890740052169e-02,-5.157086021994115033e-01
3.820609220716593701e-01,-6.338407045549113716e-01
4.161268482308030370e-01,-8.291254596319129755e-01
7.679325572693766755e-02,-9.569852112641475950e-01
-4.026001892780487479e-01,-1.352531020614054391e+00
-7.304824384110221169e-01,-1.686798902228330732e+00
-6.966591137853632709e-01,-1.381268112240907842e+00
-3.145457183188292150e-01,-8.267410530295391524e-01
-8.572678485036872020e-02,-9.571795677913526035e-01
-1.143234471503230959e-01,-1.050537969636980318e+00
-3.107353851788663759e-02,-1.148268421965466857e+00
-6.138066212676314415e-02,-1.412486189946620785e+00
-4.607969398608099398e-01,-1.088443257408772347e+00
-6.704837611077116843e-01,-1.428701191181343422e+00
-3.779609674829894073e-01,-1.885465628086441470e+00
-4.689340110283092833e-01,-9.449628655581752135e-01
-4.441541516420324243e-01,-2.127853683497203940e-01
-9.653796805182572882e-01,-5.467851195708052503e-02
-2.215788917640485245e+00,4.934905115002656273e-01
-2.704281823911766303e+00,5.721447450789882705e-01
-1.876967547643745293e+00,1.510722175446038151e-01
-4.215772677696966730e-01,-3.595903517068934629e-01
7.640866853381824697e-01,-5.175855373327313824e-01
9.229049425964208631e-01,-2.904063447082283478e-01
7.919516145408412866e-01,-6.292964695402408770e-02
3.192024968938830254e-01,-1.322582897255726309e-01
-1.907372881402807918e-01,-2.116605395962221359e-01
-5.593180626958538237e-01,-2.510663624223675172e-01
-5.386684977828206655e-01,-6.678558368263022293e-01
1.192333291218402175e-01,-8.975591080066286365e-01
1.039398882767927468e+00,-6.971664024385885172e-01
1.717111560119565228e+00,-1.648387217033600027e-01
1.582225080203936818e+00,1.998373625848060553e-01
7.694232193759490412e-01,1.810933008149811230e-01
6.198151008128759132e-02,-2.570665392757970902e-01
-2.809366197077582950e-01,-2.593043192659670315e-01
-7.842375830225903899e-01,-2.079711949879155600e-02
-6.073218327753925339e-01,-1.159209203237550501e+00
-4.838004451175220710e-02,-1.993975191992389595e+00
1.389791809667030933e-02,-1.919897405664614976e+00
-4.899868808197804793e-02,-1.993665815460362589e+00
1.652261510500581745e-02,-2.127502288164782485e+00
1.652261510500581745e-02,-2.127502288164782485e+00
-2.067233673487959833e-01,-2.001159464732039428e+00
-2.408721093825590687e-01,-1.420837672642340399e+00
3.667687957933336916e-04,-1.947189798472220845e-01
3.266765677504151477e-01,3.289148266580574353e-01
2.031950010183523891e-01,-1.487182000955989680e-01
-4.020802049704549352e-01,-3.741263476292699952e-01
-8.463503069252779065e-01,-4.569224364508397973e-01
-8.350320889461749774e-01,-6.363108629428688712e-01
-1.063746987858464221e+00,-3.741267083128078097e-01
-1.743909986894041753e+00,7.370127613449678483e-01
-2.277196746563447061e+00,1.328931426673983784e+00
-1.941275220677927349e+00,8.772858344804517206e-01
-9.185183939945136267e-01,1.029488810106753277e-01
7.510198711049689835e-02,-6.224683639124120038e-01
5.875095180741298773e-01,-8.643080397113445112e-01
2.652438034498336705e-01,-4.812562664064745088e-01
-4.063033433756177426e-01,-5.737301129899785579e-01
-4.138708726573663843e-01,-9.289755101595370546e-01
1.960719739772378845e-01,-1.015285013156533633e+00
5.518159739688562881e-01,-5.347394209267589682e-01
4.095254217217828008e-01,2.141464030360424597e-01
8.313276545126943029e-01,1.175639379843923527e+00
1.499410804732323577e+00,2.657271524131000096e+00
1.011204621305096918e+00,2.742900863388562538e+00
4.428125940767084767e-01,2.112120761525366319e+00
6.176688148939408762e-01,2.211958355288200728e+00
7.378956973291203036e-01,1.133102873260697141e+00
9.580804059380404469e-01,-3.038764146140176398e-02
1.133834807890677254e+00,-5.253803545747441905e-01
7.652740263842275903e-01,-5.563202309906174481e-01
2.042810406587428074e-01,-5.393460940822545346e-01
1.001016668826777006e-01,-1.279175392482757356e+00
4.855760714447172610e-01,-1.814093326754923297e+00
9.449922379215618395e-01,-1.370755286645866100e+00
1.147628424313588358e+00,-8.250543547091717667e-01
1.160905288933824941e+00,-6.308669274554322692e-01
1.112041828436987068e+00,-1.240854569948232761e-01
8.297414999812904313e-01,5.310506538510594704e-02
5.315580883314584559e-01,-2.740438237894270990e-01
4.429720468569740555e-01,-4.476253155919691640e-01
1.354641832941618218e-01,-6.019505403420679635e-01
-3.602177936919445100e-01,-8.678635975692690074e-01
-5.222392510332690696e-01,-9.468757439112220897e-01
-5.084055295170299971e-01,-8.740264191427447038e-01
-2.424870315665365039e-01,-7.288340619955671063e-01
-9.121754849916514918e-02,-2.760041172206431082e-01
-7.283693111994602454e-01,-1.707721284297527287e-01
-7.283693111994602454e-01,-1.707721284297527287e-01
-9.121754849916514918e-02,-2.760041172206431082e-01
-1.446869815301847217e-01,-1.657967311806998467e-01
-9.002983434983131694e-01,3.481497292130067422e-01
-1.652740028392050142e+00,6.123409281373017876e-01
-1.616738549569872285e+00,4.394307358487303805e-01
-9.212731691162794334e-01,1.355502954601275067e-01
-3.600693868762928629e-01,-2.491344675316008450e-01
-4.696370777001634966e-01,-6.474935987499779166e-01
-1.845315706645782372e+00,-1.677594487245494204e+00
-4.206566540460518588e+00,-2.828114327105181847e+00
-6.650597670335873346e+00,-3.407506312413773220e+00
-8.768440779428001264e+00,-3.037544762809722076e+00
-1.031204401545106641e+01,-1.805104314013345368e+00
-1.049963412109968885e+01,5.776990085907918876e-02
-8.500432837473955061e+00,2.055191123044948664e+00
-4.685970536639910478e+00,3.554687947361833800e+00
-1.625837649203408342e+00,4.116657616034012257e+00
-5.350125478655602951e-01,3.623717123629020875e+00
5.030993517227618644e-02,2.395991975877737268e+00
8.115790472620405815e-02,1.168899241874510775e+00
-3.771696084905671320e-01,2.718923675950382646e-01
-1.161979662692573800e+00,-9.811440416060234204e-01
-1.663564025394879131e+00,-1.751535679228686471e+00
-1.831145995047065433e+00,-1.871628457247620725e+00
-1.405849217920102534e+00,-9.966466232055176677e-01
-7.415833680949679430e-01,3.338054938957640272e-01
-3.944414186408269352e-01,1.273305500686464198e+00
-1.339882938240888333e-01,1.617168903818562153e+00
1.509392500373962775e-02,1.419711803260274685e+00
-1.606255785227008737e-01,6.495148553646488132e-01
-3.427247772001288939e-01,2.588407247295266764e-02
-1.932367224886089030e-01,1.646781048196713053e-03
7.418454430471047023e-02,-2.888853682467466544e-01
-8.511447096341333285e-02,-3.017084616025586530e-01
3.143669357138284548e-02,-1.095482526283637764e-01
2.622245741167251176e-01,-2.676758886909176849e-01
4.140719970855193943e-01,-3.489344868379570114e-02
7.376751507006589215e-01,5.281823084594513551e-01
4.196119773018115451e-01,6.909497111133273695e-01
5.737662014383253933e-02,3.260746763451238261e-01
-2.231231681926347521e-01,-4.715173445389749252e-01
-3.450473584416781647e-01,-7.270356009616011361e-01
-5.014552640400415234e-02,-3.069292964240827870e-01
3.172100299173899463e-01,-6.100396439329586890e-02
5.739549472288004717e-01,-4.928301280542516372e-01
2.299722580182151921e-01,-7.702154363547037974e-01
-5.014552640400415234e-02,-3.069292964240827870e-01
2.551837503381760436e-02,3.119877497657068052e-02
-1.128937690095627028e-01,-1.121718192538714506e-02
-8.853734828258184031e-01,-5.176891760192798841e-01
-1.658046676855165380e+00,-1.024384269441248163e+00
-1.538109079979431915e+00,-1.109530496236666108e+00
-6.658179806756188146e-01,-7.999401931564584789e-01
1.708609424800404675e-01,-3.169623022337395568e-01
8.716405409435518115e-01,-1.051926486152105072e-01
1.196873480709393034e+00,-1.754903075399746604e-01
5.893544596649701317e-01,-3.670544669820538508e-01
1.708609424800404675e-01,-3.169623022337395568e-01
3.655862515038775795e-01,-9.114611681328646520e-02
3.186678551804238979e-01,-5.411399097253812851e-01
9.892411983255106067e-02,-7.478365070514527702e-01
-1.533526065510213976e-01,-6.452788064577225091e-01
-3.648921278489756781e-01,-8.421437683830088616e-01
-4.833011835975616344e-01,-4.057957088531313761e-01
-7.657002797403460459e-01,6.494914107974564255e-01
-1.194601310521572701e+00,1.569187690395853707e+00
-8.612267423734273342e-01,1.826780393258454538e+00
-2.554380841533011037e-01,1.468118559733354811e+00
3.341498105534714269e-01,1.161709695781044882e+00
7.447109711488719697e-01,9.979697440001773501e-01
9.287662872209123677e-01,7.799869865213328035e-01
7.147472423161569388e-01,8.012714690178397714e-02
3.226459873371033127e-01,-7.225241545791349917e-01
1.923326828409971656e-01,-8.802670747318422917e-01
1.563063555178456632e-01,-8.000101635246338327e-01
-1.292861347876899658e-01,-3.370071093715826249e-01
-1.039957973266788099e-01,-4.039910359277161245e-01
1.246499023851186105e-01,-6.842944711422009885e-01
-2.778142539759524687e-02,-6.636719322414234012e-01
-7.720567679409907902e-02,-6.016521871678636169e-01
1.571115429405163244e-01,-3.137049409742857509e-01
3.181776313591113681e-01,-1.499468331655432751e-01
-1.419635011677287395e-01,-8.262475804622532172e-02
-3.612029717988290978e-01,-4.372710843877863351e-01
-8.220531215237417838e-03,1.840443347703468735e-02
1.033626012418486229e-01,4.740193246352566447e-01
6.131485788096994183e-01,1.828267303426023838e-01
8.635592877792490629e-01,6.596479763433431565e-01
5.681097538208830233e-01,1.122695359384426661e+00
3.831113294032813532e-01,9.455702030329420360e-01
2.304459368760878590e-01,1.795056931345244133e-01
-3.916006825220323395e-01,-8.637701784873785815e-02
-3.616408503302013244e-01,1.627103139052539782e-01
1.419388959851427823e-01,-2.035275686717315513e-01
5.784667320960091424e-02,-3.396947210535779527e-01
-3.923082100400174244e-01,-2.112182879419424644e-03
-8.060793117925851847e-01,2.842714798255698838e-01
-4.840087229519903222e-01,2.796013741159507071e-01
1.317838320779700645e-01,2.457419179796698494e-01
2.368458100265973809e-01,4.068059018343396227e-01
9.810626223241857014e-02,3.621074550535582914e-01
6.123285188794649198e-02,1.201857887689333770e-01
4.382624514720767084e-01,-2.614288262393188456e-01
9.030158193832086289e-01,-5.701928881728978160e-01
1.235359864016689180e+00,-8.127588327359215326e-01
1.123999339271857245e+00,-6.017779500946747184e-01
7.920540289998520000e-01,-5.161718890113539335e-03
6.282750904483568322e-01,2.292079501415952413e-03
5.517966222516327290e-01,-6.169982412979307940e-01
7.721774553760096804e-01,-1.233349146869000101e+00
1.208171499093270151e+00,-1.549978806253039521e+00
1.132995050438097229e+00,-1.345100229685441517e+00
5.876603615583316786e-01,-8.234748163059710802e-01
2.813978003382074378e-01,-7.253132498800667349e-01
4.553377012252645128e-01,-5.649307059417210120e-01
4.230349041663120646e-01,-3.886542796099459046e-02
2.104048552661009763e-01,2.033740007603566102e-01
6.123285188794649198e-02,1.201857887689333770e-01
6.330649774243467531e-01,-1.529206038349875396e-01
1.103445330970188376e+00,-5.431456247894925760e-01
9.782494580665270778e-01,-5.541690437422331916e-01
8.489051166311231134e-01,3.070087597550246183e-01
9.194126580158593631e-01,1.184709982834462494e+00
5.266815787577977526e-01,2.328325762850960601e+00
-1.698506338541113658e-01,3.047916053648001444e+00
-9.197381752685579448e-01,2.639147961628679262e+00
-1.363947628567144132e+00,1.498777181870029507e+00
-1.161061146051321602e+00,3.820844986385873998e-01
2.318327863871947822e-02,-5.056720067112006056e-01
1.108551444646889372e+00,-1.719704145509725057e+00
1.006547933256830563e+00,-1.749433264585333658e+00
5.448937156047721775e-01,-9.766325572130472032e-01
6.571655537931313518e-01,-9.135905648725763939e-01
4.838869888701297084e-01,-5.388562161328557254e-01
2.198640031001162232e-01,-1.934401824449732687e-01
6.147819377714509176e-02,3.662663076245997826e-03
4.549550903075323671e-02,-1.089620564327647145e-01
1.881384678722990700e-01,-5.522033979676931326e-01
5.001364471237275122e-01,-6.193613375880322458e-01
6.576425685219476902e-01,2.486497069154889467e-02
8.083608059623327291e-01,5.135729955444255923e-01
8.606014192918193251e-01,4.092304177788123609e-01
7.807521529669650961e-01,-1.649663780936869717e-01
7.584476863336807595e-01,-1.686207855635569186e-01
7.968042926367011614e-01,2.527847631779519544e-01
6.010618335066888474e-01,5.647063305803228239e-01
1.609822165599790744e-01,7.227007518252075435e-01
-4.868171338801264292e-01,7.451646880716262800e-01
-7.199998233198630082e-01,7.957559171189380054e-01
-3.399922273722456589e-01,6.908810529068786233e-01
-3.432535375295121538e-01,3.327984221658374930e-01
-6.780683701120816531e-01,2.871940281877011225e-02
-4.070878745954097933e-01,2.175133555067503277e-01
-6.612729951986385801e-01,8.491391452201759726e-01
-1.636699116676174626e+00,1.004660018025939516e+00
-1.946558353375991590e+00,4.611836379168489097e-01
-1.173867316095437596e+00,1.175141975592896432e-01
-7.966487969129881774e-01,4.472936262010422659e-02
-8.764124261260134441e-01,-5.813157992377000483e-01
-4.444375899060457602e-01,-1.387534923879568227e+00
3.640477626382333520e-01,-2.062509980941276577e+00
1.031920058779766336e+00,-2.028553969064180507e+00
8.741600258481381225e-01,-1.234609326619614755e+00
3.468925617655596039e-01,-5.970968698056028368e-01
7.301552444457281021e-01,1.815772787729497961e-01
1.200444412309747522e+00,6.334070170516595821e-01
9.612894529725468651e-01,2.008318731151307046e-01
7.685358580985225396e-01,-7.070894734927972089e-03
6.059235374760867376e-01,-5.565223614787578876e-01
7.060386766652646529e-01,-5.793083400792181648e-01
8.116301913559459402e-01,-7.621771881048336472e-02
7.255473925186991524e-01,-1.907296501678785311e-02
2.449075590892321741e-01,1.666730366651769102e-01
-2.288105850879623704e-01,3.083660244152089391e-01
-1.929757309488118189e-01,2.244427553709239798e-02
-2.877305992206352983e-02,9.541830973721525389e-02
-5.218811802100313535e-02,3.436482625916532085e-01
-2.130194635564325034e-01,5.927368950449419804e-01
-2.162457779155637916e-01,5.068034658371406431e-01
4.218361034218314626e-02,3.250965442450775011e-01
4.179730238746426907e-01,7.945235834019861998e-02
2.667936725998086844e-01,1.981830950511220268e-01
1.492485250027799637e-01,-1.648936161460151650e-01
7.451362543411514661e-02,-5.305858635057023598e-01
-1.685579642683699975e-01,2.355322616333376251e-01
1.465878694433169482e-01,5.779214410824183856e-01
3.999221991311790458e-01,1.289366612065981021e+00
3.303492094589333128e-01,9.018894244445723185e-01
3.703660495017657706e-01,4.195727912212651178e-01
3.478728712523648237e-01,8.787567949796071254e-01
2.328667652184166215e-01,7.069330460864771126e-01
1.183017671874888460e-01,3.529944849872027057e-01
-3.066486182738018679e-02,2.248709598478164928e-01
6.906108301212352529e-01,8.094008732911517345e-02
1.189363270399846462e+00,3.372498043221351383e-01
5.769659418770033410e-01,4.817818263873279161e-01
-2.079381556360701197e-02,1.944962743483260315e-01
-1.457464632564487994e-01,1.590031897664238580e-01
3.104849913151382923e-01,1.215714536579330374e-01
6.529154714459637354e-01,-1.239815750875625372e-01
5.295812454804035285e-01,-4.559926402060487938e-01
-4.400988875774956843e-02,-6.081924203962252307e-01
-5.750876502613462282e-01,-4.644988489566215795e-01
-6.223629498720467668e-01,-4.386761720778803442e-01
-4.905169207957796318e-01,-5.711001102184316558e-01
-5.750876502613462282e-01,-4.644988489566215795e-01
-4.939599652908990279e-01,4.768382044513047591e-02
-5.888197409876248095e-02,4.989624424793281943e-01
5.505511756229841680e-01,1.227781313726235224e+00
5.387237761841697781e-01,1.307456547505472466e+00
-3.574309553757001878e-01,6.774580045880458368e-01
-1.355102627756112676e+00,2.878823821170605757e-01
-1.654370471314821511e+00,-3.469482625004454562e-02
-1.077508479856132073e+00,-1.008541669305730165e-01
-4.280567274301834146e-01,-6.619420473189235182e-03
-6.193628073248108601e-01,-1.226644897039603110e+00
-6.532345209682495213e-01,-2.115334473374378632e+00
-4.430319595050391523e-02,-1.772002176542475382e+00
-5.567089951040009588e-01,-1.341731335636633105e-01
-2.550139726191217537e+00,-5.390392453757567592e-01
-3.447927650271971789e+00,-1.796177670008824112e+00
-3.447927650271971789e+00,-1.796177670008824112e+00
-3.447927650271971789e+00,-1.796177670008824112e+00
-3.712117760774741981e+00,-3.319835545250512165e+00
-3.700600212991983273e+00,-5.399161819242661586e+00
-3.004787074636634081e+00,-6.586250133298100273e+00
-1.926110509185080977e+00,-6.101837154966291088e+00
-9.154209085930015144e-01,-3.995643134737189239e+00
-1.865536618409929515e-01,-1.622249772824533753e+00
4.191886096097211523e-01,1.562636329991153594e-01
2.764959896275693829e-01,4.565777451244127927e-01
-2.115759324912017403e-01,1.968701014559625928e-01
-6.262862107422307867e-01,1.893453719312540029e-01
-1.160328763861513623e+00,5.019967369598669071e-01
-1.471289656424754400e+00,6.938431645329369291e-01
-2.089767865947647962e+00,-1.544279023676154057e-02
-2.985806187775071674e+00,-1.254140505738974509e+00
-1.907604596476813574e+00,-1.142277337785453817e+00
1.254346519520137815e-01,-5.632717149616582875e-01
3.991288510040522652e-01,-7.342975461919242219e-01
4.838995577124404202e-01,-4.418358404592949151e-01
2.282922133817476273e-01,-3.286222478845666779e-03
-3.980793876747104054e-01,3.086496096581471948e-01
-7.279150692509707143e-01,1.740768337188835502e-01
-5.841275094588497252e-01,-1.897197640773101990e-01
-5.955388742358747045e-02,-1.664286089244635669e-01
1.227873947077585820e-01,-6.363513798444715708e-02
-1.455277536739122968e-01,-1.457025173562598586e-01
1.828398942774108263e-02,1.411619780548737102e-01
2.678158541638760437e-01,2.689473718812799286e-01
-1.299851022337268069e-01,1.579506314280335610e-01
-4.517493543728312022e-01,2.963061891693663866e-02
-3.835055672000299287e-01,6.875107906910559764e-03
3.217612078946479048e-01,-1.826899535892971826e-01
6.929786498128391869e-01,-9.318181143419275170e-01
-6.466002786239535838e-02,-1.540455481985681496e+00
-9.033437428873352104e-01,-2.024195405804266823e+00
-1.052505505180855394e+00,-2.048427862903945407e+00
-8.842399334303052694e-01,-1.570760492291620514e+00
-7.430014163916445202e-01,-1.196766697309055383e+00
-2.346249286033031400e-01,-8.259910371435839060e-01
1.944171433801250015e-01,-8.425819520345987357e-01
9.400783319030724394e-01,-1.468852804636284093e+00
1.487390766845509082e+00,-2.195502130917879491e+00
1.355983759716857584e+00,-2.447700536593226506e+00
8.485229942346083076e-01,-1.927881550261538290e+00
3.170790779507674517e-01,-9.869908700980906113e-01
4.422056487076601872e-02,9.550568491357810941e-02
1.948411316434937868e-01,8.865049242770953741e-01
5.103693958868409375e-01,1.269710475776420155e+00
7.323929309921011210e-01,1.101781570151672884e+00
6.251612442823056837e-01,6.158148263138536471e-01
3.773102346218907277e-01,8.232255833425035085e-01
5.267830035269143174e-01,1.259574694940820860e+00
7.495189335464984559e-01,1.091205869045143828e+00
1.085886611708232863e+00,3.171694923317681658e-01
1.254726234759414361e+00,-1.003159405591369291e+00
7.689512483928325759e-01,-2.566040505425959850e+00
-4.864006258078090172e-01,-3.751904251946849289e+00
-1.920724394722418849e+00,-4.181550105511931292e+00
-2.648696089139130017e+00,-3.820345204713977871e+00
-2.097120331850506059e+00,-2.700290011152016501e+00
-8.008980099036148159e-01,-1.333959256944741378e+00
-9.121754849916514918e-02,-2.760041172206431082e-01
-1.508254512525322721e-01,-6.952730363234049804e-02
-4.393868526158916515e-02,2.193681026712509738e-02
-5.904901458512057388e-02,3.166646821808726808e-01
-5.834570357932411522e-01,9.183961345624616079e-01
-8.393982696985115011e-01,1.331319233597468843e+00
-3.074526284378858998e-01,1.015788987353494432e+00
3.428890916452629473e-02,1.786077188146275030e-01
2.938340060685558086e-01,-3.192236489100883090e-01
4.011895489587286590e-01,-1.045355183208118155e-01
4.272680485417990615e-01,-2.494665045349480637e-01
1.339221655859902382e-01,-3.120318526958467120e-01
3.726618208571109980e-02,-3.536977849335266599e-01
4.604125250874800956e-01,-7.129502181840596808e-01
4.382830675595614789e-01,-7.698953633271746755e-01
-2.262392084451329555e-01,-5.704397005370972495e-01
-9.088365469347577108e-02,-7.150127416370668509e-01
9.066988461647843556e-01,-1.151377527482718710e+00
1.298893525701424467e+00,-1.326765214150303018e+00
9.616233829709547321e-01,-1.169467264329729028e+00
-4.178793444489821429e-02,-1.542792438047719816e+00
-9.794450844585381732e-01,-2.161961011848753333e+00
-1.625208669303025211e+00,-2.278566280855220505e+00
-1.329214664166671778e+00,-1.946820406003188841e+00
-1.724966503946226137e-01,-1.802848579852184274e+00
9.683534515452933977e-01,-2.166188064377951417e+00
1.775852448934342132e+00,-2.845992436582496232e+00
2.003921461620787436e+00,-3.026066205066269887e+00
1.814988585915860320e+00,-2.295678699915493226e+00
1.290990295831144552e+00,-1.119472411273319423e+00
1.259183831050980862e+00,-1.495240833808725522e+00
1.524569060854282787e+00,-2.538158023192132795e+00
1.608245114957986832e+00,-2.512981094135031235e+00
2.142979866481575346e+00,-2.241596405276437665e+00
3.291716209944607563e+00,-1.785690999185753247e+00
7.036118414446886682e+00,-2.739080350681579290e+00
1.201087662494806274e+01,-4.685452206896875360e+00
1.462325836920382471e+01,-5.602308625584700330e+00
