4.404607390251197296e-01,-3.824165705672692428e-01
1.400624400791625201e-01,-2.629290040505824488e-01
-3.148177136216623317e-01,-1.952222455640968135e-01
-5.510306672611628986e-01,-3.713856525129417552e-01
-7.984879858217802662e-01,-2.376014344556972580e-01
-1.309486115604981515e+00,1.589928149260158297e-01
-2.032315154511652011e+00,4.356239461997166162e-02
-2.565259638217999516e+00,-6.942663524151616583e-01
-2.403737064954888591e+00,-1.329263922199468873e+00
-1.380038107575481954e+00,-1.220846014303845539e+00
-1.304117981675631643e+00,-1.014940355897301139e+00
-2.274362277594528692e+00,-1.139461062237016709e+00
-2.403737064954887703e+00,-1.329263922199470205e+00
-1.893517896875090756e+00,-1.230445805669766246e+00
-1.688323158541021440e+00,-8.762589675245406884e-01
-1.293220312124680804e+00,-1.716442756159730632e-01
-5.493834973690397971e-01,-2.065318777075669798e-01
3.554196141840551548e-01,-8.552026946011846986e-01
7.517924586830546652e-01,-8.553018763042168349e-01
2.140468135295812147e-01,-6.323689349221399691e-01
-1.054983897831272666e+00,-7.539625910934478759e-01
-1.461212762649814145e+00,-9.583828941657230871e-01
-6.861805710842697748e-01,-8.632086946239797554e-01
-2.150703552868657008e-03,-6.663937212118077325e-01
1.616930751598650018e-01,-5.091262690190498930e-01
4.404607390251161769e-01,-3.824165705672682436e-01
1.400624400791624091e-01,-2.629290040505816717e-01
-3.148177136216412375e-01,-1.952222455640874876e-01
-8.753928553307984695e-01,-7.803596870962045129e-01
-6.604990500944394327e-01,-1.273456976057928403e+00
-1.858807230725972037e-01,-1.157909278924762253e+00
-5.743820017636250830e-01,-8.935626695123191077e-01
-1.392571079542322510e+00,-4.279507412397784427e-01
-1.531420146180028308e+00,-1.049818475261920375e-02
-7.818205688703220302e-01,1.738146772490710146e-01
1.531147498409644869e-02,-1.852869809683150015e-01
9.917866915387632543e-02,-7.059611556868538029e-01
-7.552603568900109754e-02,-1.072408932068995568e+00
-7.652608292183795680e-01,-1.711114003893062563e+00
-1.825126341048551870e+00,-1.998398304791860092e+00
-2.838060916665761546e+00,-1.415474968988977844e+00
-2.283879714147934337e+00,-1.142855168071987615e+00
-1.228365500449104752e+00,-1.750282223330499320e+00
-9.552990585356059272e-01,-2.410443967459764636e+00
-4.362066468354287574e-01,-1.903298349522965172e+00
-1.763999953758203787e-01,-8.473017295410468774e-01
1.203927417795475352e-01,-4.593684864515987232e-01
9.759804151586569387e-02,1.177431200819156532e+00
-5.601294557628371251e-01,2.258168069487739515e+00
-9.380233020435372326e-01,2.691376524336089204e+00
-8.816042050359301774e-01,1.978187294962703513e+00
-6.360628546271717143e-01,7.137323229424206161e-01
-7.690459688259551063e-01,5.254222519863645247e-02
-6.559831184586760455e-02,3.492395840167437648e-01
5.289459588403846446e-01,4.790691233990732045e-01
3.194295835610629353e-01,6.466527501711227810e-02
4.404607390251145116e-01,-3.824165705672687987e-01
3.899465386543131129e-01,1.213629579557126553e-01
3.194295835610629353e-01,6.466527501711227810e-02
4.404607390251161769e-01,-3.824165705672682436e-01
5.168898693012961010e-01,-5.554345162906130229e-01
4.910447504356085791e-01,-4.900829137111849532e-01
4.101857858419541980e-01,8.386081350262937495e-02
7.060278527180658958e-01,4.366796961745743055e-01
5.156003681113093817e-01,9.473896794660878473e-02
5.648478105680176595e-03,-5.658035019423619527e-01
5.804891766863768537e-02,-8.365199929426827552e-01
2.072908362558809614e-01,-6.604304683682966637e-01
4.170160017860108370e-01,-2.040345123148260553e-01
1.012576625710400080e+00,9.432425776034614184e-01
1.620277242134297468e+00,2.038431366850045112e+00
1.620277242134297468e+00,2.038431366850045112e+00
9.093193053881463150e-01,1.281872821051292410e+00
2.499980666070011348e-01,5.373307827256728064e-01
6.251877181085714608e-02,4.152409545763968701e-01
-1.526871217368385714e-01,-1.894323989657860086e-01
8.986542296065379298e-02,4.464354766859150205e-03
2.566294876319187290e-01,3.616192866781742232e-02
4.170160017860108370e-01,-2.040345123148260553e-01
3.508160126954514846e-01,-2.783525816359342514e-02
-2.266288010184711599e-01,-4.863993767680780955e-01
-2.867551628009420428e-01,-5.467182852369011359e-01
1.278326191223927988e-01,-3.988665421840241303e-03
2.759425907368179831e-01,1.722504130063385874e-01
2.836604243148435067e-01,-1.361601835963337226e-01
4.170160017860108370e-01,-2.040345123148260553e-01
2.080102712628826567e-01,-4.812232600477663325e-01
8.687500945282536913e-01,-7.517539877053981412e-01
1.759109370687997220e+00,-6.853781309155565493e-01
1.707192014144419678e+00,-5.456521131422239490e-01
1.144444301895017446e+00,-3.714181094858561294e-01
1.087734900000280891e-01,-6.194410858994264801e-01
-1.442826672439053437e-01,-6.470331035364303984e-01
4.170160017860108370e-01,-2.040345123148260553e-01
2.246522982962755877e-01,-2.333525788143969715e-01
5.877083539186808148e-01,-4.658074866076767351e-01
1.261183867425350380e+00,-4.199510019587973098e-01
1.079810791135735970e+00,1.136153913146557837e-01
4.997272036163253883e-01,6.531213633243976302e-01
1.674516635304726941e-01,3.666168439160075732e-01
2.300703804427360610e-02,-1.382572308380710657e-01
-6.436963030701441102e-02,1.018658603753083876e-02
-3.282844058143207233e-01,3.933195794355963670e-01
-7.674000941953541544e-01,3.462852499183847188e-01
-5.960274766795200518e-01,5.611848388148552580e-01
-2.334933695897456751e-01,6.660304647177387460e-01
-1.929337672774580625e-01,3.352610575930967673e-01
-6.634819972355645579e-01,1.344032037541277869e-01
-1.206102531252629673e+00,-2.329441026602802334e-01
-1.451072861291667682e+00,1.002240312321205640e-01
-1.295608154189859418e+00,8.105980189335374453e-01
-8.857686790736333249e-01,1.043610617582891642e+00
-4.851746077013359693e-01,5.283562130171737259e-01
-4.033391020059957643e-01,-4.690568773792659352e-01
-4.495907986051168037e-01,-1.115086347473047690e+00
-4.541513029310201288e-01,-1.612784992946168838e+00
-4.541513029310201288e-01,-1.612784992946168838e+00
-4.860177043745270709e-01,-1.561648318691443382e+00
-4.860177043745270709e-01,-1.561648318691443382e+00
-4.576356228131658321e-01,-1.167973883856898931e+00
-5.046235127164722112e-01,-9.111567569871203975e-01
-4.581794389566243297e-01,-1.167740931326864740e+00
-2.868432116313576197e-01,-1.066274811871759320e+00
2.280763338191845076e-03,-1.362102748696359722e+00
3.261126155011558891e-01,-1.261532167634768387e+00
2.294808222764007938e-03,-1.361800608138293844e+00
-2.141611032613821297e-01,-9.393158976989651743e-01
-3.036321528469412834e-01,-6.082009268407337355e-02
-5.475568044408084534e-01,2.388673629186577607e-01
-3.689918055341687153e-01,1.788295562969653418e-01
-5.611680941805510248e-01,1.284698103042454520e-01
-3.718578307905811564e-01,3.782217001290493208e-01
2.132985368610824106e-01,5.681611182068352361e-01
4.537610768087471658e-02,3.274082867127509622e-01
-2.381878425085521833e-01,-1.867174386801019048e-01
-4.908912131273363011e-01,-3.605479841585647605e-01
-7.275796627800175109e-01,-4.147011491882591216e-01
-7.474646537173732508e-01,-3.423498709489514735e-01
-4.313339340122007148e-01,1.111372333980139987e-01
-1.854565763222270486e-02,6.270306141501703623e-01
-1.854565763222270486e-02,6.270306141501703623e-01
-1.854565763222270486e-02,6.270306141501703623e-01
-1.854565763222270486e-02,6.270306141501703623e-01
-2.447397563696299128e-01,9.195865251860754763e-02
-4.589931716086132485e-01,-9.890658297531932375e-01
-6.245036199799054444e-01,-1.916292965505104418e+00
-6.715980995537691456e-01,-2.003466916850074941e+00
-6.062736488260366263e-01,-1.340604648178910230e+00
-5.189466543204152016e-01,-5.622814915082406939e-01
-8.867368603871352006e-02,2.018696694923597379e-01
9.264574600582203834e-02,2.602539498436427512e-01
-1.185771073326692820e-01,-9.585312859382948136e-02
-3.148177136216412375e-01,-1.952222455640874876e-01
-5.595017465986499294e-01,-5.685171548523156870e-01
-8.279431702513306846e-01,-8.320223071860697317e-01
-8.029038629144782391e-01,-5.143629632008125396e-01
-3.890786352315460106e-01,6.164082480673392650e-02
-1.854565763222270486e-02,6.270306141501703623e-01
4.395230073192584186e-01,1.210889305536346772e+00
7.937954233560435835e-01,1.611844656772416728e+00
5.935938408958016943e-01,1.110605753081734592e+00
1.313467643092018911e-01,5.615787852131618463e-01
-3.174221681051997979e-01,4.087199664020535472e-01
-6.431192859837669973e-01,1.383572554179075542e-01
-6.243802178973312245e-01,3.979233534122383203e-02
-2.958123776648533543e-01,2.950554416881487896e-01
-2.665316308755116825e-01,6.772643266926114958e-01
-6.794010739514425579e-01,8.146320070049224427e-01
-6.407849553059159486e-01,8.759844615585559158e-01
-1.793641845398976920e-01,8.029591610389327228e-01
-2.439748308446222647e-02,7.420637533079217363e-01
5.353632551270873924e-02,4.991215185008884836e-01
2.435380563768637929e-01,7.310626855138434577e-01
6.742233182712911721e-02,4.928836018627762994e-01
-1.912493568847761782e-01,3.738602007402683780e-01
4.091700257483097541e-02,2.938674571096736021e-01
-7.967473282424418490e-02,-2.786687004805088810e-02
-6.886702772536478223e-01,-2.247264344316464157e-01
-1.113153507777545403e+00,-4.066131618326982444e-01
-1.113153507777545403e+00,-4.066131618326982444e-01
-1.208860154465506653e+00,-2.724678153913860368e-01
-1.062193584960418935e+00,6.337517483493623760e-02
-4.305193342241556698e-01,4.630405394996478519e-01
-5.154801765290547601e-03,4.975996584909711529e-01
-1.480100212624935463e-01,2.985086161322276221e-01
-6.579127562010871344e-01,-8.381754894864533456e-02
-1.113153507777545403e+00,-4.066131618326982444e-01
-8.762162028007475234e-01,-1.272913280624169696e-01
-6.516413762812363064e-01,-5.442069935555658988e-01
-6.655755331746785464e-01,-1.828925226963195261e+00
-5.128844153450231591e-01,-2.497990791856427251e+00
-5.128844153450231591e-01,-2.497990791856427251e+00
-5.128844153450231591e-01,-2.497990791856427251e+00
-3.522422595449615779e-01,-1.329355900389766143e+00
-8.470631181242115060e-02,3.873885785440465274e-02
7.485360243985703099e-02,1.640347679822808102e-01
7.485360243985703099e-02,1.640347679822808102e-01
3.060123030982527803e-01,2.823054927255020385e-01
5.439635095773517337e-01,2.156130372062639855e-01
4.925537438531059631e-01,9.748425410520593012e-03
2.784438851781446123e-01,-2.586703967129923634e-02
4.995015948860527244e-01,-5.274500529659521125e-02
6.056355296968006785e-01,-8.122866066912917335e-03
2.224628815982186425e-01,2.182693775464434882e-01
-9.211292998747540317e-02,4.693942113309803044e-01
-2.507524167558298767e-01,1.053369963880064347e-01
-1.464971956624091520e-01,-3.587149238546969987e-01
3.276603305684713252e-01,-2.134808326650731725e-01
7.150740322109344627e-01,-1.387365429517385951e-01
7.150740322109352398e-01,-1.387365429517379845e-01
7.147221092523289299e-01,-8.240311037776255898e-02
7.147221092523289299e-01,-8.240311037776255898e-02
1.639626666616676998e-01,1.150952126208134141e+00
-6.796170262575977894e-01,2.690495744055744431e+00
-1.350999193324827319e+00,3.252182739814689860e+00
-1.128767027654909771e+00,2.338753766420517799e+00
-1.445048639596584195e-01,9.093831291326609501e-01
3.232986380021337092e-01,-1.041452628934111252e-01
5.140338073367022725e-02,-3.193054952990092010e-01
-1.992092021395545642e-01,-2.787836035187962191e-01
-1.693229385479659288e-01,-1.993329381015319091e-01
5.140338073367022725e-02,-3.193054952990092010e-01
2.078743678339176615e-01,-5.742104754885017925e-01
4.522555464184416230e-01,-7.609641866419116774e-01
3.894169067777202287e-01,-9.234450005487372382e-01
1.656405297706230739e-01,-1.158348338161387936e+00
2.908468199498364104e-01,-1.169231990660831944e+00
5.895285811691763911e-01,-7.552475492011201386e-01
6.639284930298399168e-01,-1.471915581569927522e-01
3.227377107576286375e-01,3.050228203720476428e-01
9.190645621702849682e-03,3.580504702209669210e-01
6.199448841270641802e-02,-2.874269285219632417e-02
4.250561236782949837e-01,-3.048044916516077785e-01
6.639284930298399168e-01,-1.471915581569927522e-01
3.302531036213894322e-01,1.158291346694663299e-01
6.199448841270641802e-02,-2.874269285219632417e-02
1.623292612335041907e-01,-6.698501762748629851e-01
1.656405297706230739e-01,-1.158348338161387936e+00
1.452699510590681475e-01,-6.649870141289403458e-01
2.935524441151576847e-01,1.050772251137445934e-01
2.935524441151576847e-01,1.050772251137445934e-01
8.775543645499682410e-02,3.309838502277060446e-01
4.882098075467491416e-01,6.419018205200726079e-01
6.119188368912806819e-01,3.699665433585827556e-01
2.300500700310265656e-01,-1.153192900254422781e-01
-2.513011767269769936e-01,-6.632890906787084484e-01
-1.735206868861001450e-01,-4.469314070982166043e-01
4.531566153141318720e-01,-4.431307356029307726e-02
6.092525470017688960e-01,-5.790222887876760316e-01
5.716816427980052628e-01,-8.211875426452294180e-01
4.228703537209375085e-01,-3.488231630842529851e-01
4.531566153141318720e-01,-4.431307356029307726e-02
6.092525470017688960e-01,-5.790222887876760316e-01
5.716816427980052628e-01,-8.211875426452294180e-01
4.228703537209375085e-01,-3.488231630842529851e-01
4.531566153141318720e-01,-4.431307356029307726e-02
7.478111348429337113e-01,3.285191841261972945e-01
4.451175292045312371e-01,7.101724242187383851e-01
1.499054935216446172e-01,3.969749766877272434e-01
4.531566153141318720e-01,-4.431307356029307726e-02
7.478111348429337113e-01,3.285191841261972945e-01
1.550348877436198425e+00,1.514273714630968160e+00
2.224478769660375832e+00,2.577940428044006360e+00
1.933698906111690263e+00,2.614121831087096837e+00
9.766794063586589081e-01,1.426734737395757957e+00
-6.868147136917589213e-02,1.510894843676224147e-02
-1.390299038752523364e+00,-5.978080390834615843e-01
-1.764266584685240780e+00,-5.859012823217781829e-01
-1.764266584685240780e+00,-5.859012823217781829e-01
-3.862256133899780508e+00,-4.989132172808899979e-01
-6.726804744970961814e+00,-1.145847561658049768e-02
-7.929728088256223550e+00,2.822831085968193765e-01
-7.858938135741571074e+00,4.103009388492273590e-01
-8.075544129145168171e+00,5.588041923789227594e-01
-8.146334081659816206e+00,4.307863621265157761e-01
-7.929728088256223550e+00,2.822831085968193765e-01
-5.521186033007632332e+00,-3.772847144347355464e-01
-2.352764931322514741e+00,-7.766857495215687690e-01
-8.988773542776167247e-01,-3.920480850717089627e-01
-8.787862577791484275e-01,-2.514615776722993190e-01
-1.338011570451506316e+00,-3.741693543462556448e-01
-1.143117850984937345e+00,-1.309206401410866194e-01
-7.313075008775077324e-01,1.665089816164190550e-01
-2.919281435175689943e+00,2.874039765397916057e-01
-6.156618712231800572e+00,4.517974647434860325e-01
-8.075544129145168171e+00,5.588041923789227594e-01
-6.036429500301998985e+00,2.382745543601083316e-01
-2.592559600445840218e+00,-2.734973606566177273e-01
-2.944111324579313793e-01,-5.117854071734153631e-01
1.049724964321675225e-01,-4.631679087603115530e-01
1.414057855716804590e-01,-3.886583445282544846e-01
-2.999608618503533594e-02,-3.807262052588416545e-01
-2.053248666709749648e-01,-2.859277718928430190e-01
-3.496078417337837863e-01,-3.620795441658573033e-01
-3.813178956654777463e-01,-6.098418935921067208e-01
-4.063210619941362012e-01,-5.925435779863681418e-01
-5.238564079153058550e-01,-9.440272655561280368e-01
-4.951507555403225069e-01,-1.181077443652336356e+00
-4.440374531657779178e-01,-7.663053465255462715e-01
2.168553963342132462e-01,1.563893095313021175e-01
1.008484132424926072e+00,8.401799935863971669e-01
1.088418124121107056e+00,2.221494046128635602e-01
7.989702317865422510e-01,-1.223293312894068396e+00
2.877790996031189263e-01,-2.495703467384795093e+00
-6.894292762769571592e-02,-2.899199127705272883e+00
-2.810403690206387806e-01,-2.348838794397780205e+00
-3.289737332939225989e-01,-1.161969764259864091e+00
1.013639895940760677e-02,1.028907115612418856e-03
2.632651174032601404e-01,2.749948788417003187e-01
2.632651174032601404e-01,2.749948788417003187e-01
-1.151205506367740522e-01,-1.141857051316805399e-01
-3.661478278233764594e-01,-2.348573928206001693e-01
-4.064675412755823225e-01,-2.621360989167964561e-02
-2.222677011162847438e-01,4.464407571016139054e-01
-2.565027929306308851e-01,1.581127762232520384e-01
-2.575609031236406055e-01,1.745922356629479033e-01
2.948788294974248256e-02,2.888050322095666589e-01
6.593833610305986914e-01,-4.897263350400687942e-01
1.309951400624064899e+00,-1.166699435161174803e+00
1.287085582401005679e+00,-1.090839881162310121e+00
5.417062953828285510e-01,-2.405181932626283547e-01
-1.853145808342619716e-01,6.144683413317275633e-01
-3.868268837991470921e-01,1.850422386213977921e+00
-1.206297624469647500e+00,4.505807249731879516e+00
-2.256330506826040860e+00,6.413136737840637203e+00
-2.548091712005585041e+00,6.107616339958240381e+00
-1.841537824651700239e+00,4.020412147018439519e+00
-7.856079253191317058e-01,1.766293629047539504e+00
-1.853145808342619716e-01,6.144683413317275633e-01
-2.095968444403532305e-01,2.185948685556562132e-01
-2.189067886052200873e-01,-3.748237453065462188e-01
-1.832468823929418733e-01,-5.046770706934846640e-01
-2.053248666709749648e-01,-2.859277718928430190e-01
9.080511933255698553e-02,1.110497148609680546e-01
9.464369301623437591e-01,2.565877470880184585e-01
6.936403029838267287e-01,-2.376018217864178661e-01
-4.239178816096187963e-01,-6.211431512588994064e-01
-1.658608495444751918e-01,-5.474849688461645991e-01
4.485429376310961502e-01,-5.218374386326808390e-01
3.758200546999934666e-01,-8.127946851238957438e-01
7.840106773155883224e-02,-4.769298960749927541e-01
1.152730379055466187e-01,3.459430977459151402e-01
1.366012845181873159e-01,-1.269155411164839264e-01
-6.735658033800212552e-02,-6.894555252443602678e-01
-1.605556910643295976e-01,-3.602072267995470173e-02
2.397807011776301178e-02,5.436163177374906397e-01
4.284828673632996576e-01,7.519284563212111916e-01
6.271863047075229014e-01,5.571005577135780262e-01
5.146603729256186144e-01,3.882640524993338782e-01
5.571885340011462073e-02,1.406777306335226518e-01
-1.441928441101582026e-01,-2.130095106224829671e-01
-1.722811843846430713e-01,-4.349046986785276570e-01
-1.722811843846430713e-01,-4.349046986785276570e-01
7.468212201528522109e-02,-1.979686864939855795e-01
2.790196451881985507e-01,1.937380075850340388e-01
2.099499145316802429e-01,-4.286968052895469283e-02
6.288285848996271951e-03,-7.592683648779497974e-01
-2.869057887308776866e-01,-1.333782184399089799e+00
-5.148570894628196060e-01,-1.430577748972467589e+00
-4.951507555403225069e-01,-1.181077443652336356e+00
-1.289861479935181521e-01,-4.997487571988903921e-01
6.304911108305713552e-02,-1.786259351787917171e-01
1.682099450598881912e-02,-4.206869014695177045e-01
1.682099450598881912e-02,-4.206869014695177045e-01
4.675770412761983685e-01,-5.712132726562505480e-01
1.206309899451491363e+00,-6.369215285477197730e-01
1.396515881254911884e+00,-4.323671009460517412e-01
6.227926186437557909e-01,-4.856031997259499522e-02
-5.486944360488472672e-01,-1.125247449538589184e-01
-1.248980737340286584e+00,-5.270993744823060378e-01
-1.300024145573338119e+00,-7.303345983531336350e-01
-6.484592472070329627e-01,-6.306749675335608929e-01
2.985359830575277928e-02,1.268336390495418686e-01
3.332016897027433727e-02,-1.405033524674238199e-01
-1.182884194530604699e-01,-1.906093741671197384e+00
-3.143377430624085256e-01,-2.318420420860496378e+00
-5.065283874248374119e-01,-1.296761185700619157e+00
-3.279396756346817932e-01,-7.195665750900339663e-01
5.208975337415164275e-02,-7.532503912593235817e-01
2.342129858845512225e-01,-2.215802660200343610e-01
7.124293851066575145e-02,5.534365443316365818e-01
-4.972981861771466616e-01,8.354963727631766757e-01
-1.051222916568208765e+00,9.710533072402866006e-01
-3.329934288964069844e-01,4.557531917056790172e-01
1.789186643932584531e+00,-7.926879463222368249e-01
3.446008458223650095e+00,-1.848013486595167620e+00
3.005279339739112654e+00,-1.929985429930443974e+00
1.295393548966449204e+00,-1.170470603857671765e+00
-9.229072148701059075e-02,-3.241402644837866331e-01
2.417486498473411100e-02,-4.476925133072584551e-01
3.791623626923327356e-02,-8.493605670140906838e-01
-5.368440162018457001e-02,-9.281356979910595495e-01
1.445969223912282053e-01,-5.835117881302031018e-01
4.170160017860108370e-01,-2.040345123148260553e-01
5.115903847702779617e-01,-4.036670066107777566e-01
5.749753677544700015e-01,-7.765696013325996683e-01
2.901112485541384456e-01,-8.977137870955164134e-01
-1.316517882649051452e-01,-7.574387185702090575e-01
9.690566851185220681e-03,4.769264464924618391e-02
2.045807565388567673e-01,7.177178642344383963e-01
-1.827519183163502092e-01,2.626365543747675724e-01
-4.981188962463494740e-01,-4.147916592970216643e-01
-5.098453486100563703e-01,-1.316872302020038799e+00
-2.104177402264648111e-01,-1.195373005678507683e+00
-2.484038113437872508e-01,-3.003032876484176272e-01
-2.909744428438211256e-03,3.213952381424478033e-01
4.064153112414979896e-01,3.123669391463477218e-01
4.678847455914683651e-01,1.256586859006398327e-01
3.786475473808166847e-01,-2.496390358581189739e-01
6.956130123739315274e-02,-1.861590300896569239e-01
2.989338088179803454e-02,-6.564505073997942142e-02
2.496078507859775808e-01,-2.804899332899776776e-01
6.956130123739315274e-02,-1.861590300896569239e-01
-1.377740958606846755e-01,2.575667463542066771e-01
-3.807915833260000493e-01,-5.052305939580600813e-02
-3.020142875188195908e-01,-7.310235314318952460e-01
-1.534396388018275659e-01,-1.004398107922064742e+00
-2.150622417399434827e-01,-1.149114790785980889e+00
-1.000205713543713681e-01,-9.842046748318145077e-01
2.399296482603230918e-01,-2.472186872864093610e-01
1.975322656683387246e+00,3.351460347789312344e+00
4.305706773904093509e+00,8.330466563477781250e+00
5.755986973120232442e+00,1.150170038318001531e+01
5.755986973120232442e+00,1.150170038318001531e+01
4.870137230417218355e+00,9.972163610514366283e+00
3.313396938696558269e+00,7.078696348084838164e+00
1.663599363781107510e+00,3.610540935662961193e+00
5.866699455430783861e-01,1.257726111417020176e+00
-2.206695195899281425e-01,4.215484048470838907e-01
-3.472408333326759688e-01,6.767142050569406875e-01
-1.830821929309691121e-01,4.772073813926563934e-01
6.199448841270641802e-02,-2.874269285219632417e-02
-1.734227357846310769e-01,-9.518920180373963147e-01
-4.802246728342872140e-01,-1.683595145059461062e+00
-5.813920962626053512e-01,-1.392330233920172189e+00
-5.098453486100563703e-01,-1.316872302020038799e+00
-4.802246728342874915e-01,-1.683595145059461062e+00
-5.700395502773681899e-01,-1.244380047789487742e+00
-6.162625688057459250e-01,-2.885507937677178059e-01
-6.571859029556401666e-01,3.263944663866980012e-01
-1.056963981298690403e+00,5.315606050613984612e-01
-1.533758582036278018e+00,4.654595276936083215e-01
-1.437400545077448744e+00,1.857322033396592020e-01
-7.660887697164528998e-01,4.997804901787577386e-02
6.101872941438777481e-02,2.178217910539759772e-01
2.819473401297351023e-01,3.035394227919671062e-01
-1.876868644115282647e-01,2.153757204334116326e-01
-1.026844860769752676e+00,1.679826440959527600e-01
-1.388878459272185228e+00,7.659397536413951532e-03
-8.135119044836444102e-01,-2.395896272844318664e-01
9.721116440327620678e-01,-5.875480036939553230e-01
1.600072267133029635e+00,-9.789099559504730319e-01
1.600072267133029635e+00,-9.789099559504730319e-01
2.473220262349035359e+00,4.818756320968545226e-01
3.840656163187210925e+00,2.344294253316070886e+00
4.992371842579021113e+00,3.433106298503994847e+00
5.517590575200878256e+00,3.233473737017928507e+00
5.324657672999546065e+00,2.346970859765164619e+00
4.206841457365941395e+00,1.537501471340493087e+00
2.217107194798808578e+00,1.050105429617983699e+00
6.700396037316258546e-01,5.951697914481706153e-01
-1.522359793422188856e-01,-2.001166087381341663e-01
-9.992584900913639157e-01,-1.180297801808094071e+00
-1.652657461360174995e+00,-2.238258713521335430e+00
-1.665692229635915345e+00,-2.666192455808082062e+00
-1.095357354135270134e+00,-2.084772756000161653e+00
-4.586875862794277392e-01,-1.034777787879369582e+00
-4.776091084476010162e-01,3.243934978021285054e-01
-6.610550633471082849e-01,2.314466819377663520e-01
-6.268450944116438217e-01,-2.402796015652402806e-01
-4.924842881114601667e-01,-5.543760567837114905e-01
-2.368792568845360103e-01,-4.553757864715664017e-01
-1.812080357353527960e-01,-2.532079939605628716e-01
-3.569557162474681911e-01,-2.327616582029807535e-01
-4.467350434461135888e-01,-4.056404021099296875e-01
-4.981057683285048943e-01,-4.336087151331879386e-01
-4.813621206441576206e-01,-5.220785249438142372e-01
-2.740709075391657978e-01,-8.748786149175346027e-01
-1.806351411968723786e-01,-7.924016923370398313e-01
-5.818627697541687432e-02,-2.207355810375619676e-01
2.836604243148435067e-01,-1.361601835963337226e-01
4.170160017860108370e-01,-2.040345123148260553e-01
3.142925915386970970e-01,1.291750580520849012e-01
-6.346179649477948215e-02,6.821428803172108202e-01
-5.841540891567013061e-01,9.742217236490168242e-01
-6.751200876636495041e-01,6.550919750777429718e-01
-2.967001794748779786e-01,-2.189687549390270938e-01
-2.787204044106004752e-01,-3.831809982027881145e-01
-3.051448220370725495e-01,-4.701519723612031521e-01
-4.318128153275536119e-01,-4.025997399996542603e-01
-2.787204044106004752e-01,-3.831809982027881145e-01
-6.357270625165722944e-02,-3.513094625047203934e-01
7.468212201528522109e-02,-1.979686864939855795e-01
3.125641345122018855e-01,1.893013539230279929e-01
4.634257488271787961e-01,3.512654450053145916e-01
6.398287933684798645e-01,3.773525038651651120e-01
5.379095521117579493e-01,3.479019754564564859e-02
4.170160017860108370e-01,-2.040345123148260553e-01
5.280728163848726897e-01,1.693325545499783924e-01
7.371553101332742886e-01,-3.160166469494786745e-01
7.477246092772981134e-01,-1.174236819023723344e+00
3.030324558051624706e-01,-1.314633900362262686e+00
-4.547946536386168748e-02,-9.895032407719885903e-01
1.377107350046213874e-01,-6.254514409669592601e-01
4.170160017860108370e-01,-2.040345123148260553e-01
4.109506755387593024e-01,1.170385228406971706e-01
4.114995041769403672e-01,6.792903383532711281e-01
4.078394371240700589e-01,6.555612683232413529e-01
3.597326779643203465e-01,1.769940626646887838e-01
1.965977996184734289e-01,-1.330899980047941522e-01
2.232553486368858142e-01,-2.990840965553472341e-01
4.091204448842115649e-01,-3.091630362626142103e-01
-2.861897887162819787e-01,-1.034886736031597865e+00
-1.167632639410522088e+00,-1.964719267988066065e+00
-1.622287904237180944e+00,-2.478283121480116868e+00
-1.197994494033636448e+00,-1.787888685541849654e+00
-2.479264090079669747e-01,-4.550036374615267776e-01
3.597326779643203465e-01,1.769940626646887838e-01
4.122121845539999940e-01,-3.512147729587597467e-02
4.091204448842115649e-01,-3.091630362626142103e-01
9.936650435267472270e-01,-1.340378485189350322e+00
1.926961323431473527e+00,-2.381467188918295896e+00
2.530258398120957875e+00,-2.437249249613211877e+00
2.387807832788716667e+00,-1.148640258440494888e+00
1.767899917021671818e+00,4.092529138180275861e-01
6.674297056188719379e-01,1.700517143594689973e+00
-3.789703388728944411e-01,2.052598342556600564e+00
-6.531223945883868343e-01,1.543095742687992100e+00
-8.207876452259126043e-02,7.512300045939960258e-01
3.913608645862827751e-01,4.850784696846628663e-02
4.091204448842115649e-01,-3.091630362626142103e-01
3.912735762799891548e-01,-1.749084991436218872e-01
4.799186262487984966e-01,1.968844345079031610e-01
6.398287933684798645e-01,3.773525038651651120e-01
8.079421987681448813e-01,5.009287330933892557e-01
8.263504541784787438e-01,1.115786588690297121e+00
5.160831707226791742e-01,1.428317606394669648e+00
8.796401514830431978e-02,8.934431087184676601e-01
-1.901219389572959551e-01,-1.309550519727769591e-01
-7.156221526571376890e-01,-9.222863223675543676e-01
-1.213825033972757650e+00,-1.273439686307867191e+00
-1.047799914310927338e+00,-1.246402140889994792e+00
-2.582455328737419120e-01,-4.431521457750020043e-01
-1.389092569995678539e-01,-1.208355762716331050e-01
-1.658608495444751918e-01,-5.474849688461645991e-01
3.137932520254843594e-02,-5.367467534971268051e-02
-2.072122401689000526e-01,2.458939041493563016e-01
-1.437140413505848258e-01,1.626467211122916701e-01
3.334909882550690097e-01,-1.540589830678359418e-01
5.442313088780031949e-01,-3.984033672842236529e-01
3.961880072121404250e-01,-6.213456094219723669e-01
5.082973882981513258e-02,-5.916278310818537944e-01
2.131973213065486705e-01,1.655189042905872918e-02
7.805459428344130313e-01,8.056489401761407487e-01
1.333987600660432760e+00,1.508345739663995211e+00
1.429453562561766811e+00,1.462867028039249062e+00
7.331691539221569798e-01,4.158267125729909197e-01
3.567230729702033365e-01,-5.432868491870117555e-01
4.177586171142440019e-01,-4.860715821975886697e-01
1.055174084526341538e+00,-9.639830039605690182e-01
1.282498069263647622e+00,-1.083177459082591332e+00
6.209821060005178417e-01,-7.504932893783740067e-01
1.542098488369094411e-01,-2.743726360596675240e-02
2.416701770840709307e-01,2.324645012232681995e-01
5.387998302565256015e-04,2.444510011503730259e-03
1.495861077704891684e-01,3.455264152922212645e-02
7.468212201528522109e-02,-1.979686864939855795e-01
-6.289528766357299627e-01,-6.127786299354032185e-01
-1.228567103939048444e+00,-5.236777836305230860e-01
-9.504245058333578022e-01,-3.201482424426880802e-01
-2.787204044106004752e-01,-3.831809982027881145e-01
-4.887583048585373430e-02,-4.141984278749502035e-01
-1.304243486322988754e-01,-5.055543577074533834e-01
-1.189104381089229223e+00,-1.064729949237474216e+00
-1.344583842716055022e+00,-1.451565093645487803e+00
-3.476819486213457711e-01,-5.873888167670830995e-01
7.994128104489087172e-02,7.539980454940599097e-01
7.994128104489087172e-02,7.539980454940599097e-01
-7.662928878248897492e-03,4.504337977012897176e-01
1.160330675440713472e-01,6.262799594261496683e-01
2.970989880096593372e-01,1.077811780198192793e+00
3.793289518679851535e-01,1.388829651567667245e+00
4.568076458696422315e-01,1.233625787032889276e+00
3.440920852580167666e-01,1.051940861114702086e+00
-2.413321039756073094e-01,6.010530781407992240e-01
-3.443684184585698582e-01,-1.262756852432202481e-01
1.648142083574892893e-03,-8.142931186269529720e-01
-4.287963364682955553e-02,-1.006638730372713564e+00
-2.254292809510126949e-01,-4.393192467858441641e-01
-2.038568673651585950e-01,-2.213085086489813280e-01
-4.699838983136235548e-02,9.417345531723094951e-03
4.481907019152730487e-01,1.017209216070868116e+00
1.477121176195544949e+00,1.857721806506401174e+00
2.758548192324881576e+00,1.681109570260187258e+00
3.324439241158122282e+00,7.678106042060665049e-01
2.637280670522911485e+00,2.202746414044078338e-01
1.053599133274762067e+00,2.222136189797508377e-01
-3.209038945105394114e-01,2.500480149669077612e-01
-6.832061338869216405e-01,2.308931302802652019e-01
-6.675787499501676381e-01,3.155863282917233947e-01
-3.255637303460657273e-01,3.406397975729918981e-01
-1.171767185802783696e-02,2.673193801281757431e-01
1.249279905380941968e-01,5.783850184621474044e-01
4.555329383572018220e-01,5.547371167963147665e-01
4.912582436793144214e-01,1.728153159289037011e-01
2.073999475720277874e-01,-2.019209032319625730e-01
7.923207489756300959e-02,-2.372076701911556562e-01
2.480417047391714480e-01,8.342373332470123803e-02
2.858528412685832354e-01,2.402006779209756582e-01
9.752205915580892948e-02,-1.133770941301921881e-01
-2.010051145362405367e-01,-3.766858116067087203e-01
-3.101897325401393735e-01,-2.871278567557241090e-01
-2.672027811889143845e-01,-2.946551962760030063e-01
-2.397382063204968883e-01,-3.773795729782657427e-01
-5.519320266461377189e-01,-2.366695851966144071e-02
-1.051384589779731149e+00,3.511402309651031617e-01
-1.266336794757936257e+00,1.779059305271361580e-01
-1.076304378786552052e+00,-1.133987539448221976e-01
-6.806974216003266465e-01,-2.651144767342406006e-01
-3.896592058780442569e-01,-2.253598411529133538e-01
-7.144947983703763272e-01,-1.247435969084089019e-01
-1.169551734901465023e+00,1.221085792239052364e-01
-1.139876274366063535e+00,6.133689130472852469e-01
-9.507012903549236782e-01,6.547986667691426677e-01
-6.345039620885847276e-01,1.253121605604321509e+00
-6.687103550521930617e-02,2.280930930110768973e+00
2.989539577677360338e-01,1.916480097741504629e+00
2.630539118353557027e-01,8.786245825835836687e-01
3.560722634164703582e-01,8.316397476355007479e-01
5.314800625411714163e-01,3.264681241806044465e-01
4.797192430780011785e-01,2.018275864439523504e-01
2.393558413957237452e-01,1.215088641048471252e-01
1.872540792488706918e-01,1.273403589346392972e-01
-8.583153990352240803e-02,2.718938577676404678e-01
-8.258888673623068777e-02,4.773151658472950531e-01
2.772756338758231714e-02,1.618835121423329582e-01
-1.690664932237153917e-01,-2.708066423706128600e-01
-1.633341223676385290e-01,1.312644023669092830e-01
2.490807167388443266e-01,5.114354493997659290e-01
3.082198336421567153e-01,2.668770798412581913e-01
3.082198336421567153e-01,2.668770798412581913e-01
5.028471855064864382e-01,2.223001844743365263e-01
3.452175320309738837e-01,-2.577593593344801315e-02
-4.369364213890541970e-02,-5.839588953966368817e-02
1.860085854596767868e-02,-5.943343736772486174e-01
4.062439802026090452e-01,-1.295168782977253574e+00
5.260549110937526862e-01,-1.326750647727570120e+00
4.311189620694586555e-01,-8.451403428694085340e-01
8.701542349317432645e-01,-4.227696777405294815e-01
1.084924347493225749e+00,1.628250475341573855e-01
1.038116294970176989e+00,4.905374481284399124e-01
1.195072878486127310e+00,1.093620958571667190e-02
2.851194213422166834e-01,-9.300757115848969914e-01
-5.613039086685331913e-01,-2.059045078513829896e+00
-2.822690092061321265e-01,-2.262605374401963410e+00
9.340309273376973254e-02,-1.347809426513986164e+00
4.404607390251161769e-01,-3.824165705672682436e-01
1.229902022386935467e+00,-2.983057249404784741e-02
2.268109103148788552e+00,5.018596181886365581e-01
2.594001556784396811e+00,1.083984763085211522e+00
1.934686544836158761e+00,1.256290778267542319e+00
6.571930317168727109e-01,1.609257206087766900e-01
-3.077333929886650332e-01,-1.209084988952950468e+00
-5.475400314938067003e-01,-1.380043779438680840e+00
-3.669940940733712464e-01,-9.337595073578258686e-01
1.506892029278531775e-01,-4.982740522878829625e-01
7.660512083908346814e-02,2.518604698217377993e-02
-2.656207128603044199e-01,6.299640643781551086e-01
-3.440265134508282419e-01,8.476998097901042861e-01
6.877574545351714530e-01,4.648417765937373769e-01
3.642117397106510168e+00,-1.138298193216970677e+00
7.109885054323023645e+00,-3.883647074689909662e+00
9.396609535780521938e+00,-6.861348467545478336e+00
9.831403812556835931e+00,-8.525875217871133671e+00
8.555400983818104876e+00,-7.887212498544630357e+00
5.925189025680461796e+00,-5.186608604756139940e+00
2.919584795021266554e+00,-2.036709729122389678e+00
1.065118622361504119e+00,-2.172938350180244338e-01
7.234566082824874789e-01,-3.032640933431848262e-01
1.023255913913245774e+00,-2.095228609708071343e-01
1.550885011103445343e+00,5.128852107444918929e-01
1.283726711186346403e+00,6.717035456861681908e-01
1.107745661436300377e+00,7.543031828792827465e-02
7.627463688121457475e-01,-3.067837643268312431e-01
1.837907813115557398e-01,-3.312175241590664121e-01
1.187161453825916202e-01,-1.734568284739571586e-01
4.110432460963901469e-01,2.080041318303483266e-01
5.516668546058438594e-01,4.402245613983313266e-01
3.935825583074773482e-01,3.274168073105658272e-01
6.163802337995530345e-02,-3.928068821108744724e-02
8.161912593415318606e-02,-7.531457178392315932e-02
8.798506484127699076e-03,3.817613792681738283e-01
-3.433326157662405786e-01,6.897656528283184763e-01
-5.931158113211004723e-01,5.144655053874537254e-01
-1.012467680947736204e+00,-8.518321318018333421e-02
-7.173084516131884580e-01,-3.549613851421282718e-01
-6.840163078528346818e-02,-1.557664922467411062e-01
1.140381843366540665e-01,9.256226561298323136e-03
5.784388984637536257e-01,5.071705708217194575e-01
1.045063361407913227e+00,9.311562157340225188e-01
7.971968823566942808e-01,6.701414318156968530e-01
5.410460044766092214e-01,4.735389850810087786e-01
2.199465775868785222e-01,9.922140784037756234e-01
2.014448990728255895e-01,8.874487603952404546e-01
8.610763415963827994e-01,5.369496173237419540e-02
9.837447566580356240e-01,-2.698339557295098556e-01
5.747545167544488853e-01,-7.020039161651962789e-02
-2.943288024062534758e-02,-1.495803517253472270e-01
-2.332464955877675550e-01,-3.163415015589140511e-01
2.544870619247115509e-02,-6.753692677952247148e-02
2.695584043404319202e-02,1.040308596499188054e+00
-2.876055764912854307e-01,2.040994123474602517e+00
-3.497524463054003663e-01,1.934196953142985009e+00
-2.139488315814036257e-01,1.052531043596405036e+00
1.162259207260003119e-01,4.287626358431074758e-01
2.858528412685832354e-01,2.402006779209756582e-01
6.516484349808068788e-02,3.340161213167597842e-01
1.162259207260003119e-01,4.287626358431074758e-01
2.858528412685832354e-01,2.402006779209756582e-01
3.534684447994194956e-02,2.629530525793380424e-01
-2.004267889864138619e-01,5.768034286392069721e-01
-2.004267889864138619e-01,5.768034286392069721e-01
-1.169793453793699367e-01,9.045530675323222233e-03
-1.215093216372332280e-01,-3.568882139019156630e-01
-2.059453829766518251e-01,-2.323761794346399789e-01
-3.865987209037287098e-01,3.949768788371562089e-01
-4.409142409309728672e-01,1.080996769346836750e+00
-3.561536805698230501e-01,1.493478090776413580e+00
-5.924924794029697850e-01,1.720045541296386649e+00
-1.162826122361330095e+00,1.432134587927692548e+00
-1.456301958074353475e+00,3.310506111536807294e-01
-1.218387358083637073e+00,-1.004633364839782189e-01
-6.954284540676700654e-01,4.151256944162914353e-01
-2.759319945356409343e-01,6.598745633180567172e-01
-2.852355740397323203e-01,3.151206429334262871e-01
-3.135807845909857061e-01,-6.675873668810675121e-02
-3.105429521522652947e-01,2.543266563530575675e-01
1.450753086328394059e-01,1.019484106744781432e-01
1.683438669187761194e-01,-1.705506913674417646e+00
5.009230174449715023e-02,-3.858115276445374775e+00
6.392326055363420911e-01,-5.508623483221374073e+00
1.326533844538897444e+00,-6.541245462467517591e+00
1.575099325220856272e+00,-6.515039817767076080e+00
1.164967381619052000e+00,-5.383344343401201826e+00
4.010741067682028760e-01,-3.350208735509002889e+00
-2.033679898586383261e-01,-1.291170845801346445e+00
-2.629236474216935515e-01,2.300765448783552714e-01
-1.744429195069824579e-01,1.850292179047068886e-01
-2.283585497618711435e-01,-1.307600627838099161e-01
-2.227085333142221346e-01,-5.686600476397953713e-02
-2.900746984513748461e-01,7.925864642066048349e-01
-3.561536805698230501e-01,1.493478090776413580e+00
-2.763750158563419435e-01,1.377800734923119386e+00
-2.877337278014186484e-01,6.151264010511205971e-01
2.719719869838468918e-02,-1.017307007022600351e-01
1.106663490715393688e-01,-4.235153133307242163e-02
-4.070051839107292624e-01,6.279284811283078471e-02
-3.336924684881035219e-01,2.218925166439859598e-01
-9.211292998747540317e-02,4.693942113309803044e-01
-2.582259030863273686e-01,9.079453640535358749e-01
-7.780925921710749593e-01,1.084583285275728670e+00
-1.301817656544016044e+00,9.705697225857938815e-01
-1.218775708537835900e+00,9.255319969958190063e-01
-1.051222916568208765e+00,9.710533072402866006e-01
-1.688050228512915751e+00,1.000126345896716451e+00
-2.425631810740500605e+00,1.100711723579652412e+00
-2.425747675517675450e+00,1.351542172172308431e+00
-1.566593337536854813e+00,1.462104734359333191e+00
-3.904587757560831207e-01,1.179952936777519223e+00
2.479606650468590412e-01,8.555931369651187390e-01
2.045807565388567673e-01,7.177178642344383963e-01
1.637552212922160633e-01,8.592090862613265267e-01
2.304156053218561484e-01,9.307498186061816670e-01
2.045807565388567673e-01,7.177178642344383963e-01
1.637552212922160633e-01,8.592090862613265267e-01
3.949208552344002365e-02,1.142952536768855332e+00
6.697521632269150260e-02,7.163529694984945850e-01
4.531566153141318720e-01,-4.431307356029307726e-02
4.895609237599802821e-01,-2.353739218378620990e-01
1.735015913025966805e-01,-3.314913854380522329e-01
-1.833610028710159490e-01,-2.131879275496905979e-01
1.414396346989557629e-01,2.192404891917921761e-01
3.775615577402414158e-01,6.979607777798703117e-01
2.479606650468590412e-01,8.555931369651187390e-01
2.045807565388567673e-01,7.177178642344383963e-01
1.337679870122209513e-01,3.275839674656353395e-01
2.244600999180793033e-01,-1.174541897990310779e-01
4.404607390251161769e-01,-3.824165705672682436e-01
3.206786512557379121e-01,1.568653459750847246e-01
-1.457712558697991101e-01,1.773119482407520819e-01
-6.140745958386989445e-02,-2.987173525611990232e-01
4.404607390251161769e-01,-3.824165705672682436e-01
4.604608489000915905e-01,-3.398282148129677105e-01
3.379612239772455951e-01,-4.140949930104474430e-01
8.509826103283038568e-02,-4.167045484110711850e-01
-1.833610028710159490e-01,-2.131879275496905979e-01
-7.825246733424171541e-01,4.282030449304720654e-01
-1.284071905504777122e+00,9.216362110157285681e-01
-1.200040126455380607e+00,1.000794354877278192e+00
-9.632756598314825558e-01,6.258512786232699465e-01
-9.906502405629016295e-01,3.184801812041113678e-01
-1.084310646924449228e+00,2.332285474335019926e-01
-1.084310646924449228e+00,2.332285474335019926e-01
-1.084310646924449228e+00,2.332285474335019926e-01
-1.048271787049586345e+00,5.580662241497685860e-01
-5.116004549672124035e-01,1.021204546908293542e+00
3.142926126443000567e-02,1.141551886565415064e+00
2.775832765331525676e-01,7.839251283426889039e-01
3.903866769115644231e-01,5.861564060736700332e-01
3.043869683770206724e-01,9.454447884554021408e-01
2.775832765331525676e-01,7.839251283426889039e-01
3.903866769115644231e-01,5.861564060736700332e-01
3.317678556481715169e-01,9.398455117963325778e-01
5.890217206305604913e-02,9.880267310818539039e-01
4.107194659162453632e-01,8.616905294879292354e-01
3.665670492929677393e-01,6.749477556580418813e-01
-3.642784252433797776e-01,1.640493413996048366e-01
-3.040947643166034275e-01,-2.359460226250403581e-01
6.646489433431692628e-01,2.125108222795308449e-02
1.430655102824321734e+00,-1.352472642100209788e-01
2.309403183140175564e+00,-1.479766916727024914e-02
2.770740506669239878e+00,7.798831301593376342e-01
1.976396439736373356e+00,7.005114512914205616e-01
5.388243292753808200e-01,6.630739765696581633e-01
-1.294645672797782310e-01,1.231816560234949565e+00
-1.484779360508338975e-01,1.360413745083519199e+00
-1.690475827928572261e-01,1.134254130693226337e+00
-2.377806030089766320e-01,7.767895250084962955e-01
-2.075030094281974102e-01,5.005464132889726470e-01
1.224867025987135122e-01,4.635206613312602975e-01
3.903866769115644231e-01,5.861564060736700332e-01
3.809060953685735051e-01,5.603475199743721546e-01
6.172333973659985262e-02,1.383271472080262743e-01
-2.871646472577706333e-01,3.141549591271501907e-01
-4.129850733395140083e-01,1.973229599863226547e+00
-2.967488220490883677e-01,2.152378332316979392e+00
-1.058371623367657527e-01,6.161688772331045394e-01
-9.371845685287383265e-02,-2.799961732528262748e-01
8.513996943830635933e-02,-4.377614393756202316e-01
7.084216317099478744e-02,-1.901753074669036425e-01
-1.481136249318424636e-01,-2.342572707100029281e-02
-1.441928441101582026e-01,-2.130095106224829671e-01
-6.436963030701441102e-02,1.018658603753083876e-02
3.569400338441347520e-01,3.973693017779567072e-01
1.445851179772277950e+00,-4.596248631578588734e-02
2.020909913617534137e+00,-1.012387798305493858e+00
1.384832604669262501e+00,-1.518176041275422827e+00
3.921742473503389004e-01,-1.005420639413807660e+00
-1.856609814126780889e-01,-5.202851320158277115e-01
-1.856609814126780889e-01,-5.202851320158277115e-01
-1.376653281605950407e-01,-1.794190043890746614e-02
1.475352219948047189e-02,4.891074936777249915e-01
2.537276314642246677e-01,6.845578390840627581e-01
1.812087131792874672e-01,6.879232068660349197e-01
7.741053129020812607e-02,8.913285290707539943e-01
5.441582896219381293e-01,1.272908323756097859e+00
1.000078872775305161e+00,1.519743417393505602e+00
1.011518230175552091e+00,1.576446266474678115e+00
5.572571925760424483e-01,1.337837243392761888e+00
3.142926126443000567e-02,1.141551886565415064e+00
3.142926126443000567e-02,1.141551886565415064e+00
1.569318723115551706e-01,9.037231286362285010e-01
1.569318723115551706e-01,9.037231286362285010e-01
-1.704202568431337564e-02,1.002201067383979849e+00
-5.092503789855307161e-01,5.975491184021414215e-01
-6.460215373698507957e-01,2.928507408633141962e-01
-3.433493401354458796e-01,5.361646983131739264e-01
-9.310274358426018360e-03,4.906371111036015309e-01
1.080961875194437205e-01,3.788526216553595449e-01
-8.711258869486172840e-02,6.213364784062080926e-01
-2.325508306321997509e-01,6.530990051313528832e-01
1.389002409632586650e-02,4.055526240918378988e-01
4.531566153141318720e-01,-4.431307356029307726e-02
2.520316615419159190e-01,-6.740656370929265506e-01
-7.834883425099861687e-02,-7.241620962935664263e-01
-4.951038477079369032e-02,-2.286316493232669333e-02
-2.429014647549749759e-02,4.679041617125219155e-01
1.250594155175119848e-01,7.053232646689626684e-01
2.045807565388567673e-01,7.177178642344383963e-01
1.028273501442843185e-01,1.735889458327947443e-01
1.754668789955735053e-01,2.567385608043315504e-01
2.045807565388567673e-01,7.177178642344383963e-01
4.495517078596569793e-02,4.786970880919927951e-01
-5.457654239569301180e-02,2.853387055678268669e-01
-5.948700605533653596e-02,2.125751747328691044e-01
-5.948700605533653596e-02,2.125751747328691044e-01
-9.114966788021892918e-02,6.170773649597489641e-01
-4.895067365112740210e-01,9.530023564230551969e-01
-9.507012903549236782e-01,6.547986667691426677e-01
-5.462849736720536420e-01,3.041824588496646609e-01
9.133395309391618977e-02,3.556173251566273619e-01
2.352928994881677283e-01,8.313202533346321088e-01
-5.200357264158915471e-02,1.005791020788563195e+00
-3.185380022047025195e-01,4.384645132665529466e-01
-2.529439654715004426e-01,-1.060709333239402558e-01
-1.856609814126780889e-01,-5.202851320158277115e-01
6.626666866803413436e-01,-7.574661155275462798e-01
1.666762189358558244e+00,-9.290238251645805967e-01
1.439653805090814309e+00,-9.663202729622535347e-01
2.786305940656177982e-01,-5.756852746702325607e-01
-1.179153975424894973e+00,9.886974955894956008e-01
-1.992572937491428720e+00,2.281928429518801593e+00
