3.368562434800622674e-01,1.393841515401402331e+00
8.653552092323943956e-01,1.919516422925947152e+00
8.572166558142575443e-01,1.645248971040950803e+00
6.509059552230018753e-01,1.404278821387727971e+00
1.191475430971306870e-01,6.279741708516296539e-01
-2.013795787054192266e-01,1.915423406939842921e-01
-4.235821023826609744e-01,-2.462973272500157684e-01
-5.667630494519713125e-01,-8.144390482014568500e-01
-5.320938648031441343e-01,-1.197984189903846142e+00
-5.126919012350209526e-01,-1.563825369976537427e+00
-9.285512829070192709e-01,-1.524783077786562968e+00
-1.237773524630548128e+00,-1.313499748278441626e+00
-1.490646976038283666e+00,-8.217406953682612203e-01
-1.122415520879238349e+00,-1.081628164010735471e+00
-1.266097005393000297e+00,-1.043497180419764359e+00
-9.724757309143722273e-01,-8.608216126910156474e-01
-7.931577781336155430e-01,8.543098978131567767e-02
-1.270968555783014986e-01,8.941572848727178391e-01
2.116885896676639622e-01,1.207962602387009809e+00
6.399972865854691717e-01,1.279065588307282120e+00
1.065754348353301850e+00,1.000082137606871591e+00
1.792888570224568934e+00,1.212676979919312226e+00
3.915494136079109566e+00,7.513600176796052521e-01
6.827507127272763654e+00,2.998452769060034884e-01
9.930396881577214785e+00,-3.557676820143951812e-01
1.251346774250243321e+01,-4.528295733418741253e-01
1.429073116128232357e+01,-9.643327220411225531e-02
1.511620096297077964e+01,7.009010049620483240e-01
1.516389844826226962e+01,1.782905476518267696e+00
1.450528279459766345e+01,3.020767137774069244e+00
1.311590600701395637e+01,4.233696377747057760e+00
1.111986127981245431e+01,5.240883359611763659e+00
8.381820193972814081e+00,5.593748480974173987e+00
5.944346109550124879e+00,5.542348053235190974e+00
3.641348125762760013e+00,4.555673444183259591e+00
2.920575637319977602e+00,3.981798042985880137e+00
2.398215373665455452e+00,2.791696164139434000e+00
3.488419287652554157e+00,3.676059511566551308e+00
3.345938010584214695e+00,3.723468632503489140e+00
3.009896758276874085e+00,4.045892769922168952e+00
1.296460723092642597e+00,2.785515197391025488e+00
2.542322400553002210e-02,1.438888255060491783e+00
-7.014940326804516291e-01,5.914694013370753733e-01
-8.264012923194312688e-01,-2.037408144321872783e-01
-4.155920855387239543e-01,-2.716127346806879173e-01
-1.383141752218841336e-01,-5.364810175710245099e-01
-4.529231532002738619e-02,-4.980980412654825717e-01
-5.203093770753258046e-02,-4.867415994213103447e-01
-4.310674625956095350e-04,-5.050574862685236477e-01
-5.429934203292062847e-03,-5.896860027791853698e-01
-9.922850490583660921e-02,-7.252914718969616370e-01
-2.069023897357427366e-01,-7.724736163559534630e-01
-8.092663038233595119e-01,-8.376195753243830255e-01
-9.870697572059775604e-01,-1.058858395831226540e+00
-9.845404691564170196e-01,-1.297413222303967606e+00
-7.515349045828414454e-01,-1.182635324192479187e+00
-6.945342505848816073e-01,-9.185465895492341826e-01
-7.128304129681088952e-01,-5.358515023810278555e-01
-8.690621623410020868e-01,-4.602902144685645514e-01
-6.181587470938235684e-01,-5.194395143629817468e-01
-4.176403979785434095e-01,-7.124625410944114279e-01
8.126710322723479374e-02,-1.216197274799274863e+00
9.167411028360407388e-02,-1.168670014301858462e+00
1.534154261699296751e-01,-1.075406287684470996e+00
-1.129695303181992537e-02,-5.802552754751972852e-01
-4.835769069516614865e-02,-6.063802180720438972e-01
-2.305850767779633881e-02,-9.915069684079738099e-01
1.442085388141537139e-01,-1.028836739082757301e+00
6.928888908818627013e-02,-1.366245885646086178e+00
-1.609223211062074110e-01,-1.326512854005280184e+00
-3.399707558969582433e-01,-1.727301152168492671e+00
-4.826525078127157364e-01,-1.282406862849664764e+00
-5.206222883416024017e-01,-8.663500464915218080e-01
-5.414349426884697003e-01,-4.672769712144697607e-01
-4.401559086839398338e-01,-5.811033811589261244e-01
-3.663885317336182390e-01,-7.044345080212381927e-01
-3.165230942525315561e-01,-8.247799221768656874e-01
-5.142957953720863618e-01,-1.089589279349948869e+00
-5.862551247425178413e-01,-1.268573262870585250e+00
-6.019503223476538878e-01,-1.491820481766849893e+00
-3.073988921070557323e-01,-1.002224761241782280e+00
4.514045507215492803e-01,4.003047548565828451e-01
8.122512525991838483e-01,1.451018874293894534e+00
5.284490408823004914e-01,1.665637486064623252e+00
-7.352700385975430297e-02,8.166626758129551522e-01
-3.669229250385009911e-01,4.173558438528411907e-01
-1.802987161748675626e-01,1.200822773864983067e-01
-3.834487981278709712e-01,-2.530623787215837694e-01
-7.817299545200225852e-01,-7.162810228355570574e-01
-1.249201593360224516e+00,-1.376860329868514699e+00
-1.394902116371339318e+00,-1.811544819508454474e+00
-1.368423583743853422e+00,-2.090077777431853079e+00
-1.150287151915373007e+00,-1.752676218736083147e+00
-1.136917066612277871e+00,-1.399045882346587888e+00
-8.084881495077994584e-01,-7.601609005474923020e-01
-8.073040097626389411e-01,-8.655174436808780181e-01
-4.511238766018726976e-01,-7.143664178297076672e-01
-1.776890126115039381e-01,-1.714014015513987965e-01
1.457894651272037718e-02,2.245676603438628294e-01
4.197761236922071260e-01,1.032357823360866567e+00
9.427739367519240021e-01,1.665012645947378189e+00
1.247697171107372549e+00,2.205912608487824667e+00
1.184651190082596672e+00,2.101955471735422076e+00
6.716086465984437703e-01,1.477505308398271433e+00
2.806663585422833340e-01,8.901862086389197293e-01
-1.043816374314355810e-01,3.293404260905909431e-01
-1.423608235326190297e-01,2.186790702128754982e-01
-2.612940785557785195e-01,2.433070643696238211e-01
-4.048270577477420806e-01,3.074147678211747170e-02
-4.088020604014726000e-01,-2.199392469140630524e-01
-4.842394981688817879e-01,-9.833725501993072493e-01
-5.516049594285524771e-01,-2.178777567205504528e+00
-7.711101318556623507e-01,-2.573235584175027846e+00
-9.923580052195443146e-01,-2.658002645895308547e+00
-1.009597605392158703e+00,-2.135344446364039861e+00
-5.903498814288766772e-01,-1.934909402265633238e+00
-9.507263621221527516e-02,-1.645634463740490272e+00
1.597844407374729991e-01,-1.165421177251233953e+00
1.942767626011316084e-01,-8.711782954166640280e-01
1.821638602781065763e-01,-3.295004908264224652e-01
-6.526715073443170589e-02,-3.884126042528435740e-01
-4.187033143833525650e-01,-4.516026742043176556e-01
-7.020433474327554269e-01,-8.449217458609654674e-01
-7.818844612083950540e-01,-1.027923835816896281e+00
-7.056753366673268468e-01,-1.221947235527267361e+00
-4.956496410701087818e-01,-1.130405678970094252e+00
-7.043552448252193843e-01,-8.362891549376219036e-01
-5.079064574310913072e-01,-2.914394504185315871e-01
-5.002678724903323326e-01,-2.106454493447389442e-01
-1.521712998639156980e-04,-2.158790451451756687e-01
-7.975610502725016815e-02,-5.575915985161709054e-01
4.970509783588070857e-02,-1.310008581864602617e-01
7.695837604065531613e-03,-2.422639284121640424e-01
5.818904618355955627e-01,8.845672983164418746e-01
5.309540421887616324e-01,7.563798681851664485e-01
8.122512525991838483e-01,1.451018874293894534e+00
5.158436331920903672e-01,5.249127700483380288e-01
8.294537009348043055e-01,5.120572089004256089e-01
1.017312971863554960e+00,2.326867386684354222e-01
1.196656095269964970e+00,6.420681767551839059e-01
1.092017894442284920e+00,1.301093618583116340e+00
7.489766799120567420e-01,1.763028716365968362e+00
2.909683281671955890e-01,3.206178050061879059e+00
-2.332745780084088671e-01,4.841502892883053022e+00
-6.550992443838326018e-01,6.541472954958354791e+00
-1.188538061702824722e+00,7.120144468609655775e+00
-1.643873756506237127e+00,6.688928398750854321e+00
-2.038084913434698109e+00,5.378232821660371421e+00
-2.173660960084373261e+00,3.592354334786269199e+00
-2.227016831834577992e+00,1.853303287264413735e+00
-1.959377033469194229e+00,5.926347055029782540e-01
-2.175503913403469713e+00,-2.138300726060220758e-01
-2.305415414886012648e+00,-5.448378335451345977e-01
-2.347389076859536683e+00,-3.674794646711963542e-01
-1.594293453120337434e+00,-4.435361359346171040e-01
-6.736196982333010341e-01,-3.680539129870313286e-01
8.115217043341160785e-02,-3.736802302715461765e-01
1.216001657588267892e-01,-3.707907984942224733e-01
-1.443100130802723625e-02,-5.296872767444431584e-01
-3.247962985711087547e-01,-7.495006162724024978e-01
-7.873731588637616907e-01,-6.993827392624551997e-01
-1.111895371994355397e+00,-6.417271825212261804e-01
-1.156226570579491630e+00,-4.769460877376868746e-01
-7.127711194541122008e-01,-2.266170866196223765e-01
-5.610131002799203376e-02,-8.045424798185132897e-02
5.478824483217672459e-01,-1.049772492187593664e-01
5.010736180011449159e-01,-3.856084848469067405e-01
2.280867594668820608e-01,-7.085823832351800800e-01
-2.062363459053263848e-01,-7.437252009135193465e-01
-2.823854593425536574e-01,-6.429256170070485332e-01
-7.845946214916253714e-02,-4.277368368557340483e-01
-9.486014466529421943e-03,-1.874125843735447161e-01
1.890309857461970333e-01,2.843712765273902487e-01
5.865384789758868594e-02,3.966255310539386070e-01
-1.449280409595407257e-02,1.208942226792111968e-01
-1.609737758785702300e-01,-3.573708005300095247e-01
-4.388665129050058344e-01,-7.395781452530575395e-01
-8.201759001216538669e-01,-7.587621456537143594e-01
-1.121706536776373442e+00,-1.091106223891351368e+00
-1.099577419474675244e+00,-1.300371742592571378e+00
-9.376839210569540839e-01,-1.453915995524081017e+00
-1.086624118529179839e+00,-1.321050677391489403e+00
-1.083081534737089457e+00,-1.323548548745651754e+00
-7.882768510754315505e-01,-1.095673463443721074e+00
-2.321479762260954538e-01,-1.165256644145161058e+00
-7.775247349183757317e-03,-8.989716114366258504e-01
-5.812870774190667666e-02,-8.241045448795248918e-01
-1.252144424284917096e-02,-4.767251593926843944e-01
-7.236679075589895482e-02,-4.373590655223725254e-01
-5.793655248020000009e-02,-6.312228153942891495e-01
-1.759646617343137154e-01,-7.600758696970093542e-01
8.982336659765896916e-03,-8.556386416480685764e-01
1.811567430556640379e-01,-1.011345368921066079e+00
3.665237294936312118e-01,-1.121286037435622829e+00
3.439569114664967620e-01,-1.240738312352959172e+00
1.703129232904401769e-01,-1.261362281672716357e+00
-1.987742347245251631e-02,-9.866868619574457044e-01
-2.614514579564924390e-01,-7.534486017262532753e-01
-1.261198261918986818e-01,-2.998773759641540915e-01
7.404089229431443098e-02,2.671536460664994950e-01
3.786914283898863975e-01,6.884929574059011070e-01
6.685020702417896477e-01,1.156305415444006668e+00
9.376047839349804791e-01,1.354334387049663579e+00
1.033134051265429898e+00,1.525735428761781698e+00
9.200630484584384483e-01,9.249315385403609202e-01
8.397945251429126401e-01,9.956451666435115477e-01
5.899529673027211762e-01,1.243274059071623583e+00
5.006344717506412412e-01,2.007499682603827384e+00
2.164440342471052603e-01,2.022524577366094700e+00
1.222985257903513867e-01,2.028649410441053735e+00
3.832903969737526395e-02,1.095899544380150248e+00
2.552660002743575851e-02,-5.419525232441292466e-03
-5.976123789088967631e-03,-1.071091174212383201e+00
-2.557959486471716483e-03,-1.266935274726238347e+00
-5.115144387217616766e-03,-1.234248565069633763e+00
-9.190508916272971396e-02,-9.203283951265671670e-01
-1.776770007991574363e-01,-9.899818547290248905e-01
-5.550084268204350524e-01,-3.985348616831766999e-01
-1.012256608280683201e+00,3.650459810411043060e-01
-1.283160074098980585e+00,1.061945134851003836e+00
-1.594953688042510143e+00,1.865359851430897997e+00
-1.803181202015975648e+00,2.491813643607515782e+00
-2.008170570746149242e+00,2.868177248772114663e+00
-2.034674984881824855e+00,2.722406312574298326e+00
-2.120743501371762374e+00,2.338184922996053405e+00
-1.743118898615597878e+00,1.558547849223309134e+00
-1.083824183976278555e+00,6.678702032501712127e-01
-2.877534468702890869e-01,-1.536442024722685928e-01
2.464793380187106642e-01,-7.259241438635991583e-01
1.802647271960953479e-01,-6.454318691753191395e-01
1.508989283951146787e-01,-9.793345042307208814e-01
-6.576062066946078422e-02,-1.490987397396134506e+00
-1.347724947529364663e-02,-1.789180944835785159e+00
3.935280545113622325e-02,-2.089096487490801124e+00
3.935280545113622325e-02,-2.089096487490801124e+00
3.916825626763166535e-02,-2.069687759814242245e+00
-1.333055563054826725e-02,-1.977812807829511188e+00
5.577400117613860037e-02,-1.789703070988144296e+00
5.723195431249927800e-02,-1.755320296004785785e+00
3.217991316735490659e-01,-1.426135703998035131e+00
7.128588554602579563e-01,-9.287363219650908164e-01
1.443968579015591391e+00,1.195830731052938828e-02
1.488884453675516584e+00,2.067462347796377164e-01
1.298482221531932712e+00,8.991280763538510301e-02
6.726816199801219920e-01,-6.041678235624056148e-01
5.202851445961360621e-01,-4.421444885388771673e-01
3.879983127491096750e-01,-1.343368035430071161e-01
1.808929480624872910e-01,2.644965701580473394e-01
-7.134651820049331405e-02,7.133592710578056106e-01
-6.533859418228664673e-01,1.239250761376713861e+00
-1.131593989823536539e+00,1.180030814018294238e+00
-1.194202654884461756e+00,6.636998737307273633e-01
-1.698866400832084178e+00,3.120752755724867100e-01
-2.485554998796485116e+00,3.722574203652736502e-01
-3.078662994964876276e+00,6.856277732559447058e-01
-3.190593021690127262e+00,5.710128582161989597e-01
-2.592926230610535843e+00,-4.043106456540777882e-02
-2.057171195952517184e+00,-3.516284261975780034e-01
-1.239206841244057999e+00,-8.063375449307760290e-01
-8.874773520173493413e-01,-5.222644444294612942e-01
-5.373802128728576433e-01,-4.315846792910709162e-01
-5.608959875762012937e-01,1.346824183112372009e-01
-1.094418768333860870e+00,5.933433151480067558e-01
-1.740301008933790472e+00,1.760410239778684716e+00
-2.419828006275588805e+00,2.013255334404089325e+00
-2.419828006275588805e+00,2.013255334404089325e+00
-2.357139461820519255e+00,1.107573993507862564e+00
-1.954549129913204286e+00,5.336034164619529729e-01
-1.323022121033572640e+00,2.118543213131085512e-01
-6.276926546823020647e-01,-1.928125622808634643e-01
-1.005967077013682903e-01,-5.680526620064113574e-01
2.204902188227539361e-03,-6.512401786676017545e-01
5.275368930493577052e-02,-3.879632306507659889e-01
5.498788914583045695e-02,-1.304211364851393384e-01
6.859964260190851149e-02,-2.718665184566660953e-01
-1.280485879359415102e-01,-2.274821920282086574e-01
-2.005384991550819840e-01,-2.133238431363800036e-01
-8.042284150028058409e-01,1.358182836785067904e-01
-1.520786188794883032e+00,2.971734724615968104e-01
-1.984222274212870563e+00,3.833889120414609719e-01
-2.115733933326603644e+00,3.928360024319695332e-01
-1.765577800158613986e+00,2.935148651000130116e-01
-1.156365771031479195e+00,5.086512086439849700e-02
-3.549644684326775934e-01,-1.451805440295722560e-01
3.793734643318529831e-01,-2.194196396302433294e-01
5.621887270132338577e-01,-8.243128557215909091e-02
5.143457788750189774e-01,-7.105454243893442878e-02
4.617225702641216678e-01,-2.197591571944567113e-01
3.505505771153783479e-01,-4.856280719258354583e-01
1.425595665496343367e-01,-6.247111212304321537e-01
-4.147887281276980143e-01,-5.631668091509082208e-01
-1.204845883050362998e+00,1.534450513427662414e-02
-1.573289473045209830e+00,1.693370092825471629e-01
-2.473093299159117464e+00,5.844284686679778185e-01
-2.871367721702921205e+00,5.481902979807666831e-01
-3.146108432314315806e+00,8.368329855945016993e-01
-2.153304620856856921e+00,7.709938264836163624e-01
-9.890986358302253922e-01,3.567666698210696374e-01
1.545956130495444170e-01,-2.212649726212552459e-01
4.176068317994749424e-01,-7.089185569233896755e-01
4.503412293355275597e-01,-6.203647149818457551e-01
4.309834899042968015e-01,-5.756395475684334961e-01
3.558167233378319305e-01,-5.114465957429619181e-01
3.880706996647856899e-01,-6.839161211595292666e-01
3.056907118541859480e-01,-5.390641633529377197e-01
2.282017350383044874e-01,-5.324073941094908946e-01
1.626073696359228325e-04,-5.212355625576533535e-01
7.384857016591363232e-02,-7.678046804540886727e-01
1.462977427178967782e-01,-8.684602372768456258e-01
2.961718927862821427e-01,-9.686535507552518354e-01
1.073562908869542531e-01,-1.012604192653001167e+00
-1.279673052865094585e-01,-5.630503152179725523e-01
-7.011623088637540802e-01,5.871800003231882892e-01
-5.128853417893043387e-01,6.550860128423163786e-01
-1.046897569866131906e-05,6.974182111400051287e-01
4.586381252800779129e-01,-3.207048373023002608e-01
5.252219285853999553e-01,-4.002614918589886828e-01
2.430666149955698907e-01,-8.102406116489782040e-01
3.056907118541859480e-01,-5.390641633529377197e-01
-1.582290134822437466e-01,1.372169983500350354e-01
-6.184925485845677029e-01,6.266365391740424950e-01
-9.231653374865390616e-01,7.604552671107223105e-01
-9.758965140445855502e-01,3.457516457879263316e-01
-4.844621232475342931e-01,-3.203588131503180003e-01
-1.910243948852796136e-01,-8.666949623033356476e-01
-9.251703624513744895e-02,-1.188942282291429509e+00
-3.549340447914108854e-01,-1.223188183859006628e+00
-5.308149284414013236e-01,-1.126796972471245661e+00
-4.008473023461491813e-01,-8.921606002587524342e-01
-8.189561090281418654e-01,-8.592036941357161783e-01
-1.449213727656999406e+00,-5.724950929592180771e-01
-2.115655966146228639e+00,1.704411777019248508e-01
-2.809868981783578690e+00,3.764233200061740670e-01
-3.393106439147761222e+00,2.253496248391815282e-01
-3.619172503519814565e+00,-5.392094797499313863e-01
-3.008324055300689803e+00,-7.891324213281527555e-01
-1.728451389600813126e+00,-4.107133225699456935e-01
-7.646389818890235723e-01,-5.882436186006642087e-01
-3.466499732119655008e-01,-9.066781658103748587e-01
-3.504261782515900592e-01,-1.816532676746090980e+00
-2.947758693376822392e-01,-2.058159042001450612e+00
-2.227560320202247590e-01,-2.523762374402694242e+00
-3.535157126671281125e-01,-2.941542603506953402e+00
-1.062258437492377416e-01,-2.971924620926927663e+00
1.112199767681003454e-01,-2.342620518709442656e+00
4.845796088692522208e-01,-9.489175486844236840e-01
5.719627049188401591e-01,8.517775248814475619e-02
4.108706399068375870e-01,4.848353598748371684e-01
2.806671411789237180e-01,6.171001130958760905e-01
9.719639215669545473e-02,6.197612027246298672e-01
6.019856278036589403e-01,1.630870083454759589e+00
1.257634490710923147e+00,2.688558660419643864e+00
2.206608929385745821e+00,4.042131686782823863e+00
2.859473905221158851e+00,4.675410644584931497e+00
3.227759839947649478e+00,4.706772477038424718e+00
3.211222578021633023e+00,4.153900491122992200e+00
3.009618598966695924e+00,3.154007065227852014e+00
2.381467037909417606e+00,2.220022347126027640e+00
1.965809997600034276e+00,1.695676257483382354e+00
1.267514477958932684e+00,1.322114460152813420e+00
1.385736737430556254e+00,1.411830380108064276e+00
7.676798562408404525e-01,9.817031261004646181e-01
2.476212726115777640e-01,2.343585615501080910e-01
-5.496978761935888969e-02,1.111853789593897496e-01
-1.202963714450229205e-01,1.145718173443724813e-01
-1.628464646574910579e-01,4.127444425664615335e-01
-3.111788629105329274e-01,5.386372579721935283e-01
-4.387199701293932885e-01,5.535808105183906980e-01
-4.312370033471908948e-01,4.520619983319344448e-01
-2.008236133183608496e-01,6.217107128708592584e-02
1.211610964699307430e-01,-3.578304973896838104e-01
1.221250044833346454e-01,-3.339968150693690685e-01
-1.764801538499887190e-01,1.556083248189755741e-01
-4.304930579407648117e-01,4.704568640596313300e-01
-7.243134007875902114e-01,5.226431125440726966e-01
-5.540529612257220071e-01,1.038651550923447159e-01
-3.704421650831079549e-01,-2.717170743040008274e-01
-2.797949473659980257e-01,-3.258392600163309005e-01
-6.591902901232693512e-01,1.894361868099531804e-02
-1.577484711696389930e+00,2.813477851012145536e-01
-1.877162462228418871e+00,6.300556770662374406e-02
-1.679126093602138381e+00,-7.300949495294600800e-01
-7.726062350650132471e-01,-1.239780474980579861e+00
-1.823098932605169142e-01,-1.405860450277394147e+00
-1.396729296937485876e-01,-7.776923960483842491e-01
1.709066765172369273e-02,-5.890199620257496882e-01
-1.455355689983769268e-02,-4.161129077891669859e-01
5.298207680988123447e-02,-4.070910837319995368e-01
6.401924983278300951e-02,-4.690712320319268547e-01
1.140306961338382885e-01,-8.202319005884087799e-01
6.567731748417728055e-02,-1.374428146102277593e+00
1.074763970507090077e-01,-1.617468019201621088e+00
-8.457797021325186293e-02,-1.894561761107409703e+00
-2.626170200128445306e-02,-1.512851611147446151e+00
6.381294560203983057e-02,-8.480174825679536177e-01
4.234779682526876310e-01,2.198051999475316709e-01
5.805774275497012082e-01,9.597413985438650874e-01
6.472027099136938855e-01,1.430330029696511573e+00
6.777821997360244932e-01,1.271862051602783428e+00
5.337790077254039867e-01,5.793154557455885145e-01
4.558718609532144139e-01,1.061893996521181931e-02
2.927962392621286103e-01,-7.756072801372573267e-01
4.607483426759492739e-01,-5.145032552968286099e-01
5.633710924016998023e-01,-2.794654946681277563e-01
5.174008497656104044e-01,-1.675950357989063055e-02
2.570401060178947872e-01,-1.619697025049372241e-01
1.237496924244240182e-01,-3.053363486215333045e-01
1.495527063142018109e-01,-2.080957681032350737e-01
2.262358216382581444e-01,-2.220531647406374376e-01
1.189312946505198393e-01,-3.718958836218523301e-01
7.126360907048326365e-02,-3.107996111283485852e-01
1.267322379747872207e-01,-8.083524163265242146e-01
1.753217700602536233e-01,-1.554935427053843355e+00
1.605630051155584326e-01,-1.951891574214049685e+00
1.933413899010083190e-02,-1.618435444623127717e+00
3.980460097314911933e-02,-1.227060876881061802e+00
1.231036729802165858e-01,-8.314547803993372899e-01
1.231209569612631838e-01,-3.812822462267649870e-01
-3.568367553066900122e-01,1.065113683618889168e-01
-8.721058015693848864e-01,5.210666941810988551e-01
-1.237449053560417900e+00,6.499881422497629790e-01
-1.254320481749297223e+00,4.733441941608824144e-01
-8.973315087161465309e-01,-6.186226862095787343e-02
-5.812973843892422776e-01,-5.518268859515954583e-01
3.684672100433134673e-02,-9.222204474115998085e-01
4.519514782465600677e-01,-8.563438061940107371e-01
1.352100386388914943e+00,-3.622977096354317028e-02
1.310048362233525721e+00,1.361594875266680937e-01
1.056131373815526242e+00,1.841601381289620643e-01
3.063133205079133226e-01,-2.554162260917783867e-01
3.803413958080738566e-01,-3.257559329760974509e-01
5.254608307742666407e-01,-2.836484933446739576e-01
3.023547194044093889e-01,-7.471815303450312085e-01
7.893153020377982054e-01,-2.062491831341732862e-01
7.733388926915797379e-01,-2.386550869783421458e-01
8.707437309217442856e-01,-2.804957577053757700e-01
2.730171951387909690e-01,-2.634127234885126345e-01
2.065844902762757618e-01,6.111935341308661895e-01
3.551683409563445581e-02,6.942537922857463517e-01
-1.399251957146982472e-01,7.696127609467641184e-01
-3.152065452537182177e-01,2.323263967136628416e-01
-3.890177019501595002e-01,1.651031436010506892e-01
-4.649897102642983615e-01,-1.920036585100525772e-01
-8.151569013438983990e-01,5.288575909691014543e-01
-9.181053479038286946e-01,9.083075145622705460e-01
-7.814879294742091975e-01,1.087189750685428447e+00
-4.673073825589722508e-01,8.377587529859514826e-02
-2.599742841426942452e-01,-2.240432019068329672e-01
-5.026581645401598797e-01,-4.621846321991516238e-01
-5.218504803487398203e-01,-2.793925546181403319e-01
-5.558045386481434980e-01,-4.723067973783713347e-01
-3.901206813048611055e-01,-4.796150546176699558e-01
-3.385738373380982047e-01,-3.605706091643854916e-01
-3.167505420666538174e-01,-7.596984629106050546e-01
-2.041899484576538970e-01,-9.084963046431013822e-01
-7.064712940968723154e-02,-1.163137595465154384e+00
1.618878299222598627e-01,-1.195691821957253903e-01
2.259016779531820285e-01,4.913797253512851571e-01
7.300696568201731074e-02,8.555973056168831858e-01
-2.665969901705801393e-01,9.065934828725262795e-01
-7.233871312243287388e-01,1.366447868211994932e+00
-8.946243457651541497e-01,1.359100788461761411e+00
-7.772793405900603192e-01,9.922486949582539628e-01
-2.819947453447883001e-01,1.592039666849606461e-01
5.267888431553651579e-02,-3.249419418572389029e-01
3.141456744308951943e-01,-5.908451625136214025e-01
3.710269739434837732e-01,-4.202191345911680531e-01
4.842343087675977653e-01,-2.495383410496107221e-02
2.820992744655614337e-01,1.758394313214201865e-01
2.225128994666119298e-01,1.112989605521741837e-01
7.051110618228954852e-02,-2.564480145125000998e-01
3.141456744308951943e-01,-5.908451625136214025e-01
1.431799333903445437e-01,-4.663933381363882247e-01
1.019274070472717675e-01,-3.025441947766254192e-01
-1.094936383305917249e-01,-3.974608807637718955e-01
-9.807740768470683823e-02,-6.205210962178034917e-01
-2.723863950656960076e-01,-7.495754813663875193e-01
-2.946271850043080676e-01,-5.965501723165486103e-01
-3.601646155585979114e-01,-3.812682600291859014e-01
-4.328489803423232751e-01,-1.518278129974675594e-01
-4.047146525295749475e-01,-2.807880822983538967e-03
-3.003089994401070273e-01,-1.514679274438616996e-01
-1.341138515774870088e-01,-4.200004141046332351e-01
2.029408565120864316e-01,-8.170351568372922202e-01
2.430495746196146001e-01,-1.012641118583459399e+00
2.266444896800318132e-01,-9.607964828548104519e-01
6.472648248207106547e-02,-9.162431505391461783e-01
1.046544980325238468e-02,-1.015521741115460230e+00
4.708799810592598917e-02,-1.065897553728574199e+00
2.202462855847721335e-01,-1.117285936639011990e+00
3.963429589259966357e-01,-6.828817146817685035e-01
4.968441323249058739e-01,-4.763588843470314416e-01
3.346439514290395767e-01,-2.962767239903132399e-01
2.142658064624470560e-01,-4.305200915527948036e-01
2.142658064624470560e-01,-4.305200915527948036e-01
5.779643546509407592e-01,-5.936888964827716393e-03
8.783722265435792709e-01,5.887147122722355963e-01
9.379743557367102857e-01,7.152526155649892026e-01
9.649377702699742931e-01,8.716464307068301220e-01
9.283244656884717116e-01,8.590793167800561125e-01
8.039525243896048501e-01,7.067076656635793430e-01
1.034186113653449812e+00,6.739626068532471592e-01
1.464002188101057422e+00,7.153650233824899729e-01
1.769446630700588052e+00,8.691374389988133498e-01
2.157154591377559605e+00,8.512179526685186293e-01
2.279900919846968854e+00,7.190951432215720862e-01
2.144026572209877912e+00,6.610268533181030692e-01
1.574357185014331639e+00,4.272414482438497418e-01
7.431656265665680383e-01,2.358866043369664822e-01
5.124003494932318770e-01,2.665152433451970504e-01
2.655466026864097273e-01,6.450312529094985869e-01
4.231904086840315715e-01,1.229195274342669064e+00
3.632996418764595781e-01,1.751690037621028040e+00
3.695712112583377507e-01,2.225560254385150483e+00
3.705331070695382367e-01,2.428727381766117244e+00
5.600849260040090538e-01,2.455535425078662293e+00
5.658900539299162036e-01,1.862029641185908080e+00
1.213826902739428837e+00,1.532448570281913502e+00
1.259808894462289164e+00,9.899056361443975272e-01
1.280046528578982601e+00,8.048667744710735761e-01
5.146276108958962592e-01,2.046625304428306702e-01
3.749900741480731159e-01,-6.073208101338645193e-02
2.060196289224481836e-01,-3.576182061982465799e-01
2.812818942048448956e-01,-4.661626849283791452e-01
-1.012421761844779257e-02,-8.321035215291066045e-01
-8.901885664140364238e-03,-8.395358227983249488e-01
-1.702428071423879932e-02,-7.923650003080526805e-01
1.494211534553076814e-01,-7.347243608433670081e-01
2.664591355236096692e-01,-7.286674844023087738e-01
2.813135944989302306e-01,-6.175580589083955463e-01
1.530335243814701374e-01,-5.236777029354189317e-01
1.398116970130659498e-01,-5.527653216016430449e-01
2.229996880239361601e-01,-6.999358948448697326e-01
7.302111311927738102e-01,-1.679396839381774031e-01
1.118532149767872852e+00,4.624580656090527819e-01
1.374587593044211742e+00,9.120889675868311119e-01
1.234163992709778945e+00,8.846167369904194278e-01
8.122524372740369536e-01,4.645059399315757398e-01
4.281608625307625204e-01,-1.465481856733188426e-01
3.141456744308951943e-01,-5.908451625136214025e-01
2.656859336009766426e-01,-6.958236075914474572e-01
1.542815411949328142e-01,-6.219792929612188992e-01
8.235116616276132173e-02,-5.875466393384265462e-01
-5.441179962387687752e-03,-5.329398655640618099e-01
-1.167807123483778492e-01,-3.260325287948234729e-01
-2.345892197398909418e-01,-4.489230120614305375e-01
-2.033527007635072270e-01,-2.783312913548911527e-01
-5.611016883965834479e-02,-1.686270052210086523e-01
8.698840870713103746e-02,1.444901930232870835e-01
2.289885488129256297e-01,3.472715713336891885e-01
2.897612678294858024e-01,2.381994873124266832e-01
3.154724964199598913e-01,4.702305881441302127e-01
2.045278590571047717e-01,5.967315493348863686e-01
7.130923424613547223e-02,6.751485730832667009e-01
-1.372827996023864294e-01,4.012658267090601361e-01
-2.201272626483291028e-01,2.056029783490733731e-01
-1.557758468121635612e-02,4.336899673136216382e-01
1.222919019446664507e-01,3.135580864415638547e-01
1.708123621172912276e-01,-3.439741392130397646e-01
-5.193675798135308219e-02,-1.338535489955885227e+00
-1.542137049175072716e-01,-1.675119454837338928e+00
-2.157680444493985106e-01,-1.879260056125879208e+00
-2.347100559097045624e-01,-1.998198210642315065e+00
-1.764545693899802481e-01,-1.953639696773590728e+00
-2.110491551758977291e-01,-1.767951596818155391e+00
-6.517688583360843613e-02,-1.323469784059885246e+00
1.376774028090524127e-01,-9.510436326706945831e-01
1.812764333965686536e-01,-7.271033619038018703e-01
1.527764046354864735e-01,-1.099704060075710421e+00
1.421091923864679640e-01,-1.275106598774144118e+00
2.441536776537420739e-01,-1.328882081803403281e+00
1.234801210006588185e-01,-1.134981965906456391e+00
-1.566723948916119158e-01,-1.150765984496941785e+00
-3.212128710619117644e-01,-1.457041432964993222e+00
-4.011838506961375450e-01,-1.679219873307194799e+00
-2.864490084719389928e-01,-1.816968530680680427e+00
-1.919915577123876282e-01,-1.722721674403192349e+00
-1.075115785960894105e-01,-1.454495553360928062e+00
-1.351506337694714233e-01,-1.218449725526339789e+00
-1.085490822966119068e-01,-7.810322487319941720e-01
-1.218280762270593787e-01,-3.651569147489694411e-01
3.011918122321400465e-02,-1.892219402821111451e-01
-6.100443938266451177e-02,-3.553619212645810488e-01
1.952830825365891310e-01,-7.119456788892716270e-01
4.519514782465600677e-01,-8.563438061940107371e-01
6.868423715665612495e-01,-7.259389247334903095e-01
6.362843726846387771e-01,-7.031472318939810950e-01
4.855608794089699698e-01,-7.051452659899798414e-01
3.501003562931798152e-01,-7.746038095201548401e-01
2.398953837187832172e-01,-8.247228856292364574e-01
2.472968365526431733e-01,-1.062113146330400992e+00
2.179800546041668063e-01,-1.398963857695217250e+00
2.964088262375327854e-01,-1.512078731630026596e+00
2.399160238372847198e-01,-1.282069278417583558e+00
2.013760519111000846e-01,-9.153570593429206648e-01
2.985795389686516157e-02,-6.605991580177558165e-01
8.848931560122819118e-02,-1.033939431260225472e+00
2.105194522440510807e-01,-1.309591292396706574e+00
3.950800517416089286e-01,-1.473272157249548409e+00
3.342095482090903791e-01,-1.114700615306723597e+00
2.463604721832104993e-01,-8.054974811361510501e-01
1.222859069974195356e-01,-5.334483415829301967e-01
1.979456957274605133e-01,-4.205987247884990787e-01
1.954202550554184070e-01,-4.811150194720049261e-02
1.118816835658242442e-01,1.235414504703592209e-01
-9.931376881869237450e-02,-1.199920036170608745e-01
-2.848335660802575053e-01,-5.056838159266541233e-01
-2.242077099034662513e-01,-7.993894542347623755e-01
-3.832567733814561811e-02,-8.179904000876631054e-01
1.444596056509755977e-01,-7.537117782298318192e-01
3.187675799969352242e-01,-7.995585543751596580e-01
1.874658527400007990e-01,-6.973538834194380476e-01
-1.273811323005030922e-02,-7.681838262965654529e-01
-3.841025238124345376e-01,-6.747661655042842543e-01
-7.071669339649292452e-01,-6.318390220364088483e-01
-1.081774024399018375e+00,-3.462298462793618192e-01
-1.603203002669628230e+00,-2.978579341633615790e-02
-1.579511704621791246e+00,-5.848148831224050243e-02
-9.793583357486007612e-01,1.404895397642292321e-01
-2.454301584732446750e-01,-2.309981236944772254e-01
-9.086118932122938530e-02,-2.424746127267946583e-01
-1.018973122794445407e-01,-6.994916367418994030e-01
-2.026616051305095076e-02,-1.033554282854878270e+00
2.986201512542459025e-01,-9.077027516086076941e-01
3.419549642653531563e-01,-6.814734736089340661e-01
3.038578256643363340e-01,-2.704703935178744967e-01
1.573042057706083297e-01,-3.109913298635764711e-01
-2.763243468605843800e-01,-4.136745556061732776e-01
-7.543937503488342688e-01,-1.094734535928784780e+00
-9.084209956627125049e-01,-1.122253630099615096e+00
-6.645740886372529799e-01,-1.187110949694622608e+00
-2.637042915314342650e-01,-6.159287163833446765e-01
-5.961422562761383576e-02,-2.461150927671586774e-01
-1.363784204683777257e-01,-3.175383826349542082e-01
-1.074440544506611722e-01,-3.367250423476343402e-01
-1.937095021056952637e-01,-6.823290629888176806e-01
-2.458211899062707206e-01,-7.084194232111387102e-01
-4.400566660093162552e-01,-9.996467766750952721e-01
-4.587629004007604538e-01,-1.075512094667832486e+00
-3.501367461219043187e-01,-1.168510499080060328e+00
-1.257329012205835317e-01,-1.012920099011098474e+00
-3.495661904707703105e-02,-9.325696017837500351e-01
-5.213289361221619400e-02,-7.493559718312114981e-01
-2.379435956237365146e-01,-4.973403274104507554e-01
-2.698121448520086618e-01,-4.772974248017321508e-01
-2.922120806141360050e-01,-5.083849586383759611e-01
-4.071689308237988469e-01,-3.414905657799639505e-01
-4.988944714700643268e-01,-4.101869049856515237e-01
-5.015545209847029895e-01,-3.974678644445756026e-01
-1.898249297202617980e-01,-8.408610237353387751e-01
-6.248201314739554313e-02,-6.604568313918354194e-01
-2.037117318234827334e-01,-8.061782386478285600e-01
-4.981788039571149462e-01,-9.740518854239914592e-01
-5.394722324590092155e-01,-9.279017917844359919e-01
-3.286406570955410777e-01,-7.270579658363435227e-01
-7.887665458929198070e-02,-4.908269151008166631e-01
3.687878886067000317e-02,-4.581049361922221452e-01
2.229996880239361601e-01,-6.999358948448697326e-01
4.169886117783498936e-01,-7.529160847333311590e-01
4.493807896909844946e-01,-8.205442579515255241e-01
3.926459246678206116e-01,-9.688509834158779421e-01
1.623874028093643118e-01,-1.107283692284883658e+00
2.117398658118481158e-01,-1.038718190452834422e+00
4.519514782465600677e-01,-8.563438061940107371e-01
6.666926088986483423e-01,-9.144668331905675407e-01
5.104420737903205829e-01,-9.456881505813733435e-01
4.872574898980581298e-02,-1.163472533677499587e+00
-3.311015656863672829e-01,-1.007299008042586097e+00
-5.294923191892767500e-01,-8.659399224416309826e-01
-3.676982563039491447e-01,-5.502718332404606949e-01
-2.854246986804219732e-01,-9.939929146696071527e-01
-1.379792134841381357e-01,-8.293129890799918469e-01
-3.428477852504483447e-01,-9.679575656950962781e-01
-5.381237351567708105e-01,-4.967868671514955037e-01
-7.026411375690408967e-01,-4.619772000913331400e-01
-6.586851568242153565e-01,-4.400864010629758627e-01
-5.227597983180288788e-01,-5.689812078734308720e-01
-2.113271743165010541e-01,-7.298164269737671406e-01
1.376774028090524127e-01,-9.510436326706945831e-01
2.229996880239361601e-01,-6.999358948448697326e-01
6.106686979914632135e-02,-5.368787371986061263e-01
-2.101703933598919605e-01,-3.929275894849255102e-01
-2.979655894507375891e-01,-2.094340427961834949e-01
-2.298959819554143302e-01,5.725623009734710500e-01
-1.125773510230291818e-01,5.710072261519915093e-01
-1.266522239747412161e-02,7.502963435712304285e-01
-6.490729771052215769e-02,2.262564441096893975e-01
-2.828293228459369431e-03,2.923833734538061613e-01
6.314478967645047180e-02,-2.046107795090125470e-01
5.227160157995697914e-02,-5.398766845683825588e-01
-8.523533754982318134e-02,-8.007575426785857875e-01
-2.717592756623952721e-01,-5.846119046226336824e-01
-2.800229019844184819e-01,-5.648236117395240008e-01
-1.256630219375257373e-01,-5.280741341543407907e-01
3.932781092966173425e-02,-7.155146923692942140e-01
8.565635607976110344e-02,-8.811214627857646420e-01
8.565635607976110344e-02,-8.811214627857646420e-01
8.565635607976110344e-02,-8.811214627857646420e-01
5.638531324536713574e-02,-7.387651242566757315e-01
6.296523479779887744e-02,-7.161068089530630010e-01
-4.271652560657446598e-03,-5.415762143270613782e-01
1.203806479661660572e-01,-6.385948709587403460e-01
2.048519292620600563e-01,-6.489977730159779412e-01
2.229996880239361601e-01,-6.999358948448697326e-01
7.246569854178240566e-02,-4.507697178713617747e-01
-6.545270841691686048e-02,-3.541892544496293982e-01
-5.821568700232324090e-02,-4.023762267942883053e-01
-6.975772381089721808e-02,-3.200281173248941680e-01
-1.625080357852173585e-01,-6.240301548721667313e-01
-2.098182534671801103e-01,-6.343725084219988819e-01
-2.362189896229094088e-01,-7.395051890393082861e-01
-1.037513625276208912e-01,-6.306136210389023944e-01
5.046441053830157120e-02,-6.593475111151244628e-01
2.239085575354870516e-01,-6.979337434054322387e-01
2.915618596277173569e-01,-7.611297746900507200e-01
1.435118553966576727e-01,-6.434953752705528940e-01
1.547652816401569875e-01,-7.750184230783251360e-01
2.122650011113237367e-01,-6.052928623273047259e-01
3.826960310508316643e-01,-8.423546750369792502e-01
3.880389433848926983e-01,-1.055033531867892282e+00
3.367118457505704487e-01,-1.206538974117505880e+00
1.560060349823984005e-01,-1.020998424707430852e+00
1.278204096930939948e-01,-3.806049753415063908e-01
2.720654343881711568e-01,-9.406191765955762563e-02
4.677265936808555624e-01,4.267779870895822836e-02
5.357088715776805454e-01,-5.418895367940569467e-03
4.966083305096652412e-01,-2.311561111490157694e-01
4.327970328878299466e-01,-4.893563289956218143e-01
1.376774028090524127e-01,-9.510436326706945831e-01
-9.890824245797437408e-03,-5.476524109743726720e-01
-6.943800132942054906e-03,-3.848376089179150195e-01
-3.427180165185074179e-01,6.159293078825924805e-01
-6.192484354625623633e-01,1.002405923512784680e+00
-1.004791005440028639e+00,1.136253649282266354e+00
-6.045484776760400303e-01,2.531469743829565244e-01
-1.160913269477907184e+00,5.984089639000320648e-01
-1.017768055816896444e+00,4.982941563542263586e-01
-9.403311197697928892e-01,4.483484161331325879e-01
-6.226390308523175460e-02,-3.621120374321472046e-01
1.830936827950432610e-01,-8.072657533522967777e-01
1.096893591577411398e-01,-8.323366237972740223e-01
2.701612729293783287e-03,-7.320284036258848381e-01
2.184569232327953150e-02,-6.687428934566491678e-01
3.521113558630057511e-02,-6.337633861455170825e-01
1.276679035846045307e-01,-7.416862234785636110e-01
2.787360454961712031e-01,-7.841913217255482849e-01
3.056907118541859480e-01,-5.390641633529377197e-01
1.289924907502193463e-01,-3.679228316934049503e-01
-4.033081981976509994e-02,-3.484298662787188583e-01
-1.243672350114789493e-01,-5.322736375775408701e-01
-2.118107336654134476e-01,-7.458398975484840099e-01
-8.328742313065658209e-02,-8.743415239121452576e-01
6.522164477807422533e-02,-9.014149052317961264e-01
2.876464818905739018e-01,-9.498938609090907814e-01
2.359689693737139493e-01,-9.063100399644773431e-01
1.884057384510781918e-01,-1.076500423332723777e+00
-3.759258388827961539e-02,-1.455079442230379216e+00
1.280114591325065380e-02,-1.799592244422900666e+00
3.954338821465863685e-02,-1.933292949733975030e+00
-2.102365369724412680e-02,-1.793286977669389159e+00
-4.479516896836555767e-02,-1.488570255237835482e+00
-2.255003799975423828e-01,-9.833679149876314307e-01
-2.503196627477077274e-01,-5.734774672832582132e-01
-2.883173507397623903e-01,-5.530097775993310094e-01
-2.155797181297068321e-01,-5.189726757639631094e-01
-8.882654445837179225e-02,-5.236731706386166252e-01
7.527902334364608428e-03,-5.554517512645166244e-01
1.204088083796434061e-01,-6.466107031706768149e-01
2.881474477258756939e-01,-6.775652190299282784e-01
3.056907118541859480e-01,-5.390641633529377197e-01
6.098774033461681343e-01,-3.132735583737292773e-01
1.127484365783801845e+00,2.933429428484170542e-01
1.822819120230680046e+00,9.408908846244293800e-01
2.153428670208778595e+00,1.645206022761978470e+00
2.051405459383987218e+00,1.846260779366489357e+00
1.356349728633421181e+00,1.440274555336073181e+00
8.234429422059530435e-01,8.368309593209138919e-01
4.432320930924921742e-01,1.068547909222446884e-01
4.792254509881541669e-01,-4.980896580136556784e-01
4.228891639955670856e-01,-9.637500190227248353e-01
3.430509265429251275e-01,-1.126136147033030666e+00
2.012483151891062139e-01,-8.245154557246558991e-01
8.202236856784221597e-02,-6.925071191292708761e-01
-2.939451381130339658e-01,-2.228381420592434950e-02
-5.254736497539116424e-01,6.649942050852449826e-01
-6.912673799238898686e-01,1.010113612693968710e+00
-5.175394111305434697e-01,7.042053659317303316e-01
-1.837526723928334105e-01,-7.936303984839861159e-02
9.995861879881388912e-02,-1.029864123008600529e+00
1.131994745392778251e-01,-2.365225902797166935e+00
-2.825043212397460729e-02,-3.376411012958990376e+00
-2.070059661753701763e-01,-3.928493601309234862e+00
-2.826685489613706692e-01,-3.492661389817491635e+00
-2.432676070085645070e-01,-2.668687571859569285e+00
-2.429945395601381952e-01,-2.122382799686856281e+00
-2.172003990985570399e-01,-1.518284930420783718e+00
-2.006655514241234006e-01,-1.061736361826931541e+00
-4.642967262932549445e-03,-1.733040312323559096e-01
1.529347732927497094e-01,4.018702844098591132e-01
3.213466859090425842e-01,8.628911059551565010e-01
5.999956456056335652e-01,9.912281622807999071e-01
1.085803526097107730e+00,9.484417048905896541e-01
1.048550530230168309e+00,3.389896611037338525e-01
8.585431469517224023e-01,3.731961225657565162e-02
1.988090473535638059e-01,-1.010934682286648845e-01
5.810409264452261885e-02,6.394035996586355797e-02
-1.118692585029075343e-01,-1.873355450130375077e-01
-1.952557229847219980e-02,-6.074299395456019823e-01
9.322293572650396098e-02,-1.174258240924582752e+00
2.437131919236031619e-01,-1.464182836771050544e+00
1.798059653378552836e-01,-1.929867088203216063e+00
1.811923684082742403e-01,-1.962172008589832872e+00
-8.369637325000151007e-02,-2.056662703891114496e+00
3.475263480325990056e-02,-1.522016321829481988e+00
9.363875132036927895e-02,-1.201930008352581236e+00
2.863707454401435148e-01,-7.305901223863959792e-01
4.648707865869747824e-01,-5.272730691511250400e-01
7.130624811331046642e-01,-3.223255766146824741e-01
9.063144981563547864e-01,-6.402811085480174524e-01
8.822958393858134629e-01,-9.207306327488736786e-01
6.341008593526537007e-01,-1.266405335507241992e+00
4.696341805185309526e-01,-1.182095200752965702e+00
3.641473658765647103e-01,-1.001709759651413734e+00
1.711208258116149183e-01,-7.059740962728368041e-01
-1.472837655714423835e-02,-5.514331844023023788e-01
-1.567065728635924082e-01,-4.444605725612903457e-01
-4.127993728977637916e-02,-4.888696456802526513e-01
-5.196316026306696534e-02,-1.440176816040991958e-01
1.422371829968027170e-02,-1.697898396431490875e-02
-5.905351067971780221e-01,1.665366010143588094e+00
-1.237308975326977811e-01,2.959952451503159665e+00
6.135613659711852685e-01,3.651499387417650233e+00
1.794314127448856766e+00,3.271195812057063890e+00
2.204874971608916212e+00,2.610381493396907171e+00
1.714955994320251254e+00,1.373010072087416544e+00
1.082108033683196080e+00,1.559655232518064871e-01
3.090381908970308289e-01,-7.585798648717687609e-01
1.851380109213611180e-01,-9.074488204406664371e-01
-9.761369158142879643e-01,-9.487862339231442066e-01
-2.212968627821257694e+00,-6.007139725106240835e-01
-3.137642304107099989e+00,-7.107708189834469059e-02
-3.539071989115079919e+00,7.908177049679818715e-01
-3.292092876152258096e+00,1.891136959743074053e+00
-2.456677834561793006e+00,2.967735305760430986e+00
-2.077540822974462742e+00,4.983821385720787589e+00
-2.245121875772299713e+00,6.912744690888220411e+00
-2.954592278784069492e+00,8.718716802369030461e+00
-3.372958520078668254e+00,9.582940782761404819e+00
-3.622851960603234112e+00,9.135566226159193448e+00
-3.624134684188505151e+00,8.962448375133368117e+00
-3.654174844180324122e+00,8.959137634673481898e+00
-3.623158509545415740e+00,8.804744949962564959e+00
-2.976401248840765845e+00,6.796604254131325185e+00
-2.951302417798157940e+00,6.012598883566856678e+00
-2.802384512919023241e+00,5.469002118069294482e+00
-3.440241229758157271e+00,6.582027180279002465e+00
-3.505234616309769180e+00,6.284066181450176813e+00
-3.725531857936261293e+00,6.650668999832165085e+00
-3.696641509832255146e+00,6.914743371003212680e+00
-3.644522245933741633e+00,7.263664871471912754e+00
-3.184752839565514471e+00,5.684707252826599166e+00
-2.532346693266373183e+00,4.119557129697842157e+00
-1.724517742510950802e+00,2.769453294866945470e+00
-1.778162683281866219e+00,3.308222190765136794e+00
-1.778162683281866219e+00,3.308222190765136794e+00
-1.320530158343823590e+00,1.884875668900455103e+00
-3.367874762182948012e-01,4.633805376230992756e-01
2.090469711865381164e-01,-4.850379354810366306e-01
2.387271356215369122e-01,-8.599250415094061850e-01
5.108799454082764424e-02,-1.545053941938700159e+00
