7.505339990657756033e+00,1.617861625537038828e+00
4.574667157926996630e+00,6.738963297777585959e-01
1.166209362766321700e+00,5.940473086101143857e-02
-3.122874075597598664e-01,2.443859977019331164e-01
-6.147952988877768421e-01,-1.056738870661884239e-01
-1.080773122423277943e+00,-8.796128817391198895e-01
-7.111290729380652653e-01,-1.126689511650089681e+00
1.232331275209536781e+00,-4.682034280147412963e-01
1.436498847678960633e+00,-9.370434768029467509e-02
7.674389018508073756e-02,-5.313033258002980430e-01
-8.703969436734216858e-01,-7.310673204894022614e-01
-5.693081856898879467e-01,-1.713332110447400025e-01
3.616539394736372759e-01,3.539191433681008192e-01
3.637488953845569584e-01,4.177831149811766509e-01
-5.670435606503844150e-01,-1.022969375445197671e-01
-1.148150314143636441e+00,-1.330253901927355153e-01
-8.219875128540119480e-01,3.399103801976693373e-01
-2.627431369628495661e-01,1.207509093086032825e+00
-4.597926047372050823e-02,1.499532138242634094e+00
-3.016118556608768375e-01,5.034038804151795832e-01
-1.080773122423276389e+00,-8.796128817391223320e-01
-2.371902355070093726e+00,-1.625997739053426594e+00
-3.010338968828178086e+00,-1.631357519165541614e+00
-1.992200768669546207e+00,-5.947792551062602850e-01
-9.154880248140274679e-01,1.043275514779520158e-01
-9.462096709665076544e-01,2.524057357594782780e-01
-1.148323832762119245e+00,6.168378483875837093e-01
-1.058405230470503833e+00,8.266459833260553225e-01
-8.067280825107696618e-01,6.514431994327339881e-01
-5.797212648747116504e-01,3.886668938614616930e-01
-6.664009336844290976e-01,2.881601460217750321e-01
-6.831175807024296720e-01,6.714898693086863712e-01
-5.589508845901659806e-02,1.594186529451968148e+00
3.817244413661028402e-01,1.510821373679196888e+00
2.574860274770424673e-01,3.593416730092488520e-01
-2.212923666614993734e-01,-2.450874029600159931e-01
-1.917905764697448445e-01,4.322304669719517212e-01
-1.428874759311433706e-01,1.294431036396222479e-01
-4.947465804031034309e-01,-8.625722257134764426e-02
-9.604641290277636800e-01,1.236900225321401446e-02
-1.117535057701565471e+00,2.535899134291799695e-01
-6.556855614047940595e-01,4.043520572818698477e-01
-9.189618952377286154e-02,4.186532990843309099e-01
-2.238759479300674038e-02,4.972989056885541714e-01
-1.917905764697448445e-01,4.322304669719517212e-01
-5.913157921661365002e-01,1.878852213329557930e-01
-4.755316067568222671e-01,-9.981396390756627768e-02
-5.570947554426901593e-01,1.304721580567350103e-02
-7.495346226767488629e-01,1.741470949242566735e-01
-3.868016734425933634e-01,1.220846691251678898e-02
-1.319239247313171992e-01,5.176925983052303032e-02
-3.508314008123038508e-01,2.076871615678913263e-01
-3.167560362603233926e-01,1.409785961031946311e-01
-3.899134211585342236e-01,-1.657071369374131520e-01
-5.351792328307982682e-01,-3.312801305248066486e-01
-3.977907392735070546e-01,-5.041335900682053506e-01
-3.994065810259982974e-01,-5.293014484567141187e-01
-5.130279821771837057e-01,-8.843321601761001960e-02
-5.082651414016222668e-01,-8.775356583386210996e-02
-6.758324992442368284e-01,-1.911370741906845139e-01
-7.876395778130677039e-01,-1.225196125586197199e-01
-6.200272944205463821e-01,-2.794573230071489833e-01
-2.434094288190008781e-01,-5.172915832064457486e-01
2.256841212062958915e-02,-4.654339449266631790e-01
-2.654044710758655112e-01,1.390187092597393592e-01
-4.386189809835456810e-01,3.690135764991144818e-01
-5.749410246462968166e-01,3.818920996167433635e-01
-5.351670666533492327e-01,1.795611896209069469e-01
-5.645375514501632663e-01,1.714795640701214152e+00
-4.354292255566957204e-01,4.209902521405857634e+00
-1.733030250904636985e-02,5.137676316362004947e+00
2.175028616291845018e-01,4.265702870752639875e+00
6.608756542133181755e-02,2.422421754913535175e+00
2.056627714096246062e-01,1.069464968962003271e+00
6.561180731385284348e-01,6.109194085552082099e-01
9.482800135329587654e-01,9.075402348440415878e-02
4.185665641731877717e-01,5.736999123508645937e-02
-1.109282133269991338e-01,-3.660044290046800264e-02
2.424583318798780307e-01,-3.477883746045516977e-01
4.439915749838770909e-01,-2.833446271972553943e-01
1.985084790119481246e-01,2.730051059123162482e-01
-2.176626437368044675e-01,8.533396916481450489e-01
-3.095838306061362011e-01,1.275788122841808869e+00
-3.281316964929137381e-01,8.994708736879578614e-01
-5.749410246462968166e-01,3.818920996167433635e-01
-5.230424327819450658e-01,8.910714495787762646e-01
-3.095838306061362011e-01,1.275788122841808869e+00
-1.062949590548877415e-01,6.509021313013598764e-01
-2.595642560119455489e-01,-1.157499504064069505e-02
-4.685362267536774539e-01,1.776968537363629586e-01
-5.117576494514706198e-01,2.576556030283726484e-01
-6.905150206129834212e-01,8.805022194344322428e-02
-4.370887953173752671e-01,-2.505993809957343110e-01
4.872637703652672042e-02,-3.463143249187145001e-01
4.264934971837833905e-02,-1.507855228574978279e-01
-2.396304699269027894e-01,3.983015398894418357e-01
-5.664811232559465726e-01,6.347992945405440679e-01
-9.232071097785776725e-01,-2.971737358720526467e-01
-1.361620108729161283e+00,-9.510008468915424062e-01
-1.527210461966815869e+00,-1.043759541896710719e+00
-1.082477373743058413e+00,-7.897518677552141098e-01
-4.461014188030449357e-01,-7.106189213119304959e-01
2.992340600081295002e-02,-6.227087821050071303e-01
-1.340125162819784943e-01,-2.165076651943798614e-01
-5.117576494514706198e-01,2.576556030283726484e-01
-7.051785175383941118e-01,-6.092173184129008601e-02
-4.236116691324698924e-01,-9.029062206272732427e-02
-5.912319819865646808e-02,1.078564389072366458e-01
-6.004093654333770430e-02,6.101208515735943860e-02
-2.425219584652723304e-01,1.932429171611382557e-01
-2.414548614420634343e-01,2.477110242531848361e-01
-5.912319819865646808e-02,1.078564389072366458e-01
-6.004093654333770430e-02,6.101208515735943860e-02
-2.981741821921489177e-01,3.378291832899801839e-01
-5.023749926813748656e-01,5.233843821707165889e-01
-2.272305824426810728e-01,1.749014711856741178e-01
-6.876597853468888188e-02,4.924717494090805059e-02
-1.170047863180993276e-02,2.917912469412793988e-02
6.798031789613924111e-03,1.852609594160503637e-01
-1.175957089526918908e-02,6.495685214714518319e-01
-1.125947414246434297e-01,7.024888026513793626e-01
-6.450504875582692144e-01,4.928436269967073624e-01
-1.438154004414662346e+00,1.165022585694591578e-01
-1.694483253979665260e+00,-4.233334485026095106e-01
-1.625516803891199569e+00,-8.317500794007975928e-01
-1.060165702864586779e+00,-5.183972384882176154e-01
-1.440417634666315283e-01,-1.729271535645045821e-01
-2.564443141161995565e-01,-8.041980829257193431e-02
-2.635380816453955166e+00,2.114878820018400440e-01
-4.895770225909591211e+00,1.112676348504016838e-01
-5.003433782561610421e+00,-3.009867887062556702e-01
-3.104868101699616467e+00,-6.060790932195572189e-01
-1.625516803891199569e+00,-8.317500794007975928e-01
-1.105719992260384421e+00,-5.588834008068300774e-01
-5.532063580817965232e-01,-3.146639577251518216e-01
-6.134600273299279927e-01,-1.634642582684997791e-01
-6.668260471510126797e-01,2.302590835214710918e-01
-4.380817066968796247e-01,2.626863675392671071e-01
-5.117576494514706198e-01,2.576556030283726484e-01
-1.290507249794197453e-01,-5.307114737273587179e-01
-3.204610385513122217e-02,-9.058504165228725702e-01
-6.134600273299279927e-01,-1.634642582684997791e-01
-7.959041349275637334e-01,1.074039209038164244e-01
-1.121930608108876459e+00,-3.750799057366819844e-01
-1.218794111828887639e+00,-2.423819133738740472e-01
-7.681787544176087446e-01,3.773567222679666822e-01
-3.916235135434126269e-01,6.036366204238919897e-01
-4.307319784332327983e-01,9.568114317344559305e-01
-8.695089584603176158e-01,1.162079949784312838e+00
-9.627369384355278781e-01,8.254226649125079307e-01
-5.733499275871386525e-01,3.838238923050831808e-01
3.357063261384771874e-02,3.306193806856685402e-01
-9.521385393872922043e-02,1.739778199487886090e-02
3.453182252837872640e-02,-6.502947045886567912e-01
2.556327846115616920e-01,-1.034900733174692222e+00
-3.204610385513122217e-02,-9.058504165228725702e-01
-5.669849272656553030e-01,-2.638154458230348443e-01
-7.423818246957708533e-01,-1.896282112995589103e-02
-8.541987488111620064e-02,1.061866368658315851e+00
1.036902129259163141e+00,2.312419687430945725e+00
1.520085984884521624e+00,2.300604065834026102e+00
1.009185763324709439e+00,1.033353784769446504e+00
2.363328409738871261e-01,-6.507403144385867644e-02
2.363328409738871261e-01,-6.507403144385867644e-02
2.458059439051692718e-01,-2.549188200241454538e-01
-2.001379546305171453e-01,-5.753133845586450024e-01
1.951464233071772969e-01,-1.520510025218458315e-02
1.150978931885710682e-01,4.036234930634488016e-01
-6.564480355361078656e-01,2.529544153944554008e-01
-6.905150206129834212e-01,8.805022194344322428e-02
5.068446864138938246e-02,1.522903719194252659e-01
2.567187181218131831e-01,4.393503934762183483e-01
2.602625966144231362e-02,4.865763036534155872e-01
-1.567549441211193648e-02,2.096620926261200391e-01
-1.282869926609079281e-01,3.405620286089736659e-01
-1.471198420767835628e-02,3.302719914504854137e-01
5.075435916153695631e-02,-8.522045583840587302e-02
-1.777652977865510076e-01,-3.367538185010830465e-01
-5.187999662751667795e-01,-1.446872687273948466e-01
-7.742772693494696101e-01,2.824765528098445722e-01
-7.717411603774547713e-01,4.246388844768770321e-01
-6.434730109664771325e-01,2.969950580196767942e-01
-2.496177747050417339e-01,1.653326110214972389e-01
2.234416821178660251e-01,2.096367088346291208e-01
1.323609447196187339e-01,3.075021945076670260e-01
-1.827500096612924285e-01,3.672893563312611409e-01
-4.297267151239962946e-01,-7.562098079114379368e-02
-4.068116867293123384e-01,-4.250921058400896069e-01
-3.865025508709454827e-01,-2.974828020775510673e-01
-3.596040194238624421e-01,-5.304632413519863414e-03
-4.059040871790530192e-01,1.837958831179674624e-01
-4.903688867060058132e-01,2.574580063609827607e-01
-1.969552633291479782e-01,3.066863858500955553e-01
1.041011925657687465e-01,2.308997740918077024e-01
5.698951841037044330e-01,-2.237731750451626977e-02
7.008961856244801947e-01,-3.303056699114965272e-02
3.809259640529843449e-01,-7.349929854506888349e-02
2.510020787073362625e-01,-2.204045642256750315e-01
7.532579093790901792e-02,-1.498406307574463303e-01
-4.212789234197277799e-01,-8.399066787222979336e-02
-3.002051017687836776e-01,3.601894906564897525e-01
1.694247299319732170e-01,3.501114686424784961e-01
2.457059781804521448e-01,-1.754243387870859927e-01
4.408175514796070504e-01,-4.348214240088279503e-01
2.972693897604289925e-01,-3.792752792361450132e-01
-8.707561139855191090e-02,-8.749949423060905673e-03
1.128371116225811710e-01,6.459785742785618678e-01
-2.133965026825344335e-01,3.495910549366305076e-01
-6.665882772602131912e-01,-2.651206234587674682e-02
-6.994068411232965410e-01,7.197466938453023211e-02
-5.698224292239583155e-01,-2.328560365651423658e-01
-2.166535231692839625e-01,-3.581472134752815561e-01
-8.707561139855191090e-02,-8.749949423060905673e-03
-2.788035398156825662e-01,3.313322091020359239e-01
-1.849099082395264659e-01,3.589343818327760394e-01
1.523687007164007401e-01,1.662849066874913240e-01
2.457059781804521448e-01,-1.754243387870859927e-01
4.408175514796070504e-01,-4.348214240088279503e-01
8.683588109419532186e-01,-3.450358512766132923e-01
7.016856771738633203e-01,-2.465302746184040716e-01
1.186432852512010472e-01,-2.151217249299363365e-01
1.002089734858825354e-01,-3.669220081491959135e-02
2.023371187232393953e-01,8.752253622083384921e-02
1.241379615567213685e-01,4.437046562906615255e-01
-2.002244406425100487e-01,9.585483851704258429e-01
-3.454391547958045039e-01,8.399160593907484262e-01
1.685242205597092813e-01,2.677791000357488405e-01
7.558675521500600736e-01,-4.356908767040561237e-02
6.209123604980222311e-01,-1.792314316954040920e-01
7.532579093790901792e-02,-1.498406307574463303e-01
-4.212789234197277799e-01,-8.399066787222979336e-02
-4.423404901127949707e-01,2.440728023913621980e-01
1.685242205597092813e-01,2.677791000357488405e-01
5.412102917560392967e-01,-3.814464753418949639e-01
3.751073452328181346e-01,-7.132482448725462332e-01
8.192856526908171011e-02,-3.804445641726133531e-01
-4.212789234197277799e-01,-8.399066787222979336e-02
-2.718777600822150919e-01,-2.540119360222252709e-01
3.732266935243861994e-01,-2.930842378550518879e-01
3.975533403723879311e-01,-1.789764930969482692e-01
-1.362433430194583961e-01,5.284248595986602154e-02
-2.152195839504959796e-02,-4.169335380879659603e-01
9.895818524366264968e-02,-8.314312062914412937e-01
-1.865113801104809066e-01,-2.374390744304156198e-01
-4.146768594325795365e-01,5.386465882626702006e-01
-4.172464856225904239e-01,6.234965184651447556e-01
-3.670130574247876809e-01,3.969946668564401926e-01
-2.092045137222117435e-01,8.513496967814837557e-02
-1.534065738635285135e-02,-1.755174153181586483e-01
-6.464704995045281177e-02,-3.121302659436924753e-01
-9.034530608324759307e-03,-1.480116986873186991e-01
1.230629416403757753e-01,1.154872929072263549e-01
1.035607998599823998e-01,2.520380089394674838e-01
5.772420499152686180e-02,1.253796304874542078e-01
2.137273528189870611e-02,-7.120365158126684690e-02
2.141822326634061358e-01,-2.634247744264868740e-01
4.439915749838770909e-01,-2.833446271972553943e-01
3.957847541209729147e-01,-8.960976174911380876e-02
1.797302658781622653e-01,-6.080504654287374744e-02
-2.922343369330970483e-02,-3.520334656637037762e-02
-3.095764689143500337e-01,-5.872213579370288983e-01
-6.813961484473990415e-01,-1.150070623721431762e+00
-3.548616130514529732e-01,-1.107445999976115258e+00
6.212479586025345529e-02,-5.387008345643188312e-01
4.558225386844481641e-01,-1.207242858098654947e-01
9.251276653865735389e-01,-3.898210146342927507e-01
9.251276653865735389e-01,-3.898210146342927507e-01
4.246828238558422175e-01,2.146726129462981913e-01
-2.178499443318430290e-02,6.919709583699122923e-01
3.713693208105758869e-02,5.494559053999538145e-01
1.088875578929899557e-01,-1.752797186803620177e-01
2.851781118717642283e-01,-5.706998160028302625e-01
4.115427510083626839e-01,-4.792141476533788857e-01
3.525802865824980703e-01,-4.099359440739551719e-01
-1.879902440625083049e-01,-5.418717113094552451e-02
-4.597250582893832038e-01,3.126542468725489465e-01
-1.980672966031149784e-01,5.251292149459958480e-01
-2.178499443318430290e-02,6.919709583699122923e-01
3.713693208105758869e-02,5.494559053999538145e-01
2.491436347966018428e-01,1.417680616013624606e-01
-1.365285785405478403e-01,1.684955692057835408e-01
-6.434730109664771325e-01,2.969950580196767942e-01
-5.344156365120876773e-01,1.636578393907591744e-01
-1.027357136665762449e-01,-4.646066990566975474e-01
-2.465356351900618859e-01,-4.205614011376687111e-01
-5.910584079274425751e-01,3.981659324928720212e-01
-3.169800717577714866e-01,6.207268278852969834e-01
-2.178499443318430290e-02,6.919709583699122923e-01
4.822383932527676831e-02,7.129327136471705906e-01
5.635139511667970960e-03,1.057773425930067290e+00
1.648701964243032888e-03,7.227387973451652181e-01
2.137273528189870611e-02,-7.120365158126684690e-02
-1.591464023621371460e-01,-1.617599891866219539e-02
-2.993417389760188452e-01,6.712775892524838750e-02
6.477519048596942497e-01,1.319598336074169209e-01
9.566069356949169489e-01,4.830041739168981496e-01
8.751269554531185269e-02,9.876446437763212183e-01
-7.788537174385056217e-01,7.849461541981469503e-01
-7.118238247543074992e-01,2.816391198256509298e-01
-4.380817066968796247e-01,2.626863675392671071e-01
-4.380817066968796247e-01,2.626863675392671071e-01
-2.950496104326129077e-01,-1.240250008279787514e-01
-1.502146557313122632e-01,-2.544004402201612280e-01
-2.499878011350768203e-01,-3.746016859515714503e-01
-3.872209034689634288e-01,-4.491727794274515961e-01
-2.577910383715559806e-01,8.084224929618606670e-02
-2.178499443318430290e-02,6.919709583699122923e-01
-4.580183396319297690e-02,4.947212111162558879e-01
-5.963314478998433393e-02,3.062065699398324736e-01
-3.883684396286998797e-02,4.589409498262684850e-01
-2.178499443318430290e-02,6.919709583699122923e-01
-1.183397613993380781e-01,5.248994375834098447e-01
-3.047753701750920419e-01,3.622609056105373648e-01
-2.524852702418057815e-01,-6.947957285012133777e-02
3.609028410038723350e-02,-5.014126265071606747e-01
5.985084871104725535e-01,-6.494424782422693054e-01
4.023571681730194749e-01,-5.538691264053187124e-01
-4.410051940994930142e-01,-1.646240908815777282e-01
3.131474888623226871e-01,-1.390341081399451673e+00
2.203337129061790023e+00,-3.586805413965286515e+00
6.593662511462330400e+00,-6.115971096089483083e+00
1.167798707079121634e+01,-7.989741519361712285e+00
1.431736404330220580e+01,-7.498878668637225076e+00
1.380071043611718906e+01,-5.287524358359554810e+00
1.101107408501535012e+01,-2.854449328466660329e+00
7.169217286363283037e+00,-1.146000050163307860e+00
3.403189665914551298e+00,-2.269110070836048987e-01
1.223761440639953513e+00,-2.444241247065160605e-01
5.694635622258283902e-01,-7.674184407423692011e-01
-2.680061976555059636e-02,-6.574664838359886021e-01
-3.223159489270528422e-01,-6.673367548716757636e-01
9.642532503307542635e-01,-2.737297616621099383e+00
2.003761986000694328e+00,-5.481757116758411819e+00
1.616308037163701528e+00,-7.756841145060101361e+00
1.797593303508827178e+00,-8.518286088750421925e+00
2.527436706171168446e+00,-7.274918610055395085e+00
2.463086118166446958e+00,-5.309494916056248570e+00
1.810174592727055609e+00,-2.922328270103779602e+00
9.993353936474274057e-01,-1.127230942172735784e+00
2.510020787073362625e-01,-2.204045642256750315e-01
7.532579093790901792e-02,-1.498406307574463303e-01
-7.137787198207387607e-02,-2.125567801608197194e-01
1.294726395243407657e-01,3.673505320595583656e-01
3.311744929011623539e-01,8.159331419248581074e-01
5.128112865045894031e-01,5.336641692386838720e-01
2.866863763732168668e-01,2.035599582423165965e-01
-2.372742448543510574e-01,1.297014587409700548e-01
-2.899563937489282317e-01,4.307580858465525631e-01
-1.021799679891897822e-01,8.584892180580594445e-01
-1.654590945288342552e-01,8.791150030199834653e-01
-1.151582762835871437e-01,3.387080216400653598e-01
1.286144384216461080e-02,1.004237059273578314e-01
-5.815477975753341466e-02,5.669370023767293931e-01
6.161044515031732088e-02,9.083624232196054749e-01
7.481728342238062879e-02,7.017279018079080055e-01
1.808888341196574490e-01,2.141301848705438327e-01
5.068446864138938246e-02,1.522903719194252659e-01
-5.117576494514706198e-01,2.576556030283726484e-01
-5.026079550940060203e-01,-6.941594440419168732e-02
-4.085235220656016630e-01,-4.122265590631918331e-01
-4.407821594776835106e-01,8.010811619240283676e-02
-4.181982314349963481e-01,1.175956249351994970e-01
-3.977907392735070546e-01,-5.041335900682053506e-01
-3.994065810259982974e-01,-5.293014484567141187e-01
-3.350966912321442503e-01,-4.249184297703446911e-02
-4.299980710232821912e-01,3.189930776649503863e-01
-3.167560362603233926e-01,1.409785961031946311e-01
-1.981271415669809410e-01,-9.921941187175553623e-02
-1.981271415669809410e-01,-9.921941187175553623e-02
8.146660915733715215e-04,2.055392407172877134e-01
-2.762978608782077836e-02,7.546888855839147814e-01
1.346379130752962394e-01,7.906858386679382900e-01
3.490807038519701533e-01,2.974836344463903659e-01
5.053838798123028858e-02,-2.247971743647573239e-01
-6.841029835107221846e-01,-4.476670341051695590e-01
-1.443430188357218258e+00,-7.434466668718519022e-01
-1.625516803891199569e+00,-8.317500794007975928e-01
-1.211997737167716860e+00,-5.246912231921284642e-01
-8.295561221087176529e-01,-1.298422656794604724e-01
-8.331813378716297347e-01,-5.460993122148103535e-02
-6.261301611217618968e-01,-5.222090141429001076e-01
-3.532193759414928858e-01,-7.921930453026073682e-01
-1.532607116336413278e-01,-4.711047217653797636e-01
-2.866855980886618971e-01,-3.913397208611065214e-01
-1.033443863897298698e+00,-5.414471884049472106e-01
-1.362928648720538760e+00,-6.172593224197527872e-01
-9.556476674278311378e-01,-4.684161048256392790e-01
-6.108691796339036362e-01,-6.620265967537612983e-01
-3.532193759414928858e-01,-7.921930453026073682e-01
-2.128170365646868956e-01,-5.134535150097125911e-01
-1.438068598450436830e-01,-2.226344485031207798e-01
1.037383706739451183e-01,9.118234704379317435e-02
2.827580275837087154e-01,3.160784632351107959e-01
-6.942798051563865425e-01,-1.078608180337290584e-01
-9.172194112964422441e-01,-1.089945895326099867e-01
-2.268398009038968266e-01,6.308807543537833795e-02
-5.900143107579954860e-01,-3.953898428721513980e-01
-6.108691796339036362e-01,-6.620265967537612983e-01
-2.834386431336429202e-01,-6.873081635827925640e-01
-1.438068598450436830e-01,-2.226344485031207798e-01
-4.333629606716762894e-01,4.292381824698794368e-01
-1.175519550974117644e+00,4.816906431154124313e-01
-1.223452575400466369e+00,1.741051370827274014e-01
-8.726559838418009030e-02,5.025664147742933130e-01
-1.585474963486266722e-02,5.107257213614969649e-01
-5.024028132340842001e-01,6.478599837748817425e-01
-1.348432736571220369e-01,1.230518948200933105e+00
1.050645659421853700e-01,1.416227792701279631e+00
-4.988401747046450896e-01,7.562445968265849583e-01
-8.328708751397457810e-01,6.619945929786977823e-01
-1.369273257572043434e+00,1.115236962099749096e+00
-2.175413174948872985e+00,8.239712091759680002e-01
-1.665677244769171450e+00,3.165500773313326688e-01
-6.868104787514263121e-01,-4.509702795375230000e-01
-2.159458872009600849e-01,-5.796343417569328471e-01
-3.581514453286840233e-02,-1.940630393925621144e-01
3.737823143606419096e-01,-3.432660381870293598e-02
7.620541439466298472e-01,-1.097756868531353375e-01
9.952395680752573748e-01,-3.672891370174991010e-02
6.320454100158557909e-01,1.512556489094879497e-01
-2.449074743939256074e-02,2.697875671848644630e-01
-7.781888993325790649e-01,1.331593799170633641e-01
-2.659722596872675024e-02,-9.180473162195046388e-02
4.911751581600705130e-01,-8.867392189099156941e-01
-2.242023441982070875e-01,-1.240774831487871488e+00
-3.532193759414928858e-01,-7.921930453026073682e-01
-1.080174968535760338e-01,-3.640791879100622186e-01
-1.948507181826618362e-01,2.651633213640370301e-01
-1.819297756433520957e-02,6.486366415684376996e-01
1.349220097752893699e-01,4.948585953912801871e-01
5.421282904869478836e-02,2.080761637276739850e-01
1.321997626730785358e-01,2.466338189891648103e-01
-1.761139048064606916e-01,5.222292732662227044e-01
-4.475616454151065682e-01,5.962304305177433816e-01
-5.364018515606978621e-01,4.653911884348634342e-01
-3.684086422958720575e-01,1.938458374898585912e-01
-1.486051959501635267e-01,3.863347392296346411e-02
-2.380087995779890109e-01,1.418027245601700403e-01
-2.380087995779890109e-01,1.418027245601700403e-01
8.146660915733715215e-04,2.055392407172877134e-01
-2.522648861039337165e-01,8.802860244769185050e-01
-2.192423583122731778e-01,5.676425247729202095e-01
2.268192726209977694e-02,-3.984276138181622184e-01
-7.970542902824892528e-02,-6.100936814115694995e-01
-4.467802560242354337e-01,-7.442385154095894073e-01
-1.080321779063993182e+00,-9.025041521816824508e-01
-1.521662574461035478e+00,-9.157270064388106645e-01
-1.196089252592795971e+00,-9.474465508947185199e-01
-5.271344691483184075e-01,-6.515339650550727724e-01
-1.141766587407577471e-01,-3.475348894828118040e-01
-4.450800127292349195e-01,-6.705066069679240792e-01
-7.813477769186631949e-01,-1.105123013825848544e+00
-1.131107594522855919e+00,-1.078146995528692642e+00
-1.050070698844000061e+00,-3.844075296362364780e-01
-1.668933754251152035e-01,5.220607803270181924e-01
-8.416453046413361824e-03,3.190272970664144725e-01
-6.036577530412626791e-01,-3.853541999113846983e-01
-7.664315260172193112e-01,-2.458866712589923009e-01
-6.025048749361089362e-01,-1.550480460162459266e-02
-5.117576494514706198e-01,2.576556030283726484e-01
-5.749410246462968166e-01,3.818920996167433635e-01
-4.547467827412534497e-02,-5.515195028070803973e-01
-3.204610385513122217e-02,-9.058504165228725702e-01
-2.141261964900172399e-01,-3.841289708395100311e-01
8.151499501112452473e-02,-5.639226041806401357e-02
3.137976225766441196e-01,1.582022501393606437e-02
4.439915749838770909e-01,-2.833446271972553943e-01
1.970826993867846599e-01,-3.685206254922225866e-01
-3.643179658117293163e-01,-8.128836440073823610e-02
-3.433593126102709725e-01,1.293286837718979343e-01
2.437595535862068785e-01,2.571549926413910225e-01
3.028743174322511694e-02,1.504532410896118888e-01
-4.734025455213610178e-01,-2.569922577393055629e-01
-6.134600273299279927e-01,-1.634642582684997791e-01
-6.668260471510126797e-01,2.302590835214710918e-01
-6.328749277854195388e-01,1.255400522735245772e-01
-6.906861533785233487e-01,1.258705489865494798e-01
-9.901819137338431498e-02,-4.864214815341863507e-01
4.379361539698294337e-01,-1.068386251797690978e+00
6.031759854848417479e-01,-1.015332852868600311e+00
4.586277608335000422e-01,-7.901206929776343202e-01
1.325122828418730525e-01,-2.693587595668865964e-01
-9.482140014328670208e-02,2.174342280315958165e-01
-9.482140014328670208e-02,2.174342280315958165e-01
-9.482140014328670208e-02,2.174342280315958165e-01
-3.565834686039786594e-01,3.243282930744750270e-01
-2.404324499321385256e-01,3.453747708288215645e-01
1.641474976316655357e-02,2.404958820491029658e-01
2.417030899198188143e-01,2.939663277871171210e-01
1.951450780922455164e-01,9.986946282224489213e-01
1.558477330091972701e-01,1.601504848559485383e+00
2.403817885834057255e-01,1.459012544133858835e+00
8.475599400421300611e-02,8.381937820343083878e-01
-4.318958853483703675e-02,2.379446965576758055e-01
-4.289271653370231308e-01,1.430684134469154822e-01
-1.031868622938447277e+00,-2.543895970694177167e-01
-1.279396676527034815e+00,-4.707986498833779399e-01
-1.242645247105431006e+00,2.092696460734710939e-01
-1.205646700188007348e+00,5.603533253358782273e-01
-1.232303809577916187e+00,4.685363753589912375e-03
-1.242645247105431006e+00,2.092696460734710939e-01
-8.651378799077342752e-01,8.203797162270718424e-01
-5.664811232559465726e-01,6.347992945405440679e-01
-5.180406726477160273e-01,2.596943319757639701e-01
-2.783293839929590341e-01,5.055675319731361972e-02
-2.776253052499068064e-01,2.275370011409526827e-01
-2.903877675573888761e-01,4.805575203641355153e-01
1.300006261740796198e-01,-1.219396443308032492e-02
2.074270766358432549e-01,-5.968891780578448047e-01
4.286176314141865729e-01,-1.692676269576664172e+00
5.449886893730288007e-01,-2.929199699763492593e+00
2.752431137912233483e-01,-3.111203769235777017e+00
2.164091825442124306e-01,-2.130031383361165709e+00
5.293149740561561289e-01,-1.889595261348803845e+00
9.249736596448345782e-01,-2.299196955903791029e+00
1.146180640456499589e+00,-1.485067946419769136e+00
8.858096006647698806e-01,-4.393141540613273999e-01
3.206421180488727707e-01,-8.630804740844702505e-02
2.940525071777557176e-01,-3.910045167264388777e-01
6.042029466204622556e-01,-5.636394633813418542e-01
4.009127038077232030e-01,-3.501170010999608007e-01
1.838048903943525214e-01,-6.669551766343976285e-01
1.160236913227285172e+00,-2.280232194294106840e+00
2.595612787866337534e+00,-3.751631663367269720e+00
1.921612274251379926e+00,-2.701953029977770537e+00
-2.829458178830439041e-01,-4.810271457371974591e-01
-2.471320154902785782e-01,-6.873468418586532458e-01
2.318424757700550953e-01,-1.491271317897374882e+00
3.329699022804832320e-01,-2.051784173409649803e+00
2.625418248705040369e-01,-1.510060545689007494e+00
3.403983347059181819e-01,-4.469317147708388727e-01
3.828069068415935750e-01,2.811935459528948078e-01
-7.816434005801341234e-02,6.070872584890448787e-01
-3.190160320195322141e-01,6.006998339873614867e-01
-2.709555757861616468e-02,9.714181071414676460e-02
1.522221920166751986e-02,-4.898604456237652394e-01
9.212722674585530069e-02,-8.307624612993653734e-01
-5.286613208718445728e-02,-5.894541036290672498e-01
-1.263526050444195026e-01,-1.772367895551864303e-01
1.838048903943525214e-01,-6.669551766343976285e-01
4.377571933929399473e-01,-6.079988857071039199e-01
4.301812263876062525e-01,2.077291358830640200e-01
1.012417681290072174e-01,5.840426197139453324e-01
-1.339533516126402812e+00,9.272888404744636937e-01
-3.219315662917610066e+00,1.330744619191318590e+00
-4.151044895597101103e+00,1.302599502770529050e+00
-3.394583041228549369e+00,8.711622726644693282e-01
-1.568832189872512162e+00,2.536159598765699852e-01
-5.580871797198828921e-02,-2.659294893315290453e-01
2.628900515273966954e-01,-8.176700534789937969e-01
3.184737937653931428e-01,-1.680569807441486097e+00
3.329699022804832320e-01,-2.051784173409649803e+00
2.625418248705040369e-01,-1.510060545689007494e+00
4.656252945488331685e-02,-2.168342467334140322e-01
-1.723454335201462032e-02,3.030674075437009285e-02
7.346691118282923372e-02,-4.216157395288437360e-01
4.784964508380739473e-02,-2.218450122538731251e-01
4.155021847863046153e-02,1.097847540461923121e-01
4.928579935244887245e-01,5.937444484230748332e-01
9.308516627080480887e-01,3.083537541049803932e-01
3.454934229890506692e-01,-1.284291038294809173e-01
-3.550614104047603026e-01,-2.785647669344130106e-01
3.622455767498778539e-02,-2.260539102620355567e-01
5.078758477913249969e-01,1.245018763344200446e-01
4.669959219153621000e-01,1.008344517338047419e+00
2.403817885834057255e-01,1.459012544133858835e+00
8.475599400421300611e-02,8.381937820343083878e-01
8.407442864743314148e-02,-2.278914235539194338e-02
2.628900515273966954e-01,-8.176700534789937969e-01
3.184737937653931428e-01,-1.680569807441486097e+00
3.329699022804832320e-01,-2.051784173409649803e+00
3.342718055870524951e-01,-1.588078168685736813e+00
5.317864812736270430e-01,-6.550770621472388200e-01
1.068336199497004424e+00,2.069325627836253179e-01
1.123545102686406727e+00,6.037622409119498545e-01
4.483400958068131104e-01,1.140920955093360112e+00
-4.756035350976011711e-01,1.911330637118406672e+00
-1.227577390445737660e+00,2.303447717338692691e+00
-1.368774351225834573e+00,2.089187457366777689e+00
-8.708703951128567988e-01,1.241941052922458599e+00
-4.589275821576178638e-01,5.042015398980773666e-01
-1.445049228683673026e-01,5.478830323441765682e-01
-3.859681167033586838e-03,7.721178290435922742e-01
-2.028801188427789837e-01,6.820647257524197205e-01
-2.833980939284202472e-01,3.150025623677709108e-01
-1.321461302978101660e-01,3.109857010876512229e-01
-2.765015869655574332e-01,-3.713073449952717930e-01
-4.962811626596137504e-01,-1.043536612145068654e+00
-4.724634262982280175e-01,-8.752476391082606444e-01
-1.075909784508636696e-01,-6.321712521377903515e-01
4.265105540584986782e-02,-1.096425506193643207e+00
-4.321017174625377960e-02,-1.700116980956884793e+00
-2.473830905180939843e-01,-1.476930081454539412e+00
-4.489232578075842972e-01,-4.624909140838487920e-01
-4.386189809835456810e-01,3.690135764991144818e-01
-2.355516027890827424e-01,1.133868865422741484e-01
2.253014453024389067e-03,-4.255847574966482166e-02
2.242354417563807989e-01,7.997911251813429045e-02
5.499540834123772121e-02,2.475332804219635696e-01
-3.775408342144808693e-01,5.134927820901751261e-01
-3.207213444900903210e-01,4.633338694833759042e-01
-2.568648871940126810e-01,5.456589686065074218e-01
-1.103452042375166336e-01,6.345818507653688823e-01
-3.507030514782344399e-01,2.430411369544944467e-01
-7.897749862225257322e-01,-5.993706968890884224e-02
-8.209900329241294203e-01,-1.078849240439107987e-01
-7.070374750198614722e-01,1.936902137459861270e-02
-7.795458674550073130e-01,1.582016074256502869e-01
-8.461082638063186501e-01,2.557085172866129241e-01
-7.873015951871126239e-01,4.378374118603719500e-01
-6.289419905959635626e-01,5.346118686685955579e-01
-3.445850362282893986e-01,3.367464818086614020e-01
3.357063261384771874e-02,3.306193806856685402e-01
6.167188902650820939e-03,6.040583581280910552e-01
-9.295432504889609981e-02,6.660686325120975804e-01
-2.685459744485087508e-01,5.162330571185438366e-01
-5.230424327819450658e-01,8.910714495787762646e-01
-2.928190453358492928e-01,6.737858251708658264e-01
-6.019984348962967857e-01,3.346875289292307043e-01
-5.512004069826685893e-01,3.339901593395593893e-01
3.528549276037674653e-01,1.965442387380684705e-02
5.676892823838242119e-01,-1.739818322866423517e-01
-1.392268270203029235e-01,-6.567570164432880164e-02
-7.636097293562951194e-01,1.948427548762241002e-01
-7.572972402324387176e-01,1.549478545767166426e-01
-4.734025455213610178e-01,-2.569922577393055629e-01
-6.134600273299279927e-01,-1.634642582684997791e-01
-4.110192526310836314e-01,2.131665349766264095e-01
-3.284123184648394256e-01,1.060662035995664759e-03
-2.434094288190008781e-01,-5.172915832064457486e-01
5.282140861930325476e-02,-5.549358112185073244e-01
-2.878799883541316787e-02,-2.900993118737625887e-01
-5.671207299872336183e-01,1.466569677240531222e-01
-9.103658643449840104e-01,1.135744948637337881e+00
-8.348494021829422351e-01,2.208577628496224410e+00
-7.127422808383901964e-01,2.488695972304407533e+00
-5.710375159154563729e-01,1.873274861513904765e+00
-5.351347718976768864e-01,6.919341351837121623e-01
-4.734025455213610178e-01,-2.569922577393055629e-01
-3.876867561252153593e-01,-4.711601683696715615e-01
-2.365700861520721177e-01,2.124621943353844633e-01
6.658166406661564229e-01,4.211141014541385785e-01
1.246743751673728973e+00,3.246871108498847625e-03
1.040874774569263472e+00,-2.280021522345229423e-01
4.394807799781312307e-01,-9.286714841716828817e-01
-5.978300403334488866e-01,-1.210921472824371792e+00
-9.507281981324757769e-01,-1.041398115580767891e+00
-5.506640221366205790e-01,-1.347118558603621619e+00
1.688238064223523405e-01,-2.268667589311807564e+00
7.658956079695460328e-01,-3.109733241647366420e+00
1.080940375879445803e+00,-2.750244606060332941e+00
6.422886766720683482e-01,-1.503601559628037654e+00
3.397004714618624410e-01,-1.668830149097643711e-01
8.397292729870391437e-01,6.912559957465090887e-01
7.006833030409117535e-01,8.132361612779364091e-01
1.049581343778723808e-01,2.480204620941292293e-01
7.660106735300086234e-01,-1.697219486485005424e+00
2.193899572320531011e+00,-4.113042085874996978e+00
2.794456220274800895e+00,-4.980142231722849644e+00
2.194017635633775942e+00,-4.113012342512593733e+00
7.150562247657086257e-01,-1.989629617857638477e+00
-1.637817307105185749e-01,-5.230207644923217103e-01
5.546390367304839669e-02,-3.561465431611846588e-01
1.907357568722624352e-02,2.924859197843442948e-01
-9.489776019295978471e-02,6.680380507791092715e-01
-2.300531261329463728e-01,3.577680534742359031e-01
-2.300531261329463728e-01,3.577680534742359031e-01
5.713651659996481502e-01,2.192620459645668873e-01
9.924306440988674982e-01,-8.683632335762000998e-02
9.926343830683259650e-01,-1.723580871217127441e-01
6.023832580304910866e-01,4.944733268726402287e-01
-1.695852905111175091e-01,1.671788571350808938e+00
-6.357431295381565928e-01,2.400806856973376480e+00
-5.946860424679351054e-01,1.750267688126737164e+00
-5.970079287650971456e-02,5.992058028330596864e-01
2.993335187364820626e-01,-1.766499866980045519e-01
-4.190464172544428045e-01,-6.628351979179648579e-01
-1.321451042582161506e+00,-4.343215987547216494e-01
-2.872193342157641549e+00,4.331434538010957014e-01
-3.859486319288992107e+00,7.963899498635811369e-01
-2.525973123970323364e+00,5.664289765767582807e-01
-8.285998754947313527e-01,3.573909059373438502e-01
-6.312525210653053831e-01,5.005235435781156816e-01
-8.137224831277863890e-01,5.585241572124461928e-01
-6.309675225042327140e-01,4.995714485929368953e-01
-4.163426182920734742e-01,4.001066767470834451e-01
-2.599889357535914436e-01,4.463326724402764123e-01
-1.025313834939364788e-01,6.405515290010824758e-01
-3.455963765290476775e-01,1.545789335162272904e+00
-7.065359263513255605e-01,2.071152529806761677e+00
-4.690787429805145514e-01,1.234453706648342530e+00
-1.860179140921924476e-02,5.042926862631731399e-01
-1.016503045416557172e-01,5.575067369058903655e-01
-1.160747299282790940e-01,6.810416362948767954e-01
-6.569085106250361905e-01,7.944527312400849750e-01
-8.651378799077342752e-01,8.203797162270718424e-01
-5.664811232559465726e-01,6.347992945405440679e-01
-3.122874075597585342e-01,2.443859977019321728e-01
1.762666639097794641e-01,1.523458621298942606e-01
4.841240133477856533e-01,5.501215854889469903e-02
3.188086783027569426e-01,1.357816500868865850e-01
-1.337746390373334149e-01,3.581786076088938620e-01
-2.543480920729138117e-01,4.832327393025336315e-01
2.707120577893380731e-02,3.990306347519163022e-01
-1.337746390373334149e-01,3.581786076088938620e-01
-2.543480920729138117e-01,4.832327393025336315e-01
2.579743840152633472e-01,6.162583151947245153e-01
3.809106952249013966e-01,5.733249658747184840e-01
1.664102237149238939e-01,3.156155766610578284e-01
-7.231255991597979049e-02,6.890724253790487808e-01
-5.244691357396652487e-01,8.957473058108119668e-01
-2.476669188436670110e-01,1.245973798823876377e+00
2.403817885834057255e-01,1.459012544133858835e+00
8.475599400421300611e-02,8.381937820343083878e-01
-8.634756374741645035e-02,3.127820762135743449e-01
-3.795990286494345389e-02,3.145543701451525842e-01
1.159090410499503537e-01,1.458036489835549121e-01
1.403674395798835094e-02,-1.733367055775675014e-01
-6.419545231907776428e-02,-4.505699391041549928e-01
-1.667324140872478988e-01,-4.241077972982623678e-02
-3.652370960726153415e-01,5.158029845653243628e-01
-2.283544226714182002e-01,6.741196166962427627e-01
-9.489776019295978471e-02,6.680380507791092715e-01
-3.056291313648785146e-01,9.018750822276271339e-01
-1.123481835918359734e-01,8.154287267470241574e-01
9.005648372858230388e-01,1.313835018948204814e-01
1.482968559283314169e+00,-1.629203675778598814e-01
9.502307879739849694e-01,9.369685769722192747e-02
1.491646926786151239e-01,4.698916840911278037e-01
-1.220974510758701670e-01,4.631091133416717631e-01
-3.161432995370943022e-01,4.451431594028187888e-01
-6.326711574354204615e-01,5.861558056853652943e-01
-6.539344503532251718e-01,6.568876692230704029e-01
-5.023749926813748656e-01,5.233843821707165889e-01
1.491269549672301006e-02,9.901621433107858639e-02
3.746305864416573650e-01,-8.752161773956958213e-02
3.746305864416573650e-01,-8.752161773956958213e-02
3.689057691743944933e-01,-2.441185276695949924e-01
3.414813288142684033e-01,-2.061797489605561862e-01
-2.771038550626259839e-02,-5.914632432556168884e-02
-3.733061285833244591e-01,-4.876462256648659843e-01
-3.616916485405567983e-01,-1.100546349035222526e+00
-5.190480200009984779e-01,-1.100066372635030820e+00
-6.788695438948075811e-01,-3.557344552135713323e-01
-5.910584079274425751e-01,3.981659324928720212e-01
-3.169800717577714866e-01,6.207268278852969834e-01
-2.178499443318430290e-02,6.919709583699122923e-01
3.713693208105758869e-02,5.494559053999538145e-01
-1.669246278296124819e-01,-5.954269034756272394e-02
-4.162151235003949123e-01,-9.246982844197177975e-01
-3.959557445218650495e-01,-1.469612567592064600e+00
-4.166727691206547624e-01,-1.250586620980054464e+00
-2.958381383921079300e-01,-8.688055850356511955e-01
-2.687510353880098735e-02,-1.091262310896035093e+00
-2.609068924694764591e-01,-1.195610417958118843e+00
-8.703969436734211307e-01,-7.310673204894022614e-01
-8.675584709597813360e-01,-7.777936562858137615e-01
-2.958381383921079300e-01,-8.688055850356511955e-01
-2.687510353880098735e-02,-1.091262310896035093e+00
-2.609068924694764591e-01,-1.195610417958118843e+00
-6.940737283054787543e-01,-9.457543548219961016e-01
-1.023274579406189932e+00,-7.503376716301145555e-01
-7.437475483902621365e-01,1.570481336308235942e-01
-1.772980579086702313e-01,9.949418961938343298e-01
-8.199754082289840594e-04,1.284601471623495028e+00
4.559791978726505240e-02,1.002610685551576841e+00
1.414509021420328090e-02,4.727412227319342519e-01
-3.610167918869538473e-01,-6.661394693635057651e-01
-8.703969436734211307e-01,-7.310673204894022614e-01
-1.271766376373089535e+00,-5.121413798525110694e-01
-1.271766376373089535e+00,-5.121413798525110694e-01
-7.817773696161052221e-01,-2.311194435207752085e-01
-7.092016829045073856e-02,1.660315897011523101e-01
1.176067114080251441e-01,4.920349167937415058e-01
-8.085836358141168523e-02,7.394419979946886823e-01
-2.556397221058246960e-01,1.046275657539154302e+00
-4.737514707395155122e-01,7.310921380180905871e-01
1.862533499193881059e-01,-2.501942834926858261e-02
6.466470953830161239e-01,7.685452422127453387e-02
5.577672093773250461e-01,-1.383913840583014254e-01
9.891255694247705343e-02,-9.734051421425267137e-01
1.330876802723301167e-01,-1.399997086873083108e+00
7.078596351545467513e-01,-9.893725791364876843e-01
1.459150198888369498e+00,-6.694534695099114696e-01
1.841411794492933574e+00,-6.921428289499169662e-01
1.251867000494780724e+00,-5.675041423029675292e-01
2.071798387675403974e-01,-4.796411475837714655e-01
-6.083852837545060677e-01,-4.840995995335600210e-01
-8.898222490054961131e-01,9.499660693501983666e-02
-2.348587528867867591e-01,4.749633973399746689e-01
1.990315235228147864e-02,5.042244840182666943e-01
1.414509021420328090e-02,4.727412227319342519e-01
3.357063261384771874e-02,3.306193806856685402e-01
4.266724408223280807e-01,1.180169831365304040e-01
7.166541738507468118e-01,-1.294326666636742007e-01
5.003983089845938093e-01,-2.329260472805165794e-01
-4.969944965226969630e-02,-4.445959556831011739e-01
-4.379785272402420548e-01,-9.572686272823058284e-02
-5.669105998244045042e-01,2.079360521642348025e-01
-5.479085716885189195e-01,5.517116933572604465e-01
-5.254381398582990137e-01,7.174571230629432916e-01
-8.568782031860122661e-01,2.286890280497791694e-01
-1.093747108610048313e+00,5.312883097375029062e-02
-8.884954200146779613e-01,-1.697081676768920078e-01
-6.540336328388256515e-01,-2.176908539622295358e-01
-6.321127160252677513e-01,-1.570792857747380922e-01
-3.936195824991870484e-01,-2.546276257212080063e-01
-9.577049619599972141e-01,-1.471745361584773371e-01
-1.088105997192158281e+00,-4.331164346927116604e-01
-4.168547718050286122e-01,-7.700518025024936097e-01
3.952114826799583702e-01,-2.851878814369587234e-01
1.040874774569263472e+00,-2.280021522345229423e-01
1.080154801985233171e+00,-2.716830224986634401e-01
5.616247215128958858e-01,8.019824207818838924e-02
1.368103212113751244e-01,-3.211485069902381140e-02
-4.969944965226969630e-02,-4.445959556831011739e-01
-4.379785272402420548e-01,-9.572686272823058284e-02
1.603455394653957311e-01,4.105420500409991819e-02
5.026405295217237779e-01,-1.385397599437555582e-01
2.898065766392260434e-01,-4.183792494387568728e-01
-1.382940812741199621e-01,-1.102418938190819597e+00
-4.424400159346612016e-01,-1.477448565187851726e+00
-1.543368467466296468e-01,-1.172602789730471384e+00
3.395060374571179374e-01,-5.481547931548063080e-01
7.903176063264316653e-01,-1.768921808090582193e-01
8.218669029115586167e-01,-2.900920718673406506e-01
3.531159234210463072e-01,-2.369506387135041359e-01
3.511810003077149855e-01,-5.163859727197344096e-01
2.767802693503872424e-01,-1.197162966894222969e+00
-2.242023441982070875e-01,-1.240774831487871488e+00
-3.532193759414928858e-01,-7.921930453026073682e-01
-4.216474557527857270e-01,-2.041635695489402158e-01
-5.253716702637512004e-01,4.942251065166845536e-01
-2.529440058620094356e-01,4.957278207712805251e-01
7.432005240165408255e-02,1.167804966330279748e-01
4.550934633837289134e-01,-3.269881943825183601e-01
8.218669029115586167e-01,-2.900920718673406506e-01
8.516805370788068652e-01,-5.836890346191714318e-01
2.767802693503872424e-01,-1.197162966894222969e+00
-3.091029914270101431e-01,-1.727740924322208160e+00
-4.422219504294384596e-01,-1.875372220502692366e+00
-7.630600437275344983e-02,-1.547402242046525433e+00
4.513067025313539093e-01,-7.658609304840133802e-01
4.550934633837289134e-01,-3.269881943825183601e-01
4.594645544327782827e-01,-6.119912063441362848e-01
2.767802693503872424e-01,-1.197162966894222969e+00
-3.739419791876476551e-01,-1.648684938200352113e+00
-5.672268660926128581e-01,-1.545285867680876724e+00
2.792209478389403796e-02,-1.095051173400025446e+00
1.528433424174700850e+00,-7.151628513514068919e-01
2.812716092299236692e+00,-4.228027404452472937e-01
3.011021014240010008e+00,-2.082780599973507729e-01
2.007851792256310386e+00,-1.591542847768761815e-01
8.683588109419532186e-01,-3.450358512766132923e-01
1.625963606283492846e-01,-1.803520367510409450e-01
-2.550458758153471561e-01,-1.689102582362876914e-01
5.786051193506425855e-02,-3.594985959688786759e-01
2.510020787073362625e-01,-2.204045642256750315e-01
7.532579093790901792e-02,-1.498406307574463303e-01
-7.137787198207387607e-02,-2.125567801608197194e-01
-8.707561139855191090e-02,-8.749949423060905673e-03
1.128371116225811710e-01,6.459785742785618678e-01
2.621932031089020398e+00,4.268936985586688770e+00
6.944111513938474367e+00,9.639242557644241316e+00
1.090607468436573058e+01,1.298301649815470249e+01
1.275303177395322329e+01,1.284972697925041807e+01
1.166578838882730729e+01,9.920937458089699845e+00
7.800858287120003176e+00,5.627526337956734181e+00
3.195940934333342476e+00,1.965003993751331945e+00
2.601495585981508651e-01,3.002687785431235601e-01
5.071382531082374578e-01,1.261181717226480259e-01
4.323585286178956433e-01,4.774658158228139299e-02
-3.479734405645379391e-02,3.766032933002002592e-01
9.201457267945849505e-01,1.915826644217399066e-01
1.349490754234925260e+00,-3.023986817848218350e-02
1.097872759270993148e+00,-1.031449110133798308e-01
8.516805370788068652e-01,-5.836890346191714318e-01
6.234038076926632366e-01,-6.961377393305562267e-01
3.353642867350926648e-01,-3.382797573982010420e-01
2.032335952442053395e-01,-6.999097918139005614e-01
2.943399708230849399e-01,-1.112138310669168684e+00
3.693298154829488533e-01,-1.309388486861914558e+00
3.733227203492160418e-01,-1.375465900197967661e+00
1.038223578792765861e-01,-9.225356734627911948e-01
-1.016982151418706001e-02,-4.265123929207685904e-01
1.553568555238968862e-01,-6.567445911174657480e-01
3.409535499229037758e-01,-1.944983873681583875e+00
2.482732529822253564e-01,-2.552478535828191397e+00
-1.568455963922897600e-01,-1.453213663198584138e+00
-2.688806368848505740e-02,-1.487912219675772418e-01
2.993335187364820626e-01,-1.766499866980045519e-01
5.130887572762372617e-01,-2.974888704306296039e-01
1.261304107833199240e+00,-8.933831240274626995e-02
2.014834643005137593e+00,1.210018495954306023e-01
2.346008336268573746e+00,2.479485133269134778e-01
2.014687609905592147e+00,1.204189825685289678e-01
1.273122061023463036e+00,-3.203222203726393547e-01
3.638449800434450654e-01,-5.525411633362440345e-01
-6.134600273299279927e-01,-1.634642582684997791e-01
-4.528542038322956320e-01,-2.119757235433983034e-01
3.905312243260204430e-01,-3.346279985388366796e-01
1.261304107833199240e+00,-8.933831240274626995e-02
1.402949058595057918e+00,-1.073204212397896457e-01
1.119713453680115878e+00,-5.247160977213369965e-02
6.059791779358753017e-01,-2.479669496332796708e-02
1.717720974310093518e-01,-1.996339110555724397e-02
5.798485039419950526e-01,1.810194482262504900e-01
5.788280426618898078e-01,2.855860700036660926e-01
5.234234378253066478e-02,2.949238827992282652e-01
-4.547467827412534497e-02,-5.515195028070803973e-01
4.724606809863468038e-01,-8.502030145724216448e-01
3.441453317352247687e-01,-7.512372840576599098e-02
-1.737412423921911309e-01,6.234976003339316453e-01
-3.833208294290972318e-01,1.150557713170763829e+00
-4.596681948926941153e-01,1.063253858120597251e+00
-4.596681948926941153e-01,1.063253858120597251e+00
-5.868864788960151957e-01,1.630064055677259427e+00
-3.634002774334774144e-01,1.067436783036534109e+00
-2.182610131424865263e-01,9.651874785649914301e-01
-5.868864788960151957e-01,1.630064055677259427e+00
-1.117140429128407719e+00,8.692031963553449314e-01
-1.121690855688047828e+00,4.542065131714032727e-02
-3.720965147522051764e-01,6.549490278504879748e-02
-2.759683221947335507e-01,6.790114430170815507e-02
-1.152817102963038076e+00,4.315642007942876307e-02
-1.639353520435346434e+00,-1.966149420067529463e-01
-1.432398570869317656e+00,-4.392483049282598917e-01
-9.250193995565536564e-01,-1.603713883581715793e-01
-3.782796343143373652e-01,-2.035921141434423320e-01
-4.413640222018330728e-03,-1.509931161273534994e-01
-9.189618952377286154e-02,4.186532990843309099e-01
3.911053149842331350e-02,3.578080057523131408e-01
6.960067188397284221e-01,1.051636225497392385e-01
1.635174457786430446e+00,3.209725292509056638e-02
1.718830855703887606e+00,1.286380253499453188e-02
6.654523250337788243e-01,1.429030072404584295e-01
-2.232676773306269402e-01,2.393812755938171666e-01
-4.970053998195717720e-02,1.126861288768198216e-01
-2.232676773306269402e-01,2.393812755938171666e-01
-2.553083018073530885e-01,-5.014142462894531915e-01
6.165688704029645244e-03,-1.373430219025733479e+00
2.269785817141370676e-01,-1.417036075233683690e+00
2.139296442567657774e-01,-7.701216391353276070e-01
3.175129038900416645e-01,-9.979590675905506414e-01
2.375139426397930853e-01,-6.410496079426056815e-01
2.991717877863090402e-01,-9.845362896139229214e-01
1.563211640479519327e-01,-4.198271896237469880e-01
-1.453114027690728949e-01,5.260884161386109037e-01
-2.159540535656644389e-01,5.067808589220567095e-01
-9.189618952377286154e-02,4.186532990843309099e-01
-2.806923654266396673e-01,8.550955867065839211e-01
-4.252195475257230517e-01,1.112169284738324437e+00
-3.271689219055597397e-01,8.636918560891166941e-01
-2.167853514410505167e-01,9.639703631234440850e-01
-2.598342803129715106e-01,1.405518665051915361e+00
-2.455623702896007343e-01,1.767119171855157544e+00
-3.938004962870861650e-04,2.267393586471909028e+00
2.104519916100494950e-02,2.013034155087794375e+00
-4.710766796656267186e-01,7.514351846971923932e-01
-1.058773724502528157e+00,1.788346746569429227e-02
-1.093968234449753218e+00,-5.180094663244571018e-01
-7.475141461323761005e-01,-9.942383382008561643e-01
-4.489232578075842972e-01,-4.624909140838487920e-01
-3.065038743420461786e-01,-4.191651204626171967e-02
-8.867683798288852892e-03,-4.784727667412619345e-01
1.656695712810636045e-01,-6.255354173531615380e-01
4.541902188456476419e-01,-2.177906222019043991e-01
7.117568182155149525e-01,1.715479332562996340e-01
8.567127823857171309e-01,1.162685392118854577e-01
3.865110527140772079e-01,-4.671268338988736613e-01
-5.413659252238260944e-01,-7.362371553031937799e-01
-9.437602376472958854e-01,-3.798255988882366374e-01
-1.058773724502528157e+00,1.788346746569429227e-02
-7.756665105543897321e-01,8.128104445989001725e-01
-2.455623702896007343e-01,1.767119171855157544e+00
-1.141104816966219682e-01,7.739849442935402557e-01
-3.371459674377340621e-01,-1.499823689192190668e-01
3.889433746282698334e-01,5.592768948112577382e-02
1.121126102653525969e+00,-1.926907175182778764e-01
6.959501628788629102e-01,-1.716489138571467843e-01
8.146660915733715215e-04,2.055392407172877134e-01
2.758934965198767825e-02,4.766870711106350744e-01
-3.673250967708521775e-02,3.435764681789950648e-01
-5.912319819865646808e-02,1.078564389072366458e-01
-6.444210940904321339e-01,1.743689634967663105e-01
-4.552354557373476940e-01,1.208235633000682291e-01
5.817166555909107917e-01,-7.151659239904760434e-02
9.555156021954214207e-01,-1.460947276732680600e-01
8.662168370133108697e-01,-2.093876917645892677e-01
6.693478597051841783e-01,-7.771660273018390908e-02
2.081687404028190469e-01,9.035796230450911237e-02
-6.004093654333770430e-02,6.101208515735943860e-02
-3.755569685904125432e-02,1.996117163054133559e-01
-1.175957089526918908e-02,6.495685214714518319e-01
2.714625373822731058e-01,1.622702881699312094e+00
8.177579629628450864e-01,2.668634259964938416e+00
8.773339725423237034e-01,2.835071892521496384e+00
1.767671924228317593e-01,2.126836979848318876e+00
-5.868864788960151957e-01,1.630064055677259427e+00
-5.809554721395256971e-01,2.014262287020113007e+00
-2.106469106009507541e-01,1.944361644359830388e+00
-1.526086263549225885e-01,1.100049828763896453e+00
-6.527094278529774751e-01,7.891309338735916779e-01
-6.071853583926949405e-01,7.302216646013534040e-01
-3.537629447669083937e-01,1.129764108877059081e-01
-4.947465804031034309e-01,-8.625722257134764426e-02
-6.347051757786391635e-01,1.483552599151908014e-01
-4.596154792387223686e-01,-1.867793647965950155e-01
-4.678524744029013971e-01,-8.652132931290333895e-01
-4.278873410350105266e-01,-9.295874049381274151e-01
-2.478662319714718676e-01,-9.414445689484619850e-02
-2.788035398156825662e-01,3.313322091020359239e-01
-4.347729421426308472e-01,1.919016010125610683e-01
-3.851420621534715205e-01,-2.564000338338934259e-02
-2.403446815835838246e-01,-3.160791371560264240e-01
4.214922513216173283e-01,-5.639866915712747897e-01
4.029818603526150733e-01,-8.251445866394181705e-02
-4.017371573430430498e-01,7.014796349502864237e-01
-8.426071486661832477e-01,1.542607901515764990e+00
-6.003571150389772626e-01,1.932853462173653947e+00
-4.080994835628672379e-01,1.261307589311796207e+00
-5.749410246462968166e-01,3.818920996167433635e-01
-4.243846176387977009e-01,4.194008390409253995e-01
-2.837183699465595232e-01,3.221552443303238866e-01
-7.910967595647134809e-01,6.245025297995133728e-01
-1.121848840260597724e+00,6.506077817742388358e-01
-8.532140917030786031e-01,8.523669579048017697e-01
-4.573945669932298896e-01,1.644929417497885904e+00
-4.513814694446197651e-01,1.667427605532995960e+00
-5.927854564129928505e-01,7.918960853459672267e-01
-5.319810760627035062e-01,-2.004857264750849466e-01
-3.424896248067624827e-01,-2.340371556183161450e-01
-4.479790119892523848e-02,-2.544692460486603913e-01
-4.969944965226969630e-02,-4.445959556831011739e-01
-3.149399485791874453e-01,-1.463079494843842060e-02
-2.987405245160307254e-01,6.695814283944017120e-01
-3.765490867023610355e-01,1.257374578219216721e+00
-5.868864788960151957e-01,1.630064055677259427e+00
-5.809554721395256971e-01,2.014262287020113007e+00
-2.335274848824866745e-01,2.621279688587190293e+00
2.277948821985785188e-01,3.144411873573987659e+00
6.320968539726803392e-01,3.370586915154951235e+00
6.320968539726803392e-01,3.370586915154951235e+00
1.139114199319103543e-01,2.625891009224071482e+00
-1.322077815354721353e-01,1.286882924422863228e+00
-2.423237562206210782e-01,5.389047094951652239e-01
-5.749410246462969276e-01,3.818920996167431969e-01
-5.284560281548026373e-01,6.870295427772064867e-02
-8.067967200996490895e-01,-2.457331466360925532e-01
-6.159449433483557002e-01,-4.598240378001333672e-01
1.599717909596795329e-01,-2.749730940818904124e+00
8.275641389762923295e-01,-6.652194577949610554e+00
9.796256268556329250e-01,-8.937029098747787614e+00
