1.113484413948444329e+00,-2.492519998941699066e-01
1.166937780056461760e+00,-1.155314046275680712e-01
1.047107066835377021e+00,-2.284922689932666617e-01
1.113484413948434115e+00,-2.492519998941660209e-01
1.073896579102161075e+00,-1.793924326957052340e-01
9.019020470991140348e-01,-2.699629492258419014e-02
9.776431266567993106e-01,4.775455589146436475e-02
8.402006614444087473e-01,-5.733686487687328359e-02
3.996655638508866404e-01,-1.974318353010061367e-01
2.438449229933671303e-01,-3.481810988828978326e-01
2.894258008483233113e-01,-2.484296563477384270e-02
7.050491673502113921e-01,6.319821931057539866e-02
7.161332166695022483e-01,1.653340516732440535e-01
9.527748800113092220e-02,6.442207648178839563e-02
5.643991574193148175e-02,-1.711153745094324552e-01
3.378186763001970738e-01,-6.240121061057087026e-02
4.814257701048936244e-01,5.848201986232873933e-02
3.607444873440737165e-01,6.679739471987812191e-03
3.923598893481915484e-01,-7.818070846145264152e-02
3.118697887949492542e-01,-1.225918513608361543e-01
1.618991322255228793e-01,-1.488773638377166864e-01
-1.828369045037177010e-01,2.270436557835735780e-01
-1.776745285581573797e-01,2.355188650938095929e-01
3.923598893481915484e-01,-7.818070846145264152e-02
5.025749550679747824e-01,-5.966259428930395514e-02
3.176980273112505193e-01,-1.434566719699277848e-01
-5.088374715587709041e-01,-2.448874878836076185e-01
-1.510175032020929786e-01,-3.304746210160576791e-01
1.113484413948436114e+00,-2.492519998941668258e-01
1.166937780056467089e+00,-1.155314046275685708e-01
1.047107066835377465e+00,-2.284922689932671058e-01
1.113484413948436114e+00,-2.492519998941668258e-01
8.018278304064532236e-01,-2.465126958243267774e-01
2.438449229933658813e-01,-3.481810988828987208e-01
7.041244257725457478e-01,-1.889843295878307072e-01
7.528227272681160542e-01,-1.526366809112792156e-01
2.214919010788655163e-01,-3.675513006142729910e-01
2.827475239633671644e-01,-4.343185638948813265e-01
6.707958079472554624e-01,1.381359089599336620e-01
5.970083623249987648e-01,2.697559921444119824e-01
2.001705084946762969e-01,-3.156649819957687564e-01
-1.536804236383942368e-01,-4.898399291108587739e-01
1.241307896479971612e-01,-2.820598098939621212e-01
3.967461095222870049e-01,-2.403187804191208865e-01
2.454428752915075174e-01,-5.583743913757427402e-01
3.470897022090773665e-01,-6.020246796998773853e-01
3.463228698765397073e-01,-4.335231792959537422e-01
4.019122652816710661e-01,-1.606099290661153478e-01
7.583510682200326203e-01,3.155179056937412185e-01
7.999025318332320111e-01,5.716520715361347316e-01
5.009950622595136238e-01,5.174419412133559604e-01
6.125735584491929231e-01,-4.441584952325233204e-01
6.475124792037338928e-01,-7.420758524920211263e-01
4.563825123154569008e-01,-1.443394267360510186e-01
5.195829452233592383e-01,1.536516207789888344e-01
4.037371113300227132e-01,1.698432117297819510e-01
-1.660614958619720596e-02,-1.893692045085639541e-01
-1.777861383829978381e-01,-4.707340037780627928e-01
-3.115594877994882217e-01,-2.982668814371991495e-01
-4.440435319827664706e-01,-1.295147686490171202e-01
2.231055561769266019e-02,-2.681905151570538326e-01
-7.803398980274431351e-02,-1.020792740112465846e-01
-6.941311661854249193e-01,7.492729870259957903e-02
-1.258401344742776373e-01,4.323153264654402417e-01
2.430661994954841088e-01,1.238800075718196503e+00
8.480927575792265513e-03,1.517961158774778108e+00
-3.948578891950012548e-01,8.532808757806915612e-01
-6.941311661854249193e-01,7.492729870259957903e-02
-6.248942105730889152e-01,-4.573074083469124695e-01
-3.263375146803115245e-01,-1.061734052547677054e+00
3.574216984914899836e-02,-1.178728556060082422e+00
1.761065462866200360e-01,-7.210865107000099528e-01
-2.802295718812563008e-01,1.469116938846189158e-01
-1.661249981969320499e-01,1.227555996175049152e-01
5.227040680805030703e-01,-2.571771661305015111e-01
5.776545851795231723e-01,-4.254570860802267540e-01
4.035474340832344575e-01,-4.100746299860140165e-01
5.227040680805030703e-01,-2.571771661305015111e-01
1.556697256913602390e+00,5.843667945832899807e-02
2.613557808001890859e+00,6.573541133516763724e-01
2.368379837153992806e+00,9.626873705159106898e-01
1.050461714875769781e+00,7.339729890544044455e-01
-7.088131560372147588e-02,5.294776949839549163e-01
9.400353032003989917e-03,2.036364757262203173e-01
-2.687769148799498686e-01,2.467057793298377266e-01
-8.700994706378539778e-01,9.697439091377209053e-01
-9.309808752082516792e-01,9.101742531327102759e-01
-4.686830708726477668e-01,5.825823107111268717e-01
-9.342627569547064248e-02,7.512896216461625309e-01
2.351554999021657211e-01,3.031626025953094716e-01
5.227040680805030703e-01,-2.571771661305015111e-01
2.764490309074195684e-01,1.780272154186069988e-01
-5.917146464798739292e-01,1.133804649884523119e+00
-1.095291657824838394e+00,1.473643704154571354e+00
-9.309808752082516792e-01,9.101742531327102759e-01
-4.878276712786630553e-01,9.106178487578704683e-02
-4.076546409606395249e-01,-7.573309362168495484e-02
-7.638270122744007518e-01,-1.085170349845074600e-01
-1.123520261415902333e+00,-5.185928649598653406e-01
-9.038435190649821704e-01,-4.413634091627582356e-01
-2.573753345091932543e-01,-2.922314984638735846e-01
2.454428752915075174e-01,-5.583743913757427402e-01
2.191690860306041988e-01,-5.224679858465004489e-01
2.168861398927270090e-01,-3.285141338882676676e-01
-1.937127011816181799e-01,1.990527664841592881e-01
-6.390765498066032224e-01,5.874707134500635197e-01
-6.876123978244382817e-01,3.877910210273416980e-01
-6.941311661854249193e-01,7.492729870259957903e-02
-1.823632432544915541e-02,-4.321647666204221916e-01
1.080100872023512126e+00,-1.184924879926160024e+00
2.091445801639242763e+00,-1.748770957236793988e+00
2.292467121931880847e+00,-1.451238819145583614e+00
1.578554022920177546e+00,-3.222224437009915121e-01
5.354125087835047703e-01,4.629755878916728684e-01
-2.756982379101666214e-01,3.081435768176460366e-01
-3.546509991636316306e-01,2.021006295253689744e-01
-9.767280366919814383e-02,3.133165294883453744e-01
1.298668376140334757e-01,2.030605315689940904e-01
-1.660614958619720596e-02,-1.893692045085639541e-01
-4.056866780984455523e-01,-5.245672600392937701e-01
-7.516005629124307141e-01,-5.151062944288743450e-01
-7.902321802481153679e-01,-3.240898839264923503e-01
-2.994438921201729165e-01,6.828876164653800707e-02
-3.425674593869834639e-01,2.400149967383543581e-01
-8.384636115613933738e-01,-1.045039389562088944e-01
-7.852679783567642069e-01,-3.726668063645977025e-01
-2.729724481826145688e-01,-7.180529233712301673e-02
-9.767280366919814383e-02,3.133165294883453744e-01
7.773147939225649727e-02,6.607795958090494359e-01
-3.689948154614329512e-02,1.216692360824343178e+00
-3.794870164010624713e-01,1.610168396466129748e+00
-6.041746976616083620e-01,1.585782863135719367e+00
-3.907163320161154418e-01,1.231353893077592909e+00
1.470894796414058403e-01,1.062989600789995048e+00
1.880153513499953355e-01,1.324095862314567773e+00
-1.974233136258234378e-01,1.380535494373382077e+00
-3.196299598983136647e-01,1.096768596001565621e+00
-1.624219557050926577e-01,6.869852998320672421e-01
-1.394355392996902976e-01,2.379499848650317925e-02
-4.309211726192498371e-01,-3.429155769643650320e-01
-5.832371786722344575e-01,-5.102394352946684197e-01
-5.060685887152939211e-01,-5.765394270347989902e-01
-2.729724481826145688e-01,-7.180529233712301673e-02
-9.767280366919814383e-02,3.133165294883453744e-01
-2.756982379101666214e-01,3.081435768176460366e-01
-5.413919440309623576e-01,9.577461561048955518e-02
-5.706144806745030440e-01,-4.360352413730350651e-01
-4.080335569849189992e-01,-6.714134878735434908e-01
-6.830749914777821674e-01,-4.224297769300802141e-01
-1.312696370082522712e+00,-2.824903988793720511e-01
-1.572659725739925074e+00,-5.417845900549381755e-01
-1.254920326477847015e+00,-8.826269997849537363e-01
-2.671744026247790949e-01,-8.202119271390441169e-01
2.575507684793740815e-01,-4.716765660229191859e-01
1.093105225773275402e-01,-3.127709796688861177e-01
2.454428752915075174e-01,-5.583743913757427402e-01
2.191690860306041988e-01,-5.224679858465004489e-01
2.168861398927270090e-01,-3.285141338882676676e-01
4.992788268034708543e-01,-5.273707463019159380e-01
1.027979467993894280e+00,-4.600920576048078692e-01
6.917514953504564357e-01,-1.498639811845804415e-01
1.586491989448684803e-01,-1.954591567962710441e-01
4.370612260070711463e-01,-3.983235375906553077e-01
6.751426355533863832e-01,-3.680205416394253803e-01
4.984667745955558837e-01,1.416779451993360230e-02
3.016194877258416285e-01,4.244264140554657727e-01
3.292804078152087865e-01,3.940280781009712352e-01
4.966354824762674869e-01,-7.016366298797704903e-02
1.061218987862118546e+00,-8.169719703566701297e-01
9.440480356222350489e-01,-1.172809300660022425e+00
-3.233756292899880869e-02,-9.501950922496598118e-01
-8.601058079308491200e-01,-5.229646091474988712e-01
-1.312696370082522712e+00,-2.824903988793720511e-01
-8.347323472146382928e-01,-6.186836470687517853e-01
4.722489644754325200e-01,-1.236420394904686360e+00
1.604364555251519997e+00,-1.520169746796951493e+00
1.693262756090502696e+00,-1.741086393405008925e+00
1.035422876869623199e+00,-1.936797075804294943e+00
1.313903287736268855e-01,-1.377353235847963209e+00
-1.182240527485156900e-01,-5.879139823288096478e-01
1.877540459638381287e-01,-3.020755159991065919e-01
3.683296551982215838e-01,-4.447780404388562148e-01
5.338761633885674707e-01,-4.903902531941976006e-01
6.751426355533863832e-01,-3.680205416394253803e-01
1.534144487534670143e+00,-6.930492441380471380e-01
2.398246837704465229e+00,-1.218743093119833754e+00
2.053625524308309469e+00,-1.308379129120725404e+00
1.133051828298680785e+00,-9.857056653895948095e-01
2.142219736924472206e-01,-3.425178631898066484e-01
-4.072991590288346231e-01,-1.683755510188787996e-01
-5.884274899508817880e-01,-3.270597187518875515e-01
-8.287949450661579176e-01,-5.227386951154382455e-01
-9.245389630259951419e-01,-8.103072922494934938e-01
-5.430852086296372727e-01,-9.020501173728503463e-01
-3.705795689134477322e-01,-4.747885844834063840e-01
-6.353448472551578297e-01,-6.846777842467021147e-01
-7.196404749187597094e-01,-1.479089315029364249e+00
-1.178402433565546525e+00,-1.298314414014485996e+00
-2.424689958871291573e+00,-1.183755518712646670e-01
-4.243314201209276604e+00,1.050346521284691192e+00
-6.483413360711473672e+00,1.428964552880657601e+00
-8.589591257047340278e+00,4.376100048019879174e-01
-9.789833935094065964e+00,-1.625720405064504881e+00
-9.435782844438971750e+00,-3.591121262958357097e+00
-7.444172211127331629e+00,-4.120838432668530338e+00
-4.562462567931445889e+00,-2.883483424343988410e+00
-1.722712757540742379e+00,-1.017019125198815876e+00
-6.533145235483828195e-02,1.264434014380287352e-01
3.103385988947630070e-01,2.450406241640393501e-01
2.493472727061488425e-01,-4.439516289652302439e-02
1.425635692232386231e-01,-3.127633093564941569e-01
1.632665189076813461e-01,-3.749398508575749744e-01
1.093105225773275402e-01,-3.127709796688861177e-01
-3.394410345881110347e-01,4.091239634739211595e-01
-6.198100065755671739e-01,1.074587959021185757e+00
-2.928450256867537460e-01,1.011637910236443005e+00
1.325427372259814496e-01,5.132621424178114289e-01
1.761378666315739638e-01,-2.219663730107562793e-02
2.454428752915075174e-01,-5.583743913757427402e-01
2.191690860306041988e-01,-5.224679858465004489e-01
2.168861398927270090e-01,-3.285141338882676676e-01
2.490504913552274435e-01,-2.846306310993966804e-01
1.470380199386187026e-01,-2.586325065850100802e-01
-2.451132560201834676e-01,2.294772947272278873e-01
-4.092199756165306734e-01,6.647852484662110095e-01
-9.266628536813038830e-02,4.876370147635698538e-01
1.287987143736257500e-01,6.302126595522801120e-03
7.376171410375059745e-02,-2.321750185321418414e-01
1.626570130585143215e-01,-4.329859104158783611e-01
1.953200013437871863e-01,-6.964536777146097535e-01
4.535457888903101087e-01,-7.896664753827585814e-01
5.970700281740335402e-01,-7.292879468682830213e-01
3.153952974510022544e-01,-4.817630421211622216e-01
7.376171410375059745e-02,-2.321750185321418414e-01
-3.449727830489869862e-01,-4.273979871269640435e-02
-5.038728704256421054e-01,3.263175743870809220e-01
-5.038728704256421054e-01,3.263175743870811440e-01
-6.941311661854249193e-01,7.492729870259957903e-02
-6.256801757571602840e-01,-1.089824041508684477e-01
-4.525465779841830183e-01,-3.231504269776565574e-01
-3.666537913256123216e-01,-3.017828654140456424e-01
-5.476803747825894630e-01,-2.001917660990912978e-02
-6.941311661854249193e-01,7.492729870259957903e-02
-1.361944953357855148e+00,-6.926889731808457684e-01
-2.291686121014521405e+00,-1.802564611830544505e+00
-2.569786650360958991e+00,-2.559406639952083840e+00
-1.887396656165791775e+00,-2.220759374643843653e+00
-9.378103802219218688e-01,-1.184816722987672044e+00
-1.727390862993309073e-01,-7.074936736091201883e-01
6.604680094160134129e-02,-9.667748064325606405e-01
1.684185961213554295e-01,-7.951519371398640956e-01
-1.961106601340951994e-01,-5.767070875691719944e-01
-6.462874695826321680e-01,-4.735825216952958550e-01
-7.517970589334453946e-01,-1.297607950715109482e-01
-6.643714568796338371e-01,2.549519109795645999e-01
-5.287878893043179707e-01,3.902998182237860658e-01
-1.706403794308991029e-01,4.545218491248652626e-01
3.094875326360708723e-01,4.107575481783730109e-01
5.528327795935583655e-01,3.506456915174996913e-01
5.681833316255636701e-01,1.561255783922101292e+00
3.725748517577799346e-01,3.560177605896664765e+00
-2.923557829190940316e-01,4.898354170849845701e+00
-1.145632725299363219e+00,4.861715623045428813e+00
-1.516274676794353793e+00,3.546793389794853368e+00
-1.036744464534270271e+00,1.620730592119105529e+00
-5.238669065921027768e-01,3.152506001420864457e-01
-3.887040810368513344e-01,3.690422646920519245e-01
2.841163995135578130e-02,1.074974197936604536e+00
7.315499932999787180e-01,1.950841478475800805e+00
1.474839143205822767e+00,2.532039688888112483e+00
2.096003843235418440e+00,2.355921383606726760e+00
2.374354658552255692e+00,1.431564780643312496e+00
1.981045384679724908e+00,2.915588941610363083e-01
8.750717959241745003e-01,-5.285574063452306293e-01
-7.394383043667214495e-02,-5.710609073885840603e-01
-4.355664324635803997e-01,-1.257452017271543099e-01
-2.380915853569246510e-01,-2.132656781935078905e-01
3.471579751622979604e-01,-2.939713310073338581e-01
3.923598893481915484e-01,-7.818070846145264152e-02
2.031006873547320790e-01,-1.343027689394448443e-01
1.540534592448929430e-01,-3.193914038892372576e-01
-8.111023606561619526e-02,-4.672133823694039068e-01
-1.234069782019371619e-01,-9.851199410883312857e-02
1.552113647142363828e-01,2.525879937672109166e-01
2.118977912423377630e-01,5.225093591997475029e-01
3.951472327962297082e-01,1.909184096086398441e-01
4.137799266143327159e-01,-2.577722224771812898e-01
2.707492527897558676e-01,-8.189506204735391703e-02
3.063279605071853040e-01,-1.996702235785668689e-01
2.179394120818423375e-01,-6.231015924014013940e-01
-3.379135823500944991e-01,-1.004195962087841121e+00
-9.421288849310289759e-01,-1.115853983389840431e+00
-7.294233495214704766e-01,-1.065966941013577474e+00
1.049567836606652566e-01,-1.003265665498570103e+00
7.063612853475257358e-01,-8.905898104677868465e-01
5.449722611044123255e-01,-8.281843445413924476e-01
1.144493211477047717e-01,-5.493165826774005778e-01
-2.532346061049045027e-01,-3.183351294146536947e-01
-4.059744062882250648e-01,-7.888990216784250720e-01
-2.799456285860376648e-01,-1.269376351853285900e+00
-2.694683224376649977e-01,-1.571781452287453806e+00
-3.706712910173044495e-01,-1.598424567934155105e+00
-4.801830596739647267e-03,-1.056713086230875565e+00
6.390900889510399141e-01,-4.541600259413329232e-01
5.231154235438981726e-01,-5.999430251166981698e-01
-1.489995533196027955e-01,-1.211787818680044593e+00
-4.314274770140535398e-01,-1.476391183889483649e+00
-5.984782287368638487e-01,-1.271263630453355775e+00
-7.101799792856344773e-01,-8.298691344077848697e-01
-5.370196893379228786e-01,-3.803154889851693143e-01
-4.828669061920341787e-02,6.727358531340861536e-02
-7.083980974023637578e-02,2.533614245112324886e-02
-4.139618709812304953e-01,-3.200143186912204896e-01
-2.015946662628492758e-01,-4.456840495486030090e-02
1.476786138818014515e-01,5.378666096662644280e-01
3.610785156826174513e-01,5.644807520572380222e-01
3.166582422914988593e-01,-1.688660657233065632e-01
-7.190929644820122091e-01,-1.374895893227036314e+00
-1.843166041686928436e+00,-1.953790857677928372e+00
-1.757628350971819131e+00,-1.699966024177698598e+00
-5.710507324826558095e-01,-9.044869044718576445e-01
4.029300199343515132e-01,-3.871702239608971752e-01
3.889733838617863704e-01,-4.198959353371778946e-01
1.633053800886274378e-03,-5.329954557759095657e-01
-2.888460767464158252e-01,-4.693067573571291229e-01
-3.647680103781922867e-01,-1.229378460763290437e-01
-3.165638954392330784e-01,5.317716702134557272e-01
-3.661870599806503757e-01,4.029985132129785819e-01
-3.060035060617848357e-01,-2.820660349322419713e-01
-1.079115582696926895e-01,-5.459024559919067876e-01
-1.460217981168508428e-01,-3.836427431835507385e-01
-4.955270002409006280e-01,-5.105632135713186748e-02
-6.941311661854249193e-01,7.492729870259957903e-02
-6.778119871452440437e-01,-2.791875185358184130e-01
-5.095536205989047440e-01,-2.880276364695321667e-01
6.030805043624319628e-02,-4.864504136910602350e-02
3.817065448123052041e-01,-5.457796426737946405e-01
4.865526414413286205e-02,-1.244249133020721931e+00
9.469212180648898039e-04,-9.122659856485058061e-01
-2.496118474995844549e-01,-5.147155560705358318e-02
-7.350225839728471433e-01,-5.594971687069410365e-02
-7.292179068708684042e-01,-2.555374321190763132e-01
-1.049271305939642129e+00,6.797845969056592885e-01
-1.359912717007337513e+00,2.171117619508313279e+00
-9.478302905419303537e-01,1.695654426642708046e+00
-4.608005512061315589e-01,2.726871592273040767e-01
-3.470265290720278006e-01,-1.137341227798817772e-01
-2.188691015184102417e-01,-4.365432328972575909e-02
-5.238502867909334837e-01,3.761993558083890909e-01
-6.633726938446967702e-01,2.983068458287134184e-01
-1.785553198464983893e-01,-4.520355101217157223e-01
9.203114951889118656e-02,-6.920534915750321536e-01
1.544612246230813446e-01,-3.820416937557363779e-01
4.038661777307213652e-01,5.103007778647183912e-01
4.557609193342450626e-01,5.225697514871174842e-01
7.107854856762030327e-02,-1.389923745811887934e-01
-1.659915979684805087e-01,5.650174371273692930e-01
-4.256868970572573185e-01,8.592773582593813408e-01
-5.277946032593818781e-01,6.105934474102708842e-01
-4.131210764924823087e-01,2.622332742254117055e-01
-3.694131947924966797e-01,-1.486572282833391878e-01
-3.913255704033502536e-01,-2.425622357141314911e-01
-4.806341188052145608e-01,-2.416798895007664372e-01
-4.850587303804729244e-01,-2.998612500248781232e-01
-2.462063089213056138e-02,2.719540193644938431e-02
5.462904210920582759e-02,7.154538818463126448e-01
-2.711091373666613125e-01,4.758636942537434189e-01
-1.030646467878301387e+00,8.018679100642890634e-02
-1.948982593265095931e+00,4.000670562876552094e-01
-2.167990011125519256e+00,8.431259021637494966e-01
-2.102858037371992506e+00,9.911623717489206342e-01
-1.670494291121071617e+00,6.265134609486439077e-01
-6.142651655528923449e-01,5.360449244722858414e-02
4.897364800821839559e-01,-3.391911106248681751e-01
5.140892548957969321e-01,-2.859315728907526610e-01
1.657191960551943066e-01,-2.708135954399588097e-01
1.305425981350094300e-01,-4.907560273947418616e-02
3.068704875786716357e-01,2.582843930145236055e-01
2.185673373043698631e-01,3.681643003958968152e-01
-1.063577275926208099e+00,7.239433217282417177e-01
-1.761516095251470793e+00,1.212174452411212799e+00
-1.108206725619428790e+00,1.049634062747820895e+00
-3.990179728541473070e-01,1.805157953082923428e-01
-7.105913920633373515e-02,-1.076622137571989768e+00
-9.210979988903592042e-02,-1.579787965028069285e+00
-4.075690606759848622e-01,-8.956185675317752670e-01
-2.487575581605596664e-01,-2.261490953950019978e-01
2.115000022064939533e-01,-2.547270600087919029e-02
3.816904989885124277e-01,2.147934535639313761e-02
4.626569298198731084e-01,-1.677846372372275296e-01
8.336428593706957102e-02,-4.023199937940415971e-01
-2.967990890246937838e-02,-2.137168571564349584e-01
1.604546389041997534e-01,-2.205954107902758088e-01
2.954064229944881048e-01,-6.173743348345698267e-01
5.656167653960766373e-01,-6.473099780375405343e-01
-4.329916098572545585e-02,-1.202486998207826119e+00
-8.713505942110923996e-01,-1.980712106955623053e+00
-8.973470917801762425e-01,-2.055109338941058184e+00
-5.235412035627564631e-01,-1.674503602255557055e+00
-7.754436647850225517e-02,-1.115510101295561496e+00
9.299244603052822522e-02,-5.779549239496926116e-01
4.038661777307213097e-01,5.103007778647182802e-01
3.991924045329337534e-01,1.411941305494098353e+00
-3.123543760663970506e-02,1.342826212492590043e+00
-3.858193447076326832e-01,8.301259671802038165e-01
-2.808471842516966910e-01,4.418498058649426019e-01
-1.529020935918243562e-01,2.388378745301603101e-01
-4.102484386737978439e-01,1.226323185311147534e-01
-5.079713019683549380e-01,-1.542529384258132519e-01
-2.792520307278393843e-01,-3.388212932507783104e-01
-2.551631739136854815e-01,-4.051658096336998582e-01
2.453005741746446672e-03,1.794888669959956301e-02
5.154024752239426688e-01,4.788643055250925706e-01
6.382401760772858923e-01,4.000261417795772378e-01
1.323675231349565919e-02,1.006350814957139156e-01
-6.778119871452440437e-01,-2.791875185358184130e-01
-1.210128348980551216e+00,-8.099735403367444020e-01
-2.201215679021001126e+00,-1.342514604642690568e+00
-3.145705846748953149e+00,-1.871495560981544459e+00
-3.684788420731391234e+00,-2.393705897341166899e+00
-3.641783156510792985e+00,-2.934093502981242718e+00
-2.999834817061081793e+00,-3.307251381217564123e+00
-1.998325472633954325e+00,-3.158439890853240950e+00
-1.026010531436082784e+00,-2.220693199746248681e+00
-4.340026373066013243e-01,-8.376728257799352928e-01
-4.387584663997020074e-01,1.404498920015421169e-03
-4.596519882127806933e-01,-2.493140574963242651e-01
-1.422281532155179884e-01,-4.954063171777121077e-01
-6.357359036342856429e-02,-4.992952195560661499e-01
-2.445240113514687841e-01,-2.767832480202427337e-01
-1.856915549694690137e-01,6.622968170855121628e-02
1.655090737904739429e-02,3.129308259279388604e-01
2.795771022372845610e-02,5.666422766548888657e-01
-1.895119515012213263e-01,5.637608929835341565e-01
-1.829439884517663206e-01,3.345897054011531258e-01
6.569463164938531274e-02,4.469986984614063852e-01
4.132495701407437605e-01,3.263676762023814265e-02
5.297222493107145436e-01,-1.015383454065419189e+00
2.368078054998875026e-01,-1.104486304261068641e+00
2.780218409247969119e-02,-5.206138969044649123e-01
-7.116419811814136409e-01,3.805707467697310720e-01
-1.269564152361750464e+00,6.916629741786323171e-01
-1.041299885063365016e+00,3.261277904125173266e-01
-6.181889648497163048e-01,-2.761437334271331090e-01
-2.299152716256588902e-01,-4.841769838769900414e-01
-3.839823095762192606e-01,-3.501256450711434653e-01
-4.698394036374261562e-01,-7.826585054687902610e-02
1.011993577263623628e-01,-5.976621644859234257e-03
7.034545780725093289e-01,-1.770914714476300167e-01
3.078131784164034324e-01,-2.923258220109640204e-01
-7.480480889270336720e-01,-4.810481149541142032e-01
-1.109520268481619221e+00,-8.790781446813600297e-01
-6.074905217224322307e-01,-6.707719257847465366e-01
-4.076691442807413024e-01,-2.113801169332489849e-01
-7.184261684501541678e-01,-5.514237056733909403e-01
-6.502103553866339647e-01,-1.236391031953957276e+00
-8.066459106018747383e-01,-1.305183399898204755e+00
-1.476961507952720298e+00,-7.980876376675598571e-01
-2.412455295478948880e+00,-5.524852181721090494e-01
-3.009687636542164313e+00,-7.691057070243282334e-01
-3.047058393566864698e+00,-1.395838212710021731e+00
-2.093694218180023103e+00,-1.433682028507876849e+00
-7.365832136569987476e-01,-8.279840463755980817e-01
-1.110911057848096573e-01,-7.742633925161094277e-01
-3.298840501856147300e-01,-1.285698512249915826e+00
-6.745180145132060323e-01,-8.779145713853593325e-01
-1.027256938957576748e+00,-3.872030060160322473e-01
-1.346947087104037433e+00,-1.646304986223622313e+00
-1.301594268577166202e+00,-3.746343622467439793e+00
-1.128306700820459252e+00,-5.977262607275418027e+00
-1.109396183721270912e+00,-7.272034606152268488e+00
-1.155715413538035863e+00,-7.217137510612770868e+00
-1.176309284999409677e+00,-5.920370416704892946e+00
-8.909460746861255220e-01,-3.374066430304034636e+00
-3.436568111486678623e-01,-1.110957673507633858e+00
-2.588890945894885554e-01,-1.037936955072900069e+00
-3.144986836877548542e-01,-1.465327749972595406e+00
-3.594802991460074870e-02,-1.009501211280114941e+00
2.454428752915075174e-01,-5.583743913757427402e-01
2.330694508888660199e-01,-6.884382369001285085e-01
2.308173581089250082e-01,-5.285522942195987062e-01
1.860814708931853301e-01,-1.603208819801297536e-01
2.201425538581250618e-01,5.932772719481740897e-02
3.619380773224092906e-01,1.932495983162228759e-01
2.724072453823505047e-01,4.319820557740939870e-01
2.129196245378963681e-01,5.122045322678332457e-01
3.952004063561824210e-01,1.329449628433436725e-01
2.473447439616448806e-01,-1.463720648874716090e+00
-3.093084257133863479e-01,-3.492936390287102899e+00
-9.767397513206961257e-01,-4.666987979320722069e+00
-1.406927342402243486e+00,-4.452721394009852673e+00
-1.230723241586866301e+00,-3.259020095968093500e+00
-4.335373683761236663e-01,-1.692770122298043356e+00
6.458921329765783537e-02,-3.599994022973350694e-01
-3.688329051430070948e-01,4.217286393771806086e-02
-9.164209342048430518e-01,-1.785272943843478344e-01
-1.960662837499289823e+00,-1.504579381454514420e-01
-3.080481135918245794e+00,1.803154948738934504e-01
-2.514648579046478538e+00,8.074489675641867426e-02
-5.133154758603815093e-01,9.185438973981058242e-02
6.110790223028508272e-01,1.164806568076395488e+00
1.218254971036434986e+00,1.937110358132533294e+00
1.241942330588982735e+00,1.488784742730911992e+00
1.846421144757159460e+00,1.009587779504214744e+00
2.501231215327652357e+00,9.616097228406728092e-01
1.727414231568576541e+00,5.842858718664218909e-01
3.742687790276710835e-01,2.431417786442152396e-01
-1.417187102849225000e-01,1.291279899239430595e-01
5.919271077590299024e-01,5.502596371691509392e-01
4.668326080244140086e-01,2.566732447709073606e-01
-2.913339007704073835e-01,-6.613506605930258297e-01
-3.402891553736011043e-01,-3.699459456990196182e-01
-3.056675600997478259e-01,6.686023642231807285e-02
-1.417187102849225000e-01,1.291279899239430595e-01
4.751423245312436094e-01,2.190767661359475094e-01
8.751586886792328546e-01,-6.078966372576201094e-01
1.062695809956645476e+00,-2.157052887772776373e+00
1.258783426837809083e+00,-2.693115336463406173e+00
1.065966624483373426e+00,-1.905879137200568341e+00
8.500070881726604632e-01,-1.067009548484067816e+00
7.578652285046328929e-01,-7.212234955089819044e-01
3.064654467936887561e-01,-3.942789011040790381e-01
-2.039347238504986837e-01,-3.918626689691785403e-01
-8.727797312307352673e-01,-3.426887084241482251e-01
-8.489810584680025363e-01,-3.504617659721279144e-01
-8.513159819321935995e-02,7.010222708678595649e-02
3.071121639338013076e-01,2.351772397036608897e-01
4.957352297897644200e-01,-1.797183323677461336e-02
3.205663391266166951e-01,-3.136526964628710834e-02
1.268429931929595800e-01,-9.333393551978444447e-02
1.174684357537642831e-01,-1.099400725546616359e-01
7.653005008911083207e-02,4.411687040355349344e-03
7.084906601980038854e-01,3.399520448281025398e-01
1.227347229707167475e+00,5.485512717520235615e-01
1.227347229707167475e+00,5.485512717520235615e-01
9.407400935820509069e-01,-2.160860176181067238e-01
3.829737314105506885e-01,-1.286295101638302185e+00
2.820696122247656201e-01,-1.529147232468217155e+00
6.505305843806740151e-01,-9.117579955498342770e-01
6.861339061531080974e-01,-3.355402131475229699e-01
6.439802777610710294e-01,-1.233953279849534651e-01
4.885795750194222853e-01,4.117452694492746562e-02
-3.396991800271868533e-01,-4.662478867622604078e-02
-5.436412947430486753e-01,-1.550684996153165740e-01
-8.421646557512539252e-03,-8.550369608658433054e-03
6.037107479905818863e-01,1.534953382533512933e-01
4.885795750194222853e-01,4.117452694492746562e-02
4.472740177620437158e-02,9.678039950986086493e-02
5.639118134388645259e-02,2.258676286494757379e-01
1.196192617799907432e-01,4.863813645507770733e-01
1.237381690010101315e-01,6.158071764265249382e-01
7.001404772384621500e-02,4.002118782097231486e-01
6.466622813661931923e-02,2.090818987209321599e-03
1.154206498147552357e-01,-1.130416443588559833e-01
4.008625828440305350e-01,3.275488410083803037e-02
7.496962143154197733e-01,-6.780333494961054974e-02
6.767634228344477920e-01,-4.337158783417454644e-01
8.824947514449236197e-01,-4.678644681539689820e-01
1.666306844601725734e+00,-7.793358507982760530e-01
1.969807069726272397e+00,-1.887030687096933113e+00
2.000765887388737507e+00,-2.850894669571439888e+00
2.083417077299933862e+00,-3.126088940673890537e+00
2.000775675951497856e+00,-2.851328711832779472e+00
9.813706651969105188e-01,-1.888490448024237711e+00
-1.193070750770177935e-01,-8.396812120682362046e-01
-1.457158279949899715e-01,-2.669823245175799720e-01
1.486696594379564029e-01,1.592639799644285648e-01
2.140132071933050217e-01,-1.466509842761366256e-01
-1.460217981168508428e-01,-3.836427431835507385e-01
-4.955270002409006280e-01,-5.105632135713186748e-02
-6.941311661854249193e-01,7.492729870259957903e-02
-2.549065364549940038e-01,-1.923773156602311962e-01
3.474542970501570682e-01,-4.742079630382770583e-01
3.074607538663459150e-01,-3.956290224589347759e-01
-6.142575448949108737e-03,3.321624462000928313e-01
-1.296860923696126211e-01,8.970240430758028571e-01
-3.626478428421816558e-01,3.050924028233356067e-01
4.524654270883256280e-02,-4.527992343132569153e-01
6.939557906373292617e-01,-4.878981363641559654e-01
6.082338056617309086e-01,-7.404076919124398248e-01
8.789097688834275612e-02,-6.618277066937615638e-01
-6.169402278416267205e-01,3.252932563081748635e-02
-3.512006148545795958e-01,-3.945172086002563840e-03
5.095887459116952289e-01,1.349022310819988357e+00
8.998194477998744389e-01,2.504169224622466938e+00
6.679424671056485296e-01,1.201313803458508023e+00
1.440255660127363613e-01,2.368004960530614711e-01
1.418647247218275398e-01,2.836765183954587655e-01
7.060464788129943159e-01,2.106512344894178115e-02
1.164166803399532935e+00,-3.811459819628827961e-01
1.098465858984617904e+00,-6.590755708252049594e-01
5.359216224105740611e-01,-6.830950307476385541e-01
1.548323884189695687e-01,-5.068261990200570999e-01
4.364908647931455832e-01,-3.618784953991911468e-01
7.179397644314456928e-01,-5.477095383793307848e-01
8.014545627412648088e-01,-9.767969531114021331e-01
6.534180737054549049e-01,-1.111356528303604208e+00
8.927923481373839509e-01,-1.104761733312177752e+00
1.115483490631697938e+00,-8.010886735262512381e-01
5.477344249995846903e-01,-2.488373967972963285e-01
4.180833741938512482e-02,-1.593613658468860106e-01
1.786578974465858061e-01,7.785502704773027138e-02
3.307388620915096000e-01,4.115110609234951533e-01
6.947361105511623558e-02,3.748095839533794882e-01
-2.401756812493878179e-01,3.896985326688082868e-02
-4.689597999779084314e-01,-8.121046509876958530e-02
-4.440435319827664706e-01,-1.295147686490171202e-01
-1.140275555095419946e-01,-3.854906840190769901e-01
2.768818871115720781e-01,-5.374641426728405946e-01
4.891972438557039560e-01,-1.120453851571937276e-01
4.102519817822375958e-01,4.798251738108862824e-02
-1.502806697435746588e-02,2.296557279438752597e-01
-3.068544711094765010e-01,1.726013363910699205e-01
-2.699497490942492361e-01,-2.661796741800547261e-01
-1.086523966057696133e-01,-1.679518731902752693e-01
6.127027617762407369e-02,-2.117222597769496395e-01
2.454428752915075174e-01,-5.583743913757427402e-01
2.191690860306041988e-01,-5.224679858465004489e-01
2.168861398927270090e-01,-3.285141338882676676e-01
-8.439683000216434416e-02,-1.687127728765068779e-01
-2.530019149966890035e-01,-1.588482393506243928e-01
1.301567119121600780e-01,-3.869856843842932603e-01
6.904897655970702042e-01,-1.034746926254410671e+00
1.135507065250270509e-01,-2.100431263744993782e+00
-1.208342960355238693e+00,-2.688253531912317307e+00
-1.731040024410015032e+00,-2.213434891217822997e+00
-1.109115032420527225e+00,-1.013891939984652213e+00
2.747934411297428547e-01,-9.096654018778597139e-01
1.525538948853625509e+00,-1.714006341854550142e+00
2.044265626158120686e+00,-1.879398014660115468e+00
1.525210060973209103e+00,-1.714500231714667144e+00
5.374723447674570886e-01,-7.786940090499748779e-01
-2.385035493447760779e-01,7.151184138652757483e-01
-9.196540599055685883e-01,2.021422837184847499e+00
-7.611217094680130524e-01,1.637081067854826433e+00
-8.546135137662162762e-02,2.481404155783115129e-01
1.439343160198239546e-01,-1.371098062999978606e-01
8.006771686604144400e-02,6.038036780927885649e-02
9.662909658406287905e-02,-6.030256015857439478e-02
7.045536527175741970e-01,-6.788681831875107431e-01
1.408346445602286945e+00,-1.142945648418016491e+00
2.194603158260962417e+00,-5.100043295375564778e-01
2.381719823363610544e+00,8.389723262923453051e-01
1.717636887178471516e+00,1.236119746380934581e+00
5.747488848076410806e-01,5.136876933786720389e-01
-3.900088912531334689e-02,-4.215849052353565773e-01
5.908029238435542202e-02,-7.108380435276288045e-01
1.745073952530155903e-01,-5.759141830408927021e-01
-4.795083534692089478e-01,5.252809742818829175e-01
-1.207173592498505199e+00,1.372935164201589453e+00
-1.205463948795750140e+00,1.133997374476443332e+00
-7.742246715955417580e-01,1.625909993200208847e-01
-1.649705583513470852e+00,-8.659792747382883960e-01
-2.981876869690879062e+00,-1.753085273005583478e+00
-3.144101462315060935e+00,-2.380677094105140501e+00
-1.995998305759784985e+00,-2.503523995988554685e+00
-3.727962172736019597e-01,-2.172402832741595624e+00
4.824345004716723007e-01,-1.281559089246105287e+00
2.869586517431567674e-01,-6.864379730638105193e-02
-2.899139314525657485e-02,6.535771892874449041e-01
-1.296860923696126211e-01,8.970240430758028571e-01
-1.681891969191283420e-01,7.922911852180464232e-01
4.773211492434201869e-02,5.708347919526031156e-01
3.536616928448221842e-01,3.204902942635312058e-01
3.208767958391524622e-01,1.615998908062220019e-01
4.350433849754025695e-01,-2.046776456898815807e-02
5.874519565915025110e-01,-4.639786424957247912e-01
4.521658613164071805e-01,-5.955690577613009795e-01
3.540411921620665869e-01,-4.169855391326972582e-01
3.385220766498845957e-01,-7.289218602313792678e-03
7.570122012131773603e-01,6.828625916862766099e-01
1.129108785769085133e+00,1.319246489979353010e+00
9.265385603150874116e-01,1.359567467446829880e+00
7.052220837265449349e-01,1.973866420569618141e+00
8.363660670679052833e-01,2.462172868635973622e+00
8.996857186802623696e-01,1.358793919764510472e+00
6.062849060976291948e-01,6.894230498919971806e-02
4.754366315715206626e-01,1.811019920802013072e-01
4.567507651232411980e-01,8.956179435729458849e-01
1.130893994343201703e-01,1.443565601374547480e+00
9.040702149968105061e-02,1.493392204279158086e+00
5.897210547426171567e-01,9.415951790781756925e-01
1.154309988180692859e+00,9.248816653445897096e-01
1.782187747048960436e+00,1.799652272807053421e+00
2.638586265857696400e+00,2.232149830399137613e+00
3.360676299468419170e+00,1.842078699647141882e+00
3.498733513154740571e+00,9.111580077077687800e-01
2.579456456136063114e+00,2.283305933149199982e-02
1.105870358473381110e+00,-4.306485744683316574e-01
3.378540510661517393e-01,-7.348174730147763456e-02
6.375800750554052598e-01,-1.640979399486837687e-01
8.295830585664845103e-01,-3.160332017842220620e-01
1.136973478760006762e+00,7.789738508812067419e-01
9.230625514554173794e-01,1.314274137725382152e+00
2.219303752518650419e-01,1.084001401181666102e+00
-1.296860923696126211e-01,8.970240430758028571e-01
1.946498798514509632e-01,6.220876507193623395e-01
5.339433313810367787e-01,2.903990573418208099e-02
4.383160133296085670e-01,-5.384692219398597990e-01
1.144493211477047717e-01,-5.493165826774005778e-01
-1.003117585295249387e-01,-1.619855871349448195e-01
-1.201180492686632351e-01,-9.954291703967260707e-02
-1.046426292899178268e-01,3.752560496304157001e-01
-1.296860923696126211e-01,8.970240430758028571e-01
4.533221451640544464e-01,7.047591345434865984e-01
1.175852081410627026e+00,1.559104717848248223e+00
1.412607071999792296e+00,3.222987352430094710e+00
1.393895394116130726e+00,3.884311051375910040e+00
1.318486248704392683e+00,2.931535358705748884e+00
1.426030770068599018e+00,6.071755193973370490e-01
1.688760161261302795e+00,-2.112506665107613646e+00
1.913527354784029244e+00,-4.009236760588602344e+00
2.000419791563920580e+00,-4.421255127656078976e+00
1.966531410079946252e+00,-3.629518366086879499e+00
1.774914282163134294e+00,-2.418238097794057850e+00
1.394942468595641527e+00,-1.373146876892494372e+00
3.850494581597910249e-01,-5.564037305904637742e-01
-3.824994403896002093e-01,3.116039898954513498e-01
-3.165638954392330784e-01,5.317716702134557272e-01
1.322199540298008569e-01,7.075852608264093790e-01
6.564480581572699203e-01,2.930444804022932503e-01
7.935904741364395720e-01,-6.082442911585299594e-01
6.939557906373292617e-01,-4.878981363641559654e-01
-2.941302334559939835e-01,1.111292821387713348e+00
-8.682985316661194775e-01,2.066779094734949584e+00
-2.093641694287420307e-01,9.057676139756707379e-01
1.783870532978094892e-01,8.870762804546072910e-03
-4.685303696033746995e-02,-5.992775991515239542e-02
-4.685303696033746995e-02,-5.992775991515239542e-02
2.337702686270418939e-01,7.522492979569814220e-02
7.216280080707796474e-01,3.294048732064935869e-01
7.122969235223149953e-01,2.921048182055967501e-01
1.783870532978094892e-01,8.870762804546072910e-03
-2.237061209403469475e-01,-6.702532980945610785e-02
-8.408933343803175475e-01,-1.917885127095195763e-01
-1.387966283556978597e+00,-1.946819382433739032e-01
-1.319415015621961507e+00,-4.416961096817370591e-02
-6.480147958974851186e-01,1.421029245094298232e-01
-1.790306442883051463e-01,4.800670631418180734e-01
-7.233796051775838454e-02,2.054987799949222205e-01
3.604759773854627203e-01,-2.312495692702586925e-01
1.483332470388708801e-01,-1.206198589372144830e-01
-3.356089811728186767e-01,-1.867369968392852964e-01
-4.298643295857123570e-01,-1.245996472065380722e-01
-6.244686776137162165e-02,-1.313532629039826094e-01
3.228493797094678097e-01,-5.208393925680550318e-02
3.449410067593483564e-01,1.969625174732857753e-01
2.180440829441011308e-01,2.076131044041635842e-01
2.435786718657157457e-01,2.721793267723705001e-01
1.685095645936604547e-01,1.837177448644248534e-01
1.572777374806897943e-01,6.191344999729172377e-02
2.284223049984188680e-01,3.897971794193624828e-01
4.684576725864469937e-01,6.408982452651600381e-01
6.276068488364445752e-01,3.041039037739166062e-01
3.842324754442983936e-01,6.751932559342126161e-02
2.150583413989602122e-01,1.696991947984232973e-01
3.760895344331278700e-01,4.490790815472751607e-01
3.938154945783191585e-01,4.935629329996290005e-01
2.529805246431182097e-01,1.760808130136729821e-01
-5.924413497142233531e-01,-9.561533386766843043e-03
-1.658764085126039900e+00,2.151750872391189895e-01
-1.851022454591556121e+00,5.176482342284258742e-01
-1.170500298211756274e+00,6.401264114688962614e-01
-4.100712405240485303e-01,3.195643273902418757e-01
-4.387584663997018408e-01,1.404498920015912746e-03
-1.875279025865050353e-01,-1.333796291510730148e-01
4.015041943579725769e-01,-3.802695714807722838e-01
6.601017508213905538e-01,-4.223526261621638467e-01
4.510831865781608774e-01,-1.745425917944233019e-01
2.165727980061887131e-02,-8.096985308207779730e-02
4.679548573840942860e-02,1.367244782299741057e-01
2.826390717725661417e-01,3.675357410387903867e-01
2.569639103698845850e-01,1.731743197836422832e-01
1.783870532978094892e-01,8.870762804546072910e-03
4.187582766450925198e-01,3.405093148637716172e-01
4.981276836099829963e-01,4.483405887145123225e-01
2.724164366723932917e-01,-5.997818405623042345e-03
2.454428752915075174e-01,-5.583743913757427402e-01
2.638196189302088324e-01,-6.669232907207972572e-01
2.619245055069983619e-01,-5.067875805711327120e-01
1.811646640450721366e-02,-3.171719785622021948e-01
-1.002165659090250016e-01,-2.256079597798135994e-01
-1.139553084668288863e-01,-1.241548351644007897e-01
-4.685303696033746995e-02,-5.992775991515239542e-02
4.067512065589237724e-01,6.474119678344775197e-02
7.601317021455163969e-01,8.947600393566274013e-02
8.276277369476504608e-01,-3.425411034651749953e-02
1.795594716454649853e-01,-1.877775045405963295e-01
-6.169402278416267205e-01,3.252932563081748635e-02
-1.202660873704247013e+00,9.630487112883070466e-01
-1.656319909525955314e+00,2.041102382236388291e+00
-1.516312235350022686e+00,2.581591063505962236e+00
-1.009918508511653767e+00,2.404858492812997905e+00
-9.498940253116118226e-01,2.290513748006973049e+00
-1.263456638805477539e+00,3.743331808319842580e+00
-1.505222425779661810e+00,5.586896273467138130e+00
-1.777316119560178320e+00,5.940636864181894516e+00
-2.031287335170736785e+00,5.270601469344110335e+00
-2.043316315409014372e+00,4.255722379411911227e+00
-1.418782044007832033e+00,2.839483232673156721e+00
-3.940030342491201432e-01,1.334385107040602980e+00
4.890757668652904178e-01,2.436897571984944777e-01
7.601317021455163969e-01,8.947600393566274013e-02
8.276277369476504608e-01,-3.425411034651749953e-02
8.381211780734039163e-01,-1.208791079789647144e-01
9.027220115641655385e-01,-1.985652149116353543e-02
7.130437902891595403e-01,1.532917214013811424e-01
3.990373511659000005e-01,1.455546842520024642e-01
4.694538199990677674e-01,6.889317148920227618e-01
-1.680724431514451361e-02,1.724067837981877238e+00
-4.321072026948054035e-01,2.122692133757554167e+00
-2.299018283093172688e-01,1.114738594260748172e+00
2.521805966695585544e-01,3.067954561134426106e-01
3.007769490332850015e-01,7.327679039494230939e-02
-2.495937143120941989e-02,3.311353521786765397e-02
3.450621066603022924e-01,-1.516187429906186990e-01
4.474086769512807815e-01,-4.048496346313343874e-01
-3.072229449905882204e-01,-2.594412739538243251e-01
-9.991006980730032794e-01,-1.979355017681131423e-01
-1.466790543920376111e+00,2.581081955121470317e-01
-1.504701514187607225e+00,1.127005026366940221e+00
-1.359912717007337513e+00,2.171117619508313279e+00
-1.329457560084762013e+00,3.885366962646056077e+00
-1.505222425779661810e+00,5.586896273467138130e+00
-1.714134564952088047e+00,5.932182373614074855e+00
-1.564442732679103054e+00,4.938243310216301474e+00
-9.527319013004623693e-01,3.372460004468378791e+00
-4.321072026948054035e-01,2.122692133757554167e+00
-5.659661056666087653e-01,1.990413558041552733e+00
-4.006680414103771515e-01,1.359387526161283111e+00
-2.919176644330795378e-01,4.328062387094606112e-01
-1.005181581616893194e+00,5.619069862670610094e-02
-1.191372568601153814e+00,-5.922804341804296380e-01
-9.039181830742342161e-01,-9.419062706430388898e-01
-5.107703607471977270e-01,-6.359621085162606713e-01
2.695618913601270372e-01,6.337834487490670021e-01
6.137295493453527317e-01,1.968158826497065750e+00
8.998194477998744389e-01,2.504169224622466938e+00
8.672898177064346514e-01,1.720241857621509940e+00
5.362202586433735263e-01,1.289784662494803724e+00
1.480808455147079317e-01,1.121495777388696879e+00
1.175526882365956344e-01,6.427306095534104369e-01
5.223179988954678166e-01,8.425851516623533710e-01
5.399034893841300198e-01,9.135980886650654220e-01
-2.641047273563484898e-01,1.581767842488067399e-01
-1.675100525812278196e+00,1.058273646520182298e+00
-3.147397844181812676e+00,3.295129605712153076e+00
-3.995277524377538469e+00,5.630284373667850062e+00
-3.812356948050924732e+00,7.310393041570100614e+00
-2.916900604964193455e+00,8.070893649232241174e+00
-1.923544454749135602e+00,8.274736557430991013e+00
-1.250186888933796814e+00,8.444988239089159521e+00
-8.314311993499320375e-01,8.406334583615100442e+00
-3.339621437411230409e-01,7.215527406242539854e+00
3.566478124972071728e-01,4.574832833163213763e+00
8.998194477998744389e-01,2.504169224622466938e+00
6.058736197875195240e-01,1.697829388856068045e+00
-8.620756593979292393e-02,7.244647925577433201e-01
-4.302351457610932850e-01,6.785247716440696852e-02
-2.087163065416733632e-01,1.906963414755996067e-01
-4.079527266309575517e-01,-1.958418698869762997e-01
-1.102998810939407992e+00,-6.128139320393075629e-01
-1.566091221674144940e+00,-5.252754355868751723e-01
-1.466919736744700220e+00,-3.720880830933430694e-01
-8.904021261666442699e-01,-5.304290138072679239e-01
-1.038199233812009542e-01,-7.058225085203877480e-01
7.666008387920183464e-01,7.977892169190106131e-01
1.265972441851171748e+00,2.746740479082884878e+00
1.073889210773471437e+00,3.463882719923073950e+00
-3.150089339536500943e-01,3.573519026133966214e+00
-2.307626349733479021e+00,3.143992905644004576e+00
-3.767255752605513486e+00,2.860792566137328574e+00
-3.479810296914787049e+00,2.763228076167496106e+00
-2.064994975556714518e+00,2.573742618308882513e+00
-1.020238045168956553e+00,2.017303580221152970e+00
-6.479314579582851064e-01,1.361048533923330695e+00
-1.495226195816395376e-01,9.800254658729544710e-01
3.831976864881912470e-01,6.831762399643817041e-01
8.472718268825222276e-01,7.939533698511069826e-01
6.420455472892161453e-01,1.150155769519754401e+00
-5.086185524253470369e-01,1.296143998406375619e+00
-2.361970573013512098e+00,2.093782417453520672e+00
-3.767255752605513486e+00,2.860792566137328574e+00
-3.794612224216727281e+00,2.353795981717701213e+00
-2.649505585910134187e+00,1.396803936022188219e+00
-1.086202073222866993e+00,6.386831855095558286e-01
1.418647247218275398e-01,2.836765183954587655e-01
1.575347894878799782e+00,7.673664557245012396e-01
3.739076914954595487e+00,1.601429901359060048e+00
5.396352233916791974e+00,2.226227015361198713e+00
5.342629308674264443e+00,2.042577135514121345e+00
3.496805303311386837e+00,9.484746673974455700e-01
1.212357902284247002e+00,-3.935889762979272732e-01
2.173253326808528493e-02,-1.189573725606806187e+00
-3.627815449668221337e-01,-1.019278819642885248e+00
-3.136393861916991210e-01,-2.510599618340832451e-01
1.418647247218275398e-01,2.836765183954587655e-01
1.466001407168842641e-01,2.025995969632757854e-01
2.091387231536283031e-01,3.731783137407781448e-01
4.065375170397754756e-01,6.190312147143902655e-01
2.172014131671868575e-01,4.902288857243491393e-01
2.450517232599814799e-01,1.224676675418263083e-01
5.970083623249987648e-01,2.697559921444119824e-01
3.242976081337674565e-01,4.003148604465252558e-01
1.418647247218275398e-01,2.836765183954587655e-01
8.502030467093195654e-01,3.023130985167961637e-01
1.665768748120606491e+00,2.305641222251247069e-01
1.368278430288718761e+00,-2.298906786635975530e-01
8.474694840751274549e-01,-6.479827247576485094e-01
1.061656028030990351e+00,-6.258689567143879695e-02
5.870724972194760749e-01,3.984384421745257865e-01
-9.949039225887667745e-03,3.356629178192264140e-01
-9.509832872550652572e-02,3.236588933895135356e-01
1.418647247218275398e-01,2.836765183954587655e-01
4.902350934678710304e-01,4.102776925942114294e-01
3.517408280647246754e-01,4.773717024467721837e-01
9.826857833872398862e-02,2.332744195954610245e-01
6.822328222219681271e-02,1.549084467743134241e-01
1.030490457907754787e-01,-2.230316133470399143e-01
3.260253823871877565e-01,-6.680407483785510969e-01
4.433423098149555375e-01,-4.223674770402154333e-01
2.809363445996955755e-01,1.507610020202841128e-01
-2.187364784576498744e-01,1.864419245170589323e-01
-1.044304277444154522e-01,-3.196671249285194527e-01
1.929099205706611420e-01,-2.611205486919038754e-01
4.041263141999150710e-01,-2.822884922688411180e-01
8.677889564127548860e-01,-3.906286682479678113e-02
1.064189047162233726e+00,-4.072299354898160223e-02
3.332719136584173514e-01,-4.469405226940514342e-01
-6.377501396448990167e-01,-6.815909885092893972e-02
-6.941311661854249193e-01,7.492729870259957903e-02
-4.600858349670965963e-01,-6.064065514381792796e-03
-1.990999247423708429e-01,1.101972647574675224e-01
1.418647247218275398e-01,2.836765183954587655e-01
3.022575702123983868e-02,-1.219916364910624829e-01
1.212462564540111448e-01,-6.112582582285737143e-01
1.378078391189287766e+00,-6.933681336475205903e-01
2.482285634152359144e+00,-5.952502588030312847e-01
2.391640672300990200e+00,-3.874416983326339770e-01
1.328345180561208982e+00,-1.974786116682093751e-01
6.142179035522612462e-01,1.228552011174989245e+00
4.258853986854450602e-01,3.550322824121587839e+00
-6.495623140195505574e-01,5.622919879655948527e+00
-2.625847380090347460e+00,6.602108425325275753e+00
-4.801927320574884916e+00,6.279192475545249508e+00
-6.230725086219679021e+00,4.875333373672725124e+00
-6.293165512391265537e+00,3.068112804641044633e+00
-4.922175848375943907e+00,1.595509408999580714e+00
-2.627755606119494214e+00,7.270403275968072565e-01
-6.602071400200322238e-01,3.516243711119494963e-01
1.038720998808334572e-01,3.539128028226666833e-01
1.220770844950781198e-01,3.217066651949102574e-01
4.403045440692424789e-02,3.270417483376146239e-01
2.911474440871877206e-02,3.595391570896275812e-01
6.386895644423052909e-01,-6.248859189833401162e-01
1.233029492987479436e+00,-1.718968434271241685e+00
1.233029492987479436e+00,-1.718968434271241685e+00
1.604364555251519997e+00,-1.520169746796951493e+00
1.168643714415079193e+00,-6.025086354889487295e-01
3.080832601927770975e-01,3.061966697762320000e-01
6.072770609797914498e-02,3.039672676444551969e-01
-1.052384322983938815e-03,1.776049641886433359e-03
-1.052384322983938815e-03,1.776049641886433359e-03
-7.234655282851221170e-01,-1.964919975697138610e-01
-1.834199907886189918e+00,-2.381970872050175048e-01
-3.123247243466149126e+00,9.552492790500842490e-02
-4.538257489340374207e+00,1.307739551930833466e+00
-5.521536160220341216e+00,2.602383951853229682e+00
-5.045235130812872448e+00,2.977361577209268528e+00
-3.506384272701983829e+00,2.502302302017779922e+00
-1.781038156376880233e+00,1.614984684278623295e+00
-5.466698830476135473e-01,7.142430560348634883e-01
6.094839652134496216e-02,2.499789401915336606e-01
8.576468551944754076e-03,-1.135690391346548395e-01
-1.964725015312646095e-01,-4.348769040093936056e-01
-4.799612723030972639e-01,-4.691263609085239428e-01
-7.012725378298612089e-01,-5.604325750264420591e-01
-4.892982815610246727e-01,-7.792032827818092811e-01
-3.507890033399783947e-02,-9.586163404470041671e-01
-2.091031412545427404e-01,-7.527601472755542922e-01
-3.999769077651092464e-01,-5.438870778306077458e-01
-2.063302433972353730e-02,-5.551955063207500984e-01
6.232425806376756805e-02,-2.338322628781642210e-01
-5.735273073920691411e-01,-1.302965985170353447e-01
-1.384196490919679334e+00,-3.578364926925138856e-01
-1.384196490919679334e+00,-3.578364926925138856e-01
-7.771681616098333745e-01,-3.422621519880722496e-01
-2.784857157575404973e-01,-2.721304889612702893e-01
-6.212526074617834571e-01,1.988646119430967918e-01
-1.145012308375168208e+00,8.877186171802529113e-01
-7.726311560533056788e-01,8.175067505559624470e-01
2.365306315389423819e-01,-1.074997282156004014e-01
3.788683456178301157e-01,-1.929072085760902000e-01
2.822481561065737776e-01,4.458780924585203365e-01
6.234076123304636008e-01,6.267543873181050662e-01
8.167893606314329258e-01,3.782115240736068085e-01
4.885795750194221188e-01,4.117452694492725052e-02
-2.165079911747889163e-01,2.030550139244564345e-01
-4.420574428484391194e-01,6.784766917070987891e-01
-7.116206455708201650e-02,1.307822294923266071e+00
5.995437953646186591e-01,1.880474435490925078e+00
7.564939487430505372e-01,1.591787189064977515e+00
2.968960069346327502e-01,6.770642394773490613e-01
-2.000015784710621608e-02,8.394218244448962973e-02
5.278405829429817786e-02,1.652239952022728220e-01
2.903617303469838706e-01,2.010052278783506507e-01
3.364948688971532431e-01,-7.929135951203464261e-02
2.454428752915075174e-01,-5.583743913757427402e-01
2.191690860306041988e-01,-5.224679858465004489e-01
2.168861398927270090e-01,-3.285141338882676676e-01
-1.912973794385138260e-01,4.614093208978763822e-02
-6.009622654272914755e-01,2.196257923699845571e-01
-6.245198780957754714e-01,-3.020311496767992820e-01
-1.149534432018597618e+00,-7.372460428909691776e-01
-1.968642323266760918e+00,-8.543773743307570001e-01
-2.339320957090096353e+00,-1.349479648690050215e+00
-2.692931763992718164e+00,-1.701485515707416463e+00
-2.628528303493939511e+00,-1.429461312946080698e+00
-1.505858958161865768e+00,-7.421639961946807640e-01
-5.528407818013678088e-02,-4.741796715577773491e-01
3.777898370730352062e-01,-3.770983976899875967e-01
1.744351924289206657e-01,9.808698272960555964e-02
-1.394355392996902976e-01,2.379499848650317925e-02
-4.777207357487287531e-01,-5.149080236118589449e-01
-6.223653052093606197e-01,-6.663626415193483199e-01
-5.060685887152942541e-01,-5.765394270347992123e-01
-2.729724481826145688e-01,-7.180529233712301673e-02
-9.767280366919814383e-02,3.133165294883453744e-01
-2.756982379101666214e-01,3.081435768176460366e-01
-1.941411482350216822e-01,-6.386896928172350330e-02
-9.210607683082416841e-02,-3.867792748924426260e-01
-1.847940557945829954e-01,-3.839852920081228138e-01
3.791735658752154459e-02,-3.101894371545991791e-01
2.407034732496512452e-01,9.975055124887013958e-02
2.500242913925529442e-01,5.809837556424905097e-02
-9.210607683082416841e-02,-3.867792748924426260e-01
-5.885059668692722568e-01,-2.352301872076137113e-01
-6.727798058057962161e-01,-1.736468564175625007e-01
-6.022183633250927093e-01,-2.981769068896436004e-01
-2.328503514590318513e-01,-4.322857058766746419e-01
5.367428297551042338e-01,-1.638543154637368826e-01
9.776431266567973122e-01,4.775455589146473251e-02
1.222623756546582507e+00,-8.552476200199916612e-01
1.604364555251519997e+00,-1.520169746796951493e+00
1.533456450620216627e+00,-1.310727770233002021e+00
9.991656633614445226e-01,-8.892745987613471792e-01
6.128568781361357631e-01,-5.962351563643044638e-01
3.745901976650710674e-01,-5.230276837090372943e-01
1.006305617201199432e-01,-1.542111899122328711e-01
1.249616878268367155e-02,8.423332796068241923e-02
-6.813087710354116533e-01,-7.958206196382311415e-02
-1.089908799027484498e+00,-2.135920732466032868e-01
-4.725129481797982756e-01,-6.482286444590404373e-02
1.113877790929202888e-01,-2.882452032649722162e-01
2.886809950065356012e-01,-6.059101076558438548e-01
5.983759273650591792e-01,-4.933431611424178853e-01
5.557255511803239623e-01,-3.091706614583029089e-01
3.274220634664541385e-01,-4.192414108465096767e-01
1.038785784736835222e-01,-8.575184767306344158e-01
1.610335688107416841e-01,-1.208032333859917706e+00
3.202317405148270013e-01,-1.005438908100952711e+00
3.532062427306305596e-01,-3.284174302170424498e-01
-8.236478606000217917e-02,9.481673260054793162e-02
-5.059700494889697309e-01,-2.805878027755283610e-01
-2.271102015122760387e-01,-9.048744753163512344e-01
1.421188759706932536e-01,-1.063977574990849995e+00
2.368981984387589224e-01,-7.345172816470150190e-01
-1.962289572255860315e-01,1.810488536926028180e-01
-6.148170820152997207e-01,6.183169672338612033e-01
-6.186418036318601654e-01,2.725829499595142646e-01
-4.996324165463584821e-01,-1.266399193671986501e-01
-2.830416658992594980e-01,-1.744719801571187057e-01
6.311048059316570757e-01,-2.776908228909455434e-01
1.628018153075786456e+00,3.613759483872571177e-01
1.903244547864892278e+00,7.369082323847434557e-01
1.513466195514288515e+00,-1.298552548928924577e-01
1.027817436030411313e+00,-1.353411127055287766e+00
8.498971266658396084e-01,-1.683433631290851107e+00
8.189155138770028985e-01,-1.153098232831880177e+00
7.935904741364395720e-01,-6.082442911585299594e-01
6.939557906373292617e-01,-4.878981363641559654e-01
2.757928813317077066e-01,-4.736346185419979538e-01
-1.366275640837212590e-01,-5.207893759374681020e-01
-1.704972974035407762e-01,-1.451735705963619338e-01
-1.449008350637241149e-01,2.840270019313229088e-01
-1.166363112249900885e-01,2.578513106317605885e-01
2.640978671778461684e-01,2.470964816127516339e-01
6.584778164889683039e-01,1.969446703543533128e-01
8.276277369476504608e-01,-3.425411034651749953e-02
6.255491379898387994e-01,-3.754221609984643160e-01
-6.023789175225340714e-02,-4.773015642437577477e-01
-2.592971047143211583e-01,-3.580728034772737156e-01
-4.839972340717744181e-01,-3.935128635729783775e-01
-1.352670091604334379e+00,-4.840655236727101629e-01
-1.617311475186540948e+00,-5.542871954925974176e-01
-1.027552823164382012e+00,-4.749152828347967259e-01
-3.763917600105774475e-01,2.035735788027553603e-02
-6.695965427526673341e-02,3.846043982059342836e-01
4.685551643240697950e-01,-7.928074634418491584e-02
7.935904741364395720e-01,-6.082442911585299594e-01
6.939557906373292617e-01,-4.878981363641559654e-01
3.491576837842953474e-01,-2.484662099319062400e-01
-4.699172569125607823e-02,-6.905716339523147555e-03
-1.180824807239520685e-01,-1.696539727321170199e-01
1.941035793814441524e-01,-5.342910956613239337e-01
7.340753907753045926e-01,-5.765466103382550500e-01
1.696879994748140108e+00,-4.447543279853213294e-01
2.654915028452909720e+00,-2.412799983816162064e-02
2.622349586656626652e+00,8.390147974329448255e-01
1.678655203271033569e+00,1.468976598800956213e+00
5.231317141400694259e-01,1.353301487792403668e+00
-2.410321759199530456e-01,6.775573739203654133e-01
-1.165597749171161546e+00,1.902948607689788352e-01
-2.047163253718639275e+00,2.414130113410599965e-01
-2.281210173946602193e+00,3.732513503377716257e-01
-1.737565815650265133e+00,5.164412308952164299e-01
-6.700697999204662247e-01,4.403601325951655987e-01
1.369055731767856443e-01,2.542929217579528167e-01
3.899072459950520542e-01,7.696324971382013935e-02
6.758140338524857293e-01,1.793357554987142499e-01
8.123413980406228863e-01,4.426590448757736773e-01
7.012312474232431647e-01,2.667244365159625596e-01
9.016391580036865749e-02,-2.175136380884009346e-01
-1.538844411046026428e-01,-5.089776516406067097e-01
-7.060403495622376013e-01,9.641513975007812154e-02
-1.771962620415736156e+00,1.234289299463876999e+00
-2.330606530593877235e+00,2.165463833859440079e+00
-2.134252455970285123e+00,2.311320406466958577e+00
-1.385015024020667118e+00,1.477903946448267503e+00
-5.965274904292710012e-01,1.317145215164067518e-01
3.539223058943075095e-02,-1.093787770166845114e-01
4.013964135337881323e-01,7.579305539492705579e-01
6.210321767109695523e-01,9.170011702947840071e-01
5.766421879004037798e-01,3.336242423916082056e-01
3.267913761445315202e-01,-3.356275871960812118e-01
2.455909583743338120e-01,-5.505532170777148737e-01
5.094508700718470839e-01,-6.175357450826628458e-01
7.209299863763947158e-01,-3.399659008411565209e-01
6.420808726787088361e-01,1.251474126281794386e-01
7.873824744414789079e-01,1.288254458422917192e+00
7.242677739973885087e-01,1.675538104416840479e+00
7.669504859968224730e-01,9.948679681865466584e-01
1.213570572703750905e+00,5.880683371978385754e-01
1.247775363688950367e+00,2.744711190057116945e-01
8.581253808283788587e-01,2.678154861554419841e-01
2.097557860388905848e-01,6.175994973683159861e-01
-2.111985377733654190e-01,8.433616636903163988e-01
1.706467962847812436e-01,2.176653284214309370e+00
1.819112416865248827e+00,4.303269175671412761e+00
4.680743126908446960e+00,5.535427026850530119e+00
8.192588987536593592e+00,5.469946082713899926e+00
1.124165257939443485e+01,4.547716867493508452e+00
1.274619614392286060e+01,3.539246283346390687e+00
1.229056919286106719e+01,2.904238999604996430e+00
1.009809292323116559e+01,2.406036634520088757e+00
6.602569081624015901e+00,1.499187763748989877e+00
2.840945921296042176e+00,2.261802472595159930e-01
3.920061271297226035e-01,-4.118054643409035931e-01
-4.110934791034494273e-02,-9.209190672741540684e-02
-2.236309807460175880e-01,-1.604198780602736907e-01
-5.664161525455086998e-01,-6.881782396832375470e-01
-1.553539059487193175e+00,-1.078889987374863857e+00
-2.184656586368098008e+00,-1.044629145087176303e+00
-1.774684009406269913e+00,-6.198838151751266956e-01
-8.857247810088055839e-01,-2.526529726087358152e-01
-4.180588144491381164e-01,-4.773279628218847492e-02
-1.673376429548259769e-01,1.114541967627654395e-01
-1.935589372999819424e-01,-9.633838285626331044e-02
-1.730503789192364139e-01,-4.875163294754449872e-01
3.684382286506824311e-01,-1.140229874677863853e+00
7.013668776271364536e-01,-1.182267648917892267e+00
3.285574386026948179e-01,-4.433591338497598344e-01
-8.960761993447376172e-02,1.865930610942150014e-01
-2.772144665755352788e-01,1.265552202647126680e-02
-2.403497246434004864e-01,-8.102070350745569360e-01
-2.372230449054681112e-01,-1.293715891255316830e+00
-2.631229771057962408e-01,-1.085307989791138628e+00
-2.258114365531465328e-01,-8.529796349181142379e-01
-6.856355472388940830e-01,-5.211021307299580352e-01
-1.284693699543346224e+00,-2.916672970799067399e-01
-1.507323130817154855e+00,6.414003627976233579e-01
-1.252319945248123956e+00,1.861092031146553305e+00
-7.371849748911238898e-01,2.413737616147844101e+00
-4.757348800725211824e-01,2.440840225620929616e+00
-8.712820445737626818e-01,2.179641945478315357e+00
-1.264921098271776456e+00,1.419576301076085567e+00
-7.375093554021587838e-01,2.195105004188673548e-01
1.294944972960070384e-01,-7.106273527655323496e-01
3.027855470772609081e-01,-7.513700281989862395e-01
1.449355469747452274e-01,-7.177698784101697038e-01
-1.610745892799382017e-01,-7.202385386070280227e-01
-5.181453945823363827e-02,-6.541058981704994668e-01
1.849834584556052375e-02,-4.420865408360784565e-01
-1.086398808987648484e-01,-2.557713972907298405e-01
-9.087110662874643696e-02,-9.163217475396879391e-03
4.739921055801288308e-01,-1.370989029213242616e-01
3.727785592740813780e-01,-9.058012254650181783e-01
-5.968888668328554692e-01,-1.419439398218954373e+00
-1.289091328096241273e+00,-1.461079344141411607e+00
-1.413786151857862716e+00,-1.195294956431273592e+00
-9.269131672031283298e-01,-8.743037667074211594e-01
-2.835668085071355038e-01,-5.036766211256319403e-01
9.576553102326633427e-02,-2.582528115322818563e-01
2.058297379479969436e-01,-2.496560771240243504e-01
1.111118169354284729e-01,-2.730915567929693144e-01
-4.510409472421431087e-02,-5.888327867385554498e-02
1.119939365260008285e-01,1.238686596592465140e-02
2.020772146081896148e-01,3.193857397562181039e-02
9.951601884282269828e-02,7.721843431153006809e-02
7.861552265431043240e-02,-2.789998211166795916e-01
1.835274396921369733e-01,-3.900261487087229861e-01
2.020772146081896148e-01,3.193857397562181039e-02
1.457164281714439791e-01,3.156104102665533984e-01
1.457164281714439791e-01,3.156104102665533984e-01
-7.546690765053713779e-02,-1.224606595645458262e-01
-1.383328150061738371e-01,-1.326145715746411602e+00
2.078118965120869660e-02,-2.128572088748656554e+00
4.193724905244639034e-02,-1.753731314658141693e+00
-8.915501839462272593e-02,-9.723325613649639321e-01
-2.168936575625526608e-01,-6.530193411648426149e-01
-2.937292015068996842e-01,-5.127983416797576854e-01
-2.320364025441609690e-01,-5.243627399836042757e-01
-4.459793399308727146e-02,-5.970451150118387673e-01
1.133627606719921771e-01,-5.012836892703025349e-01
4.672448413202349715e-01,7.089833479894830370e-02
6.606864467276253317e-01,7.265698165667058284e-01
4.287543713160276160e-01,1.245801645650882028e+00
-1.292210922136790285e-01,1.234203964589061231e+00
-8.541841666825190638e-01,7.354795856321401093e-01
-6.455563390753628061e-01,-3.639808401805611493e-01
-1.964320648855618842e-02,-6.002673685029783490e-01
4.892563084054271649e-02,-6.926212682954820121e-02
-2.825099302469999060e-02,-4.878646703608716106e-01
-2.265966829613682287e-01,-6.230981382601233909e-01
-3.598384874139282652e-01,-3.149176243700500533e-01
-3.759994332833576092e-01,9.976225173500735677e-02
-2.753682345372832629e-01,2.098607144730173235e-01
-1.988431248393828787e-01,3.213324466078691932e-01
-1.427671829479583154e-01,7.341896073433304970e-01
-1.268466533846634992e-01,8.425354010289881623e-01
-2.195215359678880096e-01,5.991439097067051689e-01
-2.861772608342413871e-01,4.399702514298116651e-01
-1.960136390401189255e-01,4.323021771946536917e-01
-9.509832872550652572e-02,3.236588933895135356e-01
1.418647247218275398e-01,2.836765183954587655e-01
2.253067248586426430e-01,1.878027743444615760e-01
-1.632679063774034878e-01,5.863197706471711124e-01
-3.150780741651472150e-01,8.231301537608598506e-01
-3.068887685544317845e-02,2.193003410978482393e-01
1.723646432716984533e-01,2.331717803005656509e-01
-1.729436739828878189e-01,6.089188461857678591e-01
-5.325268121839911162e-01,3.731379391865882744e-01
-6.941311661854249193e-01,7.492729870259957903e-02
-5.011511443833875923e-01,-1.215244098489859648e-01
-5.087615072264635163e-01,-3.816609415784860682e-01
-4.847087802790941979e-01,-6.623229261215293207e-01
-2.771242893677874908e-01,-6.582051660930201553e-01
-9.654437529366606541e-02,-4.921698166910477568e-01
3.104322858754112735e-01,-3.953761684692615463e-01
6.770475602351951894e-01,-3.117846683409141728e-01
6.886250266848941148e-01,-5.002690489183806433e-01
4.240941860444868428e-01,-3.735605280483892954e-01
6.903988085989984369e-02,2.440361351477143281e-01
-3.659152608324906658e-02,3.009070291881695836e-01
6.971822344324236920e-02,-1.762255596887849982e-02
6.903988085989984369e-02,2.440361351477143281e-01
4.971253041532126132e-02,5.791798030215434823e-01
-3.064349123144071221e-02,5.128845721957654424e-01
-1.832586388779895992e-01,1.803629619868228340e-01
-4.685303696033746995e-02,-5.992775991515239542e-02
1.368533498917369196e-01,-6.257163476042386374e-02
1.825981156129036775e-01,-2.385009443733314971e-01
2.251866285798681255e-01,-1.334631550401218059e+00
1.503518938489437906e-01,-2.524473833899317121e+00
-5.123646102011310266e-02,-2.657659224031781786e+00
-1.788054793224613803e-01,-1.296598160276233536e+00
-4.685303696033746995e-02,-5.992775991515239542e-02
1.262545444440668352e-01,6.462172593944542909e-02
1.355813968797707492e-01,1.824012063925641858e-01
4.530803106792729573e-01,2.525566448902725192e-01
6.506853911621304221e-01,1.631393274143386474e-01
2.050366139067822946e-01,-1.126308759932497378e-01
-1.489732669248080843e-01,-3.456583023363031804e-01
-2.530573407720343448e-01,-3.582656628502356999e-01
-2.439749114229938613e-03,-2.173206470584092276e-01
3.250146960739272450e-01,-2.990143663648159311e-01
-4.464019259273319801e-02,-3.368825234949312519e-01
-8.693522821459329086e-02,-3.101034653267625840e-01
2.778548934092347489e-01,-5.663941505753228300e-01
5.494784334707509821e-01,-2.353037037934536113e-01
2.645608810187264348e-01,-1.522013408744972152e-01
3.066076975507272540e-01,-6.600380008130113385e-01
-1.009315636565868202e+00,-1.215479204659763113e+00
-2.404392259417162059e+00,-1.732244294096766835e+00
-1.921408982241578522e+00,-1.455959481907573849e+00
-6.638464583180784251e-01,-6.791033267330460754e-01
1.332065501326088475e-01,-6.074796032876654539e-02
-1.577150101884216282e-01,-7.094786676299140449e-02
-7.480631714322050207e-02,-1.798300417346202495e-01
2.493676476787371199e-01,-2.962796629745080845e-01
1.885247205354071698e-01,-3.553342876178249288e-01
2.122434267562447463e-01,-2.846912292329452088e-01
9.656680057254353466e-02,-2.544784125557531529e-01
-3.740018787797795563e-02,-1.232340333243957115e-01
-3.080518099531743270e-01,4.382146437787341753e-02
-5.186201342135986492e-01,1.253248198966610882e+00
-2.930372843169607930e-02,1.844266144383151174e+00
5.939497424147212046e-01,8.106957827984336840e-01
3.598827301311439686e-01,-1.994576685060712173e-01
-3.372002693305252152e-01,-6.862968914858145197e-01
2.929154093278766441e-02,-7.982594076180616893e-01
1.637991806989297916e-01,-7.803477623343165748e-01
-2.950716688854518321e-01,-5.392977343812891400e-01
-1.054944663707604452e-01,-1.494188111318393020e-01
-1.054944663707604452e-01,-1.494188111318393020e-01
-4.196490463725147668e-01,-5.495562741473331014e-01
-3.501240168189109214e-01,-2.294253572518264228e+00
1.012289633914232323e-01,-4.093238899570562417e+00
4.481812373447449649e-01,-3.838702342821443292e+00
4.013331751032406802e-01,-1.680437426256206956e+00
1.783870532978094892e-01,8.870762804546072910e-03
2.159170824842557637e-02,-3.137804511435053623e-02
2.980368177172911803e-01,-3.795968372720923134e-01
5.501722014582928200e-01,-1.138072121730191011e+00
5.982626157353340690e-02,-1.711789639348830772e+00
-7.873145856156813505e-01,-2.251231842458749632e+00
-1.195999838888313960e+00,-2.124055097422468119e+00
-7.885333375056644556e-01,-1.154611869584411643e+00
-1.115612261635994112e-01,-4.746925920905632479e-01
3.464487390819166457e-01,-7.348619304402498331e-02
7.580253223257213957e-01,-8.241370573011765066e-02
1.146849778311165302e+00,2.417103835168387879e-02
1.468342982583393130e+00,1.017496412885387613e+00
1.690421735056448105e+00,1.565114155488755321e+00
1.227102204002484820e+00,1.074749790282304440e+00
3.464487390819166457e-01,-7.348619304402498331e-02
-1.115612261635994112e-01,-4.746925920905632479e-01
2.653504420123259933e-01,-1.160980787687912186e-01
9.889503232799382593e-01,2.897488895031697931e-01
1.500590794430630037e+00,1.013127955247371093e+00
1.721380148957810219e+00,1.560920366455596842e+00
2.414309870335904940e+00,1.845318082801077564e+00
3.405033590451171044e+00,1.903726200535778901e+00
3.720156057117830262e+00,1.606460002570267553e+00
2.770602572652534956e+00,9.110605775461106948e-01
1.185146736475540585e+00,3.813656680818294092e-02
2.379844412224938199e-01,-9.440499480857049708e-01
5.599634251557520370e-01,-1.458694348190544332e+00
1.227095858674471240e-01,-5.799267451341525437e-01
-2.100927947656637262e-01,4.374925966786091247e-01
3.495894460690286421e-01,3.964134549583508277e-02
6.873696537223744629e-01,-3.450514236800975576e-01
1.453761173853928446e+00,1.961581156387110225e-01
2.416849336378246171e+00,1.057050431745988117e+00
2.264740859495792069e+00,1.410046064184582226e+00
1.038313820660583753e+00,1.070806461529451470e+00
-6.713151995412248996e-02,8.735873617823696202e-01
-2.312738502260860973e-01,8.457490683345467719e-01
-4.187160846645643364e-01,4.105362376886868003e-01
-6.250578424468968830e-01,-1.215059465012436474e-01
-5.190094078404478006e-01,-3.904900707267113802e-01
-2.946388701842864166e-01,-8.125915259842908522e-01
3.030686762214021002e-01,-1.587482931076729997e+00
2.178359462187746676e+00,-1.429437967891328487e+00
4.188617403456560417e+00,-9.609822664620853994e-01
4.967625587710623236e+00,-6.968803559470897468e-01
3.836944673934826522e+00,-5.138912033083263831e-01
1.669712480670846322e+00,-2.832361399919148814e-01
-1.570317318652344474e-01,-4.447055542921956595e-01
-3.229502500324438197e-01,-1.068399878512464429e+00
2.896545367023555806e-01,-1.565629116956560596e+00
1.385365532443534775e+00,-2.336169265831073094e+00
2.385238593688447484e+00,-3.154609706053546958e+00
3.006444140314838975e+00,-3.551793227664915342e+00
3.006444140314839419e+00,-3.551793227664913566e+00
2.397144403310785599e+00,-2.704799438187288629e+00
1.410198134875899179e+00,-1.337595091315994189e+00
7.540942004877632110e-01,-9.394471003358835226e-01
7.327173475653613322e-01,-1.457431735805491346e+00
4.561534691019907273e-01,-1.476165915960455655e+00
-5.955033947460164345e-02,-1.034805107412837932e+00
-3.269479376775536461e-01,-1.435295786369147564e+00
-2.293968159063588530e-01,-1.669225721241750504e+00
-4.377386611000962102e-02,-1.035768693499598436e+00
2.810730869200603887e-01,-1.119961491201714177e+00
5.617849284631053486e-01,-1.757539012429998770e+00
7.561187078822901864e-01,-1.905631777518872250e+00
7.855897819794699366e-01,-1.307155134697687959e+00
1.270445100885053247e+00,-1.972660492404053389e+00
2.067278564824149623e+00,-3.498965585401455858e+00
2.345948990647220178e+00,-3.569139276989719889e+00
1.724610076726205365e+00,-1.888670520156528143e+00
9.373114364548004174e-01,-3.342563091343462855e-01
3.026646052473167536e-01,-4.553556175609013018e-02
-3.319050086085256757e-01,-6.936380235063974165e-03
-4.822480189909808534e-01,-1.277930476034846163e-01
-1.733041714242859188e-01,-1.159263883547556329e-01
3.366943764757329705e-01,-2.496976022904185133e-01
4.867402475429581377e-01,-5.736710542807788027e-01
3.144631629775165305e-01,-7.909294938316167034e-01
1.417846861015610305e-01,-7.522619899915428121e-01
7.435689090064516449e-02,-7.111521233829036781e-01
8.540512740028745331e-02,-8.782498288079542137e-01
