-1.299919138026265575e+00,-1.005712271579510597e+00
-1.372545425104414241e+00,-1.045528060552374905e+00
-1.171393365296209188e+00,-6.608432673316050332e-01
-7.330850747008899049e-01,-6.304779233791888426e-01
-3.527582209056157603e-01,-4.394346748269329361e-01
-2.625299517043433450e-01,-5.677880712172403976e-01
-2.674586526394409636e-01,-9.282280543761880498e-01
-2.694406226823201633e-01,-1.007048746999215760e+00
-3.073628211154474377e-01,-9.238770645494833733e-01
-5.491746836601469894e-01,-7.850165398869333178e-01
-4.924624077015500867e-01,-9.256925461199433380e-01
-4.340246895799074189e-01,-8.072520965845708663e-01
-1.996760618616854888e-01,-3.543236572932622064e-01
-3.147973804461922653e-01,3.387724700056508609e-01
-4.376842923769044269e-01,6.978819405640642737e-01
-4.578611887952119819e-01,6.377762236434576515e-01
-2.880224531044284775e-01,4.198098972733192991e-01
2.961339694009793577e-01,3.066618050291377087e-02
4.061388303248618104e-01,-2.977878161078924557e-01
3.345553097723653613e-01,-4.646365642437534360e-01
-2.726799430472435781e-01,-4.300681346996847454e-01
-3.890982825397846789e-01,-3.496617856330376806e-01
-3.743441801417237147e-01,-2.879601204311723062e-01
-1.524252269475351584e-01,-1.641930654528305222e-01
-5.963093406377345529e-02,-2.409468761588786367e-01
-1.087069908498331655e-01,-4.160848996013211121e-01
-1.077901025680420288e-01,-4.943845020124844059e-01
-2.736913423844198889e-01,-4.891623235237189671e-01
-2.889686777603114876e-01,-3.479463006336926956e-01
-2.411010165688657614e-01,-1.923833596648260313e-01
-7.047778341616235676e-02,-1.688881529927669101e-01
-4.936683510973013944e-01,-5.172582735331339165e-01
-1.187543886008284311e+00,-9.875451110254823694e-01
-1.893920592931702007e+00,-1.390177683879179726e+00
-2.034380005467165464e+00,-1.453695203018914306e+00
-1.919303486941505765e+00,-1.410470324811879728e+00
-1.558320024785601943e+00,-1.198767542136749187e+00
-1.010006260208463180e+00,-9.668197257997040994e-01
-6.135186545394891722e-01,-7.304881574676173051e-01
-4.838636633023933598e-02,-7.072658743206948762e-01
6.479685774576074975e-01,-6.282067929384655969e-01
1.188903071056508942e+00,-6.815737022973742398e-01
1.147057949661869136e+00,-3.825281614729579838e-01
5.676796318861948576e-01,-4.955303986788465731e-01
-9.755743155118781762e-02,-5.083380383876686670e-01
-1.628621266321930994e-01,-6.521106271069270210e-01
-3.374727290962681314e-01,-1.090879952806276920e+00
-5.998423930327324571e-01,-1.548208740658863825e+00
-4.378037072794470075e-01,-1.421837523272213133e+00
-3.689911088837679043e-01,-8.899214990661739044e-01
4.635949515359130135e-01,-6.900096095742244695e-02
9.139929689216379494e-01,6.224206643469101796e-02
1.356249899089866373e+00,-1.955248268441380222e-01
1.561509863579289226e+00,-4.251638818128858355e-01
1.526335045274626934e+00,-6.817369962510012593e-01
1.848476358175172640e+00,-6.542347550836147274e-01
1.459611521953592339e+00,-6.822894616821164604e-01
6.971187447211510957e-01,-7.204793464495026223e-01
-4.689653428573192784e-01,-8.391866267912478916e-01
-9.921922248486194640e-01,-7.809338385850927988e-01
-6.764315016434531425e-02,-6.692042129305811882e-01
9.502220077361943629e-01,-3.320909911067524978e-01
2.276060492684395697e+00,2.977854188474225450e-01
2.376675116530161613e+00,5.235277717144339871e-01
2.630504811640568263e+00,6.410969307660586702e-01
2.069748921806833675e+00,3.275783038225176247e-01
2.051484698670154039e+00,2.131853509866732388e-01
1.744663823456522156e+00,-6.822273396906368415e-02
1.695533605189517345e+00,-2.336581133206280525e-01
1.464707604376530137e+00,-1.994273897553658359e-01
1.041671138510406713e+00,8.403961117065342212e-02
1.063458176149399081e+00,2.536914691940506672e-01
7.346923568423064932e-01,5.152255094507662836e-01
3.954421474892259036e-01,6.240680412259752563e-01
-6.974013179770673088e-02,8.760541173262962333e-01
8.358647409889266577e-02,9.392235207287746857e-01
6.859949292364642126e-01,8.884594258838286462e-01
1.769750629945332721e+00,4.175932706887689472e-01
3.044042879148892045e+00,-2.619719156782688851e-01
4.315903196160219224e+00,-9.472198998969509898e-01
4.726883946745458864e+00,-1.350830384412758711e+00
4.334286867935615462e+00,-1.357793012520356779e+00
3.094570188919119502e+00,-7.986532337852385588e-01
2.123597659295331841e+00,-4.847345460574701836e-01
8.547973223316487346e-01,-1.747638857464994255e-01
3.048843855909932898e-01,-2.512992989286215173e-01
-2.694327928928031968e-01,-2.895004090469830982e-01
-7.610660991605826542e-01,-5.524535930620964042e-01
-1.090177340865699396e+00,-7.400490550095140119e-01
-1.374289722393504443e+00,-9.202127621519864409e-01
-1.500315212854075542e+00,-1.056803764918940125e+00
-1.635466896441907458e+00,-1.162776412581740804e+00
-1.398422198076959333e+00,-1.083919552853812140e+00
-1.665464965410287934e-01,-6.136082320083948716e-01
3.995090772973876603e-01,-1.022865856553362846e-01
8.155078034768060702e-01,1.774710881608473900e-01
3.855522645083947486e-02,1.045372590713113808e-01
3.855522645083947486e-02,1.045372590713113808e-01
3.855522645083947486e-02,1.045372590713113808e-01
-1.125206288809566246e-01,7.265352642746059075e-01
-4.928813093768263376e-01,6.993832376469156786e-01
-8.697925455233186387e-01,5.899223160709380354e-01
-8.972529119659992114e-01,-4.477984470720032806e-01
-8.967495297526641984e-01,-3.598058833426581032e-02
-9.704593136480692550e-01,1.120175390570679330e-01
-8.585338746663346843e-01,3.399757178425170667e-01
-1.915958413123373949e-01,3.154419799172336059e-01
4.540312524486851409e-01,-1.169739644216672564e-02
6.959180269873462832e-01,-2.556347368791009877e-01
6.107951048320148235e-01,-3.033376292122767492e-01
2.984324868301460598e-01,-2.211367886173754016e-01
-3.099045730450536440e-01,9.218248215486266051e-02
-6.169017799378715416e-01,-3.669096211981893729e-01
-6.950392238865473749e-01,-5.939604068546594506e-01
-2.967458581535489803e-01,-8.994844747111441219e-01
5.585012428597786738e-02,-5.626199538314681226e-01
3.801371203456865300e-01,-1.854512298069579401e-01
7.468730710659035044e-01,8.368775609641079249e-01
9.911210595308764804e-01,1.990859682270881059e+00
1.049283061335950062e+00,3.180244071161927089e+00
8.591669297945148109e-01,3.838755153372765072e+00
3.271009365516038270e-01,3.666618285384305231e+00
4.193137224764478255e-01,3.952229400008759441e+00
9.303764887778489534e-01,5.035485895666028888e+00
2.070480918412850091e+00,7.333446447298642035e+00
2.762879252594380830e+00,8.559663240707974907e+00
2.496294421970318922e+00,7.547118937963871232e+00
1.530370641477517113e+00,5.532658917030500056e+00
1.577281840885798703e+00,4.524896258609511612e+00
1.959816584186796717e+00,4.924643815856960316e+00
2.317605567451898274e+00,5.258001928349402831e+00
1.408805691226582724e+00,4.173422622492838130e+00
5.007505179197199174e-01,2.879743866333200231e+00
5.145864631510754794e-01,1.320378729782865301e+00
-1.993655848684969950e-02,4.297557950589045439e-01
1.835560604904862975e-02,9.948943574423992908e-01
-6.198671599634313356e-01,1.798393941533017015e+00
-5.837220109174307003e-01,2.346100678727149003e+00
-4.802910657840161468e-01,2.705469409982701023e+00
2.498682606097174519e-02,4.254150392127943547e+00
7.357940185544395995e-01,6.269572310482282695e+00
1.572104425591823729e+00,8.608026554813324793e+00
2.331683967949445435e+00,9.692550834267793292e+00
3.053725647607613336e+00,1.007045903972669976e+01
3.392888790267224675e+00,9.636293936862351472e+00
3.864622017316349023e+00,8.864135190086253502e+00
3.831733692666473345e+00,7.518504334603446360e+00
4.090746987694950043e+00,5.820396602158828259e+00
3.713909586149913622e+00,3.679561403209258952e+00
3.254559336425697058e+00,1.905309929844139383e+00
2.898492387849556096e+00,5.188607929314494882e-01
2.353284126090604111e+00,-1.299007996930837960e-01
2.570324992631136229e+00,-2.065041574966809124e-01
2.628712525108862774e+00,-8.013874505111910629e-02
3.108406928354881416e+00,1.060200586491925473e-01
3.312964398529156362e+00,8.994962820827073768e-02
3.455285632817883368e+00,-9.497810344544137251e-02
3.657597354404519052e+00,-2.042638843955093819e-01
3.659193052474446262e+00,-7.743256831093567327e-02
3.227184783758542785e+00,2.752738083470184782e-01
2.587506726093937726e+00,6.230819052316247664e-01
1.898988829849546089e+00,8.056023174762676486e-01
1.219365741935048986e+00,6.988295774953897643e-01
9.038557351044049781e-01,6.153201358163731260e-01
1.114418162168638649e+00,5.096027892820732541e-01
1.787629721754724565e+00,5.128596754347856113e-01
2.445806112340411786e+00,3.005479566071856956e-01
3.140574662735493128e+00,8.099775208466969412e-03
2.833105467001676647e+00,1.149807000641080504e-02
1.976921102922152285e+00,6.588664833800288168e-02
8.242711127205152311e-01,1.024087175499045488e-01
1.543412208205392766e-01,-7.240855058215917017e-02
-4.182980144428746772e-01,-2.458468899691006737e-01
-7.571109679404040005e-01,-2.523927119968866761e-01
-1.000439575837706929e+00,-3.646750883150461364e-01
-1.092010505779258400e+00,-4.379110784721112481e-01
-9.681461606634195194e-01,-8.515844296559866855e-01
-8.246022122705448654e-01,-8.629912827141882348e-01
-5.391734982430765877e-01,-7.784550974727575401e-01
-3.871599297426601693e-01,-3.501213817196527356e-01
-7.315716663293518607e-02,-3.322568605107872330e-01
1.363593626481481545e-02,-3.493138804995502000e-01
-7.665562050139430872e-02,-4.456871092264177991e-01
-3.334304401681675856e-01,-4.396398982655445042e-01
-6.470808878967089228e-01,-3.157146473723571045e-01
-6.570982739982828003e-01,-2.193608021583113021e-01
-4.709222727326138336e-01,-2.052056571830010168e-01
4.268659309177483818e-01,-1.062007215273121086e-01
1.658088324293377047e+00,-7.440662679234277821e-02
1.961171044634917093e+00,7.591521965960779106e-02
3.422264162454251579e+00,-1.231454839630568676e+00
5.380705163173711725e+00,-2.995540762546216929e+00
8.613645158160510462e+00,-5.057056122064438775e+00
1.068878489520580821e+01,-6.404871004528671641e+00
1.153310722295521096e+01,-6.801833744164389906e+00
1.089158433405745185e+01,-6.144047784365522347e+00
9.208158355536426143e+00,-4.760680559232832287e+00
7.037979121865420851e+00,-3.001421296878780343e+00
5.211241098916757686e+00,-1.509252076098184681e+00
3.611312250404396629e+00,-5.760974387849057132e-01
3.611312250404396629e+00,-5.760974387849057132e-01
3.611312250404396629e+00,-5.760974387849057132e-01
4.031540094256512496e+00,-4.547312094411140593e-01
4.031540094256512496e+00,-4.547312094411140593e-01
3.666492088421617446e+00,-3.118362346658724582e-01
2.979644562325941770e+00,5.590973658048242756e-02
2.601928522169385527e+00,2.986974828093401646e-01
2.258001759497801686e+00,1.134668703908722764e-02
2.189163404825530179e+00,-6.942698087036345278e-01
1.432802886667041919e+00,-9.674567761951453626e-01
9.831720812749354943e-01,-8.868046288229032292e-01
1.207785062189760672e-01,-6.159537714574141454e-01
-2.527170571843096458e-01,-2.038485052355291094e-01
-7.935979539984269193e-01,-4.750264626239213417e-01
-9.430624219643508610e-01,-9.508401298961234316e-01
-1.199703990858110858e+00,-1.604913768710370947e+00
-1.751515833457751636e+00,-2.601633906567665022e+00
-2.336845111002874731e+00,-3.433294001589343836e+00
-2.897158817146349374e+00,-3.718540013364010299e+00
-3.157630278312816952e+00,-3.078843699277914236e+00
-2.493943927294886009e+00,-1.611861333799730955e+00
-1.861983749816059852e+00,-3.517228901071854374e-01
-1.021378234466099322e+00,6.700887079929063184e-01
-1.035833553952486774e+00,5.322550933085853364e-01
-9.312798968483447792e-01,4.330048639887960071e-01
-9.412359880789616939e-01,-3.983737036690591232e-02
-8.182528027645356028e-01,-1.723472329944601977e-01
-6.137678395502078610e-01,-1.742097584220265727e-01
-3.851765579520904925e-01,1.191278157381596148e-01
2.740566529414614760e-02,6.299259290028848268e-02
6.299158808616278638e-01,-1.658475541381412843e-01
9.977665176708047090e-01,-6.370483713944813386e-01
1.184429855143067423e+00,-1.306801986667918580e+00
9.632728485077612923e-01,-1.902118456870082852e+00
7.772862062024797902e-01,-2.608290512639728664e+00
4.158535585332939766e-01,-2.851388640796197471e+00
2.229925295183793899e-01,-2.871131778149007552e+00
2.229925295183793899e-01,-2.871131778149007552e+00
3.717740139052866932e-01,-3.076395437364745078e+00
2.706956248856904890e-01,-3.085498567420106308e+00
1.868478304474116558e-01,-2.833298634155367424e+00
-7.237275439693702066e-03,-1.857192426964512588e+00
-6.135849276455428852e-02,-9.331632098344204707e-01
-1.441642350165020792e-01,1.635982211123456487e-01
-8.991904140844358961e-02,1.979064233980980803e-01
-7.809148830159014232e-02,2.865103113843143201e-01
9.609887195857334807e-03,3.012311995646185236e-01
-4.535556779534163363e-01,2.959058646261060188e-01
-3.804799408773636427e-01,1.331878709099560965e+00
-3.804799408773636427e-01,1.331878709099560965e+00
-1.049192304715490243e-01,1.310181494979919092e+00
-3.649417697920766535e-01,2.159758468345036042e-01
-9.381104609360766400e-01,-7.105071360588824381e-02
-1.197061067398153655e+00,-4.099080980940660868e-01
-1.371686216311968964e+00,-1.155497337261466750e+00
-1.045841403793009050e+00,-1.286033974793960866e+00
-9.176001768791477442e-01,-1.571400170113488981e+00
-8.718118345457116503e-01,-1.199005754009896618e+00
-8.637086040994290670e-01,-1.351852990952492339e+00
-4.738874477618479908e-01,-1.862871382115644847e+00
1.080871492547477580e-01,-2.651037874046857201e+00
6.114058561887150134e-01,-3.299828844520645621e+00
8.502691453132626975e-01,-3.501692086207396137e+00
8.194670591128935255e-01,-3.194472184054068631e+00
4.922964012971791647e-01,-2.436209804947969904e+00
1.497481877066287881e-01,-1.750848717542089261e+00
-1.903433756229240548e-01,-1.183631099282797638e+00
-3.234485480970489268e-01,-1.046151838901968834e+00
-5.038923885391931590e-01,-7.881622599651090244e-01
-6.210125286516732235e-01,-9.902415280938489106e-01
-4.502815239056016106e-01,-1.114298738895491692e+00
-2.193073285862934263e-01,-1.238807972444333272e+00
-3.963564080351361651e-02,-1.147453496925651129e+00
1.021017076985298588e-01,-8.911485702525456798e-01
1.109475020267138429e-01,-5.833347936922569366e-01
2.378143256390571614e-01,-1.072522749769951739e-01
1.464699925628275279e-01,1.761582046297353599e-01
-1.733735470758407328e-04,2.207763390776558143e-01
-4.338978155787451829e-01,2.295532363500437101e-01
-8.667381222654159112e-01,-2.241316315992104846e-02
-1.133223556132826770e+00,-1.717974308202566414e-01
-9.932442167790158649e-01,-3.025719388290759038e-01
-8.640617029642554403e-01,-2.809637374992042802e-01
-7.808367686486967774e-01,-1.771953359527761174e-01
-5.796066021741258512e-01,-2.135881507647210686e-01
-5.975354518855704455e-01,-4.968996862294702832e-02
-2.198706797825914216e-01,7.747361937386983491e-03
5.294193228231797860e-02,2.404700192563733185e-01
2.456545385510040258e-01,5.743683102180666827e-02
1.726278349112925492e-01,-3.163283583398701082e-01
1.866025642333538903e-01,-4.620499495724271211e-01
1.486670628323404630e-01,-3.326080686111609896e-01
5.767258618886105248e-01,-1.800913902375758935e-01
1.019913303823648310e+00,-6.155727060371496417e-01
1.453216685516174778e+00,-1.241863611513626120e+00
1.699677484476723066e+00,-1.700503471880478346e+00
1.676279640628617118e+00,-1.806473664235757504e+00
1.469549560994272142e+00,-1.503432426802222555e+00
1.397844814627147381e+00,-1.092067986884549979e+00
1.541732829912627167e+00,-8.364160015903534529e-01
1.794554359803115506e+00,-8.496809155443340034e-01
1.767536458425019941e+00,-8.890666422859245799e-01
1.381310195612806213e+00,-7.310477055688002768e-01
9.228110441846395506e-01,-5.459846873681178936e-01
5.543798231255268050e-01,-4.128135214387806395e-01
5.543798231255268050e-01,-4.128135214387806395e-01
7.411724107732805544e-01,-5.751794076491968388e-01
1.089565262547897317e+00,-6.568518195506470869e-01
7.152133924357884087e-01,-2.422376809849379198e-01
-5.337945625474001254e-02,2.706411426711773927e-01
-8.006260145832149178e-01,3.763120098362889854e-01
-9.243542247875560225e-01,4.071161301539249350e-02
-9.025399921161423311e-01,-3.436921237184137334e-01
-8.970985199909526919e-01,-4.281703518191017355e-01
-9.125098167203878896e-01,-3.599279222547613899e-01
-7.147197366549403741e-01,-1.045965435496359619e-01
-7.670105566154444832e-01,-1.893289486063882143e-01
-1.144917155625816418e+00,-5.539468988332927335e-01
-1.614873449309123910e+00,-7.290918970438718949e-01
-1.881518638275540667e+00,-4.708990656373171491e-01
-1.419651704931610414e+00,-1.980216321142111435e-01
-2.501559726095514691e+00,-5.894353883645713221e-01
-3.016015641711037976e+00,-1.147396664095550856e+00
-3.487671190766896245e+00,-1.580433702134699248e+00
-3.487671190766896245e+00,-1.580433702134699248e+00
-3.296390799834962859e+00,-1.533861172716450172e+00
-2.978452426802842279e+00,-1.220151167542191883e+00
-2.372987835428441716e+00,-8.490623210501240248e-01
-1.804167703491898811e+00,-3.358600272924591179e-01
-1.354374609289846099e+00,2.653370140179182601e-01
-9.581080261522103569e-01,5.993129203293934282e-01
-8.081214505964929851e-01,5.499860064755197619e-01
-7.645285877492649096e-01,3.559522781186677531e-01
-9.438537523351013814e-01,-1.405610064134930545e-02
-1.159493948268735197e+00,-3.204236023602168304e-01
-1.188998501005653186e+00,-3.475376819787249216e-01
-1.147640081115738120e+00,7.558348093654454480e-02
-9.444559250233995895e-01,3.641963535634036853e-01
-7.536677157248098391e-01,3.734706763780777927e-01
-3.941959424809437507e-01,2.649992729052044749e-01
-3.594552341465607204e-01,3.529382714796770459e-01
-4.451389043548820146e-01,4.687437397358139024e-01
-8.152843380060580403e-01,4.505622611366197905e-01
-1.136592515848214635e+00,-1.987346535330613076e-02
-1.756140327435575132e+00,-6.567000648660979711e-02
-2.086629762329845317e+00,-3.903209755151975657e-01
-2.177464991700983621e+00,-4.531701352684587847e-01
-1.808389385951695738e+00,-8.456770945253777594e-01
-1.233169058841432353e+00,-9.156880514078017397e-01
-9.614374752731934537e-01,-8.184253849213857235e-01
-5.413788270691256566e-01,-6.767157226494624478e-01
-3.532583003549404910e-01,-5.160365462159216543e-01
-4.361796571857003840e-02,-4.072856486894300132e-01
1.372216214806853130e-01,-1.942155606850409222e-01
-2.600611761711269510e-01,-4.679854172691264025e-02
-7.884499294381613899e-01,-1.589231908152786282e-02
-1.485093308770006892e+00,-8.681152130775673936e-02
-1.710254498234046849e+00,-1.792971417107601939e-01
-1.576112617986821229e+00,-3.313445885964279025e-01
-1.216042053890679986e+00,-2.693397189208019404e-01
-9.126304176885269293e-01,-1.507523731389825983e-01
-6.815765949816025016e-01,8.499813719139287516e-02
-7.154771730308311373e-01,2.318214042603607139e-01
-9.398684794087878158e-01,4.256830376443108133e-01
-1.407262009114329082e+00,5.724084495627064229e-01
-1.527700213598854440e+00,5.719658287467839219e-01
-1.740689593332999774e+00,1.589390130457181416e-01
-1.753319438780000850e+00,-1.671699030154958632e-01
-1.921481920887352368e+00,-1.497182891015610695e-01
-1.482978343676533362e+00,1.242776281380616049e-01
-7.694516265388370302e-01,2.890096127807952886e-01
3.302003966459673284e-02,4.046837174922945368e-01
4.059061183545034646e-01,3.360485942776961221e-01
6.071406731176489657e-01,2.443928918819987528e-01
4.578850943629778070e-01,-5.055313648775458350e-03
8.710506605186804641e-02,5.373216937902641765e-02
-1.146204675711587351e-01,1.832688045396597964e-01
-1.385749342355079849e-01,2.357758482533836297e-01
1.511317373851447654e-01,2.853936347363674741e-01
-1.724361699883415755e-02,2.945835074064563908e-01
-4.593171029978905251e-01,3.785316030634589546e-01
-8.302252547182681353e-01,5.533875919911734886e-01
-1.123261692958701596e+00,8.239323027215802453e-01
-9.382303546428097940e-01,8.462057570062856415e-01
-3.811264597723916792e-01,8.134963714121874467e-01
-7.321021895040090433e-02,5.407460195598335906e-01
3.786580118678665174e-01,5.989450915562726241e-01
7.254106802562765299e-01,4.678852217256301849e-01
8.938177653441048420e-01,6.163003300634851689e-01
1.393661072285730107e+00,5.195135914200745830e-01
9.219301838682106842e-01,3.935009593717497256e-01
4.676988085938639239e-01,1.909071294799616625e-01
-8.790224684324847715e-01,1.828570442040614030e-01
-1.701531968925341642e+00,3.396563376963015468e-01
-2.170242153187591505e+00,3.496098074342772755e-01
-2.120334150960195618e+00,6.257955331054090298e-01
-1.683318337646288132e+00,1.298662721709735290e+00
-9.995710770868467820e-01,1.449502547418407561e+00
-4.140647285089517626e-01,1.307043340045845881e+00
-4.668139982928110610e-01,7.140995615422796039e-01
-7.438042014143199099e-01,6.097152488043187102e-01
-1.075989898998334748e+00,7.917312543969605709e-01
-1.253388437010556355e+00,8.791844766581664583e-01
-1.194635464150198390e+00,1.006214358996636360e+00
-1.103162785285572101e+00,7.159257675591574888e-01
-1.334282472972790012e+00,4.671797677257625292e-01
-1.421721247338036509e+00,3.359178856614750130e-01
-1.172178834085592758e+00,3.101536593305649347e-01
-1.534021734651609181e+00,7.470007607355103607e-01
-2.467411818341224805e+00,1.477935091344610097e+00
-2.750400712827146599e+00,1.734583778173153457e+00
-2.219383642251831823e+00,1.416996154554809983e+00
-1.254343575197377048e+00,-1.074523060167670435e-01
-6.264470462243427740e-01,-1.214300545441815204e+00
-5.792518650998366159e-01,-1.896550677077138758e+00
-1.028362581256649477e+00,-1.323707472743061109e+00
-1.048207798256296064e+00,-9.383414972365023976e-01
-1.076112743545948103e+00,-8.905929618866118558e-01
-8.433188878570954117e-01,-1.246683064305002420e+00
-8.226481257683205817e-01,-1.646663723110614042e+00
-8.104385989295688209e-01,-1.443909017440247577e+00
-8.403576496050275679e-01,-8.387443555719417132e-01
-1.217664464454160766e+00,-1.835295338066870452e-01
-1.421721247338036509e+00,3.359178856614750130e-01
-1.439438928266637996e+00,-2.541791402078469320e-03
-1.085929960502445280e+00,-5.848139232296437617e-01
-9.009084523879777873e-01,-1.328846939085093215e+00
-7.345641847807086178e-01,-1.711655777258260569e+00
-5.718530795654793719e-01,-1.473390047827207505e+00
-1.703584620020056339e-01,-1.038050486288679242e+00
1.580640409547473813e-01,-5.248615875147798482e-01
1.740174739412913008e-01,-8.071668322400527007e-02
-1.558186227206360408e-01,6.248874419394252061e-02
-4.513583666807841621e-01,1.414422045440095477e-01
-7.085670361167621945e-01,1.250863617657686222e-01
-6.046953352554405026e-01,4.415902367317803973e-02
-5.209009457510028751e-01,-3.155763761017630897e-01
-4.827405740906801079e-01,-7.575842823927786407e-01
-2.401509560108802122e-01,-5.717396293192713586e-01
-1.862575048129915534e-01,-1.373073609615115542e-01
4.180157438706834372e-02,2.986145892616303699e-01
-1.154900478774189415e-01,4.989020482777948295e-01
-1.154900478774189415e-01,4.989020482777948295e-01
-3.783231373861433711e-01,4.821885498628661892e-01
-5.248395864185271265e-01,-2.560157362965818917e-02
-3.939587349040338249e-01,-5.928600777776285025e-01
1.150640404096985314e-01,-1.249057057899789935e+00
4.334480189775881120e-01,-1.445221196745092751e+00
4.311510403015199611e-01,-1.415599870544850925e+00
2.697217935450508253e-01,-9.687545002948508843e-01
-1.890872595864880878e-01,-7.620104642955354279e-01
7.464930076494748212e-02,9.727027232919348565e-01
4.987866485629048781e-03,1.481702948241455653e+00
2.432510175748526515e-01,1.463784935541852850e+00
3.379766995049338779e-02,2.240079208330917893e-01
2.340275321567646116e-02,-7.905478180243007136e-02
-1.483777612079662245e-01,2.875201055422968999e-01
-2.132950336837232119e-01,3.668662327663377298e-01
-9.986278101573720090e-02,3.266239928842578077e-01
-2.964729851539152361e-01,2.596461573899438990e-01
-4.515728805249478173e-01,1.544656427418844291e-01
-7.440456672109677649e-01,-4.908920880468251730e-02
-7.382907554396570537e-01,-3.111423446536990545e-01
-1.055551478806668220e+00,-4.744127694403060258e-01
-1.035266442571611822e+00,-6.221235433244520774e-01
-8.076549585405041753e-01,-4.457758839767915204e-01
-4.238253142954425678e-01,-7.010103908316548393e-01
-2.429747755762885764e-01,-8.787777113642922799e-01
8.657430982340090508e-02,-1.750725569781984348e+00
2.410542568511141737e-01,-2.300257074958972137e+00
2.991301010949029560e-01,-2.696734631830531193e+00
-1.261585135959508164e-01,-2.262978248619128774e+00
-5.312238527819516110e-01,-1.899483858133465208e+00
-1.075681563545454855e+00,-1.506129132525196201e+00
-8.495669621645038916e-01,-1.633750227182297010e+00
-6.130014691170595498e-01,-1.347001726463638471e+00
-4.857308871115671445e-01,-1.172213884533100492e+00
-3.443495085118231658e-01,-1.089049544190906715e+00
-7.847602093635960285e-01,-9.250197902195732569e-01
-1.016611091749695994e+00,-5.296654291773542633e-01
-1.226760609429988769e+00,8.327771866827657909e-01
-7.294119936164193962e-01,1.333970526084434116e+00
-2.170372567483551673e-01,1.467826505862254827e+00
-9.496455721372643044e-02,8.631854175042101840e-01
-3.492861316793588466e-01,6.732674162491838477e-01
-2.159598132897102840e-01,9.235886971978440885e-03
-1.151208617653782657e-01,-5.194123359130909945e-01
-1.263617009214520331e-02,-8.900188806517568274e-01
-4.087790717652218797e-01,-5.898588729880299697e-01
-8.113429235084187452e-01,-5.088086494931884918e-01
-1.274261214276174892e+00,-5.118954626793853491e-02
-1.286520615292506831e+00,-4.077538378513980155e-01
-1.288953771929812753e+00,-2.959363693341816592e-01
-1.124312259785299695e+00,-5.866869606865305897e-01
-9.276316071078827274e-01,-4.567465575563612878e-01
-1.062868148766370480e+00,-5.073935482267479813e-01
-1.076630429189795901e+00,-2.572516194037240966e-01
-1.142819290077263350e+00,2.710080535211639025e-02
-9.476414452773233021e-01,4.354507996965611416e-01
-1.016372732178746796e+00,7.708877757526033658e-01
-1.149498015895075609e+00,6.570773878713774829e-01
-1.119127012358387407e+00,8.813249232892713669e-01
-9.769182764887800463e-01,1.063607594200573825e+00
-8.601644079151105071e-01,1.419205865648550668e+00
-7.192339738028794560e-01,1.281056580911940523e+00
-6.041678358166668872e-01,8.721586757660749756e-01
-3.362834213670977679e-01,6.787905896055268506e-01
-1.717390629573858907e-01,4.697847550673970307e-01
-3.039629769231238510e-01,1.278125258949783349e+00
-2.387474516555240234e-01,2.270083813399715655e+00
-3.830268731971945284e-01,3.034832256676514017e+00
-3.436450989893577446e-01,3.105413360726574368e+00
-1.270357302336634631e-01,2.213709020851605036e+00
2.489789922492508523e-01,1.082573952216766555e+00
3.833028828821703482e-01,2.989532870954354493e-01
7.394016013409188126e-02,-2.878768351240443280e-01
-9.176256826299368508e-02,-4.697512070864877654e-01
-1.050506239826123206e-01,-8.660213600007464763e-01
1.500508142506906673e-01,-9.714944018081737021e-01
3.161969121189746601e-01,-8.387518773553658269e-01
1.574976578090032442e+00,-5.522258238089703397e-01
2.144655924804520719e+00,-1.104035581298774549e-01
2.502904103001494018e+00,2.973336974836800484e-01
1.593956009573588961e+00,6.166545579190068072e-01
7.424917562388725356e-01,1.011126991976828648e+00
1.232238008030490106e-01,1.017919470805504600e+00
-2.560026853661688251e-01,7.858115655965490776e-01
-1.201994097827236846e-01,1.294151241371648275e-01
-3.889318087165601345e-01,-5.002795986317122301e-01
-4.618435137453337225e-01,-7.075104177194715405e-01
-5.252161734523056458e-01,-8.348838157075639810e-01
-3.877025939211633521e-01,-4.581057765678639981e-01
-3.522447514663736845e-01,-1.475783212387153133e-02
-4.773292142447226882e-01,5.081224481761005274e-01
2.292270736466237580e-01,7.190776871586198604e-01
6.068512517479858204e-01,1.429181521810190203e+00
1.177774184287958992e+00,2.709928514225314444e+00
4.056550154895948723e-01,3.102856981726608510e+00
-1.317594848772550842e-01,2.894315219416021989e+00
-8.410326554343308114e-01,1.566236936446519179e+00
-1.147716217569632935e+00,1.061127307070316883e+00
-1.536421753893841391e+00,6.708525894813841539e-01
-1.479498675099524929e+00,3.757136388997359688e-01
-1.412842380070504777e+00,-4.305767353355707816e-02
-1.200923020824997689e+00,-4.589929081924805643e-01
-1.289730179884927885e+00,-5.297160926342404652e-01
-1.037520200575168916e+00,-2.635793248601124295e-01
-1.007002304545744131e+00,3.000284471260982744e-01
-4.733889612898912747e-01,5.039523467819100322e-01
-6.420778671491880196e-01,5.354014837649013758e-01
-6.124885182450400256e-01,4.498027548287491517e-01
-1.123261692958701596e+00,8.239323027215802453e-01
-1.161361540720844188e+00,1.167691434849026377e+00
-1.434887288927180204e+00,1.129905736345440781e+00
-1.617739072243670861e+00,1.283482185057404079e+00
-1.570970391233907248e+00,9.980150541155397015e-01
-1.412711049984055389e+00,1.220332308382013009e+00
-1.298328720334137154e+00,1.176650767680324394e+00
-1.149007647262713094e+00,1.666087994113662818e+00
-8.566478423155813315e-01,1.324435456702545588e+00
-6.010465453809891168e-01,9.745133824725140670e-01
-5.542069561526612453e-01,2.671168069500715059e-01
-5.494566594867666964e-01,3.778282999206759030e-01
-6.332368242322514718e-01,2.061300297249328006e-01
-8.124639657283179162e-01,-1.291617673243587901e-02
-1.048642109557232693e+00,-1.554384288727563290e-01
-1.566107160800432441e+00,-6.299281552535720974e-02
-1.943300091039596555e+00,2.702483618914057195e-01
-2.207352002001544022e+00,1.102344701999566634e-01
-2.147256119195172896e+00,-1.699701768420917580e-01
-1.833976469386698227e+00,-7.811489144219153635e-01
-1.666221372926819155e+00,-1.151890501761598795e+00
-1.624216464526006876e+00,-1.362992753495984477e+00
-1.613909370869935689e+00,-1.193129376047598056e+00
-1.431840675461310219e+00,-1.143196787743123721e+00
-1.335897543415228927e+00,-6.046789555919631631e-01
-1.274261214276174892e+00,-5.118954626793853491e-02
-1.210018137551366779e+00,5.819270256465045588e-01
-1.174542715149993199e+00,9.905492373426333375e-01
-1.018762447667634463e+00,1.387457576541533344e+00
-9.234729159659976760e-01,1.590254849967730921e+00
-9.443704840881121942e-01,1.550386398450803949e+00
-6.002558541457388985e-01,1.059309947538546570e+00
-1.158201530699875526e-01,3.982179900874691092e-01
4.082803584328131841e-01,-6.663113879676568763e-02
2.703035169989964626e-01,-4.157933103056124513e-02
1.775508047178870133e-02,-6.267763463439199323e-02
-2.166953434316320759e-01,-9.064779246508622434e-02
-5.630591955173468444e-01,-1.048716206042584059e-01
-6.984441310125674152e-01,2.504013832922099558e-01
-9.963037165765553649e-01,2.090423568352643147e-01
-1.239989226497349328e+00,-2.700104194921692027e-02
-1.439791737284999096e+00,-4.144239421767147435e-01
-1.469450524715191664e+00,-5.719336723996462091e-01
-1.319464913766337455e+00,-6.205260118972786287e-01
-1.243721606066126917e+00,-3.396780398629444808e-01
-1.088628360984996712e+00,3.778925717729300637e-01
-6.965866567392602349e-01,1.818124311772405521e+00
-6.842555856059828745e-01,2.027148914940617441e+00
-9.223132344143202266e-01,2.168571057222047571e+00
-1.333691961656926939e+00,1.430377047527849221e+00
-1.194746020935540720e+00,1.621117858429980574e+00
-7.737155658818998250e-01,1.427540672028109858e+00
-4.503405741452328193e-01,1.081188113538917639e+00
-4.706888708272202182e-01,4.387751837948715150e-01
-3.143917661731355229e-01,2.054681821281700294e-01
-5.894934200902228749e-01,2.336886128857703082e-01
-7.496857513784676019e-01,8.642185575854051116e-01
-1.125196170355461822e+00,1.118458436154391888e+00
-1.338385668726290056e+00,1.010008138707802372e+00
-6.445774199368657920e-01,7.962581059951383544e-01
-3.854995731416643312e-01,3.535290397264716500e-01
-8.132000425945339062e-02,1.334039715018102146e-01
-7.273918968425659992e-01,-2.929141649713056239e-01
-8.081537902599527090e-01,-7.062390674745546715e-01
-6.457304783641185653e-01,-9.802264985185976665e-01
-3.783159414893614292e-01,-9.171854265656788074e-01
-4.268435021347952718e-01,-1.034147516681209522e+00
-7.335156938895035506e-01,-1.099169993878487350e+00
-1.020998422895086799e+00,-1.263599926591838063e+00
-1.310471381036442784e+00,-1.159508535587703726e+00
-1.577210691079284244e+00,-8.521838403251582594e-01
-1.524393312871768380e+00,-8.306778642102761179e-01
-1.179602218905038580e+00,-7.073213584404783871e-01
-6.043205139663575531e-01,-6.822805976220003288e-01
-1.934932071099389542e-02,-4.767104631331569031e-01
8.158174957722418297e-01,-1.112936936600403964e-01
1.331611742249811714e+00,2.166961086912907453e-01
1.319000116746668061e+00,5.064633207033762963e-01
7.556981035297253291e-01,5.061865653289908673e-01
2.777885130354319498e-01,6.145366349184920862e-01
5.667535254125658506e-01,3.820694365479199717e-01
1.410773636039504231e+00,1.686445732562163458e-01
2.332396323393556958e+00,-2.413533513641265560e-01
2.820845937556105465e+00,-3.005340049762323940e-01
2.722823799104174380e+00,-9.061673533899790300e-02
2.309364828197138397e+00,1.578800453098921364e-01
1.800399225220211008e+00,4.304568650766515958e-01
1.555289120252003388e+00,5.132265433281343325e-01
1.214389452923954948e+00,7.153189260586464426e-01
1.520179004883115415e+00,3.773373510202398529e-01
1.787583373138463827e+00,-6.702476408252006600e-03
2.329283368396840803e+00,-5.930351692210761305e-01
2.240169854292995311e+00,-7.154360597339795014e-01
2.098090258103678885e+00,-8.778635311707759792e-01
1.848754175459154103e+00,-8.290998183244333575e-01
1.007859998270097535e+00,-9.197946459078417680e-01
-7.938026046036181227e-02,-1.129056005956207143e+00
-1.196719696084568074e+00,-1.206672156221852088e+00
-2.050076542564603699e+00,-9.931367108853844661e-01
-2.294644946599192270e+00,-5.103960235685720548e-01
-2.248651810670769802e+00,-9.760128162878198288e-02
-1.611605484823598111e+00,2.661161551481331933e-01
-1.060977757952601630e+00,1.753004052118986023e-01
-8.275409317918003271e-01,-2.059075587143522068e-01
-6.593520970978685725e-01,-3.917213799350600101e-01
-5.191972308389758428e-01,-5.773656582743543764e-01
2.302476687937065336e-01,-4.905417932542280313e-01
6.316466575848224130e-01,-5.095580907488405087e-01
5.340932306573731303e-01,-4.283604818193730845e-01
-2.492395434850387670e-01,-5.190775714633570903e-01
-8.658073351172456134e-01,-3.121626087420683593e-01
-1.302406500492845121e+00,-7.973108121361914546e-02
-1.432074772245644834e+00,3.346409392646976788e-01
