-8.088615237483156584e-01,3.474075529528477535e-01
-7.789804827268016485e-01,5.411638804154916826e-01
1.713882187015037806e-01,3.267981561023218795e-01
2.473845638784089029e-01,1.219816014884201050e-01
5.746272788878570292e-01,-6.772996208356135694e-01
3.529927599847126451e+00,-7.100380003779259708e-01
7.974969246206677909e+00,-6.558905425833345681e-01
1.079150797055564226e+01,-1.541784318368372597e+00
1.099154888209531578e+01,-2.380346138444211945e+00
9.064571708682324314e+00,-2.084972496651011031e+00
6.369215840914157489e+00,-8.418061158071339367e-01
4.790219335330174744e+00,4.223743002587798112e-01
4.790219335330173855e+00,4.223743002587797002e-01
4.206972511841636120e+00,-5.299344932505277717e-01
3.187263456679285234e+00,-1.263600850299129386e+00
2.437293675828172912e+00,-1.259051238206962076e+00
1.085672757220384588e+00,-3.221950849541133088e-01
-1.846807376212347140e-01,1.179178981776917851e-01
-4.979349921845924731e-01,-2.258843821279850617e-01
-1.607205911339357196e-01,-4.084169851942135998e-01
9.666276304797994934e-01,-1.046906673575699775e+00
2.042852914038026046e+00,-1.634425143133790392e+00
2.075111393337073284e+00,-1.537526133693744246e+00
1.079064815949515088e+00,-9.229753857594252819e-01
9.499969894588683461e-02,-4.831346053826759968e-01
8.270650257249606563e-02,-5.367872830891834424e-01
-1.105357460333082631e-01,-2.119723203470561812e-01
-6.888283020127202727e-01,6.704237564522999571e-02
-7.229699963559624853e-01,-1.419067819248869822e-01
-2.519440483569971856e-01,-4.470745472401989051e-01
8.270650257249606563e-02,-5.367872830891834424e-01
5.428092729687750140e-01,-1.336990996434821444e-01
7.352401075162608990e-01,2.907258065874649411e-01
2.727147537597925386e-01,2.387687455553492710e-01
1.499699670094009618e-01,3.705501367645207544e-01
8.205900907877987649e-01,9.102529482312443632e-01
1.219420659473237523e+00,1.259358365562358362e+00
9.480150058819093450e-01,1.074041013094978680e+00
6.262940138893533515e-01,6.400941657613814506e-01
4.344275961602475644e-01,8.749260110931825207e-02
3.666833902950216162e-01,6.414946361773707917e-01
-9.813651457865785188e-02,1.262150545202982199e+00
-8.682930623175340035e-01,5.830128028444646615e-01
-9.720787577924437928e-01,-3.534633145778556113e-02
-7.881329188849724998e-01,1.044460293352159480e-01
-3.816141287286529127e-01,7.363721721231921702e-01
-4.104960009974630841e-01,1.134556204976922666e+00
-8.682930623175340035e-01,5.830128028444646615e-01
-8.841971516006907894e-01,-3.364640497815218345e-01
-4.780592794129047141e-01,-5.923671296963022304e-01
6.657560741989214381e-02,-3.909225510883949095e-01
2.954688931797342377e-01,-3.081643680958984222e-01
4.581502381806960150e-02,-4.508306019462937075e-01
6.657560741989214381e-02,-3.909225510883949095e-01
2.475778395305975044e-01,-2.385501863209437967e-01
-1.336416023773834005e-01,-2.318977200597147070e-01
-5.937675830905159158e-01,-1.732125723232608716e-01
-8.311096770177944792e-01,-2.105986774685710827e-01
-3.440596643807596333e-01,-4.372043118489972735e-01
6.657560741989214381e-02,-3.909225510883949095e-01
3.030575051993208979e-01,-3.972770699610591039e-01
1.167587627153502616e+00,-3.658706757884931382e-01
1.854955041250239578e+00,-2.178421196623979150e-01
1.158555850674635623e+00,-2.660205821673630178e-01
-8.506631738410909416e-02,-3.818608011040626193e-01
-4.455026061900944079e-01,-3.949195186823931669e-01
-9.025830063593563990e-01,-3.280190677591138249e-01
-9.025830063593563990e-01,-3.280190677591138249e-01
-2.171760018726336672e-01,-3.219969354705554676e-01
2.954688931797342377e-01,-3.081643680958984222e-01
-1.309950527072603621e-01,-9.005586850907262852e-02
-1.689472050442196727e-01,3.176365893226595349e-01
7.167302600004184232e-02,3.732290701926901932e-01
1.368246743404540056e-01,1.517051509289125688e-01
4.881815190663085779e-02,-1.191711454004101167e+00
-1.734943798329331710e-01,-2.717712587029202265e+00
-4.431676615668985186e-01,-3.638094798163263643e+00
-4.629637773629798336e-01,-3.649267588217059988e+00
-3.505595808839775951e-01,-3.666064235181480946e+00
-4.431676615668985186e-01,-3.638094798163263643e+00
-3.114459369231540320e-01,-2.916639682118578492e+00
3.434276257591867276e-01,-1.752759222274238082e+00
2.765818382742841197e-01,-2.344177574117413343e+00
-4.431676615668985186e-01,-3.638094798163263643e+00
-9.220990956751530243e-01,-2.644530056737816270e+00
-1.192320361609086943e+00,-1.173246103977784616e+00
-8.752507142596512857e-01,-3.310493389917634754e-01
2.169205024663375947e-01,-6.333906875567648642e-01
5.166880223995257149e-01,-6.477461792508408811e-01
1.027462245611170666e-01,-1.080297125989570367e-01
2.209323589435434332e-01,2.330639724949233049e-01
3.285389952190492235e-01,5.204130400513964361e-01
1.921321051223168486e-01,1.902780136155251822e-01
1.752467375900747804e-01,-2.666844927685387088e-03
3.624714339572501220e-01,-1.160232351344372831e-01
2.385158201228060881e-01,9.720637037075685605e-02
2.329621784796706840e-01,4.325693559820114054e-01
3.285389952190492235e-01,5.204130400513964361e-01
3.016636309044511410e-01,1.940471288890443374e-02
-3.710531560844558818e-01,3.031571578295806924e-01
-3.446264841370432208e-01,1.810193846012885244e-01
3.843346344463093867e-01,-6.884534804130517660e-01
5.749109596426029700e-01,-8.399856339702364005e-01
9.457969940585256863e-01,-9.455482293648159731e-01
1.117978354074795178e+00,-8.684651377882715018e-01
7.353593221805799773e-01,-5.017468523845480810e-01
-1.825156408710826017e-01,-2.833217046896202573e-01
-5.254362762783886254e-01,-4.517664330817934837e-01
-5.028731055546091788e-01,-5.525899658755434318e-01
-6.145071095728509292e-01,-4.699154461323336585e-01
-4.892205225209608210e-01,-3.065324091741708501e-01
-4.329882386582355469e-01,1.118648427573432497e-01
-7.299333103193877959e-01,2.144691960097063477e-01
-8.121861476886194087e-01,2.927321810835973107e-02
-6.766749602537458497e-01,2.054218899090743955e-01
-6.342842928032548233e-01,4.054274520519202119e-02
-5.352368678913470568e-01,3.970817027656871334e-02
-4.897233912063612138e-01,3.696402747705355707e-01
-7.299333103193877959e-01,2.144691960097063477e-01
-9.241546205743655928e-01,-2.720637208429599330e-01
-9.241546205743655928e-01,-2.720637208429599330e-01
-8.235055991805966258e-01,1.799921118871829762e-01
-7.064106441264257352e-01,3.899924665416659719e-01
-6.431458464581113477e-01,1.234245651213389389e-01
-8.311096770177944792e-01,-2.105986774685710827e-01
-5.135333574823046643e-01,2.627448767519900003e-02
-4.260093319245720350e-02,2.670077588553375070e-01
1.717548702301562868e-01,3.623189451540862471e-01
1.301961153025186016e-02,6.669212717176226102e-02
-3.992349376265350580e-01,-2.712945220969114057e-01
-7.873784236224582456e-01,5.874573955772125489e-01
-5.262153715049332492e-01,6.800371943043120870e-01
7.550979083836428796e-01,1.403267017929344940e-01
7.314222828252132658e-01,3.135594284214145433e-01
-1.098602599287879927e-01,8.281104274929661224e-02
-8.267662197074266972e-01,-1.465435504625902108e-01
-7.895469255699721911e-01,1.231410194192859714e-01
-6.434385778382524235e-01,4.043602245694044584e-01
-5.647781623932572881e-01,4.149702191576031263e-01
-2.563951089869864197e-01,5.620985144600525452e-01
2.356223933900381678e-02,5.922090946287459357e-01
-2.072520424910977155e-01,-4.992956920459794973e-03
-6.180649930573755002e-01,-3.789839155406858895e-01
-1.923190682066313814e-02,-6.987637188501318875e-01
6.321078817405884065e-01,-1.453030812702540198e+00
6.721122445915551635e-01,-1.767921315669800597e+00
2.805823255582111653e-01,-1.261092819814086274e+00
-2.806838813655461173e-01,-6.219978419448922713e-01
-7.156646234765327019e-01,-3.272513020354879121e-01
-7.770796737175438285e-01,2.325407072583144386e-01
-4.322241636716725455e-01,9.733584776240347125e-01
2.225465539052046693e-01,1.849914817374152198e+00
7.843845694901981913e-01,2.292576783581087518e+00
7.200519237751681345e-01,1.893689560985610143e+00
3.052934706951120902e-01,1.134432367655915153e+00
-1.288442586575605231e-01,3.607988870590256303e-01
-5.048651369603913697e-01,-3.785397063339703827e-01
-1.451998160250253800e-01,-4.630581368684213994e-01
3.138697817067302442e-01,-2.256397418063028071e-01
5.284348763567677798e-01,2.007813606488916269e-01
3.033282975726545594e-01,2.382890615093899711e-01
2.604524916903250276e-01,2.290552728269648619e-02
3.424119375399945486e-01,-1.247962228495164277e-01
-3.425640185311825126e-01,-1.894205249894097831e-01
-5.605454663043879515e-01,1.750615975954886508e-02
-6.101412866707779659e-02,3.380263026965560913e-01
3.285389952190492235e-01,5.204130400513964361e-01
3.492013517772541431e-01,1.262571660564404674e-01
7.575432729242144100e-03,-5.212705897529259502e-01
-1.114564824783425973e-01,-3.419942384828844051e-01
-2.713058440307238306e-01,-1.339628059121585613e-01
-5.619140000603789487e-01,-8.383574490095552223e-01
-5.619140000603789487e-01,-8.383574490095552223e-01
-3.225082014502143046e-01,-2.180936481564114959e-01
-1.684091261957230135e-01,-2.181047339865340717e-01
1.006832692192586587e-01,-7.993217002177877006e-02
2.590898853911272615e-01,3.128895053531414727e-01
2.020923957452981923e-01,3.075982208422862185e-01
3.624714339572501220e-01,-1.160232351344372831e-01
3.825279572246045312e-01,-2.215143016114555843e-02
3.825279572246045312e-01,-2.215143016114555843e-02
-1.996945493302075270e-01,5.863282655517895181e-01
-5.000784625740961609e-01,8.384093970443734500e-01
-5.088537899901758310e-01,2.516484423134774939e-01
-6.102060969862077577e-01,2.907766973234817698e-01
-5.927434324077908157e-01,8.741838029519689579e-01
-6.413115812872983712e-01,1.582054936318487037e+00
-6.576826839649929646e-01,1.530117739342313321e+00
-6.583788593763632013e-01,6.295477287689925650e-01
-5.181625654158394934e-01,-5.872256059818466989e-01
-5.181625654158394934e-01,-5.872256059818466989e-01
-1.044477074470181871e-01,-4.417764358772685411e-03
5.256065741356991117e-01,2.190662617291435632e-01
6.529829066105727886e-01,1.873385562233085833e-01
3.872224925824754860e-01,5.904747559465121920e-02
3.624714339572501220e-01,-1.160232351344372831e-01
8.514542695246191117e-01,8.863858036529796980e-01
1.403328086658643281e+00,2.198256533725483575e+00
1.042277187648007031e+00,2.158282705070641683e+00
7.338621668038075585e-02,8.194931055991347968e-01
-5.380772911714594153e-01,-2.443219061191276853e-01
-2.686217199668954891e-01,-1.035951901762080934e-01
8.538456127686046282e-02,1.653458667010350436e-02
1.320581083866320948e-01,-1.099042224296013226e-01
-2.057539925965793104e-01,3.056075687783415748e-02
-5.686885601338810270e-01,-7.752946884822510543e-02
-3.320247950855612640e-01,-2.898984508373484426e-01
3.964933615756475183e-01,5.664845941172602650e-02
5.130215074808032183e-01,1.646090238420212792e-01
-2.101712635304872068e-01,-1.770040428612891792e-01
-8.441883231641554852e-01,-5.779424910346172561e-01
-8.441883231641554852e-01,-5.779424910346172561e-01
-7.448417862762685138e-01,-4.441110043909221594e-01
-6.813877783735019511e-01,-3.456894430580987887e-01
-8.205311190414521505e-01,-4.769581448345853181e-01
-5.620312630635196927e-01,-7.081113200078560377e-01
-3.220820927182252991e-01,-7.058852966991639999e-01
-3.682963161708284194e-01,-3.836080644590239008e-01
-6.091862482377491395e-01,-2.020263853044330926e-01
-8.205311190414521505e-01,-4.769581448345853181e-01
-1.498597106018985659e-01,-8.567185561096180013e-01
1.835458163425769673e-01,-1.295190714555331635e+00
1.835458163425769673e-01,-1.295190714555331635e+00
1.835458163425769673e-01,-1.295190714555331635e+00
-2.734122680802538730e-01,-1.370214253936277604e+00
-4.429737049817267236e-01,-1.032619655288240068e+00
-2.877730549102646140e-01,-6.287608357135219261e-01
-4.021012528369051764e-01,-4.410937122180929038e-01
2.342278031332128974e-01,2.428414382448499526e-02
3.613030552115147898e-01,2.543293926248038628e-03
-9.511102500608373811e-01,1.474898167518855774e-01
-1.456279328049913557e+00,2.786641685461719864e-01
-9.827171435360656515e-01,-1.825898527593393383e-01
-3.672011684497527018e-01,-3.981192701792166111e-01
-6.599015217106245224e-02,7.055352502446168850e-02
1.541227144605336052e-01,4.822012670206998752e-01
1.113130094971256506e-01,4.082295771036426046e-01
-1.274597303001617221e-01,1.332303064509603729e-01
-5.434004819935409625e-01,-2.693351845816002177e-01
-8.142783497296065542e-01,-3.998471924724127380e-01
-7.540326058230639727e-01,-2.643295023464130589e-01
-4.159907064936516075e-01,-2.956639162721202974e-01
-6.724247896809680825e-01,-1.379892007299023060e+00
-8.362232021141708938e-01,-1.502124042136510740e+00
-6.173388203803777952e-01,-4.459168357325055676e-01
-3.055810186332023615e-01,-5.556914176459388788e-01
-1.732390569486610410e-01,-1.792435550080707929e-01
-4.247522273508468338e-01,5.347446249723771805e-01
-6.053179491198878992e-01,9.653937139016109947e-01
-5.933132244203234151e-01,8.945239586517189645e-01
-7.052402451749205659e-01,1.636002406162068157e-02
-6.418136858362054609e-01,-3.883559579667563155e-01
-5.461614544687162232e-01,4.302852187749978130e-01
-5.933132244203234151e-01,8.945239586517189645e-01
-5.272948590695194504e-01,2.965701506016080735e-01
-5.760772355824773650e-01,-3.971940889506716393e-02
-5.181625654158394934e-01,-5.872256059818466989e-01
-3.305376766841030545e-01,-7.809096283198774247e-01
-2.469346729685569231e-01,-1.077439429667616855e+00
-2.381862831913464651e-01,-2.436687182732508727e+00
-4.431676615668985186e-01,-3.638094798163263643e+00
-4.542914495133438257e-01,-2.404720162088531232e+00
-8.651967476989281813e-01,-1.437596746438790651e+00
-1.344650338574417292e+00,-1.868004556283589856e+00
-1.196086952858945729e+00,-1.319768612520308082e+00
-5.434004819935409625e-01,-2.693351845816002177e-01
1.388590835463605622e-01,-6.083798526900460746e-02
2.517973049993972243e-02,1.882337938907431840e-01
-1.302828564501335440e-01,4.331143871050425198e-01
1.214235345822759909e-01,1.850388062053472948e-01
-3.254190905736217831e-02,-8.481676540116427077e-02
2.195669615537791941e-01,1.099106919921788716e-01
5.580353470731833632e-01,6.606133389973330994e-01
4.036611311121070939e-02,1.111759384283747876e+00
-5.933132244203234151e-01,8.945239586517189645e-01
-2.990030830679825113e-01,8.309991792277581224e-01
-8.887639269853151239e-03,7.972151642124110094e-01
2.020923957452981923e-01,3.075982208422862185e-01
3.624714339572501220e-01,-1.160232351344372831e-01
4.368356908798378679e-01,-7.130128769935726307e-01
3.937338606127251395e-01,-8.222931358858012185e-01
2.341591831316464367e-01,-6.739735207356428726e-01
-7.240220220027547560e-02,-7.684098216076333809e-01
1.458069890645073523e-02,-4.171121273521639639e-01
3.624714339572501220e-01,-1.160232351344372831e-01
8.117045130638248507e-01,-4.878147472982283239e-01
1.605820714158497031e+00,-5.924619118838535536e-01
1.809759418927587848e+00,-1.871993995990331450e-01
9.091516864454803892e-01,5.607944641109567918e-01
-2.943827619692933606e-01,1.059138083920148299e+00
-1.114021581549999862e+00,1.199402115586850393e+00
-1.372217091072542416e+00,9.996974624427894529e-01
-1.067541243667184725e+00,3.690568856031691269e-01
-7.456171641880029455e-01,-1.350450906932400219e+00
-7.363306463281299452e-01,-2.194634943198345400e+00
-5.263026759782165609e-01,-1.687524318591241190e+00
-6.109628810808650501e-01,-5.537747736813110055e-01
-8.757746014470761953e-01,-3.938878301052101127e-01
-7.640638020804411124e-01,-4.809362047194512546e-01
-3.894280873905760498e-01,-8.269342607082488250e-01
-4.764301229184239594e-02,-9.566272111035215575e-01
1.335211312998280386e-01,-8.100141964537358463e-01
1.055020028930938741e-01,-6.354094714147674461e-01
1.055020028930938741e-01,-6.354094714147674461e-01
3.787669787373870722e-02,-6.909354958050678563e-01
-2.291720185628957074e-01,-4.045184207138839416e-01
-5.057063331917470705e-01,-2.428684476485068744e-01
-1.809043570001502843e-01,-3.619126525548232443e-01
-1.262757836133739618e-02,-5.719729025486317564e-01
5.303036314387308409e-02,-1.112407798813033200e+00
5.180334363571317269e-01,-1.465369360097968254e+00
1.111690999700628429e-01,-1.100992213053145763e+00
-4.125204642877710604e-01,-6.369228845672845196e-01
-2.970332622238275322e-01,-2.712541636348846374e-01
5.550394268212319876e-02,-2.993688889243227846e-01
-3.841910221239950296e-01,-4.101532677892133494e-01
-1.359319808917452521e+00,-6.908450166406127080e-01
-1.896908515195409484e+00,-1.172637386475627874e+00
-9.738447522371154186e-01,-9.585090137449070458e-01
-1.794542252540986815e-01,-6.287892637605254631e-01
1.502393314854648387e-02,-5.826982963612429289e-01
5.445314987956660635e-02,-5.205776361213877435e-01
-2.419783667929470417e-01,-4.459032370496087694e-01
-4.600117605004155341e-01,-1.411405829641668164e-01
-1.009242407118052520e-01,-2.908574103729633653e-01
2.211423633190192917e-01,-7.434429710904059130e-01
3.811709967129295884e-01,-1.108698696074444268e+00
2.459893675486411746e-01,-8.888214897635169365e-01
-5.949154336249980191e-02,-5.926630714738727601e-01
-1.319964874491605655e-01,-5.724239092178672328e-01
-3.475421694924488158e-01,4.244463851776303365e-01
-6.475871674874446038e-01,4.290330016813757030e-01
-1.400178897693038771e-01,-8.553003560808789540e-01
5.180334363571317269e-01,-1.465369360097968254e+00
5.990352920017537608e-01,-1.409407481960643693e+00
3.245760307597663763e-01,-1.082312461547349614e+00
-2.301191315224597189e-01,-6.007265272575769144e-01
-7.243771531182719992e-01,-9.747637453122752482e-02
-7.238443666787183206e-01,-4.145856485436287542e-02
-5.095173042849437950e-01,-1.883785258413518404e-01
-5.075266394233743927e-01,2.124419585105587899e-02
-6.158859544589549984e-01,2.940524313872241446e-01
-7.040280304761709074e-01,-9.508723271622054884e-02
-8.205311190414521505e-01,-4.769581448345853181e-01
-2.925861666527526106e-01,-2.351154883932835005e-01
8.401900408318134506e-02,-1.228886931576546049e-01
3.624714339572501220e-01,-1.160232351344372831e-01
-1.932552840935903293e-01,-2.051678698843393545e-01
-4.918301684348297953e-01,-3.929951540687831035e-01
-3.358448521829459077e-01,-5.838529534001261068e-01
2.823763566748406159e-02,-1.006936200991095598e+00
5.180334363571317269e-01,-1.465369360097968254e+00
1.331408619036131002e-01,-5.753618041973649344e-01
-2.349135503385889612e-01,2.124465642840494828e-01
-2.365014353693285498e-01,-6.555628190880768980e-02
-4.573548907845436107e-01,-1.506335143461413062e-01
-8.264605351018304569e-02,-5.474753626538327866e-01
4.556911439912617046e-01,-5.759199336420288695e-01
1.365532951143891172e+00,8.565011890074003542e-01
1.822475869354037270e+00,1.435562428385650735e+00
1.171487269800558728e+00,1.072480409450317751e+00
8.572791826536511062e-01,1.409095736843403168e+00
6.359505839937874550e-01,1.546497998896560588e+00
4.030025201429650594e-01,1.073692055826600100e+00
3.246668287820100862e-01,1.002366490382927466e+00
2.038659935908814225e-01,1.280235234628746666e+00
-1.899658709333683360e-01,9.749196120444357794e-01
-8.362745947736478780e-02,-3.398840429741989411e-01
3.498359168801585817e-01,-1.173784883233246701e+00
3.448765193878965962e-01,-8.255461513993124223e-01
2.607286885928241649e-01,-6.571971789315242951e-01
4.321346030001396166e-01,-1.232826157356260000e+00
4.651692193018423516e-01,-1.082156425334242389e+00
5.180334363571317269e-01,-1.465369360097968254e+00
9.082557614265713841e-01,-1.590281578548342845e+00
1.444167951833589481e+00,-1.002432818915470092e+00
8.641255627617544510e-01,-7.875378153263680181e-01
2.987424446850072690e-01,-1.218716736988502580e+00
3.475834074478157953e-01,-1.043426561317899459e+00
1.433314253814077510e-01,-9.447397918867304067e-01
8.495406778084066413e-02,-8.042923959956679303e-01
4.368541772794655442e-02,-2.692152229163443100e-01
-7.163109943019416170e-02,1.112970966862062983e-01
-3.486055774520430139e-02,-1.661268185034296685e-01
1.102861669152307156e-01,-6.999667906186994859e-01
-5.807015112349191155e-02,-8.280291207342668214e-01
-5.181625654158394934e-01,-5.872256059818466989e-01
-6.869955033485979357e-01,2.739815402127279698e-01
-7.044259595289064091e-01,8.958209268648298362e-01
-4.374844212304543345e-01,7.453645466897428351e-01
-1.300419506524773949e-01,-3.444025725813181556e-03
-2.870684786905065011e-01,-3.700959744198921708e-01
-6.336095445666533044e-01,-3.735102408638762972e-01
-1.126997043594741427e-01,-9.358485925324598886e-01
5.180334363571317269e-01,-1.465369360097968254e+00
3.875566035604342541e-01,-1.132909963056204061e+00
2.043814152304301024e-01,-6.346845656056849805e-01
2.049448196514158937e-01,-6.977946769862120036e-01
1.102861669152307156e-01,-6.999667906186994859e-01
-2.684490393288094245e-01,-4.419519590673089415e-01
-8.581191109570694975e-01,-3.407107461511164614e-01
-8.523792258817922685e-01,-5.034059312585585921e-01
-5.851905132773805862e-01,-6.744200172760130840e-01
-5.887675872693668433e-01,-4.891521203300317616e-02
-4.950988816263287018e-01,3.132593631545586010e-01
-2.365014353693285498e-01,-6.555628190880768980e-02
3.641852486235570147e-04,-8.024649441478690637e-01
5.180334363571317269e-01,-1.465369360097968254e+00
3.875566035604342541e-01,-1.132909963056204061e+00
1.977473665573150491e-02,-7.237484243752185797e-01
-5.636937884316301633e-02,-8.499490375348954796e-01
3.407403756941062428e-02,-9.301909605056938313e-01
1.102861669152307156e-01,-6.999667906186994859e-01
1.102861669152307156e-01,-6.999667906186994859e-01
-5.807015112349191155e-02,-8.280291207342668214e-01
5.303036314387308409e-02,-1.112407798813033200e+00
5.180334363571317269e-01,-1.465369360097968254e+00
5.261876336347619532e-01,-1.283223671655632669e+00
4.556911439912617046e-01,-5.759199336420288695e-01
2.778340424238869844e-01,-5.706519280241324071e-02
-1.717793436001831819e-01,-1.320590490651374072e-01
-4.676803525167457787e-01,-2.116998566397465253e-01
-3.495335409489438994e-01,-1.046487513554387044e-01
-2.448707929125205213e-02,-7.595025386489424879e-02
7.192634166795111583e-02,-1.716611612290331323e-01
2.090216771174651378e-01,-8.755032836335567836e-01
5.180334363571317269e-01,-1.465369360097968254e+00
3.875566035604342541e-01,-1.132909963056204061e+00
2.043814152304301024e-01,-6.346845656056849805e-01
1.811464508458326683e-01,-5.246371597706488421e-01
-4.666868861483298714e-01,-4.289860646698629432e-01
-3.438468060339910926e-01,-8.255221797260003935e-01
4.442200579152099094e-01,-1.229396359147559847e+00
2.997118096995733394e-01,-8.472147578323829809e-01
-6.174673982691119417e-02,-5.037433869235321549e-01
-3.181525261781746883e-01,-5.056796519861587180e-01
6.758650017057031556e-02,-1.005242922499659519e+00
4.238451227746689587e-01,-1.279268863520773625e+00
5.955170648558921753e-01,-1.329229931388613561e+00
5.156388783734120462e-01,-1.301737485920074100e+00
5.180334363571317269e-01,-1.465369360097968254e+00
5.180334363571317269e-01,-1.465369360097968254e+00
5.180334363571317269e-01,-1.465369360097968254e+00
6.009902338012867995e-01,-1.446428481721250270e+00
2.472805380298883360e-01,-1.188239346640818983e+00
-3.827088003886709999e-01,-8.121462394162165532e-01
-2.398089667514111401e-01,-5.522445826389729140e-01
2.049448196514158937e-01,-6.977946769862120036e-01
1.102861669152307156e-01,-6.999667906186994859e-01
3.452043313047214457e-01,-9.972391114191693218e-01
6.009902338012867995e-01,-1.446428481721250270e+00
7.795192076236711065e-01,-9.165657509765610111e-01
4.022994657705940558e-01,-5.893635667992505045e-01
5.778733404337265539e-02,-8.871547039203961371e-02
1.133058866967399769e+00,1.294546641853923985e+00
2.179052651824252340e+00,2.116044374526451222e+00
2.248361077503977956e+00,1.884794242731684166e+00
2.212509983703259131e+00,2.127660285884365177e+00
2.212509983703259131e+00,2.127660285884365177e+00
1.822475869354037270e+00,1.435562428385650735e+00
5.863011482761519844e-01,5.690941428408897718e-01
1.341873661363083281e-01,4.923829340274408217e-01
1.277603800669548484e+00,1.546649909203558160e+00
2.759669551563710410e+00,5.384388926351544313e+00
3.776498855281633649e+00,1.018040061588532375e+01
4.372048968924454826e+00,1.322254206610734784e+01
4.295121069892339882e+00,1.247083074141380798e+01
3.655567278032763490e+00,8.352447341073684584e+00
2.397268381818971505e+00,2.764042067945303494e+00
8.641255627617544510e-01,-7.875378153263680181e-01
1.537214260374049346e-01,-1.603883262896102613e+00
1.089649368089264658e-01,-1.651690449668939964e+00
-9.805453036760784780e-02,-1.180342593447975208e+00
-2.941554810808703624e-01,-7.161495587974694432e-01
-5.242732820519546699e-01,-1.007229780217481080e-01
-1.023850261618917568e+00,3.508779705706795982e-01
-1.334066603467767287e+00,6.471884742763452103e-02
-1.217623719890517542e+00,-1.878582818989327496e-01
-8.959387208491093046e-01,-2.268630752558013497e-01
-6.302946756129107486e-01,4.057130745554807794e-01
-6.668169472650381513e-01,6.241727187386242326e-01
-5.566274019340854418e-01,-1.583130991830175860e-01
-2.008934024389719408e-01,-3.414135966690069468e-01
1.705646773974479058e-01,8.684967214391683399e-01
3.371489621947051235e-02,1.432353471006643675e+00
-5.578542976542706366e-01,1.614705763385203774e+00
-7.322952272216464165e-01,1.662228033325709120e+00
-5.050590052502412775e-01,1.406180372849602733e+00
-1.943551626216037387e-01,1.502796191622556510e+00
1.537302294769164190e-01,1.576966399318450396e+00
3.886683367653585575e-01,1.097457336864012145e+00
4.173408801332043755e-02,4.542190352518769014e-01
1.437144389147998642e-02,5.712095458092018019e-01
9.195441158611791788e-02,3.010366092767767787e-01
-2.928622908570188699e-01,-2.614624336875157606e-01
-5.454659700122308497e-01,-3.632338927295067910e-01
-3.476550486468618084e-01,-3.720620813198692867e-01
-1.784459287257086357e-01,-4.449991723752966810e-01
-1.878002718737974697e-01,-8.606788180733196958e-01
-8.003936160493008156e-02,-5.088425475610955928e-01
6.630618874817230390e-02,2.693080766521406821e-01
-9.960718383951301658e-02,1.067077739723486240e-01
-4.432498238143576796e-01,-5.915659933013468763e-02
2.151991627392930151e-01,8.318625185703992786e-02
1.751292520244890349e+00,2.380449276425354643e+00
2.478379001256317604e+00,5.746317617304420367e+00
2.109917908373833750e+00,8.252886146240665965e+00
1.352174941617451775e+00,8.465791531133003645e+00
1.132528610813086312e+00,6.500144816334060494e+00
1.163168777777690233e+00,3.304480823685439272e+00
8.028261897789821244e-01,3.749160286494782612e-01
1.427299977584345125e+00,-1.085394698625199883e+00
2.828719606440747381e+00,-1.069555107557419449e+00
3.115215763031847995e+00,-9.634663786561227239e-01
2.052502537939980165e+00,-7.898281111686362710e-01
7.567046437995628150e-01,-6.741794509807587377e-02
-5.197302369853886578e-02,9.236798692897270069e-01
-4.854279763825389837e-01,6.148610225362792781e-01
-7.949081496843547479e-01,2.357657606617311885e-01
-7.974864303481633554e-01,8.240066528568902315e-01
-5.050590052502412775e-01,1.406180372849602733e+00
-1.943551626216037387e-01,1.502796191622556510e+00
-8.930836099542316386e-02,7.534466544809915733e-01
-2.162814723447950283e-01,-2.466685228138638386e-01
-4.056882244753758360e-01,-3.038009295139777466e-01
-5.530948108173815436e-01,-5.917598555471351163e-02
-9.365157723336465789e-01,1.308140147895540950e-01
-2.082403884233945845e+00,1.032457276037631599e+00
-2.975409847597256352e+00,2.170313628326277833e+00
-3.393848957205581218e+00,3.359964574014962846e+00
-3.347669311147170923e+00,3.680618393440223457e+00
-2.531383211182498094e+00,2.353057726154449192e+00
-1.827095417288108870e+00,1.176115379574798503e+00
-1.713737281978439997e+00,9.639172077695239427e-01
-2.444432390615645101e+00,1.757311961425849667e+00
-2.111998774534213918e+00,1.880533843536114524e+00
-9.951766982694287833e-02,3.130724316634714843e-01
9.021069377845801762e-01,1.002858561348267535e-01
1.607679299489569169e-01,3.791465834675875612e-01
-6.342842928032548233e-01,4.054274520519202119e-02
-6.158859544589549984e-01,2.940524313872241446e-01
-4.839569891129256729e-01,7.569573154980383523e-01
-4.813868125664891306e-01,5.720408463069092120e-01
-5.683926230019438197e-01,-2.759847882277905451e-01
-4.016127976812195466e-01,-4.691012984476856107e-01
1.052813218791094352e+00,9.939393795670571352e-01
2.212509983703259131e+00,2.127660285884365177e+00
2.212509983703259131e+00,2.127660285884365177e+00
1.278816274988326951e+00,1.807144861547487880e+00
3.301959577336539553e-01,8.588616715144227198e-01
3.740515922104687419e-01,7.226288745230847743e-01
1.326220391028499090e+00,1.659889089419307462e+00
1.429411384199858581e+00,1.832448494824275853e+00
5.044736424989020307e-01,8.613619514297673474e-01
-2.486800519656035269e-01,7.481191140000674478e-02
-6.904851589074862961e-01,8.995779102641032754e-02
-4.066594964174128357e-01,-8.329602775861824626e-02
-4.617267126434336233e-01,-4.182255117681273754e-03
-1.367896097094496444e+00,8.520941706790071679e-01
-1.827095417288108870e+00,1.176115379574798503e+00
-1.135201603828812189e+00,3.391868730963877310e-01
-6.542478466125453695e-02,-1.099978944537243430e+00
-9.246048199982952465e-01,-3.578965937674741943e-02
-1.827095417288108870e+00,1.176115379574798503e+00
-1.091573467654381124e+00,1.492644575017348707e+00
-9.365586028177941280e-02,1.770448490498758298e+00
6.553983900619543279e-01,1.782612871902795382e+00
7.735679377435742410e-01,1.341484583100705397e+00
7.197976041655107515e-01,9.923302295281500873e-01
5.540654754143946592e-01,9.443349428867883200e-01
9.195441158611791788e-02,3.010366092767767787e-01
-3.415710108287320357e-01,-7.168407797854804697e-02
-8.839142226516826240e-01,-3.502508764544345898e-02
-6.987368661658358571e-01,-3.012756069729276009e-01
-1.594519729347342596e-01,-6.706246343929183062e-01
-1.594519729347342596e-01,-6.706246343929183062e-01
-9.372240784213325959e-02,-1.789212875006366277e-01
-6.353619132726623549e-03,-1.966708902907287060e-01
-1.925493219062510974e-01,-6.852480826435136674e-01
-4.657344918294495928e-01,-5.865287399794801848e-01
-7.033984991315102020e-01,-4.813932931719808739e-01
-8.205311190414521505e-01,-4.769581448345853181e-01
-9.895973375202836708e-01,-1.754771787350118406e-01
-1.067949632419521899e+00,-2.111844537923073806e-01
-8.577546249964179692e-01,4.221818836360514970e-02
-4.107559108212613386e-01,6.414047983722934720e-01
-5.636510281064497502e-02,3.450871836333660458e-01
-1.182856897286343328e-02,-4.946246126652438790e-01
-1.536490775898981531e-01,-2.381741349024658061e-01
-4.832234298867394418e-01,2.658730092686497071e-01
-2.948170910119446431e-01,1.281743513570348991e+00
1.087443891299141180e-01,2.090835776026514381e+00
5.241205912649604844e-03,1.519180005601585171e+00
-5.636510281064497502e-02,3.450871836333660458e-01
-1.182856897286343328e-02,-4.946246126652438790e-01
-1.514357567276437277e-01,-3.329722972049212193e-01
5.334456611817253169e-01,6.797076735146914128e-01
1.045436570178811975e+00,1.577925772726196607e+00
3.310038729116105416e-01,1.716486470574791312e+00
-4.584353820411927738e-01,8.315771784225570729e-01
-5.380772911714594153e-01,-2.443219061191276853e-01
-8.205311190414521505e-01,-4.769581448345853181e-01
-5.677662451632199403e-01,-1.189181510379337531e-01
-2.909762662716521842e-01,-1.285060880962943936e-02
-1.400264462582066494e-01,-3.223309307612978181e-01
9.560015849341473027e-02,-2.193474834130608453e-01
3.624714339572501220e-01,-1.160232351344372831e-01
2.629092883160740746e-01,3.754870512709521796e-02
2.274356851715688965e-01,-4.242838188039545905e-02
4.006950762365739105e-01,-7.685826339564724163e-01
3.932995198319593655e+00,-2.487617039266023955e+00
9.234784060640572889e+00,-3.500439662066769486e+00
1.334213874592064464e+01,-3.064081238276153751e+00
1.373672701211794234e+01,-1.433144470599484910e+00
1.077377412784056609e+01,-9.741177342127058103e-02
5.841033975549866142e+00,2.509233508961313253e-01
1.691407986911659833e+00,-3.625047102956896212e-03
-5.290825989087623027e-01,-3.859822867161506743e-02
-3.760768391346824835e-01,-2.302121711388351033e-01
-3.760768391346824835e-01,-2.302121711388351033e-01
-4.625980115342421262e-01,7.559688238322638254e-01
-5.443049211695837331e-01,1.271170839945492848e+00
-2.877404409073741620e-01,6.175216566103215454e-01
-1.349280048181649150e-01,-2.158069589135735988e-01
-5.603785385357152871e-01,-9.289434022453263440e-02
-6.888782556344492658e-01,7.968129907734693429e-01
-6.299677328550661315e-01,1.126553766767301568e+00
-5.933132244203234151e-01,8.945239586517189645e-01
-6.486664840001886700e-01,2.834131943831772471e-01
-7.878076060247863888e-01,-2.212807801733512603e-01
-7.507291805432446674e-01,-8.569569600266928600e-01
-6.423151586522883871e-01,-8.534294688433088361e-01
-5.629450437038541200e-01,-1.423063409439054849e-01
-2.729194396029440695e-01,6.172503503512967171e-01
1.471143191515734416e-01,6.099806015438536955e-01
2.555483684513520370e-01,7.796908218743120456e-02
3.696199511329388288e-01,3.146629181221810012e-01
3.342219691295690298e-01,6.144899139887867179e-01
-1.963787315705957937e-01,1.136084745739572854e-01
-4.349567081327482265e-01,1.702367809745659877e-02
-5.214855796821028511e-01,-8.761342747974128209e-02
-5.315182930535008454e-01,-1.250636174228496045e-01
-6.047629563925005503e-01,-2.401778693105759699e-01
-5.358316971222926162e-01,-4.235996510107335467e-01
-4.563593833032300040e-01,-2.441711765167969561e-01
-1.829554287491279019e-01,-4.634945664389107378e-01
3.647386757056836348e-01,-2.702911967224668199e-01
5.240781179010643998e-01,8.463466806187524005e-01
2.535051093584633763e-01,1.871054405395923270e+00
-1.387473246655068944e-02,1.589649188887221509e+00
8.625617555421938309e-02,8.204991854264354068e-01
3.544068453282794851e-01,2.161262962104193164e-01
3.624714339572501220e-01,-1.160232351344372831e-01
3.155148802702468780e-01,-2.554847169040367350e-01
2.125356403141623884e-01,-3.807498875983908460e-01
-2.764729342226480702e-01,-3.718210360428013672e-01
-9.691128151778728439e-01,2.382147269411462598e-01
-1.097402047432231464e+00,3.908663647663437879e-01
-7.444287347120100984e-01,-1.141686424770765457e-01
8.261963774254806048e-02,-8.015050006132163896e-01
4.582513419203671501e-01,-8.363232527312772779e-01
9.940291957092700637e-03,-6.148001699609692006e-01
-2.177456335026268508e-01,-3.868095357618072105e-01
3.010475382931404598e-01,-2.125421345300002873e-01
3.624714339572501220e-01,-1.160232351344372831e-01
3.439007048417404983e-02,-5.031164745554156381e-01
-2.830208937380603862e-01,-5.016338402272545460e-01
-4.051382574282866855e-01,-9.393688118165710588e-02
-5.216432895431244443e-01,-4.272320005209247901e-02
-6.173388203803777952e-01,-4.459168357325055676e-01
-7.156646234765327019e-01,-3.272513020354879121e-01
-8.301518739884488074e-01,4.989300126386850102e-03
-7.468862871311717777e-01,-5.617914641133248815e-02
-6.782749686971588643e-01,5.572626779951450615e-01
-7.752944497956473224e-01,1.043028666022904005e+00
-8.171867023805446939e-01,4.628024330892521743e-01
-5.058809346805138718e-01,-1.116679566557706310e-01
6.993023175118926425e-03,-1.700612642057057478e-01
3.624714339572501220e-01,-1.160232351344372831e-01
-1.603872684757524092e-01,-3.940928893308940362e-01
-6.173388203803777952e-01,-4.459168357325055676e-01
-6.418498835290119553e-01,-3.764137939781772579e-01
-7.072987640856158720e-01,-4.732851673786780955e-01
-8.080140858968586359e-01,-1.751689221902718863e-01
-7.125202023109048488e-01,5.880109624604081819e-01
-7.752944497956473224e-01,1.043028666022904005e+00
-8.171867023805446939e-01,4.628024330892521743e-01
-5.058809346805138718e-01,-1.116679566557706310e-01
6.993023175118926425e-03,-1.700612642057057478e-01
3.624714339572501220e-01,-1.160232351344372831e-01
7.575432729242144100e-03,-5.212705897529259502e-01
1.987684684191117976e-02,-1.200546868798394937e-02
9.195441158611791788e-02,3.010366092767767787e-01
1.189064803642736201e-01,1.833876217683556853e-01
1.431798768391836507e-01,2.588481286648853241e-01
-2.813413347711242740e-01,-1.058209515823266278e-01
-7.033984991315102020e-01,-4.813932931719808739e-01
-5.358316971222926162e-01,-4.235996510107335467e-01
6.993023175118926425e-03,-1.700612642057057478e-01
3.624714339572501220e-01,-1.160232351344372831e-01
-1.932552840935903293e-01,-2.051678698843393545e-01
-6.356865143789037775e-01,-4.303842881170415469e-01
-3.436323750953063638e-01,-2.872626590200929031e-01
9.732759126784193415e-02,2.060376025276512008e-02
1.765380947709816462e-01,2.490825287111284592e-01
2.081493912143967395e-01,4.184250455029885074e-02
4.660961271445817622e-01,-5.250708956796378279e-01
5.038884029373562612e-01,-4.988856418886137289e-01
1.765380947709816462e-01,2.490825287111284592e-01
-2.910103433697476816e-01,2.056286087207931101e-01
-5.473262781061065674e-01,2.006373766141976711e-01
-4.134144533179745507e-01,3.777861757668104503e-01
-7.833170804708819088e-03,3.883330732800159280e-01
2.508081607811614711e-01,6.438131227633226983e-01
5.289306436344451967e-01,1.229298864278709713e+00
8.870237841303965087e-01,1.520637071582088939e+00
8.199416642362458152e-01,1.135045761718195045e+00
3.782718021222684079e-01,4.298032554889171797e-01
3.556735179227087790e-02,-1.401858867253623908e-01
-5.002812976342466689e-01,-3.595452193760282356e-01
-6.803140719066546049e-01,-3.264707072305224611e-01
1.279955540483332932e-01,-9.571060487466088729e-01
7.571313682315470306e-01,-1.543182636553298792e+00
6.029410211126807750e-01,-1.029037433249587297e+00
-2.174443878520135598e-01,-3.044281392247085924e-02
-6.223470431554354310e-01,-4.835407462595112810e-02
-5.888187900319745705e-01,-4.308333138239178184e-01
-6.145071095728509292e-01,-4.699154461323336585e-01
-7.540326058230639727e-01,-2.643295023464130589e-01
-5.599809597478848655e-01,-2.226351124296176986e-01
-5.515463054533806808e-01,-2.311980577248390085e-03
-1.008232385133301046e+00,-7.276963427752185520e-01
-1.280821352600698848e+00,-2.139925873821829860e+00
-1.189423661406562527e+00,-2.567411690642458222e+00
-7.808445092360066786e-01,-1.748728862811009588e+00
-2.003347115797491362e-01,-1.248787941340167462e+00
-3.540789655003205305e-01,-1.884050476661266682e+00
-9.961629103144404862e-01,-2.531010057333467067e+00
-1.189423661406562527e+00,-2.567411690642458222e+00
-1.467780570772530879e+00,-2.506135831727251961e+00
-1.879217872190986904e+00,-2.275767292796993413e+00
-1.652310707415165947e+00,-1.337614211618401772e+00
-9.707831945193871048e-01,-4.637484641028136734e-01
-2.020495971494340182e-01,-4.222193949547761171e-01
3.231117733877414966e-01,-9.221263006820297203e-01
-7.424531162293260267e-03,-6.441754281006343286e-01
-8.397226930490290231e-01,-5.119052581432368410e-01
-8.351369580004008863e-01,-5.377461180816656139e-01
-1.460272992674155335e+00,-1.041083286482545223e+00
-1.460272992674155335e+00,-1.041083286482545223e+00
-1.572885506755758778e+00,-8.724406353657739865e-01
-1.896908515195409484e+00,-1.172637386475627874e+00
-1.339484609997553033e+00,-8.656305253322069682e-01
-2.494310109031637746e-01,-3.074597523731527338e-02
-2.414226279079589588e-01,-8.269193851652838212e-02
-6.122546751378510343e-01,-4.904331295531958457e-01
-5.738600284269523844e-01,-5.394664926587133813e-01
-6.134510966889933359e-01,-4.165474080524210754e-01
-4.159907064936516075e-01,-2.956639162721202974e-01
-1.188105848183902968e-01,-1.936518882173287326e-01
-2.137755905787837654e-02,-2.041050071738786942e-01
7.613504922604637237e-02,-2.307619472527018267e-01
-2.270525322647522562e-02,-2.198378942932431024e-01
-9.349157506674850293e-02,-2.901860930617132239e-01
-9.349157506674850293e-02,-2.901860930617132239e-01
-1.188105848183902968e-01,-1.936518882173287326e-01
-2.137755905787837654e-02,-2.041050071738786942e-01
-3.180224441558277548e-01,-4.769010237944258379e-01
-6.360347743136983700e-01,-6.130893898799709696e-01
-6.901209126200865684e-01,-4.506681721117847816e-01
-2.157558137074796489e-01,-4.450326123303423032e-01
1.969740550987044425e-01,-5.158290565547395401e-01
1.434854463484314668e-01,-3.492907730934430854e-01
1.096959520344974598e-01,-2.813501482477049342e-01
-6.886196229044206155e-03,-2.623770987038697156e-01
8.895275490304402344e-02,-2.313518046145199569e-01
2.782240800971752526e-01,8.391491576281455422e-02
2.508081607811614711e-01,6.438131227633226983e-01
-1.254551942300553141e-02,7.248176332712100711e-01
-2.614367842872388770e-01,3.200392120148045638e-01
-5.091755773153774367e-01,5.611277126573924745e-01
-4.775286416316696370e-01,9.288069142122734601e-01
-1.514391186993235272e-01,3.601737748931795324e-01
3.393536894147961003e-01,-1.067659779764899008e+00
4.511605551783131052e-01,-1.986164252349557957e+00
-1.374633700635637390e-01,-2.183679963738812901e+00
-4.316150558290514083e-01,-1.333620639151445131e+00
-2.830208937380603862e-01,-5.016338402272545460e-01
-1.070341472509565711e-01,-2.711203716568435507e-01
8.835514261336262134e-04,-2.596426313054827628e-01
-1.271142247244472223e-01,-3.018742277493429715e-01
6.999446395952224620e-01,-3.687597435045484873e-01
1.581410957065993328e+00,-9.158615531213336602e-01
1.117382880582577398e+00,-1.066683633670849174e+00
9.574764789814788069e-02,-4.918665224574421124e-01
-3.309447618244427680e-01,-2.558993812397840073e-01
-2.157558137074796489e-01,-4.450326123303423032e-01
4.730090448234232081e-01,-3.465704698049354993e-01
6.772175420907600163e-01,4.008921747434090466e-01
5.795400888692269215e-01,8.981730969761529959e-01
6.149815625040989664e-01,8.354541403149635670e-01
1.437552370435894733e-01,4.698057389318452404e-01
-7.508698670634332828e-01,1.987662407308562751e-01
-8.351023542683135847e-01,7.228907277764875516e-01
-3.518755909188948094e-01,3.723355195909698323e-01
1.850663029930535719e-01,-4.491780421478676621e-01
9.574764789814788069e-02,-4.918665224574421124e-01
2.871351406116910976e-01,-7.326745829762378870e-01
9.445775794549712279e-01,-1.442233587495112213e+00
1.443047836860335442e+00,-1.731823654160170145e+00
8.813238819786960443e-01,-9.976428635588011629e-01
3.447147169254769494e-01,-6.475034684032493493e-01
1.297509990050285333e+00,-1.283967230174892116e+00
1.120121263692958280e+00,-8.373097200221204517e-01
1.980022902521686723e-01,-5.195329836802430323e-01
7.741458208655629392e-01,-1.282853746754509805e+00
1.443047836860335442e+00,-1.731823654160170145e+00
1.772429052682621187e+00,-1.590668598740881068e+00
2.553021549106265997e+00,-1.751340563387239202e+00
3.117068728939880629e+00,-1.752954758646703581e+00
3.117068728939880629e+00,-1.752954758646703581e+00
2.553021549106265997e+00,-1.751340563387239202e+00
2.553021549106265997e+00,-1.751340563387239202e+00
2.711582694556296413e+00,-3.080114606049647819e+00
2.239025221993678816e+00,-4.521836080049361328e+00
1.888228222056670846e+00,-4.308290664866772701e+00
1.446297651650892302e+00,-2.253438534641199364e+00
2.678223845006045822e-01,-9.778036119199755571e-01
-1.163745515831703825e+00,-1.164171164398434488e+00
-1.549120398926794318e+00,-9.173873640688302578e-01
-1.443939927707316606e+00,-3.750237666981883211e-01
-1.640450184989106219e+00,3.658014359394525239e-01
-1.682224272816991384e+00,1.360978255456629926e-01
-1.494825376727581201e+00,-9.744131124712637204e-01
-1.206036717042301198e+00,-1.950893734693267989e+00
-8.971944192157502718e-01,-2.176038987838368577e+00
-2.936568637138836646e-01,-1.335741689436921176e+00
9.574764789814788069e-02,-4.918665224574421124e-01
1.536699299993770362e-01,-6.102001625763784354e-01
-1.224991253178375206e-01,-5.710138329648308808e-01
-6.770769334493188518e-01,6.049092072338899673e-01
-6.800268461847533974e-01,9.330856382708667685e-01
-8.051686364128992635e-01,2.106879971842968990e-01
-1.561112790779495274e+00,-7.771928223190087692e-01
-2.111250328736683723e+00,-9.625299157184603605e-01
-1.375587931255830343e+00,-6.206968615355412666e-01
-6.268041301659083020e-01,-5.304411683170679598e-02
-1.299908956468120991e+00,-3.374770145848091651e-01
-1.896908515195409484e+00,-1.172637386475627874e+00
-1.814861866645259614e+00,-1.211119448003784571e+00
-1.941762550572598611e+00,-7.368185654990930811e-01
-1.632274192253188705e+00,-2.747771768587811692e-01
-1.092079097728262838e+00,-1.076474042491997254e-02
-8.839142226516826240e-01,-3.502508764544345898e-02
-1.038073881811063748e+00,8.904155046919079441e-02
-7.112449818876714902e-01,2.022679776716821906e-02
-5.002812976342466689e-01,-3.595452193760282356e-01
-8.224567518456848969e-01,-8.772238634287841119e-01
-7.286279190990117005e-01,-1.608933868048620042e+00
-1.463294167584532790e+00,-1.540016606167368129e+00
-2.095289458658829318e+00,-1.066251578666677080e+00
-1.896908515195409484e+00,-1.172637386475627874e+00
-1.814861866645259614e+00,-1.211119448003784571e+00
-1.381740821564153121e+00,-7.122551758416091339e-01
-2.157558137074796489e-01,-4.450326123303423032e-01
9.574764789814788069e-02,-4.918665224574421124e-01
5.168013639578483698e-01,6.240629323500544202e-03
6.356134179098997805e-01,8.211898676421994225e-02
7.399379745410666898e-02,-1.835330200162526570e-01
-9.195600762467989187e-01,-3.167048462180184765e-01
-1.883378653518379853e+00,-1.403211098967501735e-01
-1.834797338041763037e+00,1.472586377990372231e-01
-1.158612492102294667e+00,4.080396332739542609e-01
-9.313806359864527096e-01,4.874960849739869984e-01
-7.706696919039779381e-01,2.857845268940525929e-01
-7.296080173923324974e-01,3.808442438130672791e-02
-4.908993682576364148e-01,7.403203117205840733e-02
-6.488600500322545539e-01,1.247567104676336136e+00
-6.972396822566190311e-01,2.192573315242338783e+00
2.066662951343497395e-02,1.732881519776080292e+00
2.536712162083563094e-01,6.134563254941787225e-01
-8.864568811530262327e-01,-2.760646454353942250e-02
-1.842505308611711357e+00,-2.378931666611917850e-01
-1.949782769839569996e+00,-2.328186696699569291e-01
-1.185098335971439543e+00,-9.786171787301563285e-02
-4.327008227390087836e-01,1.862083412883980549e-01
-3.857769870889731223e-01,4.761415838901042474e-01
-4.390253943420527327e-01,3.281493285872498222e-01
-2.381013941990119398e-01,5.305347445361408704e-02
-1.456669421539170672e-01,9.882231193098778288e-02
-3.960619554067171810e-01,2.113182327319164666e-01
9.677703326264520955e-02,7.421503998716784123e-01
4.007768775071590128e-01,8.084307863627132607e-01
-1.698576498773859966e-01,4.103264804047215136e-02
-3.188913763603848373e-01,-4.906751247168072982e-01
-2.617825987146982225e-01,-4.029348306031482752e-01
-1.285392886396172774e-01,6.913978676530994905e-02
-4.937965509794550734e-01,7.849458376540011662e-01
-1.552587116061906691e+00,1.149310875407814292e+00
-2.104306373367949234e+00,1.116024852325477656e+00
-1.178189786195154243e+00,7.611810522591793138e-01
9.542178341892465845e-03,3.062173435350317163e-01
1.765380947709816462e-01,2.490825287111284592e-01
1.930649727025383622e-01,4.191924914446530925e-01
2.763822050550054366e-01,2.809160978080537663e-01
1.390128415459564448e-01,-1.292269749865473764e-02
-3.866586070285921856e-02,2.488471540508156721e-01
-9.477118758502599272e-02,1.117256648534343366e+00
-5.563466040728633211e-02,1.713859509692950311e+00
5.058844587021573552e-02,1.445117794076194340e+00
-8.687219071650366387e-02,7.499386924338518057e-01
-4.391337479284124767e-01,2.256768904430456746e-01
-4.072967172741306374e-01,-2.080473784238732471e-01
-1.178953467560012042e-01,-3.538101447622954976e-01
-2.885173123597160605e-01,-2.594409087285133308e-01
-6.190329698857820473e-01,1.341105902911514935e-01
-4.432869259545869078e-01,3.991563486211150424e-01
-7.822955544695735230e-02,3.550248759135483656e-01
-2.983709658753740113e-02,9.569468193862172383e-05
4.979597648216310679e-01,3.094217750988207949e-01
1.150918456321213146e+00,1.001318053510009465e+00
8.719972474116215455e-01,7.555798569241369833e-01
3.624714339572501220e-01,-1.160232351344372831e-01
3.624714339572501220e-01,-1.160232351344372831e-01
1.765380947709816462e-01,2.490825287111284592e-01
-1.698576498773859966e-01,4.103264804047215136e-02
-3.188913763603848373e-01,-4.906751247168072982e-01
-4.003888419600825643e-01,-3.880047998410898202e-01
-6.098902645980169845e-01,-1.391009161488458157e-01
-4.072967172741306374e-01,-2.080473784238732471e-01
-7.618072375637624516e-01,-5.123286883503956890e-01
-8.608972365352229872e-01,-7.717662562102819424e-01
-1.457249737251168631e-01,-6.618845474384139616e-01
2.614184545646608959e-01,-4.584464025968281731e-01
-3.002758443595974699e-02,-5.272652899922565251e-01
2.986872066235831888e-02,-1.431106694457604245e-01
3.544068453282794851e-01,2.161262962104193164e-01
3.624714339572501220e-01,-1.160232351344372831e-01
3.439007048417404983e-02,-5.031164745554156381e-01
1.846680094832264252e-01,-7.047823179997043663e-01
8.256111475033633962e-01,-5.681000320656827141e-01
1.453139490362388431e+00,6.408150346559703392e-01
1.863821914168760641e+00,2.678682367126336672e+00
1.865117169890003979e+00,3.416356141343551922e+00
7.026772018582785329e-01,1.685297427789006708e+00
-8.142783497296065542e-01,-3.998471924724127380e-01
-8.205311190414521505e-01,-4.769581448345853181e-01
-4.932933130559598034e-01,4.728110623472274454e-02
-2.415878192424049664e-01,6.605685850005491577e-01
6.921899620598798153e-02,8.737529588810932779e-01
4.056432431436542974e-01,1.109668094538796668e+00
4.303377775931442883e-01,8.853058137945444273e-01
1.765380947709816462e-01,2.490825287111284592e-01
-6.306104734618363239e-02,6.824237393452542433e-01
-1.838117392062233943e-02,9.420656367234822026e-01
7.684884520932967755e-02,4.584312888595619140e-01
-3.242766921969342242e-01,-3.291622118675024966e-01
-1.348744912316370836e-01,-4.480689106165133273e-01
2.879381536529190266e-01,3.272192815044552838e-02
4.056432431436542974e-01,1.109668094538796668e+00
7.773898051098487860e-01,2.817087188441045331e+00
1.325298258879680890e+00,4.474393273039485308e+00
1.811184642750447660e+00,4.369412810133867175e+00
1.865117169890003979e+00,3.416356141343551922e+00
1.112435562171730341e+00,1.920798813870865596e+00
9.739302185471801487e-02,4.840679167676451011e-01
-4.212693736900531283e-01,-2.009543088046699399e-01
-5.694891525431489132e-01,-4.205603644694042020e-01
-8.205311190414521505e-01,-4.769581448345853181e-01
-8.646877609876514326e-01,-1.103981366291447719e-01
-9.573325024248403592e-01,7.156001688340533906e-02
-6.041260063375558653e-01,1.267441005432179690e-01
1.601757173021006730e-01,2.649610607784858018e-01
5.922783949632615119e-01,7.046396958832882307e-01
6.472772300371230081e-01,7.443152530616691243e-01
5.452170578776427412e-01,3.138714997834742837e-01
3.624714339572501220e-01,-1.160232351344372831e-01
3.624714339572501220e-01,-1.160232351344372831e-01
1.765380947709816462e-01,2.490825287111284592e-01
5.473177179702717332e-01,1.297345546914995040e+00
1.271767079727098348e+00,2.406909958457174703e+00
1.758353398818831792e+00,2.752983800784864155e+00
1.287589284064490247e+00,1.870480363640971477e+00
5.568563153872535532e-01,6.628802378181033461e-01
3.624714339572501220e-01,-1.160232351344372831e-01
1.529361865485206196e-01,-2.755759360586678142e-01
8.987785191722665046e-02,-2.467809794196397788e-01
-3.360158326378067523e-02,-1.936516370718432967e-01
-7.483076216994856145e-01,2.257698517517102085e-02
-1.013459590223976026e+00,3.345876335831807213e-01
-3.345871114355530862e-01,2.490478818869528710e-01
1.765380947709816462e-01,2.490825287111284592e-01
-4.937965509794550734e-01,7.849458376540011662e-01
-4.169792019213188206e-01,6.317166313614221984e-01
3.624714339572501220e-01,-1.160232351344372831e-01
-5.664500703146951865e-01,-1.342682879603584456e-01
-1.067949632419521899e+00,-2.111844537923073806e-01
-6.217524324969098126e-01,-1.828958967211467279e-01
-1.755545999671068447e-01,-4.131805783245171004e-02
-5.137946666308200461e-02,-9.542826853538234622e-02
1.347156104345690053e-01,-7.498978707174558389e-02
3.624714339572501220e-01,-1.160232351344372831e-01
2.475778395305975044e-01,-2.385501863209437967e-01
-4.098041973983655717e-02,-1.320638302242213846e-01
-1.883032238211241327e-01,-1.491560631623999478e-03
-1.755545999671068447e-01,-4.131805783245171004e-02
2.610983576845692794e-02,-1.557509262952924411e-01
1.087153816701933007e+00,-4.245088275949033263e-01
2.286127500746512720e+00,-9.187905782864226323e-01
2.461498277861940309e+00,-1.038426704686032043e+00
1.644646701443259751e+00,-3.227954501429405876e-01
5.430685109061704763e-01,2.569770303836078629e-01
-5.048269422053475175e-02,1.580296735221134174e-01
-3.790825872678920128e-01,-1.237602916334105824e-01
-3.188913763603848373e-01,-4.906751247168072982e-01
-3.635129389682414391e-01,-6.040779230967092683e-01
-5.223633800479104972e-01,-4.153144884125707925e-01
-6.098902645980169845e-01,-1.391009161488458157e-01
-8.324165497709294925e-01,7.140418622420442452e-01
-2.090252208114833365e+00,3.327261154759547424e+00
-3.600645561562790586e+00,6.270852687646183199e+00
-4.165041255587833113e+00,7.510553236041837444e+00
-3.579475306735219409e+00,6.847453226554478967e+00
-2.217523070975786936e+00,4.984811529911706174e+00
-9.166568376207804292e-01,2.623483331818736275e+00
-1.851894760828926012e-01,7.978431782617918522e-01
2.747928017056315841e-01,-1.029451578336850470e-01
2.202845174179417220e-01,8.034145386582075554e-02
7.153213175824031378e-01,3.115006787443265202e-01
1.163400229063561664e+00,8.025041355741984184e-01
6.842713295000578677e-01,1.393978226598588499e+00
1.091604848878828138e+00,5.191893410147537802e-01
2.286127500746512720e+00,-9.187905782864226323e-01
2.461498277861940309e+00,-1.038426704686032043e+00
1.644646701443259751e+00,-3.227954501429405876e-01
9.305635025397520632e-01,7.339514284247518061e-01
3.508259088096235545e-01,7.548215014453173444e-01
-3.742557869499023027e-01,2.385942390886102715e-01
-1.886160969615376937e-01,2.510958787921317435e-05
1.684899178941367537e-01,1.148193901806391776e-01
5.199094112411937196e-01,3.159960664190821777e-01
6.883776938820738156e-01,1.576240334479140914e-01
3.624714339572501220e-01,-1.160232351344372831e-01
1.296242994507473545e-01,-1.533907466873368208e-01
-2.713451118422359754e-01,-1.395171058529257602e-01
-4.908993682576364148e-01,7.403203117205840733e-02
-9.135933205823036640e-02,5.315973907245329089e-02
1.372982054774595506e-01,-4.409536672548859948e-01
-9.441474806120139784e-02,-1.405325938999940349e-01
-3.192853986567464886e-01,3.212410143645746952e-02
-3.188913763603848373e-01,-4.906751247168072982e-01
-3.158201331676918078e-01,-7.207735263241907830e-01
-4.516505595769421816e-02,-4.484250727922827195e-01
3.624714339572501220e-01,-1.160232351344372831e-01
2.934204483652701478e-01,-2.025010040762713903e-01
4.131101560822383195e-02,-3.613527431575712101e-01
-3.233396588235052937e-01,-3.694241746519745240e-01
-1.188411753275322724e-01,9.290777557727596392e-01
-1.383183993678157309e-01,2.046288378861728319e+00
-7.629035208466248275e-01,2.284241728211333200e+00
-9.901692467327568581e-01,1.673210115143961341e+00
-3.284661834152019511e-01,1.381055146443462833e+00
1.577735951556210880e-01,3.123553941854748661e+00
-1.639297051839143926e-01,5.222035225688698823e+00
-6.390753215095635875e-01,5.799475855889002496e+00
-1.117439917993680032e+00,4.716045237097828746e+00
-8.817244351839039762e-01,2.166690151347111293e+00
-1.196044714506803303e-01,-3.010285604983427010e-01
-1.281566578082692642e-01,-7.758586534801001910e-01
-4.857244978118950840e-01,-1.949964892241796144e-01
-5.592528433490061568e-01,5.309499574045288828e-01
-1.051649443916277127e+00,6.644107287564856579e-01
-1.776942053787903264e+00,3.817107739864407656e-01
-1.054789014023292504e+00,1.591684170717091729e-01
3.624714339572501220e-01,-1.160232351344372831e-01
2.934204483652701478e-01,-2.025010040762713903e-01
6.013549711462516933e-01,-3.470895774138955114e-01
1.748661138354233202e+00,3.121931719966805074e-01
2.682758200612534782e+00,1.530999322006231678e+00
2.502184369864533853e+00,2.175141805192472688e+00
1.377745200385256830e+00,1.732359551797893138e+00
2.564807453818275795e-01,7.513580898624065973e-01
3.799308505696770699e-01,-1.903959123204256310e-01
1.489958929376022034e+00,-7.381989715403118879e-01
2.352474006640415283e+00,-6.541433127562739092e-01
2.091091288373064128e+00,4.123113622241961207e-02
5.703287593440194980e-01,6.432398461218730157e-01
-5.766346910772056633e-01,5.937532729470728077e-01
-2.081268227861113651e+00,-4.593580269172935909e-02
-4.085616332618209334e+00,-6.207302722353382762e-01
-5.262937500134288626e+00,-1.117974567840403610e+00
-5.250888895012839619e+00,-1.201361228095815914e+00
-4.073117354606696772e+00,-7.072338983798200918e-01
-2.296701313627294905e+00,-1.529997160310758164e-01
-7.766650903426870478e-01,1.884493746067432548e-03
3.136353134724245151e-01,4.239387064457398324e-01
-6.311516101639878806e-02,5.207749797209026976e-01
-1.088336058596157008e+00,4.749147435437146014e-01
-1.835713688314888126e+00,6.277544218917660013e-01
-2.085487463458906898e+00,4.282028382579679548e-01
-2.194045776168213280e+00,1.555881953421517361e-01
-2.612275185101489594e+00,2.478115216163365997e-01
-2.481965187366447445e+00,7.129901986918046886e-01
-1.578525407363720712e+00,1.042479781773025804e+00
-8.545497900736911401e-01,5.660041850558652499e-01
-6.904851589074862961e-01,8.995779102641032754e-02
-4.976443563798944036e-01,5.406693555278712093e-01
-4.500363691752097273e-01,6.497836083080402725e-01
-1.059754452959274507e-01,-6.384206745537209793e-01
3.479367691562557097e-01,-1.581756385945723542e+00
4.289749267249405862e-01,-1.026726302258657464e+00
3.624714339572501220e-01,-1.160232351344372831e-01
2.934204483652701478e-01,-2.025010040762713903e-01
4.748508501741537102e-02,-7.139106510902160085e-03
2.623585881087726890e-02,-1.193381305929562541e-01
6.681107962578576587e-02,-4.721103766256143364e-01
-2.530355853101258212e-01,-1.278197732520901519e+00
-4.743596334083259869e-01,-1.938333606465669545e+00
-1.097867990030174434e+00,-1.752774136858396226e+00
-1.072375564288292171e+00,-1.076744416571489005e+00
-2.773479093107364957e-01,-3.565979381492599964e-01
-3.822326972336105300e-01,1.088155515948802804e-01
-6.342842928032548233e-01,4.054274520519202119e-02
-5.181625654158394934e-01,-5.872256059818466989e-01
-2.205330224882603718e-01,-5.608603312314901501e-01
1.458069890645073523e-02,-4.171121273521639639e-01
3.624714339572501220e-01,-1.160232351344372831e-01
2.934204483652701478e-01,-2.025010040762713903e-01
3.601356619090966826e-01,-1.653897943446308305e-01
5.219420332437577636e-01,-1.848136679221283052e-01
5.571918905388908438e-01,-3.975618310921844034e-01
4.537445989049748718e-01,-8.946994378846301332e-01
2.506946371791410888e-01,-1.065584711697785902e+00
-2.221890803796347236e-01,-1.269350744761633953e-01
-6.669282779040779374e-01,5.714668458857110611e-01
-9.775151773975537806e-01,7.597334463571391305e-01
-8.978632771079083641e-01,5.453498429255009272e-01
-3.080198666972074895e-01,1.624977709512391011e-01
8.200174462445039003e-01,1.338468438770611391e-01
3.103455692700164192e+00,1.890925376372393774e-01
3.670021906558581737e+00,-9.192071897575696537e-01
9.860128430338714889e-01,-1.924298268503215725e+00
-1.097867990030174878e+00,-1.752774136858396226e+00
-1.109008562529210540e+00,-9.203574657469547615e-01
-2.406908555780941927e-01,-3.638111382927209925e-01
3.624714339572501776e-01,-1.160232351344371859e-01
2.934204483652701478e-01,-2.025010040762713903e-01
-3.883161131770959673e-01,7.849002383859574605e-01
-1.101143612896950952e+00,1.769980582482325593e+00
-1.139313017093949165e+00,1.509906471932900063e+00
-9.775151773975538916e-01,7.597334463571391305e-01
-8.978632771079083641e-01,5.453498429255009272e-01
-7.414779759856190422e-01,7.424590383016771433e-01
-8.682930623175340035e-01,5.830128028444645505e-01
