1.169466920037703361e-01,-3.264218738022109267e+00
-1.274169839718862843e-02,-3.045198074955082213e+00
-2.904747269185676273e-01,-2.295405072290511495e+00
-6.266639035075717290e-01,-1.376634712958453077e+00
-1.063410101120161988e+00,-5.377316217229475281e-01
-1.073029813759583950e+00,-4.557958086237340334e-01
-7.621164971059712911e-01,-7.312815422677617638e-01
-1.947184503621677276e-01,-1.271822863437000350e+00
-5.052704246799322174e-03,-1.699485117432097958e+00
-3.215331354913991690e-02,-2.223188036082921926e+00
-2.594555239025401749e-01,-2.553640356462944183e+00
-5.656711480161741301e-01,-2.712863921081832164e+00
-6.491143266644973098e-01,-2.398223209354087615e+00
-5.660151192101752216e-01,-2.133888970676991903e+00
-2.768284613453653176e-01,-1.865976634543446755e+00
2.532872360172250259e-01,-1.898844382473616310e+00
4.457700430345821752e-01,-1.881843750249214686e+00
4.970013684584163594e-01,-1.645461560191579853e+00
2.068420658735612219e-02,-1.388280723067472522e+00
-1.437359435251276130e-01,-8.937261009890705710e-01
-4.340905674263217939e-01,-1.037545134829433779e+00
-6.638111946570910415e-01,-1.042214376288065791e+00
-7.821240688930518603e-01,-1.304341702491063071e+00
-7.585877415332569207e-01,-5.563938531874477178e-01
-6.323830527311725680e-01,6.262315676654710284e-02
-4.159270657550380168e-01,1.080919745624700834e+00
-6.014703263258172061e-01,1.341033415778329241e+00
-9.944410587325908102e-01,1.395698349610576594e+00
-1.550877858685025812e+00,9.067631529344158947e-01
-1.339117717346457015e+00,4.156686211799474617e-01
-1.110686895644036332e+00,-3.533786181576469843e-01
-1.134840428144214375e+00,-1.109721562239680992e+00
-1.431940123463566694e+00,-1.303986922459379860e+00
-1.474726786948595381e+00,-9.167404027912166020e-01
-1.670410933211782689e+00,-5.282079530585399585e-01
-2.022960587916081021e+00,5.133724864446582992e-02
-2.266741009260263784e+00,3.544130315278046228e-02
-1.915075079753346898e+00,4.722111134600710525e-01
-1.197456071804307687e+00,4.681163339948311575e-01
-3.766844774430426757e-01,1.993904537877052574e-01
4.106255102554967618e-01,2.881229929804246873e-02
9.889877078737957516e-01,1.579199512696755903e-01
1.031025988110414904e+00,6.211375574192459226e-01
6.850233555833933341e-01,8.396814629246087680e-01
-9.807535699992801781e-02,9.541522749937292325e-01
-8.422697428533153508e-01,9.645671077544206717e-01
-1.452195389409106863e+00,8.416084698383132778e-01
-1.549140488932877036e+00,6.297588053700142741e-01
-1.798109406284597478e+00,4.426826091785213690e-01
-1.124634848197304970e+00,2.639914502781630645e-01
-8.853913097077361627e-01,-7.835965622174841105e-02
-4.405501054681771333e-01,-4.535174301459000690e-01
-6.642482918424470473e-01,-1.123624787899374367e+00
-4.677269690354836085e-01,-1.908021924761352572e+00
-3.865362218866857380e-01,-3.216859203499532249e+00
-5.432760535848071282e-01,-4.394895594077607548e+00
-7.284510566648845220e-01,-5.133734599263427789e+00
-8.221974402212220978e-01,-4.994684261130677427e+00
-8.796950197153179385e-01,-4.614660064364673353e+00
-7.905244151407674336e-01,-3.882253874900061241e+00
-5.903191779901620917e-01,-2.929800385121490880e+00
-2.078295916974820245e-01,-2.541226852497591615e+00
-9.074790718129573108e-02,-2.382913297504542616e+00
3.886972602153235812e-01,-3.838530247512918603e+00
8.881417632141258567e-01,-4.676031151703262445e+00
1.658233657219091439e+00,-5.699394535122372041e+00
1.827457064053852331e+00,-5.860600664363612822e+00
1.688450028951125947e+00,-5.698345070960080250e+00
1.131994475074641127e+00,-4.780851860618275495e+00
4.551791915190910309e-01,-3.516492871017423472e+00
-2.304910496861264091e-01,-2.221848600446348687e+00
-5.465352700572519984e-01,-1.521006995528763728e+00
-1.068810961617418176e+00,-6.137475281505133662e-01
-8.525799460034447774e-01,-8.492503878530991424e-01
-8.158440898021623866e-01,-1.077493283348713859e+00
-5.275414998028449265e-01,-1.448815985044468402e+00
-4.485668168860560967e-01,-1.280866556389566036e+00
-3.788954412546809425e-01,-8.642657151022669071e-01
-8.423764816537046007e-01,-2.340011574981008813e-01
-1.008271145720267770e+00,-1.212183506127745003e-01
-1.286374499360628088e+00,-1.933088035511614233e-01
-1.029189117720636037e+00,-6.535886072945519265e-01
-1.256029968429000832e+00,-7.520754218052740914e-01
-9.360320623305494747e-01,-6.716788605272988599e-01
-1.375722989638733518e+00,-7.227826579043881150e-01
-9.583706170619221698e-01,-5.206266870079654385e-01
-1.068533088786256524e+00,-9.719995748778790245e-01
-7.024853110031548109e-01,-1.114919060193595879e+00
-3.086047502452793356e-01,-1.499660147101183449e+00
-1.323878564212906464e-02,-1.261303464013058484e+00
2.453820165903636830e-01,-1.161490219716287076e+00
4.905720470528929789e-01,-6.929909601827048959e-01
7.844376681644351645e-01,-3.268591407240523661e-01
1.074111985124081015e+00,-7.353534307048801288e-01
1.214887880536385412e+00,-5.434179113540124062e-01
1.501213291812072192e+00,-1.393505479738245956e-01
1.251310091275338321e+00,3.124100053634217833e-01
9.402136901481286113e-01,1.957265580379602757e-02
2.738348895619847623e-01,-5.947988288641984367e-01
8.642952405681678107e-02,-7.923552250217230641e-01
2.008961437227169411e-01,-9.087580849032481645e-01
1.464988415004510880e-01,-9.378433799605445653e-01
2.262676443207530808e-01,-7.646179798388913484e-01
2.432209172767652028e-03,-1.162993712130427681e+00
-7.379265027407488908e-02,-1.498360876771088757e+00
-5.515150361619737540e-02,-1.840495273490007300e+00
6.421165092168350241e-02,-1.597083636664573758e+00
2.020401798514474545e-01,-1.099476447371898757e+00
3.744409226879231722e-01,-6.918438537657751741e-01
7.097545708403334430e-01,-9.608020564354292636e-01
8.979625637948833727e-01,-1.254001100362578613e+00
9.576807271475374916e-01,-1.339553628225803150e+00
8.168046108891177104e-01,-1.614626689517121516e+00
3.817501306171591224e-01,-1.709119694996226624e+00
-1.939534915918010027e-01,-1.880471259767010794e+00
-6.141232991461728075e-01,-2.029174360638235086e+00
-8.234987896179218891e-01,-2.069213111275062467e+00
-1.108578560439289040e+00,-1.480864547772432926e+00
-9.841039596196916595e-01,-9.861724192203790151e-01
-8.037448881168800519e-01,-5.184712219583785808e-01
-1.302374220748678535e-01,-5.913877737028125914e-01
-6.918271884093174680e-03,-4.998754170886275383e-01
-5.209573155096335062e-02,-6.092487087251906575e-01
-3.670967501052940229e-01,-7.917277422235619033e-01
-5.203312259070037582e-01,-1.157755651572768940e+00
-4.893104010871882070e-01,-1.840659265892438334e+00
-5.948366078059407203e-01,-1.658812243263385167e+00
-7.291507598213247121e-01,-1.530872226706239569e+00
-8.509790301686748215e-01,-8.630505286484638772e-01
-2.809804120455319243e-01,-1.240418607969983933e+00
-1.422285921069162407e-01,-1.147043180001707130e+00
-6.817233440403552835e-02,-8.039944596670159926e-01
-4.972723772516738916e-01,-6.527228540912486388e-01
-7.390121458199958582e-01,-9.625850193569118751e-01
-9.105879893612591758e-01,-9.509761897314994439e-01
-9.431237074753031635e-01,-8.254515033306789595e-01
-8.795505164901270545e-01,-7.537521026574643956e-01
-8.697122597156989876e-01,-4.218316069182143635e-01
-7.140389716533296349e-01,-6.959572578524439446e-02
-6.554263796395372044e-01,1.973487357469679848e-01
-1.088172642573334431e-01,3.934595353661548556e-01
8.890512444273587223e-01,7.931270364098212955e-01
9.172384915243649850e-01,5.842391476919093218e-01
1.159368635468445818e+00,4.053315267195916061e-01
8.632112459353865619e-01,-3.180097759913184680e-03
1.045492165205952118e+00,9.478705725301395102e-02
1.032605956111256162e+00,2.200473529613284629e-01
1.639826891741949177e+00,6.096949524755804761e-01
1.985102182458165831e+00,1.217804269006894424e+00
2.305754309566518945e+00,1.646754644121194433e+00
1.767359383799993244e+00,1.421802611616868717e+00
1.690386809637897114e+00,1.283615877207921807e+00
1.311974759661437728e+00,9.276936216490561105e-01
1.190419012833358492e+00,9.155518513358149590e-01
7.770484509030218812e-01,7.435090592913488061e-01
7.475848289793350920e-01,4.659167390356664940e-01
9.390005057828614277e-01,2.377390725323792475e-01
1.562657398287608412e+00,1.256069296120562451e-01
2.192350043578808805e+00,4.935216423592553858e-01
2.888265088917381984e+00,9.227143344286331539e-01
3.053620349297853753e+00,1.049926048345899865e+00
2.830807215544709710e+00,8.395935642853792347e-01
1.911235081686488257e+00,5.757903671090961462e-01
1.130876328270685072e+00,3.796932321698218704e-01
3.478996977905126076e-01,2.324456532050126478e-01
5.833922341222207431e-01,1.794778110798204707e-01
7.231924419146419369e-01,1.157373755257169040e-01
8.755656405768790229e-01,4.463769000024506856e-02
8.706586798972693053e-01,1.140203684536695711e-01
7.308584721048477784e-01,1.777608040077731932e-01
3.478996977905126076e-01,2.324456532050126478e-01
6.413087700767348964e-02,5.021196888703538530e-01
-6.585878697095257639e-01,7.325492517541345450e-01
-6.930609965933359762e-01,1.523589541267729830e+00
-9.635706064718667641e-01,1.418911499905842977e+00
-8.407057298499597264e-01,1.045002861757765134e+00
-1.054311543279604191e+00,1.669104772004804116e-01
-8.361368410822465069e-01,-2.018833358958470325e-01
-5.385545197021542885e-01,-1.720634534928542070e-01
-6.426045386308254503e-01,4.553858510651266622e-02
-1.115749681115904002e+00,4.178557876777827529e-02
-2.022960587916081021e+00,5.133724864446582992e-02
-2.266741009260263784e+00,3.544130315278046228e-02
-2.423097343785664659e+00,2.946469532992843643e-01
-2.423097343785664659e+00,2.946469532992843643e-01
-2.161436877022086644e+00,8.425390360489423136e-01
-1.416368650292580744e+00,1.660964534455078745e+00
-8.658661146120798513e-01,2.713515977045976246e+00
-3.612146544571227524e-01,3.280921148675706611e+00
-1.925147446481955960e-01,3.165624306725961734e+00
2.144232873397643180e-01,2.315866320651489563e+00
5.691834428755944142e-01,1.219028981304655312e+00
6.600948741794333552e-01,2.176824112635001446e-02
5.502943145256735669e-01,-6.661218760318771137e-01
4.201756753837861402e-01,-1.003336504869895451e+00
4.955158234649449933e-01,-9.988620692523151323e-01
4.223487382180352578e-01,-7.038911511591487979e-01
6.604689423671696868e-01,-7.957245639012530125e-01
7.251659535582630767e-01,-9.997892389417631920e-01
7.973345136484556450e-01,-5.635919971332050693e-01
8.708395511037423375e-01,-2.061192779786540918e-01
8.024973590298174475e-01,-1.214028650535163567e-02
7.551959311478889658e-01,-1.059096027800327522e-01
5.439920902813477621e-01,-4.679062449833992776e-01
4.851992031528070681e-01,-5.128106964403481571e-01
5.656974918106917327e-01,-7.293003738687644510e-01
7.251659535582630767e-01,-9.997892389417631920e-01
7.946715123758669730e-01,-9.522222570497359539e-01
7.870827396883728344e-01,-1.258094160502331027e+00
5.999355290694227127e-01,-9.395703415400192826e-01
6.206977551792373093e-01,-9.697273158073438371e-01
5.977013383465353824e-01,-8.583719965336327196e-01
6.805605047731656532e-01,-9.136321771455154783e-01
6.035204500241637682e-01,-1.470275593224387389e+00
3.229648616551619722e-01,-1.771027695111554667e+00
-3.817432458230012732e-02,-1.998926545280317546e+00
-3.775614518795552543e-01,-1.720577952568654645e+00
-3.246245309463733908e-01,-1.488309627195535834e+00
9.690747105591906996e-02,-1.212092107912853489e+00
5.680220679208103363e-01,-1.112367876372993614e+00
1.043470181516770845e+00,-1.227669801743661360e+00
1.190418684117266590e+00,-1.610597251577266853e+00
1.368137897367695865e+00,-1.597563177672916002e+00
1.206059835968791072e+00,-9.460807325739613027e-01
1.072680291427368315e+00,-3.714764880045162143e-01
9.179562656582875846e-01,1.428319560375339026e-01
8.978552293017899588e-01,4.708500322891955026e-02
5.793638290289897519e-01,-4.265636523823573140e-02
5.468630259696506402e-01,-4.624720167071366128e-01
6.699374489258432819e-01,-9.400910953801082659e-01
1.087899321957444432e+00,-1.338190884622624921e+00
1.255357347049139261e+00,-1.589585144719931620e+00
1.368137897367695865e+00,-1.597563177672916002e+00
1.296614162190692809e+00,-1.786707516235380044e+00
1.131784929851206600e+00,-1.980277837951644138e+00
7.908662915643204228e-01,-2.527807698113123891e+00
4.318087300510781157e-01,-2.519332250564554343e+00
1.854516181442727174e-01,-2.203437143587323011e+00
1.360038474424009880e-01,-1.402094369398689588e+00
1.286130673121528012e-01,-5.654690142142432263e-01
2.190308358571042835e-01,-2.028699893691427447e-01
3.688767493794631314e-01,1.231379566276647325e-01
5.139875779085891772e-01,-9.097770824774677190e-02
4.686732277685229930e-01,8.685316256531643020e-02
5.917657791805835954e-01,2.184211884793336444e-01
6.841048812381589350e-01,5.396566326591988316e-01
7.566003171392842175e-01,5.405008253633507564e-01
9.962488739352219902e-01,3.807010658231849698e-01
9.710794714443335973e-01,2.672148592622926033e-01
1.009266522673689881e+00,3.226458939066554343e-01
1.216283379475189275e+00,7.569896552076685881e-01
1.268823617472415455e+00,6.885280095278657475e-01
1.248755524175577447e+00,4.708052632406761195e-01
7.182665733277986408e-01,9.397448416292436546e-02
5.334944961419830767e-01,2.626899169919425514e-01
4.108311866008880764e-01,2.388606769144333564e-01
6.605105016076509017e-01,2.047874950467479527e-01
8.735424307051278259e-01,-4.555136769073651892e-02
9.364285846599593732e-01,1.239779706756887201e-01
9.504793688371819815e-01,1.509601122249122351e-01
1.252708592038139335e+00,6.103360555562338252e-01
1.252708592038139335e+00,6.103360555562338252e-01
1.252708592038139335e+00,6.103360555562338252e-01
8.805191859915414421e-01,7.428495964939879626e-02
1.082812503398503878e+00,1.248874881694982998e-04
1.077247049058724038e+00,-3.026432475558948898e-01
1.033352988594729016e+00,-3.718606814156454332e-01
7.341850329155900079e-01,-5.047385620003602691e-01
7.393382209377051817e-01,-2.243982642037304076e-01
6.369605389763413061e-01,-1.779059208648028079e-01
5.402973759399309905e-01,-1.745026597484763686e-01
1.548514777585568991e-01,-3.443549050639561071e-01
-5.997771544944657113e-02,-3.203279245915202078e-01
-1.508874139453398322e-01,-3.356256905689709025e-01
-1.346809220851639677e-01,-2.632846426743039592e-01
-1.251322414752863710e-01,-2.199097099882894035e-01
-2.436708134052379682e-01,-2.894189395946845655e-01
-1.988104356230031289e-01,-2.806002730815971291e-01
2.979203870624463294e-03,-3.450567394738877081e-01
2.609646298898853356e-01,-8.682983349183348576e-02
4.206769363970601083e-01,2.432734179396680435e-02
4.402596737519762216e-01,9.028603203727740556e-02
4.414203557063631211e-01,-7.209598851487759863e-02
2.288058651509493890e-01,-3.016067079178250121e-01
-5.155015947314937064e-01,-2.473748354493810753e-01
-8.102854361207217915e-01,5.232978569849363465e-02
-8.280270531909277310e-01,3.915073080905622227e-01
-8.373892706418201159e-02,4.324848858135177943e-01
3.479710068141243506e-01,2.875053311662132960e-01
5.329488584874455537e-01,-1.304015113720019825e-01
3.992623611834519859e-01,-4.068294911343617315e-01
3.866458605711901031e-01,-3.894571956841587634e-01
7.771044795323900356e-01,-1.430639815395883530e-01
8.414556292640997803e-01,1.209898566335577616e-02
8.060609142235862778e-01,-4.864473360554923825e-02
5.903065819717875362e-01,2.868414621303167281e-02
3.483643282903006178e-01,-3.634278305620934346e-01
1.954790646725686198e-01,-8.724938633700193291e-01
1.102539966158309348e-01,-1.867707213874270744e+00
1.267787233692733440e-01,-2.247327832580329865e+00
1.854516181442727174e-01,-2.203437143587323011e+00
2.390603681870621389e-01,-1.220096457002244339e+00
3.922603168342187474e-01,-4.540510949761349391e-01
5.139875779085891772e-01,-9.097770824774677190e-02
4.236122820243056197e-01,-8.842550330809481607e-02
2.733610400141753272e-01,-2.267188913338028244e-01
1.445291423207969439e-01,7.960733194165349469e-02
1.004950376644998533e-01,2.652089213998729544e-01
2.632328181982760418e-01,2.256425595292190223e-01
5.463033046563835482e-01,7.317506641821866498e-02
9.022340896082333694e-01,-5.002257402141893627e-02
9.683800156392748937e-01,-1.899568681385103153e-01
8.653094215065698647e-01,-2.238832038816918890e-01
5.455630843431383825e-01,-4.299679357161150794e-01
4.538358388360145823e-01,-4.272188277544974877e-01
2.441258001971536307e-01,-6.285082371228649656e-01
1.701268521375835785e-01,-5.132502602026283167e-01
1.851288839596854779e-02,-4.894296034182288313e-01
1.445291423207969439e-01,7.960733194165349469e-02
2.295064345443741383e-01,4.047295209565889285e-01
3.379365223999279966e-01,6.011889105951860879e-01
5.412046055610223450e-01,7.935080908955249868e-01
6.628480837102534995e-01,9.329909255174955174e-01
6.967313766147419374e-01,9.661936834543708441e-01
6.474928824413422879e-01,7.705310793000230696e-01
6.080161098945219278e-01,6.333040669241211118e-01
6.841048812381589350e-01,5.396566326591988316e-01
6.157482244621752532e-01,7.047063361738273857e-01
5.791427434504171634e-01,7.730265028729160770e-01
5.357910628713167256e-01,6.973375167024209453e-01
6.667773223198629751e-01,5.659163134044700172e-01
9.442927085648601393e-01,3.254694646457708118e-01
9.565641717330432003e-01,5.287073874328263035e-01
6.321836187316240974e-01,6.720712494877449927e-01
3.069146689638404535e-01,9.517433135492795460e-01
2.444443387198281525e-01,9.381139805178669855e-01
4.933693241932478601e-01,7.772932148074190861e-01
5.374458627331046845e-01,7.449058358743967379e-01
2.852068742247055866e-01,7.433165759334769973e-01
2.271243792761143410e-01,7.996855026757531126e-01
2.207081018202699252e-01,7.404990985841822804e-01
4.535929010468105482e-01,5.785328030595471294e-01
5.714909144945088393e-01,6.936647115817226039e-01
7.085644386331330091e-01,7.759025796073458769e-01
7.878266097533535017e-01,1.195554124432750998e+00
7.601616749838576714e-01,7.554804773437323595e-01
7.103299484136388342e-01,4.096233309091286134e-01
5.106022702206736152e-01,1.264986925148373353e-01
3.666833053186608904e-01,4.250997860145963592e-01
3.132617461790535018e-01,3.652327629188839020e-01
1.521666030494792932e-01,9.035951935689993941e-02
3.598766682358929547e-02,5.967480030098801756e-03
-5.588273485040148869e-02,5.185441708828216617e-02
1.633640881133885392e-01,-1.191797290859978112e-02
6.171472153070864941e-01,-5.862218704697209626e-01
8.661323024661348180e-01,-8.038528447543049626e-01
8.238934824173872462e-01,-1.002004573192875503e+00
5.726292896368300189e-01,-4.997923322533092128e-01
5.921190361008882297e-01,-2.697583501441324638e-01
6.124015067735548712e-01,-1.131567464508321935e-01
6.129317399266890343e-01,-1.800167766951273618e-01
4.936299589253344000e-01,-3.094806540876446355e-01
4.996828594686856806e-01,-3.791003131405716875e-01
4.928657474014397910e-01,-3.905553043674742097e-01
6.243755850573836641e-01,-4.317384077005769205e-01
7.669759893214527224e-01,-5.403660930905974658e-01
8.570356779289238780e-01,-6.342346856215512751e-01
7.750778312685822069e-01,-6.945972229350302340e-01
5.224812467880665112e-01,-5.438041095670844705e-01
-2.499280243916959243e-01,-2.611023579772234759e-01
-1.142209511764967100e+00,4.718127193471896019e-01
-1.499998120316850869e+00,1.057779920223429038e+00
-1.013639636132787070e+00,1.404574510944704535e+00
-2.010097102952517478e-01,1.507580276440867673e+00
2.985433089906546211e-01,1.073002970733925920e+00
6.718090958348220676e-01,5.957705666273314105e-01
6.965856011317346219e-01,-3.830043015232155734e-01
8.772700124199842575e-01,-1.601756015289427029e-02
9.163720370129624371e-01,1.094992468536998553e-01
6.940263653047066272e-01,6.854653500054080917e-01
5.268329517740526491e-01,1.277380435336194497e-01
4.592415485086496219e-01,-5.032295949290563342e-02
6.958837820317504974e-01,-4.692894709704699685e-01
7.627916740961300235e-01,-7.279507307368924263e-01
8.249647869764449304e-01,-1.035308833137667861e+00
6.901452106596612790e-01,-1.047848138400417239e+00
6.630076091927625814e-01,-7.653556083669574850e-01
5.026989509300907599e-01,-5.094135903936448662e-01
5.282777448801002640e-01,-4.103997037000279846e-01
4.225906158834569770e-01,-3.156102945859129427e-01
4.588320497476514603e-01,-3.958734992350642634e-01
4.308921672117304591e-01,-5.019495133486764349e-01
3.526752080552850166e-01,-4.152493025539091276e-01
5.109391250313249921e-01,-4.896373506769814976e-01
6.411930438149805456e-01,-4.197977616387300603e-01
7.381585876016688585e-01,-2.709762155202268263e-01
8.124528044028698215e-01,-3.409120764269119586e-01
8.737572597004392705e-01,-4.071076759716324434e-01
8.618772265236800401e-01,-6.720835226154973085e-01
7.724497531301239839e-01,-7.164712849248664472e-01
5.198672543863204210e-01,-5.655609329278344921e-01
4.095364026191809503e-01,-4.101295359583984057e-01
2.300313739851112815e-01,-2.099775627354496799e-01
3.856032400325427045e-01,-1.392874052299662713e-01
4.110449418902256125e-01,3.630907587333961350e-01
5.077152258373782701e-01,3.763242384174643185e-01
3.922316832868946723e-01,7.072422681423410351e-01
1.980552689052131887e-01,8.049560706254474951e-01
1.866885964387384259e-02,1.380368856403650035e+00
-5.078834255644435608e-02,1.555126499601583445e+00
4.469456995893747453e-02,1.422229214182412882e+00
1.542276494206361592e-01,1.215949727032487493e+00
3.566870192764071690e-01,1.090704692686546240e+00
3.655281099637402442e-01,9.653883115150921901e-01
4.902764471676761548e-01,7.512439328598806698e-01
3.038501797070945476e-01,5.674458402028227377e-01
3.105271468156362569e-01,2.903337460357877653e-01
3.105271468156362569e-01,2.903337460357877653e-01
3.913770546859602906e-01,-5.730530511944156302e-01
7.341192144060330049e-01,-6.870394414781993975e-01
6.978777576780137437e-01,-8.761533335856577231e-01
7.003692070036100503e-01,-2.355859064169069927e-01
2.741482867180455307e-01,-1.307193959776320746e-01
3.208768949933289427e-01,-2.535451169467517821e-02
1.445166036123652076e-01,-1.493572463558726915e-01
4.896547767327099066e-01,-1.187843511892512360e+00
9.444161815713815189e-01,-2.874155661403175799e+00
1.829433477043987066e+00,-4.613683065679061279e+00
2.121310707369399751e+00,-5.701257999667655341e+00
1.973417256770556349e+00,-5.917335754943020554e+00
1.377504503446244977e+00,-5.002283623565444870e+00
5.907892445538532877e-01,-3.693578548271349682e+00
-1.926154148389166709e-01,-2.191787492420399719e+00
-7.447425133586055290e-01,-1.034532644225017783e+00
-1.293585764051855103e+00,-1.238494330080573136e-01
-1.886522683673997447e+00,1.001643213560059031e+00
-2.193311464609239980e+00,1.503063468304882910e+00
-2.279550337156398321e+00,2.241566887666283314e+00
-2.013009749167870233e+00,2.113677266205268079e+00
-1.835774642750661823e+00,1.631550081868870627e+00
-1.460981395980951003e+00,1.120024106625838956e+00
-9.232778544668359677e-01,7.732662423579911293e-01
-1.026874882770528741e+00,9.292643109368540211e-01
-1.183887863700632703e+00,9.589127232173368931e-01
-1.842143543794950711e+00,1.088676946458767780e+00
-1.647314038330546460e+00,1.079435739504224001e+00
-1.904062360536643128e+00,1.241149030493995165e+00
-1.776452167511972879e+00,1.460871080719297499e+00
-1.749958127274263031e+00,1.533465709254042686e+00
-1.703708494728632283e+00,1.368139841267256074e+00
-1.941368980471528838e+00,1.030977766646825611e+00
-2.133233221412390357e+00,6.492620846789995959e-01
-2.203592048379468871e+00,5.730776047781970250e-01
-2.263054117926175390e+00,5.241993694378861424e-01
-2.422109188404433677e+00,4.628969919079107265e-01
-2.435467730072196524e+00,4.434303287117835057e-01
-2.392726127220766941e+00,5.109602503054623268e-01
-2.316833303271765399e+00,1.087557780987263634e+00
-2.386055074606591830e+00,1.706424811608620029e+00
-2.416922084338315457e+00,2.233062172130230838e+00
-2.355233350706093187e+00,2.165710651884074522e+00
-2.265260844706756149e+00,1.824317935170081117e+00
-2.046094376435344309e+00,1.242571819089513196e+00
-2.056711137352896124e+00,8.346445593354981929e-01
-1.398375381562545039e+00,6.095667930193825190e-02
-7.574999852073694973e-01,-8.093148042994877667e-01
3.955886593394872253e-02,-1.739936359619275841e+00
2.372792476080389790e-01,-1.946136150858212011e+00
2.678007926727577481e-01,-1.639913752628163301e+00
2.778958993823866797e-01,-1.151004075034263607e+00
3.284950875770510925e-01,-6.438392482162104136e-01
3.704764346562731125e-01,-3.094923440190324726e-01
5.263042513425157665e-02,-2.169787861606965185e-01
-4.719289183307455726e-01,8.515055500654901757e-03
-1.252381227421259124e+00,2.786330037369647572e-01
-1.655895776740643255e+00,7.078507014180646095e-01
-2.430853837870416090e+00,1.446568965420243158e+00
-2.890461939544188841e+00,2.056787397913509619e+00
-3.562034634654918985e+00,2.410025454489146846e+00
-3.549620744407941064e+00,2.111103130688638085e+00
-3.675941391795175317e+00,1.805204116525149560e+00
-3.629356183560901616e+00,1.436016582126392604e+00
-3.722280086845273228e+00,1.338516850645906864e+00
-3.195283371139601147e+00,9.326117190947040836e-01
-2.443945682125316043e+00,3.486775129148326213e-01
-1.834856442230568208e+00,1.145082871808830033e-01
-1.562063945378960206e+00,-1.881199861385926195e-02
-2.114593326985589883e+00,6.050792276271041992e-01
-1.857636919511478579e+00,4.103678207174488723e-01
-1.515146237696743725e+00,3.928205216430857849e-01
-7.822338602947702668e-01,6.622597258649227936e-02
-6.864711135596631708e-01,4.409107519794738250e-01
-1.165226118158786628e+00,6.154254940517147610e-01
-1.435017588499074348e+00,6.540430592597652470e-01
-1.847534465449905960e+00,3.953750052048029540e-01
-1.783400616648821657e+00,3.402905384443642434e-01
-1.703906853274077760e+00,-9.008701595388987626e-02
-1.567519110126372350e+00,-1.019361504750236208e-01
-1.626185794500475623e+00,-7.263361636182616432e-02
-1.710874777299252747e+00,2.156610083433553871e-01
-1.835865910291861525e+00,2.569593768837488690e-01
-1.473175255188452049e+00,-1.915748651876216790e-01
-1.340811013381708605e+00,-3.238412279398746874e-01
-1.210517137501966767e+00,-2.896156933496177310e-01
-1.516366244168612765e+00,-1.371593107922014221e-01
-2.022960587916081021e+00,5.133724864446582992e-02
-2.266741009260263784e+00,3.544130315278046228e-02
-2.423097343785664659e+00,2.946469532992843643e-01
-2.331066732068703296e+00,5.145415053482956802e-01
-1.809322645778384420e+00,1.991577509065884100e-01
-7.638723775552475059e-01,4.734045564937299777e-01
-1.532151932461609523e-01,1.715417004712091464e-01
-8.414445227761442603e-02,6.727221736457081325e-02
-5.349505417270846719e-01,-3.769182403471552645e-01
-5.088490483573895329e-01,-5.612978961783552379e-01
-1.782613026462589456e-01,-4.619572482488350507e-01
1.977047507553231775e-01,-5.091404565326896892e-01
4.179720478534074690e-01,-3.572192024183181713e-01
1.163825443766932921e-01,-9.240315868170356772e-02
-1.532257319041951948e-01,3.640533085622038589e-01
-1.077875817718869422e+00,5.756968844875111069e-01
-1.486640173783317920e+00,4.928622356685864458e-01
-1.591705297519514950e+00,-1.181548452293103985e-01
-1.009139851646141395e+00,-7.598053158021353948e-01
-3.705008048532264509e-01,-9.794508231314584812e-01
1.658024410127130477e-01,-9.341144836903573223e-01
1.033139033333777684e-01,-3.324577192571057660e-01
-4.154471848879833784e-01,-7.141337990991682150e-02
-1.210250177413542128e+00,2.173762172852818086e-01
-1.580220259207824496e+00,1.511089129273122666e-01
-1.828998104063894736e+00,1.601531715297224157e-01
-1.597613607102059241e+00,1.016111478754665870e-01
-1.800143120552021747e+00,2.171755938753305859e-01
-2.066700200118997799e+00,4.107444708913496889e-01
-2.058273145860594955e+00,3.384507354112376021e-01
-1.816860358630674188e+00,3.672417457381901840e-01
-1.820837911225713590e+00,2.809749394094238628e-01
-1.749006724887378850e+00,2.395852089940583851e-01
-1.507715516797804689e+00,2.511514983245263233e-01
-9.502758403996856007e-01,3.684312461646652159e-01
-6.120992511438060335e-01,4.633593849010905763e-01
-5.627863673298239000e-01,4.347856474907139668e-01
-8.656217746521237544e-01,2.780639894662239042e-01
-1.361611117115107517e+00,1.967915270144172599e-02
-1.647392320254801978e+00,-1.064784887992743512e-01
-1.765641744954823844e+00,-1.047935306520134946e-01
-1.708755437776871888e+00,7.453198418498575839e-02
-1.129145643281447509e+00,-2.269782866875782665e-03
-4.031640417997613413e-01,-3.596245125761161204e-02
2.684264695733262762e-01,-1.074051607663048385e-01
1.116093724819987365e+00,2.233591489809966801e-01
2.419230708245436734e+00,5.392631519228864301e-01
3.842033203840410582e+00,8.776612127242994221e-01
4.926387536306835457e+00,9.792519864096672633e-01
5.339774212955547661e+00,8.974695941446735326e-01
4.989057340062569956e+00,7.117783843872661498e-01
3.724411333920540912e+00,4.440900223772971112e-01
2.669659772035558820e+00,4.306660118616378319e-01
1.666627680695468294e+00,5.621553942582799834e-01
1.328512168103129998e+00,8.387229428309179724e-01
2.454071503437489365e-01,9.438480704884473216e-01
-6.908091590913915114e-01,9.733615695150719116e-01
-8.185969376825311672e-01,7.646643846930332167e-01
-2.311352307893408120e-01,3.747012204564692528e-01
5.911125026428217799e-01,9.655636376440113189e-02
4.201251317652868189e-01,-4.699078079770148686e-01
7.334669800279733365e-02,-8.890133752302268322e-01
-5.169854237912440142e-01,-1.227901519666453556e+00
-3.689449779188223033e-01,-8.493710473613560463e-01
-4.013012074840149324e-01,-2.482133374844732732e-01
-6.433837417751074872e-01,6.556827537450489185e-01
-9.151282258185750029e-01,9.413521778142925900e-01
-8.330605856555923783e-01,1.088403637173297245e+00
-5.838808013988768669e-02,4.048144431908435315e-01
3.464528627553444262e-01,-2.414571593432419672e-01
5.402030420036069147e-01,-1.028232720044060411e+00
2.668162681552107007e-01,-1.224368145517278794e+00
-5.149257750638526199e-01,-9.412949282427705011e-01
-7.663760814736937377e-01,-4.455289392203261589e-01
-1.453830496649535675e+00,1.638469054801524882e-01
-1.521599886905501853e+00,-5.085820934263506066e-02
-1.807803398976434384e+00,1.864609584912871043e-01
-1.578714070723218343e+00,-1.918343231793384895e-01
-1.491450587351133894e+00,-4.423347506515876160e-02
-1.353500421075279014e+00,-7.594503196615568497e-01
-1.149616450575609461e+00,-2.001283189042581512e+00
-5.612292837227711439e-01,-2.705574862872867747e+00
-1.687793637960793569e-01,-2.800942719323730401e+00
-1.606088032961205253e-02,-1.753804930185725475e+00
-5.829057010128394500e-01,-1.137645384940679127e+00
-8.557072083977883548e-01,-4.991609503610689447e-01
-9.363493136634000180e-01,-1.948301941642655577e-01
-5.104840657479082777e-01,-3.949079412775068909e-01
-3.302522300427653823e-01,-4.799394781859721015e-01
-1.249472105557096757e-01,-5.996685643953412193e-01
7.450826314889385203e-03,-6.575860396389054952e-01
1.680628008039946053e-01,-6.299022816988973927e-01
1.507834684204406028e-01,-6.413413982664131208e-01
-1.115446830432278019e-01,-5.429172302653774151e-01
-5.851231234234092193e-01,-4.187836950836227867e-01
-1.016866278706904936e+00,-1.924003440248373345e-02
-1.274830384569129116e+00,4.837859984044496353e-01
-1.306708022820853632e+00,1.030415686130506270e+00
-1.247867869828843457e+00,1.385704463051036672e+00
-8.146913477415382854e-01,1.274115343844502091e+00
-1.328009448812412341e+00,1.117361849806857377e+00
-1.595942115421380869e+00,7.324247946948945209e-01
-2.050515644631293544e+00,2.566790113848462784e-01
-1.401965528748400303e+00,1.856639521676274329e-01
-1.362945410821261083e+00,2.680441923259452297e-01
-1.435834696615073902e+00,6.816885381132687938e-01
-1.857046499920605109e+00,8.355412449811909781e-01
-2.021410390966654980e+00,1.193330010900098603e+00
-2.143496689292692547e+00,1.245425922688307097e+00
-1.925447591548093751e+00,1.132051037769583601e+00
-1.636274243915020854e+00,9.363342423647750268e-01
-1.451888900661367554e+00,8.438597190155595618e-01
-1.548831170665193602e+00,6.320308381959132138e-01
-1.797800088016913378e+00,4.449546420044198647e-01
-2.848305046163124743e+00,7.095829402993331092e-01
-4.074645560165157221e+00,1.344886730877233871e+00
-5.723649962280900283e+00,2.151001424318350619e+00
-6.229936180170217774e+00,2.866669343632677780e+00
-6.920013503210551420e+00,3.300069650765914187e+00
-7.018425818634691282e+00,3.350266198345693613e+00
-7.554846103238915589e+00,3.195539825234216647e+00
-6.692574398637630928e+00,2.632368029540233412e+00
-5.044907564265593614e+00,1.899810234281553267e+00
-3.362902063500002647e+00,1.064717803645964134e+00
-1.915739265960183735e+00,5.722329730427032635e-01
-1.276944315944374964e+00,4.287635999772288486e-01
-8.779657182508989743e-01,6.076448827132147068e-01
-6.213201708898207221e-01,7.799920919908169825e-01
-2.947157640572845017e-01,1.251419431639732238e+00
-4.502318899243324402e-01,1.323582281846944264e+00
-7.218066682688728530e-01,1.240221606128004472e+00
-1.348226637622964352e+00,9.545549920779706765e-01
-1.681799432011324980e+00,1.025409286243438522e+00
-1.699390927422916420e+00,1.152615833879020002e+00
-1.313098129357519461e+00,1.166208851422202653e+00
-7.689514798900953796e-01,1.015972682572969576e+00
-1.187444902025313193e-01,7.295387868859831704e-01
1.357958524705260572e-01,4.478711696141100540e-01
9.224378214137138321e-02,5.230069557113741219e-01
-2.323362006783528666e-01,5.972755922427465114e-01
-6.213410661521584499e-01,6.769371734991981304e-01
-6.221007004959783204e-01,7.428556670735346756e-01
-6.934237178650848321e-01,7.148701983319534214e-01
-3.520705903095383005e-01,6.258113785643584226e-01
-4.832095868781091652e-01,4.797373489375963418e-01
-2.681805774977149004e-01,4.058730682298757331e-01
-1.676278485422751374e-01,4.764740273846213708e-02
-4.420051923394866661e-02,2.546057240278637446e-01
-9.862743767152902519e-02,3.439018435222513381e-01
-1.105941296156442710e-01,7.189040405172597570e-01
1.859117860205962702e-01,5.119085281543631627e-01
6.760986756664076613e-02,-5.970805779316931336e-03
6.814294032701046118e-03,-1.956746641812054655e-01
-2.679537105591468515e-01,-1.703839469872889811e-01
-1.681651524347490823e-01,2.664511668555955004e-01
-1.277964729110495079e-01,4.826501573995856109e-01
-2.548399704509616837e-01,4.959653975948798421e-01
-5.212732722235859928e-01,3.390890454241834995e-01
-8.031121422887399497e-01,-1.173927046180399392e-01
-9.360120538149524494e-01,-4.910178244378270995e-01
-7.969632988596301315e-01,-7.114245007371468033e-01
-9.607951933248731757e-01,-7.188831266289557043e-01
-9.607951933248731757e-01,-7.188831266289557043e-01
-5.548180650787393198e-01,-5.529305546948224404e-01
-5.323769999726688518e-01,-6.863070997229564485e-01
-3.283822469299723656e-01,-6.860034432647187375e-01
-4.244375325217497052e-01,-7.149580771008476887e-01
-2.666013344553305187e-01,-6.038005087062942033e-01
-3.924442906712395929e-01,-4.937017847418733174e-01
-4.141601584571474870e-01,-2.819741209155166017e-01
-7.384699771565819693e-02,2.440691542560249616e-01
-4.025665711264009294e-02,4.686306584105093820e-01
-4.250578429914150802e-01,5.109717828265646355e-01
-1.309069947340618656e+00,2.895246547678456683e-01
-1.313004604846122580e+00,3.629870192354313629e-01
-7.564111539206189727e-01,7.430965383171433958e-01
1.209933734641243097e-01,1.094351432019557535e+00
4.376548562734384751e-01,1.200831613155842303e+00
6.008959702033294104e-01,1.113626433660069859e+00
4.192585203026811258e-01,8.813891978596629651e-01
4.576234634973683213e-01,5.822754550390304429e-01
5.756627466617875166e-01,8.765340189741075427e-01
1.023841121012759370e+00,9.572689207196437566e-01
7.593045839520223828e-01,1.013727173000273263e+00
4.860420552975694974e-01,2.914390202416992648e-01
1.343387838716565350e-02,-1.654842690276655537e-01
3.418468718560125907e-01,-1.299357719755983298e-01
9.675017144814229697e-01,3.174136429417602767e-01
1.763645825410901535e+00,9.534842674565523479e-01
2.085517972497149319e+00,1.299948688551867848e+00
3.949227950403207732e+00,2.106468059734200704e+00
6.688134896971619447e+00,2.934841029090001552e+00
1.009080442032999336e+01,3.713766361090319101e+00
1.300986958505854574e+01,4.010216955078508505e+00
1.490603280477531278e+01,3.895807639638625641e+00
1.515228578530544823e+01,3.473730168909975102e+00
1.363084915719877799e+01,2.950009892010228008e+00
1.080746819134846604e+01,2.521682196198094861e+00
7.206158154918608005e+00,2.086898370424542293e+00
4.306868600219926790e+00,2.255402672611341863e+00
1.972237040835699950e+00,2.210682742458850214e+00
1.618784372960383466e+00,2.117488809619455736e+00
4.601615224823980554e-01,1.438384456626982555e+00
-3.850727526791795485e-03,2.041817652950971063e+00
-4.434562117177657803e-01,3.512064460256431708e+00
-2.075289458494394002e-01,5.544879186993468601e+00
7.862560038184970151e-03,6.998112417026159271e+00
3.264327038177239904e-01,7.657015315231690877e+00
5.751656871489780887e-01,7.211755141718137807e+00
6.867250466381472629e-01,5.822480036755006694e+00
6.671015657277410416e-01,3.810241137609229778e+00
5.178416176405551408e-01,1.845040839456053128e+00
6.725819359879006143e-01,5.258485749107633112e-01
9.105533636193954283e-01,2.910212707425257062e-01
1.125672928763687519e+00,6.775204634216711597e-01
9.982787708671789773e-01,9.294468598534818549e-01
8.559435924338982815e-01,9.427786891246090484e-01
1.178445655561134453e+00,9.469878717958807313e-01
6.699604589325799386e-01,8.810527125325762210e-01
1.566728184081892239e-01,6.647443554398675403e-01
-6.829050261553032408e-01,1.244052651407720304e-02
-7.501567995008529000e-01,-5.136154198260058923e-01
-9.607951933248731757e-01,-7.188831266289557043e-01
-1.086811003153424160e+00,-4.067395087676638488e-01
-1.213460384031083805e+00,1.237286504834679834e-01
-1.445173286508386390e+00,6.853150386182589315e-01
-1.785660310422342745e+00,1.125052419853096675e+00
-1.962440050583100781e+00,1.273536273723107737e+00
-2.119106271860827118e+00,1.240913946391285938e+00
-2.053896691599121471e+00,1.095092528605554394e+00
-2.054595441184882798e+00,4.869913775879551321e-01
-1.910356887543634530e+00,2.678016144243489660e-01
-1.910356887543634530e+00,2.678016144243489660e-01
-1.910356887543634530e+00,2.678016144243489660e-01
-2.089578236701947311e+00,4.613105069941053071e-01
-2.068290849809496734e+00,5.074377562038625555e-01
-2.116285168681200091e+00,1.044438789658485467e+00
-2.116285168681200091e+00,1.044438789658485467e+00
-1.973156739306116458e+00,1.088555987144428583e+00
-1.798993954630721648e+00,8.442923590251217858e-01
-1.678122748713271939e+00,7.457989449353117362e-01
-1.883840232167964146e+00,6.322944094020446215e-01
-1.566988087859863210e+00,6.612370746246357678e-01
-1.164839771972027371e+00,1.961491414281076040e-01
-5.879070792287787173e-01,-3.312425562099103327e-01
-4.383630659926720519e-01,-1.081393231710481961e+00
-2.668184444271257671e-01,-1.096279981904525025e+00
5.777674795328310853e-02,-8.797364025797691500e-01
3.456455983920825314e-01,-8.613157264336325225e-01
5.807208176479181638e-01,-1.267216849820525404e+00
4.858894303931401981e-01,-1.594914387768280539e+00
3.151857849521890742e-01,-1.292855311259724527e+00
1.446576678176028918e-01,-5.876778342091085738e-01
-2.939406378495680316e-01,-3.436857404878790878e-01
-3.069252047409809503e-01,-2.995284966895452317e-01
-1.803470567343453124e-01,-5.338253397971387537e-01
2.039244624102317660e-01,-2.697680476054313825e-01
4.811108740568474373e-01,-1.658378696288356768e-02
2.796309936062520429e-01,-1.197694657220110814e-02
4.639157942691988362e-02,-1.696132045415466028e-01
-3.374629326317732381e-01,-6.442716646958006610e-01
-4.230264154295793610e-01,-1.082918644432799171e+00
-2.985530126488870617e-01,-1.419907833673959008e+00
-5.999781725113828568e-02,-1.502510992996701544e+00
7.312432092078789692e-02,-1.479975296422145981e+00
2.509739446445675148e-01,-1.081681928619258715e+00
2.738964328809382898e-01,-6.388746709934802759e-01
2.733610400141753272e-01,-2.267188913338028244e-01
1.445291423207969439e-01,7.960733194165349469e-02
2.295064345443741383e-01,4.047295209565889285e-01
3.146044744667106929e-01,5.367713873503719979e-01
4.238582519388189307e-01,3.637246207841023926e-01
4.402073412154255405e-01,-2.478509652134884209e-02
5.903278680321338845e-01,-2.928455247647722692e-01
4.488263560330929547e-01,-5.565224043763966622e-01
3.356816014272402948e-01,-6.466439125452080328e-01
1.142329727358168262e-01,-9.977396977004553413e-01
3.433871449470644183e-02,-8.937381589364208345e-01
5.564735327364955797e-02,-8.724801542448529235e-01
1.463003673626709078e-01,-6.697244802447337442e-01
2.959496716927517701e-01,-8.345423699120532168e-01
2.625285709842803961e-01,-8.052128614806801643e-01
1.147918544812654706e-01,-6.646558525494933312e-01
-8.925995424906531988e-04,-5.796784648784901739e-01
-4.339200376582439539e-02,-5.393891301621795975e-01
-1.276132142414181936e-01,-7.002015238828682708e-01
-1.787091305487692461e-01,-1.048473373928257013e+00
-1.177517703760867368e-01,-1.111619590828232251e+00
1.526292014922472351e-01,-6.197055403367894844e-01
3.884202208904236620e-01,-5.506223133236118894e-01
5.739415108292693635e-01,-7.639281101958573794e-01
5.513577587667544133e-01,-1.482207326459909824e+00
5.485199424715370142e-01,-2.010474108021861994e+00
4.912937167069400535e-01,-2.122720964708845415e+00
4.110552431204466672e-01,-2.015176667150273104e+00
4.805756708911272379e-01,-1.129951046720980345e+00
-3.719291366340497090e-02,-4.205461675849083147e-01
-2.508768411765149309e-01,1.034520753432789514e-01
-5.851187349122043413e-01,1.236176090867574517e-02
-4.205712317196046678e-03,-7.822341318081148520e-01
2.398842528054749290e-01,-1.405013630876474462e+00
7.293974411485180109e-01,-2.411452607904115197e+00
1.126945653787612578e+00,-2.777369465093333822e+00
1.445625623863816767e+00,-2.880849588045777399e+00
1.933971935790507635e+00,-2.956564796187175048e+00
2.843622152177021967e+00,-3.721126324040707090e+00
3.820807377840936159e+00,-4.911109034980291277e+00
4.363249065713907804e+00,-5.596802904500777665e+00
4.279980354510220408e+00,-5.724845919950175777e+00
3.412268470655180685e+00,-5.079534641530398353e+00
2.134508852438047555e+00,-4.024305814138362081e+00
3.863325671258621141e-01,-2.533200217052331560e+00
-9.553783050979488545e-01,-1.934828839848273807e+00
-1.702493879925438769e+00,-1.685918614475679700e+00
-1.702493879925438769e+00,-1.685918614475679700e+00
-1.702493879925438769e+00,-1.685918614475679700e+00
-1.336123008150181590e+00,-2.358298719577879066e+00
-6.589581931650506652e-01,-2.948977156042086545e+00
6.230591852877239573e-02,-2.661844389425326529e+00
6.811305514259085037e-01,-2.035240499782090318e+00
8.692947457910740194e-01,-1.504024773663509729e+00
6.563607788127304721e-01,-1.431188636235054101e+00
3.843345957006495950e-01,-1.399171619644757003e+00
2.443026143721051258e-01,-1.226429930233758014e+00
5.126783476072348938e-02,-1.104850004158449917e+00
-2.539451335151205469e-01,-9.463962388121991420e-01
-1.490145459669448835e-01,-8.372111382880007557e-01
-2.651686640661222727e-01,-1.122444629116714054e+00
-1.055628666752093103e-01,-1.678009780233136183e+00
-2.445335800686945782e-01,-2.524477882812854013e+00
-1.478261614237833151e-02,-2.853806495899485984e+00
1.210674506188959137e-01,-2.577244815970046510e+00
3.217131532288656781e-01,-1.812737394139031899e+00
3.734364333709178640e-01,-1.168790955870802728e+00
1.156382312595971990e-01,-6.172879279997087743e-01
-4.015963973082559701e-01,-3.960900163287121023e-01
-1.023490481782312056e+00,1.040341391567448370e-01
-1.599872655230394791e+00,1.094879765035690344e-01
-1.488597100564742481e+00,1.799180526676751046e-01
-6.341600563804717927e-01,2.004175550769304315e-01
7.274361359104644653e-02,2.024330353232887125e-01
3.707708599888427381e-01,-1.633508069196804718e-02
8.679255076921979506e-02,-4.573250136488139772e-02
4.657667067899214780e-02,9.160500581898358696e-01
-2.874848787668731198e-01,1.598657941000275029e+00
-4.671518250873812339e-01,1.771969299116591179e+00
-8.023392232523823830e-01,1.036140873600871481e+00
-8.150540161581170118e-01,5.358984395774236686e-01
-9.342240828887411475e-01,-5.952420089748572396e-01
-1.030964788377760843e+00,-1.660663762416767275e+00
-1.116856139001541015e+00,-2.983434013475242175e+00
-9.468372587858772116e-01,-3.604173170744475740e+00
-5.274345618321707452e-01,-3.831490985815930728e+00
-2.520867462192437347e-02,-3.541538198778652280e+00
4.172804511243144443e-01,-2.906238604018073435e+00
7.244211242595135491e-01,-2.298470452083684723e+00
9.214785971192431813e-01,-1.874191826715539744e+00
9.214785971192431813e-01,-1.874191826715539744e+00
9.214785971192431813e-01,-1.874191826715539744e+00
6.768259345714118247e-01,-1.553063635007688736e+00
3.271583564777605369e-01,-1.420912024046893096e+00
-2.822215035609829462e-02,-8.616943150722656819e-01
-3.042192778580282142e-01,-1.316166483387662955e+00
-6.228517106056042918e-01,-2.217095817178747374e+00
-7.006143883538755723e-01,-2.778392642829309533e+00
-6.728322935613909594e-01,-2.527823356671357935e+00
-6.941011923134783324e-01,-2.011965952871304530e+00
-8.083421880032499729e-01,-1.388000798761747312e+00
-5.938675287052864737e-01,-1.277993742795048737e+00
-2.376318886615279569e-01,-1.573479986225763350e+00
2.014886857882207394e-02,-2.159599676568237925e+00
1.324057790016464620e-01,-2.677350456865473571e+00
8.749338558456172532e-02,-2.943999450924970063e+00
2.970781550585686881e-03,-2.667697709113277416e+00
-1.279667546722403626e-01,-2.005073325204182577e+00
-2.575258146455252639e-01,-1.193419012633902154e+00
-6.910507170839816360e-02,2.163835129160515403e-01
2.975814511938273954e-01,1.744925763955053499e+00
6.935531024282464152e-01,3.078267494355276135e+00
4.984181075179318077e-01,3.334481541350786671e+00
4.315428253608004083e-01,3.140914674914366156e+00
4.315428253608004083e-01,3.140914674914366156e+00
7.831579940428335940e-01,3.674838918276707833e+00
6.425447777421148254e-01,3.560150712257072136e+00
3.402348107205404593e-01,3.101815037192899638e+00
-2.587934403133321237e-01,2.168039956891519626e+00
-9.369962075905519105e-02,2.404008897210604623e+00
2.495707696854601310e-01,2.837156010337001266e+00
8.873896773635978619e-01,3.823528776704989252e+00
8.092136601920141281e-01,3.519598555226083114e+00
5.859918825394470066e-01,3.019442524521362969e+00
3.549484275137875233e-01,2.564115010960239527e+00
4.239152882347616558e-01,2.727168559411701221e+00
7.929310030130057863e-01,3.472437081627158140e+00
1.169634959056052637e+00,4.021569764789096446e+00
1.299098016511751608e+00,4.145174898287637966e+00
1.192740552235900697e+00,3.604525120674704652e+00
1.381045890096590734e+00,2.858501068342483187e+00
1.018145513781791633e+00,1.661925475684674192e+00
1.097598860210365679e+00,1.278798843944512154e+00
9.539761001852889999e-01,1.815270143147782900e+00
1.824420510805908613e+00,2.595533956187635383e+00
2.457929377929542358e+00,3.137578969214787072e+00
2.990310898448906851e+00,3.169126944535901380e+00
2.720799579818697467e+00,2.911663473215464926e+00
2.342503816332590194e+00,2.447272848818999869e+00
1.675709531115217477e+00,1.917828984792739444e+00
9.789914645332551402e-01,1.637743007218107838e+00
3.466667856831840422e-01,1.581151683062727908e+00
-2.398765451455646125e-01,2.036400061215891899e+00
4.387319919307874905e-01,2.679734745190911482e+00
7.372490025487352661e-01,3.053237023298807529e+00
1.231864983802156699e+00,3.192865213608957475e+00
1.100045549883995832e+00,3.208942493672929608e+00
1.041345509618899712e+00,3.239212807746406408e+00
7.436704730375464090e-01,2.731104557640516184e+00
7.869883057442285390e-02,1.966807659426390575e+00
3.702553903335799590e-01,1.315298206132600400e+00
4.351026099670264879e-01,1.051057129857703165e+00
1.429376749487017761e+00,1.945990501766368563e+00
1.577598317481147649e+00,2.800548881285048086e+00
2.270147879323879625e+00,4.014888262291258947e+00
2.499589203629973611e+00,4.740765769576540833e+00
2.442173780515183079e+00,5.044058915201872217e+00
2.046250837680757773e+00,4.902564222960780427e+00
1.634328617042929643e+00,4.564149257003094817e+00
1.234835966411024888e+00,3.542181609484388538e+00
7.482113213312595601e-01,1.800443392235194784e+00
-5.388397814341618075e-02,5.291977005514415522e-01
-7.900212840071910714e-01,-5.615035363517261180e-01
-9.738895898806646523e-01,-4.990990432783491970e-01
-8.157199664614237511e-01,-6.648378050826143637e-01
-1.895090103379397095e-01,-2.086297339208915136e-01
1.026194021295831760e-01,3.766852615260304904e-01
-2.461281060985684790e-02,5.902754536140191188e-01
-7.305028233264511395e-02,1.710769595312534364e+00
1.842354310430371345e-01,2.603697567724903017e+00
8.126853749049233189e-01,3.390805820869819964e+00
8.771693710901697916e-01,3.328570796641936447e+00
9.479510067603742485e-01,3.613350808903130762e+00
9.462553959252266722e-01,3.794908304917530728e+00
1.073897594536381783e+00,3.415628659208063578e+00
1.221619676371832997e+00,2.615339207284371970e+00
1.210255991773203421e+00,1.557834698011043129e+00
1.035895920522755809e+00,5.174855163104172817e-01
1.222242527060494410e+00,-9.665963424079865307e-02
1.693013653034273647e+00,-7.967919148991728373e-02
2.107788450613480968e+00,3.150956560032757148e-01
1.963441193298059773e+00,6.267373874904684783e-01
1.863731131031308275e+00,1.211595284272646067e+00
1.184727498852272465e+00,1.173575428683223176e+00
1.005433257778808986e+00,1.001568200349981064e+00
6.454786066420199475e-01,4.160775515118186885e-01
8.503237099345187788e-01,1.112255977767960397e-01
7.066664369976881632e-01,1.943300442000042427e-01
7.724140095644679294e-01,1.125738130266112913e+00
8.689171503436938782e-01,2.393919250772035934e+00
1.001887487819069111e+00,3.255910885071799488e+00
9.696864709560305551e-01,3.015217052131653031e+00
5.915093032944364060e-01,2.621702624142332461e+00
7.447031745046494011e-01,2.870571426161931949e+00
6.349396302164528327e-01,3.103313376473054497e+00
6.964457745330572269e-01,2.904627842491122269e+00
6.088193286435681501e-02,1.584670797750712179e+00
-3.120264385054620782e-01,8.415890544244144511e-01
-4.862095719086101941e-01,2.577433082497528338e-01
-9.213395126352019737e-01,5.063139907958335018e-01
-1.858347122617790559e+00,1.234280377719889854e+00
-3.461422349458131542e+00,2.199295954095664918e+00
-3.548807685542580526e+00,2.930009402773731342e+00
-3.185870633455910372e+00,3.195849276127633143e+00
-1.423844002452238966e+00,2.759870501157574818e+00
-3.113426796698192667e-01,1.808353592114347208e+00
4.278264919233452646e-01,1.062406063658745570e+00
4.278264919233452646e-01,1.062406063658745570e+00
8.784516570114513367e-01,1.612711365842069755e+00
1.094938846630946427e+00,1.712238389133464045e+00
1.234634774861683493e+00,1.605536081899334278e+00
9.091110912419783086e-01,1.505404116925138425e+00
8.341237666478820145e-01,1.587522929852221765e+00
8.385061265658256824e-01,1.192339152413465220e+00
7.903229204407627995e-01,8.263075257419486563e-01
7.117894761636969214e-01,1.750746341254256488e-01
8.181310193072398596e-01,2.312610283314411319e-01
7.893912081902244582e-01,3.180970404391890161e-01
8.166100700477699759e-01,6.916780998907422484e-01
7.491974027301689931e-01,6.287692264672913867e-01
7.932140910252053478e-01,1.948843057833481163e-01
4.293658939859957835e-01,-7.891593676067673035e-01
-1.693887191447484286e-01,-1.740989863959436557e+00
-8.012783012092018486e-01,-2.356533027644837297e+00
-1.165301757343375710e+00,-2.440446501935400025e+00
-1.096727450583886654e+00,-2.008041804815918763e+00
-9.645036529872820230e-01,-1.094768747689248922e+00
-3.614629676569203198e-01,-8.760914118279014562e-02
-1.736220935390234421e-01,6.166532216414370993e-01
1.506066945447692151e-01,6.732027163204094000e-01
7.174378446778328922e-02,5.970183886046211974e-01
2.004092304831281424e-01,2.023016380138007997e-01
3.810860983593853946e-01,4.260151323622333730e-01
6.170732043329206773e-01,5.565772598646017144e-01
7.709604991000943430e-01,9.455015782553828352e-01
7.551639795787680187e-01,6.713071316474342742e-01
7.338608769798375953e-01,3.805389271740270418e-01
7.948042789092383265e-01,2.011907052356549375e-01
7.400620617147888325e-01,-8.588532754830658922e-01
5.544278664223353248e-01,-1.301427635839792485e+00
2.648653603666563661e-01,-1.673269649580156448e+00
1.340529554499257370e-01,-5.389798757596941936e-01
1.081753374178293925e-01,5.325258688529421747e-01
-1.845876841713115224e-01,6.717645587462289791e-01
-3.999892984433798260e-01,3.729987764361630820e-01
-1.572409248376898661e-01,-1.975314875663428393e-01
3.619767581326722716e-01,-2.703373523263707390e-01
4.359727253911186984e-01,-7.929701349162539270e-02
-2.091676892981510494e-01,-6.615467203287021813e-02
-8.205752561441816972e-01,1.924866872337501200e-01
-1.123734825549569605e+00,2.278986297553009799e-01
-9.184014106887967710e-01,1.214849388507010797e-01
-6.411782466023605576e-01,-1.366037648314085418e-01
-2.968110804854687812e-01,-8.457463863310750452e-02
-4.482119512954522156e-01,6.105975732999931183e-03
-8.008364270016147257e-01,2.906836982962772778e-02
-1.314938488623166313e+00,-2.367760340468459401e-01
-1.128445230367188579e+00,-4.238002026272376654e-01
-1.421544511810324707e+00,-2.431549437361432142e-01
-1.693384870965009670e+00,-4.340493931872040773e-02
-2.144308740489619947e+00,1.223074716862668221e-01
-2.071160527681004115e+00,4.900921776453445733e-02
-1.921359819888942777e+00,-6.303082441906406042e-02
-1.625200684122043215e+00,-2.704466797405390976e-01
-1.369150250121166534e+00,-2.924905672602407525e-01
-7.849163824721206995e-01,-5.078992376414622756e-01
-1.406476057787152123e-01,-4.414292521685492798e-01
4.849831478670466045e-01,-9.485390105460008714e-01
7.407288150285334938e-01,-1.023077589998636849e+00
1.546216560280646801e+00,-2.435999976146840940e+00
2.926612964877339795e+00,-4.690142832167600417e+00
3.807268725421566025e+00,-6.280732096795049735e+00
3.640497208798850526e+00,-6.342875039620273547e+00
2.866445620150495088e+00,-5.462022555919482159e+00
1.891589618461447575e+00,-4.125450172584941733e+00
9.742577892448659460e-01,-2.613491131164765502e+00
4.425492461531124189e-01,-1.550414397559221502e+00
4.062512114512092237e-02,-3.582866973688423329e-01
