-2.315375642764952169e-01,-3.601615995090581834e-02
-1.839658450246645649e-01,1.340063932561651530e-02
-3.511932487196938735e-01,1.543813838402744998e-01
-1.231848337384530978e-01,3.505683516030493052e-02
-6.270160226946158710e-01,6.630334699995737990e-01
-3.272689106163313433e-01,3.234070275413362117e-01
-3.707045249664574493e-01,1.780970380137794629e-01
-1.016426273775106470e-01,-4.183359948056345479e-01
-2.394160139702284362e-01,-1.520062937966677463e-01
-6.974766668266191294e-02,-4.068311354774916122e-01
2.344979776035708841e-01,-3.894229498149905933e-01
6.746045786616415851e-01,-7.495770323682590108e-01
9.837199327218647538e-01,-5.313542322380595539e-01
1.930260465629362487e+00,-1.254163252998072853e+00
2.979579024350647032e+00,-2.287809561181799900e+00
3.936506156325513928e+00,-3.708422624988384264e+00
4.146864531396233566e+00,-4.454112780648866732e+00
3.667782043142625348e+00,-4.702678993831471033e+00
2.651958669808056168e+00,-4.479801045383095648e+00
1.484124539718865377e+00,-4.096012719082655629e+00
6.339059615522241176e-01,-3.833777671387624153e+00
-1.632995201514641503e-01,-3.617154949740300829e+00
-6.374948652061602772e-01,-3.457145169101244253e+00
-8.727733843945484349e-01,-3.091473966516951499e+00
-7.272010164897924067e-01,-2.538734434293740350e+00
-4.214844879803289479e-01,-1.713342511029047666e+00
-3.856602016453993670e-02,-1.226709144642402327e+00
2.438412436992891119e-01,-7.755248140268902191e-01
2.621618088164111016e-01,-7.013278059560978939e-01
3.945835353188429928e-01,-5.211746475039241711e-01
4.344067394625493739e-01,-5.983596764782299626e-01
9.366970780713200773e-01,-5.350464727240266116e-01
1.194915264621496664e+00,-5.723846113839468064e-01
1.282501798123945491e+00,-7.189942352158126271e-01
8.120678039289612737e-01,-8.611505341764693622e-01
4.278675116250535426e-01,-8.653929545222931452e-01
3.737093281171351977e-01,-1.086319659338437882e+00
3.427727160507569870e-01,-2.199861371609777017e+00
1.229398213453018335e-01,-3.622543036339128442e+00
-1.938275392393791208e-01,-4.736053330357664848e+00
-3.191239548712592744e-01,-5.221822926520391484e+00
-3.914174977838413838e-01,-4.974366468534763719e+00
-3.826740339831274929e-01,-4.154872753493045856e+00
-5.605593056201396696e-01,-2.457572472330971092e+00
-7.200092328872204073e-01,-1.346842480871493608e+00
-8.634995803109957180e-01,-3.845567798039262741e-01
-7.413940530800328110e-01,-3.740804501233316315e-01
-5.046734398683256906e-01,-5.005443490746642327e-02
-2.295403618326423978e-01,-5.350289985702356976e-02
-5.145919294043890119e-02,-6.307584067675410522e-02
2.879534811217170087e-02,-1.257005071259299944e+00
-1.107496299345141072e-01,-2.594245967955516985e+00
-2.842329349339257072e-01,-3.444155048068765712e+00
-3.838260893091047787e-01,-2.850915684872402878e+00
-3.455303565673866206e-01,-1.822367301482080038e+00
-2.051879971858553420e-01,-1.180152119476327144e+00
5.547296011968540913e-03,-8.785576013683091823e-01
2.041253159625990576e-01,-1.076022387546256454e+00
2.437251121991186320e-01,-1.253192619113653539e+00
1.815328312459393301e-01,-1.880634906213978219e+00
1.843099892288145303e-01,-2.582850207091468508e+00
3.503121563633479485e-01,-3.274242857556332265e+00
5.131378756391807849e-01,-3.918039310799975805e+00
5.568323527826979369e-01,-3.774447468938402217e+00
4.978541654801438288e-01,-3.276180776257147098e+00
5.158632522725984382e-01,-2.293434415529943760e+00
3.934742091381638329e-01,-1.509758861717981349e+00
9.652465550545086259e-02,-5.382632837641222467e-01
-2.557455477139429223e-01,-7.168897956472194410e-01
-2.757873851619395689e-01,-1.317213467825036899e+00
8.404296937974251036e-02,-2.649624891483013389e+00
4.112358771548190739e-01,-3.542305455525634805e+00
8.450921587051288819e-01,-4.872127917421352983e+00
1.104864732958919404e+00,-6.043118323767316724e+00
1.244406185517553665e+00,-7.127959446027894330e+00
9.893685398622620308e-01,-7.694250759753710867e+00
3.952592047489377758e-01,-7.478247230522980793e+00
-3.404447811036125371e-01,-6.416270004262211835e+00
-9.990531872392698354e-01,-4.632364724867005457e+00
-1.290712576566424907e+00,-2.763035077502008718e+00
-1.303980592761563972e+00,-1.366911727316673542e+00
-1.037624537246709444e+00,-9.874029444150470569e-01
-6.742108071877216391e-01,-8.583335647911576327e-01
-1.229336218092930699e-01,-8.655608009711318607e-01
4.017963089859970527e-01,-9.685312649442308075e-01
4.628406623271839049e-01,-1.422294307635340482e+00
4.563205209510148852e-01,-2.675907862957338512e+00
1.978661842823267181e-01,-4.106405578982844418e+00
-3.534570887249582211e-02,-5.334793264977062854e+00
-3.848594499519440437e-01,-5.581512770558261671e+00
-6.673594359690517841e-01,-4.586116093909555325e+00
-1.010504554821472389e+00,-3.734231660576718070e+00
-1.229595145214532392e+00,-3.246819507474003608e+00
-1.376236153560243869e+00,-3.469211486149022416e+00
-1.376236153560243869e+00,-3.469211486149022416e+00
-1.385936492710720502e+00,-2.312298905814830885e+00
-1.431006348798577354e+00,-1.582301513739108323e+00
-1.486040665767918822e+00,-1.170157945500216456e+00
-1.434972136128681575e+00,-1.527455735344374510e+00
-1.221448936422469211e+00,-1.084384547877578875e+00
-7.712808018763986917e-01,-1.711388056088736231e-01
-7.204515942186237032e-01,1.484595941099735696e-03
-7.872228807186050226e-01,1.848496119053507081e-01
-8.235324945721685941e-01,2.104405062999172293e-01
-8.314234681414045536e-01,5.324061904257048061e-01
-9.357906111409074468e-01,6.543611109990480346e-01
-1.130797670597696758e+00,4.931712831639379901e-01
-1.221302036431613391e+00,4.830887726535522120e-01
-1.210651226836323868e+00,4.180804604616301656e-01
-1.242857198321493106e+00,5.087539734029247196e-01
-1.126086409657576448e+00,3.512275581324971752e-01
-8.289600062551606419e-01,1.271641614946420196e-01
-4.722339184732373685e-01,-1.194715487324127801e-01
-1.437512581092680597e-01,-3.706948401344244970e-01
1.063521754267786057e-01,-6.243063699994327864e-01
1.508803851325654036e-03,-8.014722343109188518e-01
-4.621567513938693028e-02,-9.289807211306874146e-01
-5.170242280418019948e-02,-8.777055985415591621e-01
1.145855708879313373e-01,-9.533435476784745122e-01
2.963911264938287049e-01,-9.138644194413947375e-01
2.674983239880117658e-01,-7.640792782068086542e-01
-1.544015150310441564e-01,-2.375664691700573872e-01
-2.407037013809684989e-01,-7.367511387361669328e-02
-6.725356400928893530e-01,2.193323855799038657e-01
-5.959158285579024827e-01,2.313094491530438834e-01
-8.555335902851040064e-01,4.890237366886369119e-01
-6.757224715496300549e-01,4.075366425095107714e-01
-8.401213151249092848e-01,4.078045805786469913e-01
-6.544144629770789479e-01,5.882758691631671290e-03
-4.530907409680198783e-01,-2.528706715522874293e-01
-1.251849594689976863e-01,-7.736377168562933448e-01
-1.872833261973505803e-01,-8.605799028543036355e-01
-1.288392943858750472e-01,-1.391618452430570141e+00
-8.823220006190791997e-02,-9.757653354330122486e-01
-5.324062698485475947e-02,-8.054803535825046934e-01
-2.600011773935094195e-01,-2.622734000831959955e-01
-3.069100536185722095e-01,-2.245083154034427930e-01
-1.357365854125766325e-01,-3.183537176390451306e-01
5.146533808767132789e-02,-3.745940377853155812e-01
1.568781264296409961e-01,-7.213120142951147118e-01
2.560319869104437096e-01,-7.606604485956074413e-01
2.314264027041855465e-01,-5.811993593543084424e-01
3.036286485891848130e-01,-4.040509021571602744e-01
5.671132580458638772e-01,-1.978335706465463029e-01
8.919303268071335777e-01,-2.635964247560642487e-02
8.752633071151570965e-01,1.728297607041687778e-01
3.052592131470063253e-01,4.165095397893865958e-01
-8.428158146608484558e-02,3.914404822104485815e-01
-4.590463375079684161e-01,4.235158138176787768e-01
-2.862021791802773496e-01,3.917670073338481718e-01
-4.839939913531651761e-01,5.810879135448585586e-01
-4.122441525778616223e-01,6.305715699254985651e-01
-3.565074079135588936e-01,5.161717595378817469e-01
-8.745048852007143714e-02,5.281169510438542547e-01
9.198785960197075617e-02,1.209798298635152425e-01
1.700002470952679534e-01,9.190019152185766038e-02
3.638063660468482396e-01,-1.888834076015430130e-01
6.860865369542443748e-01,-5.548457941520328757e-02
9.337036058231218405e-01,-1.264361395751693318e-01
7.564256693680067034e-01,1.325221234160600114e-01
2.684079907102192020e-01,5.881600347159242625e-01
-2.441584627256205842e-01,9.002534488878497498e-01
-4.639130108109262296e-01,1.163192330554088771e+00
-4.639130108109262296e-01,1.163192330554088771e+00
-4.639130108109262296e-01,1.163192330554088771e+00
-6.056201116406775276e-01,1.007077766611303105e+00
-6.113361852224896698e-01,6.973509265704125326e-01
-8.147277364792804288e-01,6.808083275348422170e-01
-7.132453234725343316e-01,5.079823739082054423e-01
-5.073366536220559331e-01,1.863935402853323098e-01
-9.788626366225296194e-02,-1.790919258040135076e-01
-2.049355017058927531e-01,-4.778535075270698984e-01
-2.554645541414629073e-01,-3.787791638361258650e-01
-2.865660802279701436e-01,1.255241621949310799e-02
-5.342374055727470983e-02,6.732736555974218051e-01
6.203590369476991162e-02,8.182297052432522255e-01
3.379583359802303816e-02,8.993471887991519864e-01
-1.493079231928350903e-01,6.271704651669566255e-01
-4.522368079369442628e-01,7.980564232610429798e-01
-5.352323443327382524e-01,1.083030080960954322e+00
-4.585440814513062069e-01,1.008129676593850332e+00
-1.398853970718428041e-01,8.166213622315656728e-01
-2.571155679149807194e-02,2.975920464973409452e-01
-8.234017159937118135e-02,1.583653019517660132e-01
-3.492404648906434761e-01,-1.632147856484356951e-01
-1.304344050066191807e+00,-3.316550183123017637e-01
-2.533582498870525335e+00,-4.058789001241238648e-01
-3.798334052731378474e+00,-3.945651102650049036e-01
-4.374938697392339648e+00,-3.027798685398652156e-01
-4.133374886539502135e+00,-1.962559731490169934e-01
-3.108172908616992913e+00,-9.589408427063046692e-02
-1.572188280752669698e+00,-1.152197585471132490e-01
8.282200479670660809e-02,3.939898778788802902e-02
1.897117881340532941e+00,3.872905111174518855e-01
2.327497434378541286e+00,5.468449648545176123e-01
2.215049717192884682e+00,5.995457158316538360e-01
1.230367060514151456e+00,-3.368799195395019153e-01
8.251783715787321949e-01,-8.661074115689567643e-01
6.677703501416305532e-01,-1.410760703786539283e+00
4.825236515966868089e-01,-1.131641646302753434e+00
2.567685537515641547e-01,-9.361856916063067136e-01
6.416989551819225757e-02,-5.443896544364624779e-01
-4.577254874563142784e-02,-4.222687157010875381e-01
-4.215573838198524159e-01,-6.362532651297150288e-01
-7.656488273924469956e-01,-4.469988642561087966e-01
-6.481908272379546254e-01,-4.652677544201250792e-01
-2.188429306988541045e-01,-4.612426699996514112e-01
1.024067953549154392e-01,-6.130957199388342715e-01
3.343359554095396979e-01,-1.090368429915810289e+00
2.292393068629755837e-01,-1.242395667555991512e+00
2.870198862551319730e-01,-1.473105378070649341e+00
1.908832299369027374e-01,-1.131246002972208897e+00
3.090871490480093797e-01,-1.103605811815075999e+00
2.354367235018229865e-01,-5.795891091822604757e-01
5.664484449805993332e-02,1.165632517914010347e-01
-2.408747777954450275e-01,8.513152809066240057e-01
-5.530893614656989810e-01,1.281291686677614949e+00
-8.154647138521612382e-01,1.365275014967224365e+00
-1.053553739820562551e+00,1.185182994387633526e+00
-9.921049067258576049e-01,9.142593608065588962e-01
-9.921049067258576049e-01,9.142593608065588962e-01
-8.324121536533172216e-01,1.046160041729735868e+00
-8.501323917655859708e-01,9.709881571507054110e-01
-5.938282724618869635e-01,7.271342209711801896e-01
-4.188938655378658393e-01,5.233019676934069775e-01
-2.938832547362162928e-01,5.678218710879082698e-01
-2.036733267675100156e-01,6.244504027547791436e-01
-2.036733267675100156e-01,6.244504027547791436e-01
-2.172576283829783517e-01,6.281156663037158472e-01
-2.172576283829783517e-01,6.281156663037158472e-01
-1.100268226152999046e-01,5.638137834252449077e-01
-3.086897376775130653e-01,7.421880497295028078e-01
-6.152077457915369196e-01,8.922144935134016519e-01
-9.302577077322912169e-01,1.115821811504561056e+00
-1.119969660466571648e+00,1.059363153837470817e+00
-1.018094063514916492e+00,8.307374884556206762e-01
-6.744487055067441839e-01,5.958836342235058758e-01
-2.949771276028450018e-01,5.791207419875932239e-01
-2.468351665564053402e-02,6.770335794109367811e-01
2.253915281113887115e-01,7.369192612948988197e-01
4.243435069321128683e-01,7.563206864968230470e-01
3.666403320427271684e-01,6.214103258711956013e-01
3.305431191970009674e-01,7.053425295945633389e-01
2.334070799085788406e-01,8.223291931352336714e-01
1.663339059466544534e-01,7.657151001889435094e-01
8.516873048478605657e-02,8.601619796275812302e-01
8.054997356202928116e-02,1.045197549537901560e+00
3.625663651711175661e-01,1.548676460708079627e+00
5.619669551632057169e-01,1.508889405201564227e+00
1.419014569451834129e+00,1.781728236361495243e+00
2.360038512888026574e+00,2.146138605196407756e+00
3.166750048526837169e+00,2.791780696354315250e+00
2.987010992486266225e+00,3.024475212680616476e+00
1.737546257915414394e+00,2.922643782945328006e+00
4.610837198057430308e-01,2.851530168169703394e+00
-6.769745091194676601e-01,2.768502983296472486e+00
-9.163748775265962987e-01,2.869927714817024356e+00
-1.208194893006082626e+00,2.714923292565091906e+00
-1.448486265719613808e+00,2.638854472499554404e+00
-1.565394551884251806e+00,2.455390157912422211e+00
-1.280197208909220619e+00,2.478420792268259287e+00
-1.183540454689437915e+00,1.990079904250472875e+00
-1.154841976906721301e+00,1.713698354256188772e+00
-1.649561523836391430e+00,1.604097161388886361e+00
-1.978440609421211471e+00,1.966914285892445990e+00
-2.329817488077445820e+00,2.189333098731145011e+00
-2.422891590373387860e+00,2.303311446993630884e+00
-2.277787671001821668e+00,2.310203619922321483e+00
-1.646370859506559814e+00,2.398147257572100344e+00
-1.171807808036493759e+00,1.999946304927044283e+00
-5.583653409280743274e-01,1.791538860034694647e+00
-8.965270144751803505e-01,1.698992290713108755e+00
-1.171544149852681738e+00,2.159801667338001163e+00
-1.685706876026940915e+00,2.460725348888299635e+00
-1.705797520604774187e+00,2.554381727915853606e+00
-1.700572968428000653e+00,2.447050900025746767e+00
-1.758858418097733134e+00,2.390359870309722634e+00
-1.965033268324724691e+00,2.373406918713127922e+00
-1.992368720788774139e+00,2.317921938133935988e+00
-1.762094962415212906e+00,2.190500130010929247e+00
-1.270567775634022789e+00,1.705686411960395610e+00
-8.283653668089498989e-01,1.961641815283661661e+00
-4.826158679506685756e-01,2.160801752424492683e+00
-4.440987298202699329e-01,2.334246560283920413e+00
-6.593911098954438055e-01,1.746843195169353047e+00
-7.817709715863467856e-01,1.211625556497318623e+00
-8.723101780865267774e-01,9.213360628183929757e-01
-7.535906387203025192e-01,1.043726239239463949e+00
-7.601709913474327118e-01,8.894806878036802811e-01
-7.809967005267498541e-01,3.885344652269112631e-01
-7.997353924544533532e-01,-8.805280540773030573e-01
-7.645203023487514571e-01,-8.523376005677624212e-01
-4.369725446521868784e-01,-4.540608324398380802e-01
-1.320816607575084258e-04,8.576680242851839608e-01
1.562141615254092897e-01,1.050770497721904562e+00
-2.142915895833336914e-01,6.579088697006210129e-01
-6.094100845323789928e-01,6.107313246820366137e-01
-1.052440639575836778e+00,5.512131995454441213e-01
-1.152488491887155186e+00,1.307666162219907946e+00
-1.431655100042270368e+00,1.777436905217406604e+00
-1.275375046192837036e+00,2.288449890843003764e+00
-1.046756911783335742e+00,2.719490275625384257e+00
-6.120666724958715443e-01,2.686854180478262411e+00
-3.811602460999710673e-01,2.608039019655521873e+00
-3.842302339266568389e-01,2.339158113777711989e+00
-7.386633269976136118e-01,2.268598438484116020e+00
-7.735076800306234235e-01,1.759487523773516138e+00
-4.223810301813547552e-01,1.226361603064449302e+00
2.915686903090382032e-01,5.513515536591695465e-01
6.403355620199782106e-01,3.480467302382203587e-01
5.652675890943703596e-01,3.054350229666644156e-01
2.798960884244836578e-01,4.578533582414769376e-01
3.639582058629411282e-02,4.910718044392575199e-01
-4.430311130126075858e-03,5.821895176044994402e-01
1.724775982643107775e-01,5.177248027248366746e-01
3.734051823023936123e-01,5.838389146377210848e-01
5.524994260436690841e-01,5.471440552114726907e-01
4.708986706723612414e-01,2.340676860201202913e-01
3.395819517046936298e-01,-4.168611245321165309e-02
-2.340501478838827656e-02,3.384778673942308302e-02
-5.837875661161103652e-02,2.990008796376634193e-01
-8.461722232856980219e-02,2.467408913133352921e-01
5.940525839429517535e-02,-3.464247256787618672e-03
-2.340501478838827656e-02,3.384778673942308302e-02
-1.497556611354850520e-01,7.695690804286665632e-01
-2.125873398391901758e-01,1.504941132194732578e+00
-4.756862966079682120e-02,1.944250722624328631e+00
1.715541299461724456e-01,1.845632886979275966e+00
3.603802400419125473e-01,1.520052861800771149e+00
4.142190069527214580e-01,1.090149215361110313e+00
1.917803754324198251e-01,8.818929683818873544e-01
1.116842346743966291e-01,6.231173132758811573e-01
1.280728210359065866e-01,6.095693626568641221e-01
1.764480036043199751e-01,7.055534147001468748e-01
2.279264537132903445e-01,9.600026495536030380e-01
2.264441342868086238e-01,1.032758769101258300e+00
1.520110798254688256e-01,5.398746711041745305e-01
1.766179563975213140e-01,-7.862142687163353738e-01
2.366030591124995974e-01,-1.956070191240017575e+00
8.659362983127587565e-01,-3.145654616019199601e+00
1.341284698350060811e+00,-3.894385573180455751e+00
1.641283379431632161e+00,-3.980501567616691272e+00
1.373150421564581336e+00,-3.368161538031279711e+00
8.456347807551992668e-01,-2.638469989137258054e+00
3.258207480309832649e-01,-2.354254384427020508e+00
3.006022549179740433e-01,-2.715956713277296153e+00
2.572765212278568803e-01,-2.576895856381844041e+00
2.618746252311363043e-01,-1.985941734590207508e+00
5.612001631030306970e-02,-1.195969191317225233e+00
1.225580771188457124e-01,-6.318763098178707960e-01
1.429777080310655202e-01,-6.940495533164763309e-01
4.677298627519284602e-01,-3.897200158958146754e-01
4.654124908633888724e-01,-4.336400960569634644e-01
4.857760083294356268e-01,-3.229990330352716099e-01
2.500376073228811613e-01,-6.991140146421487289e-01
4.159444752276161283e-01,-3.943120919820685688e-01
5.223137202102751120e-01,-2.606941943433745967e-01
3.816328754651964195e-01,2.278588471725941367e-01
1.832166714185020362e-01,3.749092355630895823e-01
-1.319997511775974630e-01,5.246131209253379613e-01
3.810059275074006730e-03,5.853249348494391491e-01
1.630922968210880564e-01,6.408582740471803207e-01
7.630502380794471629e-01,4.417857022156938540e-01
6.996448912525945474e-01,5.282587514299499354e-01
5.256242345926542825e-01,4.362502917280164927e-01
2.919137249570256665e-01,6.743988742960829175e-01
6.189217685535244318e-01,3.431696859124900301e-01
8.259687289099050256e-01,3.518197165125410697e-01
7.742819497608751655e-01,8.060077738279247672e-02
5.023979447411757171e-01,3.039095787625050171e-01
1.802995799554215905e-01,2.706981984583164969e-01
-1.008027889319619563e-02,3.258185309660517892e-01
-9.957623751038148507e-02,9.283110764910038060e-02
-1.292456287869906684e-01,-9.439099773333618770e-02
-3.226823247704950770e-01,-2.509018663970268015e-02
-2.951428155333692405e-01,-1.010007181587719988e-01
-2.951428155333692405e-01,-1.010007181587719988e-01
-2.906764706107667906e-01,-3.360828752707730512e-03
-1.741761670291505359e-01,-2.670605414801202060e-01
4.648288959976423079e-02,-5.138120667550575282e-01
2.437251121991186320e-01,-1.253192619113653539e+00
-3.891722591014089988e-02,-1.117107329675021576e+00
-4.610198857793050276e-01,-7.549960013780839807e-01
-6.765336841519314914e-01,-1.731290655164317016e-01
-1.068722143977996142e+00,3.945250991891338654e-01
-1.365052968906254049e+00,6.906507595765792873e-01
-1.731839811614845681e+00,1.402632846326640426e+00
-1.681220859431321601e+00,1.267681667392546396e+00
-1.681220859431321601e+00,1.267681667392546396e+00
-1.273942331862460087e+00,3.956554693515695886e-01
-8.196359094519668487e-01,-3.352311476197559759e-01
-2.420398017115715228e-01,-1.027765225980162844e+00
-1.023985291468117453e-01,-1.289715278837873180e+00
5.585464421962697823e-02,-1.243734670471068560e+00
6.123313950168466496e-02,-7.632952132509822629e-01
-1.291730347454596028e-01,-1.851164567022354768e-01
-2.289269427432384929e-01,3.420571650077325887e-01
-2.294152227573180158e-01,5.548529399290205166e-01
-9.379320390495435311e-02,4.866257475970781621e-01
-1.983074059838951519e-01,8.057428226341259991e-01
-4.323363861811551634e-01,9.654310917936306247e-01
-6.988101708812535229e-01,1.069625175728378785e+00
-9.750415422666992571e-01,8.589717396233895741e-01
-1.056090781888854746e+00,4.089325774994795881e-01
-1.101233748899295373e+00,-8.884732427118999243e-03
-9.127423540438003302e-01,-4.313269783723377437e-01
-1.192663527799825651e+00,-1.375629831144965509e-01
-1.682967722276655476e+00,-3.525826860726627432e-01
-2.372519986638637057e+00,-4.979263187419284975e-01
-2.388839682497752470e+00,-1.069688537277507789e+00
-1.937500268688333138e+00,-1.084639185101761161e+00
-1.117307341395681552e+00,-1.077492328095395191e+00
-4.078389936405389382e-01,-5.739866379076760117e-01
-7.451323361574598014e-02,-1.534203044787134373e-01
-5.094203785277153645e-02,2.432671526867314915e-01
-8.232825440797611125e-03,3.526251804043271654e-01
2.945640811240432186e-02,4.076931525919868515e-01
1.371748985458519539e-02,3.263469011858157187e-01
-1.065229477104732564e-01,5.535475342729005988e-01
-4.977026695980792392e-01,9.262969337766902012e-01
-7.798329628294152494e-02,9.634589244958815524e-01
5.393791783557421587e-02,7.734506509959822029e-01
3.517692392787878375e-01,4.896333267318129234e-01
-2.124750955076936676e-01,4.669223425332735267e-01
-6.686752789547955045e-01,4.938594863503663057e-01
-8.280724831819696874e-01,5.976279678048445065e-01
-8.266765892361807033e-01,8.540145999444928027e-01
-5.183217749737569768e-01,7.786072358423893336e-01
-4.513283801079397417e-01,7.319918012113553196e-01
-4.847872151001577090e-01,5.759086530495022282e-01
-8.892679924857674889e-01,6.702037804979058544e-01
-1.416321138538308766e+00,7.183758751707614021e-01
-1.377189624320980021e+00,6.191502554220001953e-01
-9.012094443116489551e-01,4.245121780362497987e-01
-4.651728996886974610e-01,8.544551481491369227e-02
-6.699636252059064379e-02,-1.549154629638756220e-01
-2.442720296746509479e-01,-1.496293561388378213e-01
-4.314590183919552735e-01,1.126003059021097319e-01
-9.412241896638001704e-01,4.606228899447408764e-01
-1.487184991114072874e+00,7.357155784990730973e-01
-1.313537333580888200e+00,9.365336932440181394e-01
-1.300133735851268124e+00,1.218423550311287462e+00
-1.062785743760091606e+00,1.322099237211147749e+00
-9.801981042308199887e-01,1.322405808342346667e+00
-1.225886962344576947e+00,1.179275397260743485e+00
-1.171371680742044674e+00,9.214386165087130598e-01
-1.218734774175824098e+00,5.606232065597155367e-01
-3.992763625372717784e-01,6.819486589129611920e-01
-4.627632053346717594e-02,2.284453152268459963e-01
1.834090078979975225e-01,3.028899627837255415e-01
4.036916378839271180e-02,-5.032036418627911650e-02
1.547146468890638060e-01,3.519991189889080108e-01
2.372045757420494783e-01,3.841480796505084561e-01
-2.270857463827594472e-02,7.740605588695869121e-01
-2.335963457521174902e-01,9.511943333107458765e-01
-3.346294643387701662e-01,1.099573525679082842e+00
-4.283939248868095517e-01,1.100684761812397827e+00
-8.147777550229891030e-01,1.485807181397288179e+00
-1.291178043851678003e+00,1.691639614141229542e+00
-1.265897471158841547e+00,1.337356856775983038e+00
-1.194514665559150091e+00,6.147903332945747756e-01
-8.614266818790802249e-01,-3.136265640644725350e-01
-6.119168149834440795e-01,-6.248942799490800892e-01
-1.695883584238839226e-01,-1.171813738319532616e+00
7.635145052292773016e-02,-1.473764404713324705e+00
2.271168820728040605e-01,-1.328630281339792107e+00
1.138687222976620533e-01,-5.846805734709332736e-01
-2.038724334598196186e-01,5.663402781589180757e-01
-8.442087664928580315e-01,9.827756307593252805e-01
-1.365189888943361574e+00,1.062485814150381902e+00
-1.726356163485583073e+00,7.165910821343653980e-01
-1.951959586162019589e+00,4.361378035541658149e-01
-1.810492087515422233e+00,2.273367656064247122e-01
-1.474572791330265753e+00,1.039256286699987014e-01
-1.037779065221560382e+00,1.528651354643377480e-01
-5.757689583762138907e-01,1.926849937195647122e-01
-2.913856281577252849e-01,3.443011524299776638e-01
-1.355151683384410444e-01,1.548122287804692687e-01
1.992718604157626139e-01,-3.688475833424648131e-02
6.031240829347438437e-01,-3.529035534182107803e-01
9.838646602626244242e-01,-3.471378628485313755e-01
1.336934592677790690e+00,-6.295736712398842805e-01
1.737002364266125642e+00,-1.014251347256286850e+00
1.780052111254122771e+00,-1.795685250554250656e+00
1.427359494384676575e+00,-2.484254503632211009e+00
8.032969291009959267e-01,-2.652856493278455741e+00
3.750149139127078590e-01,-2.313136034548997522e+00
-8.752489681703193303e-02,-1.281861974904163759e+00
-1.717771440933485438e-01,-6.412577162787425067e-01
-7.282630488651843648e-02,1.612920173676259117e-01
5.213314016043469890e-01,-1.823593511506468035e-01
4.545094225614554895e-01,-6.292784392066888555e-02
1.707904092539856422e-01,-1.000897480207911111e-01
-6.681616324718120392e-01,2.735789341710488376e-01
-1.740008241239464182e+00,1.155279433362937480e+00
-2.495368743001253886e+00,1.959382831037028927e+00
-2.772349446821490204e+00,2.656512236379955372e+00
-2.646578954536237038e+00,2.781268472152106597e+00
-2.221444947559946481e+00,2.699402921901143504e+00
-1.550528578629590815e+00,2.216808467420943174e+00
-1.165440222202032361e+00,1.707051801751571229e+00
-4.574932599085365648e-01,9.745167196860411440e-01
2.803388938338013253e-02,4.053350312119399224e-01
2.171327602033185367e-01,3.398698693552970052e-01
5.816760928779719612e-03,2.339884463952920102e-01
1.840567496106336118e-02,3.952384390450588980e-01
1.362228105082480822e-01,6.180845698198661475e-01
3.554224627760657618e-01,8.490182023931053257e-01
-3.509439798401660371e-02,1.092012907744160488e+00
-3.607650845169363962e-01,1.325513054502386323e+00
-6.137727878060006415e-01,1.340768528357552336e+00
-8.037498274607907112e-01,1.674343950688346849e+00
-1.022909959991446849e+00,1.656670625479999881e+00
-1.497728296252676339e+00,2.068203262584440427e+00
-1.300667708622939678e+00,1.491887259623353001e+00
-1.311788975332995877e+00,1.092946829804874564e+00
-1.282090893743836668e+00,5.891998487103349280e-01
-1.513128899102079039e+00,6.155794129698558548e-01
-1.499891009303665701e+00,1.090447032257668480e+00
-1.196582205058875470e+00,1.206295615767891904e+00
-1.393756831642495975e+00,1.650251690691896922e+00
-1.312220397934519278e+00,1.407843500073337584e+00
-1.311788975332995877e+00,1.092946829804874564e+00
-7.955915086882455745e-01,-1.301513749450391166e-01
-4.986023221623634982e-01,-9.585889276773941203e-01
-1.040633556195399573e-01,-1.951901160216138020e+00
2.392380165170539530e-01,-2.658371816524192077e+00
-1.424053466809398205e-01,-2.159631980095702453e+00
-6.696276049199048064e-01,-1.402875835840801333e+00
-1.157270690126651180e+00,-5.352561984907804327e-01
-1.350512549376766014e+00,-3.326987554504572953e-01
-1.383953798573936078e+00,1.510173594711370637e-01
-1.481908479866907546e+00,4.903499025186285887e-01
-1.147020186685480780e+00,9.189243083529001765e-01
-7.389272290110099339e-01,9.438513364190097565e-01
-3.338108283798674192e-01,7.042739688111816498e-01
-2.553892953914417840e-01,3.591632295492430127e-01
-3.161180150160424196e-01,4.122178869789767108e-01
-3.297170615052983922e-01,4.264728417159782681e-01
-1.734962247277869740e-01,3.376454952455801850e-01
5.621431048431787397e-02,1.083277607895923450e-01
1.270199247004879239e-01,8.105925821994189318e-02
5.757050539280320761e-02,1.317616713582455690e-01
9.558787427112390434e-02,3.809935165123919942e-01
9.558787427112390434e-02,3.809935165123919942e-01
3.547689383769822014e-01,7.801889973426217040e-01
5.971355079570577207e-01,6.728805891799861660e-01
4.613042399247346270e-01,1.094263392764958986e+00
4.613042399247346270e-01,1.094263392764958986e+00
3.091069070774343230e-01,1.504897764533323912e+00
5.050831395205038765e-01,1.425499001656830966e+00
4.997499024290614766e-01,1.303139316660302027e+00
3.570368796202663675e-01,7.075956569961546760e-01
3.005776428612352835e-01,3.371155148324195272e-01
1.213577881419388438e-01,-9.534293326075309050e-02
-7.718165756331024641e-02,3.617338260082939017e-01
-3.791775743365930484e-01,4.268828298120859177e-01
-8.031497201719166590e-01,7.806078944716142720e-01
-8.712862895021430409e-01,5.479948207640188418e-01
-1.258246368147333261e+00,5.503373068372545696e-01
-1.479259119492618346e+00,5.476098956913807436e-01
-2.143570153577170512e+00,8.338260644128182575e-01
-1.805720005222407387e+00,1.053532759630541937e+00
-1.168683539691430573e+00,1.273556588725982541e+00
-1.306435562102739312e-01,1.272684065194545022e+00
-8.931660757497059122e-02,1.091849353109172416e+00
-2.675606032086208508e-01,8.213764463170620811e-01
-7.384003745274991815e-01,3.562863123613102534e-02
-6.805342409179151453e-01,-5.389237010382373905e-01
-4.616979075256256726e-01,-9.472886376488691695e-01
4.143763838476361566e-02,-9.838757572737133472e-01
-2.049342885512311085e-01,-7.317250001131814230e-01
-1.397506457496700549e-01,-3.525737929744785504e-01
-5.215027666991144395e-01,3.758136060752635399e-01
-4.491563111955221843e-01,6.263828074180182170e-01
-7.374343597097834380e-01,4.531605679395354080e-01
-7.057323384145027800e-01,-3.225960718811222150e-01
-6.870725339294709855e-01,-1.334642299682316180e+00
-4.313311290339360560e-01,-2.497494998178587000e+00
-4.286640148611727263e-01,-3.088428862547776710e+00
-4.286640148611727263e-01,-3.088428862547776710e+00
-4.286640148611727263e-01,-3.088428862547776710e+00
1.239005513386001400e+00,-3.336805628386324774e+00
3.705588975074842750e+00,-3.749818137641084625e+00
6.395306788622261429e+00,-3.952985474037201907e+00
8.381857384643783604e+00,-4.294294218207064695e+00
9.350286138153800053e+00,-4.453977554510688108e+00
9.173350322045186189e+00,-4.370375071195317318e+00
8.084394529852147571e+00,-4.001062474442239392e+00
6.452594813060775536e+00,-3.455124444763308045e+00
4.568545859395381825e+00,-2.714575870793245915e+00
2.886793182088410958e+00,-2.390579541397976460e+00
1.540581533950450055e+00,-2.659974574534780700e+00
9.000190188435487348e-01,-2.712380170702475723e+00
-4.925830796133701117e-02,-2.039757956556336183e+00
-3.168240253269327122e-01,-9.221077409802849179e-01
-3.207012422732279378e-01,-2.630081526699220573e-01
-9.917567879636404586e-05,-1.851825294469567895e-01
-6.784193578097401367e-02,1.058238532553061467e-01
-4.686487075114647571e-01,1.535626983087890439e-02
-8.874376765818030588e-01,3.038734561984874349e-01
-8.759631198123550844e-01,3.024515961118902641e-01
-4.820943950712454629e-01,4.506845590476834529e-01
-3.034014241420674579e-02,2.840687179018243635e-01
8.118998700566865123e-01,2.986339217204833085e-01
2.018278978676133928e+00,5.404860573222279863e-01
2.778117157468004361e+00,5.199176093988717717e-01
3.584507121310552158e+00,5.172519249077554004e-01
3.859270400084674701e+00,2.535654844461386337e-01
4.493542081432097213e+00,2.358733255689821340e-01
4.470943690676357996e+00,8.770763012548114801e-02
4.024777455505809343e+00,-1.892313767966160350e-03
2.968554664312979874e+00,3.631626859311438971e-02
2.486290440399065549e+00,9.334371782432401843e-02
1.496278526605785641e+00,-1.478851311404103808e-01
1.147175800112920863e+00,-4.331143928575870716e-01
3.397463887991567510e-01,-8.706770521296872678e-01
-1.056891541980233412e-01,-4.439886153591833251e-01
-4.300749912434187472e-01,-3.857809046365492378e-01
-5.642469829200554843e-01,2.243621114047806252e-03
1.060978208814621904e-01,-3.010023789862982246e-01
2.810585385538159620e-01,-3.214196251483776301e-01
3.471509270354096732e-01,-2.556832506020814133e-01
3.471509270354096732e-01,-2.556832506020814133e-01
1.261194085841151669e+00,1.462896430441325557e-01
2.439990425790282913e+00,4.408066409198841962e-01
4.921172657523006144e+00,1.785438269140402712e+00
7.810198989721521379e+00,3.537999172710170726e+00
1.087237234803845709e+01,5.594267745864102359e+00
1.308218086519306844e+01,7.332320355367453857e+00
1.422777473730393716e+01,8.509766236515948989e+00
1.388140408040907126e+01,8.700248305684478822e+00
1.236311978573595205e+01,7.980432120948672825e+00
8.719960295803049988e+00,5.658676642074335739e+00
4.405887931890252851e+00,2.819762463858875634e+00
2.168461268845235601e+00,1.058983852617395804e+00
1.505976794030559285e+00,1.091887000272180996e+00
4.686821806236488031e-01,-2.225681900161599058e-01
-1.233233810852583517e-01,-2.632396619607885735e-01
9.871024662475194611e-02,-5.699273640878076419e-01
-5.884649597911848114e-04,1.523601424501346280e-01
3.401140948921981683e-02,2.277597750339135085e-01
2.433856992010157219e-02,2.156923570841871307e-01
2.243354091353437496e-01,2.085667744112372143e-02
5.147772971706876532e-01,-7.249678675807373629e-02
9.146299768881535064e-01,-1.519882451529433465e-01
1.048819275066841694e+00,5.781246920011974891e-03
9.193305574455572504e-01,2.450373488251019194e-01
5.148610392045203099e-01,5.594412127115598876e-01
-1.139339279550775630e-01,7.298132592444487310e-01
-5.778007092425831992e-01,1.442379590486175589e+00
-9.230548459352085899e-01,1.720821182155585216e+00
-8.613343007753345715e-01,1.268708219158281691e+00
-9.957712682834367612e-01,3.817130151874997268e-01
-9.849356248005178838e-01,-2.306393806294482207e-01
-8.507883490484998701e-01,-2.422196842166681602e-02
-4.471283584469604722e-01,-1.918842290360886840e-02
-1.440659351010297462e-01,-1.032953024106310347e-01
1.131625041592393549e-01,-4.681492390064391773e-01
1.568781264296409961e-01,-7.213120142951147118e-01
2.560319869104437096e-01,-7.606604485956074413e-01
-2.289977414788270729e-02,-3.767585669795249226e-01
-2.751509416935445929e-01,1.410124592077424688e-02
-3.589475204216479587e-01,3.269556004526680826e-01
1.736872027290348452e-01,1.842219908488740288e-01
6.272516030159164258e-01,3.452654015944817828e-02
1.167270742636035585e+00,-2.141925554708049712e-02
1.447027719234902587e+00,2.492817890555293174e-04
1.526605736822246318e+00,9.797336784286797551e-02
1.125735317404787939e+00,1.376478671100609952e-01
1.111044351832159993e+00,4.135539965042796945e-02
1.740252401166913376e+00,-5.853707071171276866e-01
1.674776490972577081e+00,-5.451812467530257056e-01
1.324043827117145522e+00,-2.638632397641945126e-01
4.791655432760048017e-01,4.652775072510539345e-01
1.594065248288048520e-02,6.460299969368071826e-01
-2.920350257236465352e-01,6.751954160679266570e-01
-1.049957630295693251e-01,5.248755967603739858e-01
-2.932086924698673602e-01,4.437549492082707436e-01
-2.143200398308879595e-01,4.832677692083411913e-01
-1.418201513637687428e-01,6.680029343712128309e-01
-1.146386251722942146e-01,9.811992592355391896e-01
-1.505037021143292575e-01,2.051573679229734104e+00
-2.851462829894924611e-01,3.371341961314386459e+00
-1.775173299480590217e-01,4.543761813706653108e+00
-2.495409015489833404e-01,4.971924325054483340e+00
-4.063468108522639843e-01,4.210405061430837037e+00
-6.183857964903750615e-01,2.957633369095684195e+00
-7.158344149653955713e-01,1.558034125401173586e+00
-9.285473230857105298e-01,1.004072724093985514e+00
-6.620494643478600505e-01,3.077032708169395447e-01
-3.181240645178417537e-01,2.197258794638827506e-01
9.385680821117479977e-02,1.837335428455930120e-01
6.171359561986203973e-02,5.770955630782402812e-01
-8.954382342278579057e-03,7.983576400985222810e-01
-8.348127515902931117e-02,8.976066524831223248e-01
1.116721330897883502e-01,7.812906823262092404e-01
-9.964007017633230712e-02,6.529159308173382303e-01
-2.120108567110695341e-01,8.138221656722239850e-01
-4.032996941517638656e-01,8.490236707860463472e-01
-3.067696162882813660e-01,8.093002530623615298e-01
-4.095163087138206093e-01,6.112068333026995370e-01
-3.108036147738421628e-01,2.181174842292946114e-01
-2.731875684135257054e-01,4.654114584926396375e-02
3.289583707233288412e-01,-3.842903397241130281e-01
6.990188810720319168e-01,-6.455662756056834706e-01
6.800882758765569580e-01,-5.921143301943946335e-01
4.524536678393807354e-01,-3.679191563222837802e-01
2.046035124530658222e-01,-7.386845707162968677e-02
-2.924067813444948191e-02,2.275741226888245150e-01
-2.229270750812195057e-01,4.182367244782743132e-01
-6.748851438676940484e-01,6.204806341890484189e-01
-7.232474737165085488e-01,4.283219807462483875e-01
-8.528136211614268936e-01,3.998694025022287990e-01
-8.728647634843239578e-01,3.051172971875009132e-01
-6.517766300520572154e-01,8.054443496406810121e-02
-2.891419957573509447e-01,-1.672131067754216993e-01
2.405071505926845710e-01,-5.902002560017327593e-01
4.455430931879745260e-01,-9.313351075933088419e-01
2.437251121991186320e-01,-1.253192619113653539e+00
1.696369264830028742e-02,-8.350618569104493183e-01
-3.632223263994424078e-01,-3.391666240146638533e-01
-7.996847144281148401e-01,3.827543897723333921e-01
-6.362958177957147576e-01,2.909848349027694889e-02
-5.509502504039912596e-01,7.011474334573206124e-02
2.830464363043964232e-02,-4.304964941456185246e-01
5.866063108700331902e-02,-5.451527152331773207e-01
7.445289392034413201e-01,-1.098060544229541691e+00
1.239641462282641049e+00,-1.322979309271137272e+00
1.608767227645583553e+00,-1.324007961648710596e+00
1.316348121331734289e+00,-1.121689989223727979e+00
1.103070433403471107e+00,-1.019198804555220716e+00
8.502062822073431780e-01,-1.074671376095334363e+00
8.065395533499560843e-01,-1.126628043500453202e+00
6.574196377994787621e-01,-1.335826834014783859e+00
4.859560687946758994e-01,-1.353712066493391042e+00
5.237795318606883743e-01,-1.477199203939154382e+00
4.196536360953365685e-01,-9.826238521565344719e-01
2.970390596121000315e-01,-5.308687445111578418e-01
3.065481258292538924e-01,6.837258256471473450e-02
3.315660523994260478e-01,5.215645407379108089e-01
3.561833587210048724e-01,8.932338048276419196e-01
2.584966861204088251e-01,5.866653363028072610e-01
2.450199468335520492e-01,2.301757681349486662e-01
1.987779699044521231e-01,-7.218390116310434701e-01
6.137552579789075369e-02,-1.679808214433113012e+00
-1.391558280082103027e-01,-2.719055320064835524e+00
-3.466807671729289497e-01,-3.141615274297830052e+00
-4.879836861326755648e-01,-2.898254778738634130e+00
-8.228390008588426507e-01,-2.061582791302633666e+00
-1.005542268757918745e+00,-1.307254721243270357e+00
-1.140114204557156619e+00,-5.370636149850170904e-01
-7.908831467381020053e-01,-7.069385922927328147e-01
-2.708129624283582282e-01,-1.067761620356973085e+00
5.818896618664286258e-02,-1.379247240973764388e+00
1.187938947040370757e-01,-1.225736320655533396e+00
-2.163364154205515144e-01,-5.706530817163728564e-01
-2.638517833562473713e-01,-2.156039458605311099e-01
3.112375956895850962e-02,-1.839966489329124821e-01
7.606058809132749676e-01,-4.474374688328563443e-01
1.681419776421654300e+00,-9.025221539338131871e-01
2.735481304165817473e+00,-1.298313301319434787e+00
3.510772960994180014e+00,-1.636661999288812064e+00
3.492369785656739278e+00,-1.429822510127326751e+00
2.900472293164263693e+00,-8.783233563040123704e-01
1.960032038204513327e+00,-1.978776951918458094e-01
1.086978867426975581e+00,4.039888939955332270e-01
2.387652773415944452e-01,6.274839905029067078e-01
-4.163283726850268707e-01,6.311841481528163156e-01
-9.009677198950640786e-01,3.214650419224187594e-01
-9.916285244534230880e-01,3.097557640206792806e-01
-9.439925955851238282e-01,4.177186076196370834e-01
-8.118934903028452998e-01,5.860944851621011642e-01
-5.455301901635112305e-01,6.755355895340950934e-01
-5.726161212634907072e-01,5.710514763196390398e-01
-5.967155883808523686e-01,5.242922925583782812e-01
-6.355370123593259146e-01,4.842762228623978538e-01
-7.633948531906282753e-01,3.504016495727710900e-01
-8.643582146782818887e-01,3.115780960165823177e-01
-1.196796983165811623e+00,3.564762919239791716e-01
-1.450365865224780171e+00,6.086798465145941694e-01
-1.500102770058039159e+00,5.845974432937591780e-01
-1.136792966514334591e+00,4.159625859721399754e-01
-9.729160927331549358e-01,-9.196484758935083176e-04
-7.444070615908709998e-01,-1.903855524309848724e-01
-9.988654536044208054e-01,-4.277135644013368432e-01
-9.478146291301148274e-01,-2.403179972738750392e-01
-1.365022382205567375e+00,-3.590306314169758872e-01
-1.587579611621603437e+00,-3.540561081378028607e-01
-1.619093321331648072e+00,-3.143963063471869046e-01
-1.168053731226648129e+00,1.439017777170014667e-01
-6.195021233735014121e-01,6.639322149655566552e-01
8.595162892508976388e-03,8.195975995490379917e-01
1.565129236530104773e-01,9.694317586795588859e-01
2.375396428632760570e-01,9.953803005734486176e-01
1.095927294128601626e-01,1.054076099207322148e+00
-1.245005781610234938e-02,9.929346654229481706e-01
-5.480200422055575560e-02,1.026117514166837497e+00
1.351780346902170526e-02,1.253438441069732789e+00
1.791074839655471262e-01,1.180408163832548762e+00
1.205653630055109199e-01,1.070981875918934234e+00
8.428784249341698953e-02,5.344323350549285978e-01
-3.015615552265954111e-02,4.231378264432177350e-01
1.238270984366986460e-01,4.008675209628194680e-01
6.095925356898357350e-02,6.735176568141401088e-01
5.269243988118753608e-01,1.794582607013035791e-01
5.417496712398732761e-01,-1.094675734073476681e-01
4.979344258031139780e-01,-8.194574505526562580e-02
1.711454567204601929e-01,2.457389303889264964e-01
2.526642932144245735e-01,4.722856058673096658e-01
6.900054613707278239e-01,2.413278123198153158e-01
7.423540304790497979e-01,3.055730925076201587e-01
5.884088399541753667e-01,3.222296748592425319e-01
5.477096997653887467e-01,4.314233407776443818e-01
9.215744505710269374e-01,2.249088302727532407e-01
1.103082533840820778e+00,-9.856692992251057939e-02
9.953696910077223237e-01,-3.256902364697041308e-01
7.007983609571619699e-01,-5.096841859718225232e-01
3.978805742065598117e-01,-4.569941480711336435e-01
4.700278120523089520e-02,-1.008238159365284492e-01
-1.830603837726056393e-01,4.927279332243276744e-01
-5.115542307925812215e-01,6.417808496327982448e-01
-7.470385133908019615e-01,3.211266055061144931e-01
-9.965904200062700724e-01,1.888614156822458756e-02
-9.598783049305026349e-01,-1.636424299508362420e-02
-6.545019442578527968e-01,4.373129239154204262e-01
-6.545019442578527968e-01,4.373129239154204262e-01
-4.822170604144588313e-01,6.637281742274583340e-01
-4.636772079212439501e-01,7.349917621495331010e-01
-1.718111897965865775e-01,1.117282514792942827e+00
2.111692653803646028e-02,1.117512672733680157e+00
7.410800578608141287e-02,1.057793409642614257e+00
3.238889629069301428e-03,9.012431248494405800e-01
-1.093936445216033976e-01,1.023641269846712554e+00
-2.531210990815575546e-01,1.063008185034000741e+00
-9.762217260400345153e-02,1.206445160619597390e+00
-4.741203771689675439e-02,1.254811355352885016e+00
-7.641925281335609256e-03,1.080788905852604564e+00
-2.675606032086208508e-01,8.213764463170620811e-01
-7.384003745274991815e-01,3.562863123613102534e-02
-1.108205270922314023e+00,-3.767709353178472775e-01
-1.274415321193171469e+00,-3.471824354463558526e-01
-1.573175947499930727e+00,5.218374427136976967e-01
-1.844930989724688830e+00,1.448300097425527122e+00
-2.097373689289444787e+00,2.093180560823360015e+00
-1.637853133238461378e+00,1.981405028747545982e+00
-1.897250809494696711e+00,1.924850075200697619e+00
-2.402510517699605774e+00,1.761947804800182427e+00
-3.536123042545485706e+00,1.948288076264301560e+00
-3.546482402338758888e+00,1.705781830402912869e+00
-3.694420916290170442e+00,1.532488337482154295e+00
