-1.032268209215874588e+00,5.958903530599178877e-01
-7.042862644900260705e-01,8.046353943171998813e-01
-3.726365307611411160e-01,9.709774811184119780e-01
-2.727729206965301412e-02,1.364891380712005775e+00
9.061597064828296605e-03,1.084788238344872591e+00
4.176524925491054141e-02,7.620046428659662530e-01
-4.019581942302772465e-02,3.040232624060413280e-01
-4.019581942302809935e-02,3.040232624060516531e-01
1.943236121080715306e-01,7.428474798769381104e-01
5.221447063954726131e-01,1.523417467470266740e+00
4.820638332728350850e-01,1.762669500055494609e+00
5.446785238115410266e-01,2.115463017693775427e+00
4.861697065242118199e-01,1.993063431831301857e+00
5.006159046645589639e-01,1.977212356016124994e+00
2.788641006245738962e-01,1.610219528498824326e+00
5.228032355580845142e-02,8.735107024222573679e-01
-2.458182433148041746e-01,1.247102235403017984e-01
-4.441513299198552311e-01,-3.339470004492285926e-01
-4.326707597456855292e-01,-2.691840327276766587e-01
-5.340641796785857709e-01,-2.443458748500626498e-01
-5.849540209150523307e-01,-1.724307585498716933e-01
-8.324889067285295985e-01,1.640214892189691409e-01
-8.655795065134499477e-01,4.512611497194596866e-01
-5.104591717054118849e-01,9.069501685161019955e-01
-1.906485420953519805e-01,4.817952481056603786e-01
2.433709270679935630e-02,7.045597259554707836e-01
-3.230474727378045419e-01,3.078033348234701649e-01
-6.870379860499900015e-01,2.314982766091756156e-02
-9.700353173312340482e-01,-6.179302377022430903e-01
-1.049535149142446722e+00,-6.877870467801850962e-01
-9.529262221628943541e-01,-3.925374766360371082e-01
-6.887074828799715220e-01,2.082380168329747705e-01
-2.679133804757923842e-01,9.455908051688045879e-02
3.485903589482450965e-02,-2.119946275727713908e-02
1.228929378531031513e-01,-1.100841676019671256e-01
1.472196042036107433e-01,4.378966866502747024e-01
9.519501098535504413e-02,9.768016258242164795e-01
1.307443004915169460e-01,9.423997635568216458e-01
1.838843518945188493e-01,8.539232958452427358e-01
2.577320058190172847e-01,6.005143986701753089e-01
2.514420771528448895e-01,1.832437807951151632e-01
2.382044976452603879e-01,1.436723265595300780e-01
1.680416375917365424e-01,3.869987703853211558e-01
1.700387027235899517e-01,8.125341225288176261e-01
8.861461528328655468e-02,3.797746554302782740e-01
-1.088021787605462573e-02,-2.274774751850267562e-01
-3.583468341158045356e-01,-7.056089085294015018e-01
-5.015676775450157443e-01,-5.753262840141651902e-01
-5.598969064331890122e-01,-5.047064478688547684e-01
-1.908662887492389715e-01,-9.153568705932955130e-01
1.539376651846754429e-01,-1.398525277759755214e+00
4.071435811194265009e-01,-1.672204357473570102e+00
2.292959549690411769e-01,-1.081641525528675318e+00
2.298906487658159137e-01,-7.274923629485779975e-01
5.849907470082129635e-01,-1.749063518044175203e-01
8.102226985969087636e-01,-3.657983764805747273e-02
1.272037693805605274e+00,2.432754107340051597e-01
4.572258247123579977e+00,4.974177166665936789e-01
1.006925949279576216e+01,4.573371076603860441e-01
1.669919272986678394e+01,5.235539611657297199e-01
2.190730653679336726e+01,2.487408079497967217e-01
2.484585945402066542e+01,-1.943392526494877315e-01
2.463759665739427973e+01,-6.798505232128900788e-01
2.152787757975579908e+01,-1.032441500979792037e+00
1.531816693969732590e+01,-1.037188361660141389e+00
9.332452762178183647e+00,-8.480947997995121890e-01
4.081617162323576409e+00,-4.833030953913052263e-01
1.752834039449077341e+00,-1.435630888976305586e-01
-2.097111664808583298e-01,-9.236901460093309424e-02
-1.445281283600169386e-01,-2.933389342448196602e-01
-2.005833050189439470e-01,-4.195465629117890449e-01
-1.081411398686774050e-01,-1.399388160115329627e-01
-1.404601048945123554e-01,1.554716665337420867e-01
-1.736985752010136441e-01,3.476382985414369076e-01
-1.902382328088159658e-01,6.002327349356443298e-01
-2.301376425503624257e-01,5.553571232231127031e-01
-3.009476558390357659e-01,3.150389650942934106e-01
-5.884372215919597693e-01,2.407241587913218628e-01
-1.165978659170200382e+00,1.272300769414137500e+00
-1.756807830216860822e+00,2.731536273177145979e+00
-1.916019958839150439e+00,3.536715937148370958e+00
-1.852004060693976717e+00,5.176479017674641803e+00
-1.398381196454012043e+00,6.613438557392636419e+00
-9.956899120915385648e-01,8.207147108934455204e+00
-2.691799440518434783e-01,7.669945657208530498e+00
3.171080711404908326e-01,7.200705351622186612e+00
4.476382344186040085e-01,4.801826645069347421e+00
5.848901920357429951e-01,5.214574088569653654e+00
6.328460115561892474e-01,3.422919976408539622e+00
4.920357318808699643e-01,2.245211337729865697e+00
6.876801686667864955e-01,1.782423960170139043e+00
7.575342991641632606e-01,1.683164988348939906e+00
1.007752578459907289e+00,1.441430916292828046e+00
6.876756114054961566e-01,1.782422499509293434e+00
-6.159582185884422689e-05,2.739625709209754234e+00
-7.815534021559699118e-01,3.679572478387436174e+00
-1.393318739902424497e+00,4.291187396832570222e+00
-1.594233656751374184e+00,3.670363783721596107e+00
-1.581554476916933183e+00,3.356507308760714459e+00
-9.342883406245785505e-01,2.662528414894753670e+00
-6.480448668383089750e-01,2.275060811586240739e+00
-1.518564184264662997e-01,1.101400808879639870e+00
-1.453150895331694475e-02,-1.541223437824257303e-01
3.009607632202788707e-01,-8.119270890133728491e-01
3.971981434540768352e-01,-1.514557812038225482e+00
3.570891993069073567e-01,-1.712195379042210419e+00
2.176098768116123960e-01,-1.465212753959782344e+00
2.945050688051421006e-01,-1.039877812389834233e+00
2.651355695229031806e-01,-4.844563712511248399e-01
1.132516104437717885e+00,-2.331831600069753652e-01
3.359256187551069139e+00,-3.092384635048275321e-01
3.457358907575354579e+00,-3.710512026114928807e-01
2.876633072954215553e+00,-2.901332239222073062e-01
5.406078672551839492e-01,5.436132197902008301e-01
5.959736977115089734e-02,8.212581786132937545e-01
2.180222042340634603e-01,6.895882752159494533e-01
2.144268566057446479e-01,3.567991716116115097e-01
2.152002279124450579e-01,3.301548663397386174e-01
1.479434483981214576e-01,4.988455997305433209e-01
2.501432915054129236e-01,7.657272138009953988e-01
3.532801177226099765e-01,1.035389744982298410e+00
4.708989233474188962e-01,1.272756316438214297e+00
4.231131195637302111e-01,1.173014657733279620e+00
3.210907323170090200e-01,9.028260399725195340e-01
7.708768460453307818e-03,4.436786395624211510e-01
-2.350051068203874993e-01,5.989670938392811089e-02
-4.449074146462211887e-01,-3.677985984241562423e-01
-4.475371867964876849e-01,-3.724461762406681142e-01
-4.704050640165383101e-01,-2.833058746391062255e-01
-6.464748462351065372e-01,-1.547600811902882512e-01
-7.811085011890878116e-01,-4.339063472737645921e-01
-7.093612447008408317e-01,-5.747007368570171693e-01
-3.849798693406116801e-01,-3.951068879084467245e-01
-6.026204573314965229e-02,-2.977741667644508428e-01
2.779286389540641111e-01,-1.992171701215984247e-01
4.749262415804780257e-01,-4.996326735811489339e-01
9.346353217555168902e-01,-1.044753542128537882e+00
1.467608983758643237e+00,-1.783774631299024360e+00
2.014150022357467762e+00,-2.518319073949162323e+00
2.182454004961479566e+00,-3.061120678293866249e+00
2.137687114182024395e+00,-3.232715295332122540e+00
1.505448028507341274e+00,-2.991267785081566544e+00
7.917150723929178291e-01,-2.089873133586740206e+00
4.727172567765339228e-02,-1.000935803882529340e+00
-1.543017405236984940e-01,-6.220117433846878985e-01
-1.855091672107155032e-01,-4.812290234323403082e-01
-1.080894618073243579e-02,-3.469228647870224447e-01
2.779286389540641111e-01,-1.992171701215984247e-01
2.317650638647521244e-01,-2.703402299464584546e-01
2.717536971370361765e-01,-1.128300085443514761e-01
1.969971357579487770e-01,-7.178585646228224926e-02
4.449185869702528273e-01,-2.054758205388626247e-01
4.749262415804780257e-01,-4.996326735811489339e-01
4.975876936173129761e-01,-3.833544818706532409e-01
3.855630636449078885e-01,-6.312110178584356968e-02
2.677703885502223935e-01,1.781551012915339460e-01
5.082164623911687718e-02,1.155566882406122570e-01
7.409311106107138722e-02,-5.296534537807882081e-01
2.876241156259986761e-02,-6.806655714310038130e-01
6.687675013505965660e-02,-9.817792767803618093e-01
5.293552144055668762e-02,-6.963252393689555175e-01
5.917154867801923540e-02,-5.463334531133342553e-01
7.374898769304906454e-02,1.597795134951278673e-01
1.088960088715345415e-01,6.507832874559607017e-01
1.499908594496862368e-01,8.861035207042525785e-01
1.809643435203103223e-01,3.050231399454832459e-01
4.535810543903611575e-02,2.872823493264271555e-01
-1.456981348374112306e-01,9.711505596172598231e-02
-1.986770601962787874e-01,1.150483175663884750e-01
-3.959839145969988317e-01,-1.766630156657006678e-01
-2.519925096767897665e-01,-1.218064377927248199e-01
-3.141570079482522981e-01,1.188752043589368645e-01
-1.518061443295528057e-01,2.105128224744767240e-01
-2.140045954019256236e-01,-5.630337520299102255e-02
-2.359908930649571301e-01,-4.655069003447535048e-01
-3.537176183667519735e-01,-8.037087250780531322e-01
-5.917728615684216820e-01,-7.050064010549950133e-01
-8.160357414405176035e-01,-3.938331839010424940e-01
-1.030065524222933293e+00,-6.650157660085330436e-02
-1.108873978889359790e+00,2.752221698592874910e-01
-1.064323361366072085e+00,6.047993038985469694e-01
-7.460431484980294403e-01,7.901941543167785298e-01
-4.989796707502499040e-01,4.283105308554036039e-01
-1.287057839463482400e-01,-8.186854739000374703e-04
-1.339751894713337721e-01,-3.847690877129807396e-01
-1.735332245306999421e-01,-6.637242155271414479e-01
-1.964490073975893591e-01,-7.317373000876618017e-01
-1.394988515977310141e-02,-7.974174324745555431e-01
1.703621941582797172e-01,-7.621319674667167421e-01
8.466205026300396841e-02,-9.203849567935806775e-01
-7.988463193821893765e-03,-8.284642713684789994e-01
1.233588191500388682e-02,-1.345064494219891049e+00
7.584453657115854119e-02,-9.750185120389039950e-01
1.790659105209366220e-01,-1.177660317853938654e+00
6.738789974650667702e-02,-6.737797688197677548e-01
-3.437557157506841710e-02,-7.528018681103791909e-01
-1.381920935068164380e-01,-6.085328707631154632e-01
-2.012128503645974620e-01,-5.804578342971952187e-01
-1.976027059006080777e-01,-7.600659662318566268e-01
-3.537176183667519735e-01,-8.037087250780531322e-01
-3.971531258296879252e-01,-3.514941785376378136e-01
-3.816867715283182583e-01,-9.091813960367216285e-02
-2.314448657175610935e-01,7.671160354338482645e-02
-5.982761647055271359e-01,-5.293390327157347919e-01
-8.085226386197128523e-01,-5.931479862377169177e-01
-1.125094741024249334e+00,-8.332486072919016440e-01
-1.384283443729609875e+00,-1.229234124032654307e+00
-1.862733824995143062e+00,-2.134078462349702221e+00
-2.159705947128568226e+00,-2.585185408912495930e+00
-1.951413469322080152e+00,-2.275237426157027176e+00
-1.569384214545724854e+00,-1.686947665852042588e+00
-1.053495241501955171e+00,-1.009676360892727942e+00
-7.822175286367957225e-01,-7.906665305679215772e-01
-5.604320781858915801e-01,-6.632221845690607909e-01
-4.162221704291983460e-01,-7.375323924191963254e-01
-4.372453865007371321e-01,-7.378135516061081756e-01
-3.515368596034378901e-01,-1.825488106834722568e-01
-1.931853859110005955e-01,2.133376255069475702e-01
5.366828186800004508e-02,7.956431355655727566e-01
-5.189934469046709326e-02,2.675859411114862030e-01
-1.690978318219107102e-01,1.433717096389341417e-01
-1.316943272932032116e-01,2.846485281756274133e-01
1.001262757457881125e-01,9.070054140423940980e-01
2.379622971503835005e-01,1.448976567344527844e+00
8.728978505137531541e-02,1.257741922570332571e+00
-7.824791099431667452e-02,1.003776383189966204e+00
-2.915662853042449432e-01,7.835272871541388851e-01
-4.680255115852080539e-01,9.679675367988065382e-01
-4.974388162930628021e-01,7.242097698466650746e-01
-3.085596027493124338e-01,2.592876964612119139e-01
-1.582725859063790208e-01,3.591571144334987364e-02
-3.431034208590049150e-01,2.525599415413026794e-01
-7.145836904027476066e-01,7.872382905350411297e-01
-8.346466425102658793e-01,9.007894191719524324e-01
-8.012137700911146077e-01,5.714331629380673405e-01
-8.488942234924560237e-01,-3.538727071438006744e-02
-5.739317685477497433e-01,-1.540302890551266679e-01
-4.153388773475012730e-02,-4.612381976368359199e-02
4.192789607825992415e-01,3.736536567416491317e-01
9.715465934461762210e-01,3.005113949735636059e-01
1.265351187401310140e+00,-2.716407946615729263e-01
1.441110071801280368e+00,-1.411756161031970658e+00
1.102839459686985712e+00,-2.255688842921714343e+00
5.196094531056949517e-01,-2.606643521246613027e+00
5.816811843145368310e-02,-2.051556576938694754e+00
1.168521527848870312e-01,-1.242409261822493560e+00
4.966473128766517586e-01,-5.568322160831871148e-01
1.022571884494690719e+00,-4.549385877556048619e-01
1.202563550406892112e+00,-3.959009688387994941e-01
1.021006674583521567e+00,-1.231562406152439060e+00
5.493065292014572831e-01,-2.280860180048970065e+00
1.540427063494570203e-01,-3.349172566936841289e+00
8.876499293407966173e-02,-3.347377579193508534e+00
-1.406464892048824578e-01,-2.174073966639119782e+00
-4.071616651459519787e-01,-2.568509113673571598e-01
-6.194744219775704108e-01,1.026155684986443939e+00
-4.112703649537201023e-01,1.283896065022493760e+00
-1.592918238324429747e-01,1.316598906162080862e+00
-1.072246936349075946e-01,1.095264004516127043e+00
-1.200990644778077571e-01,5.020576117891820678e-01
-3.562371180529545767e-02,1.754908621765131072e-01
2.552543992225313543e-02,1.704900293967111791e-01
9.509352425419206889e-02,6.525092904014606621e-01
2.288233566729193647e-01,7.208246785476440932e-01
1.500461010386040968e-02,4.905081860953300898e-01
-4.412704929160674722e-02,1.035655247443537791e-03
-3.355504730295463256e-01,-4.157178587791603985e-01
-3.355504730295463256e-01,-4.157178587791603985e-01
-5.135461594680796882e-01,-1.826572094483415454e-01
-4.598416414210249603e-01,5.506678170898887670e-01
-4.244872359368014880e-01,4.318140533237945222e-01
-1.151070676248425739e-01,3.354061631480944050e-01
5.526271809669124346e-01,5.284539257978757565e-01
1.260280942207246513e+00,1.312586674742016957e+00
1.499256670892963772e+00,1.536693975776941778e+00
1.032640986935338345e+00,1.078325725311902072e+00
3.046919640351650194e-01,5.466987495186007573e-01
-5.622772583284736392e-01,3.407812899112108718e-01
-7.145836904027478287e-01,7.872382905350389093e-01
-8.346466425102658793e-01,9.007894191719524324e-01
-9.928712814597273617e-01,1.221176381390500776e+00
-1.134511387121795112e+00,1.501965312098457739e+00
-1.148321316277226778e+00,1.562663303577845664e+00
-1.027246728155592592e+00,1.330661635742869109e+00
-8.346466425102658793e-01,9.007894191719524324e-01
-4.023919135360040644e-01,1.181749649469808761e+00
1.648828790027629387e-01,1.424847883200772936e+00
6.216854584495347114e-01,1.582725950636467482e+00
6.554996323135111602e-01,1.209978884793049048e+00
5.308797109540051018e-01,1.678086917754309237e-01
2.260599977679281225e-01,-1.607278149162101322e+00
1.092401572053261537e-03,-3.211905576241653293e+00
-1.113175260974247210e-01,-4.072844201395099617e+00
-4.921724485256066817e-03,-3.715121386343098298e+00
4.077111313908246548e-01,-3.646770602082676671e+00
9.704102621545134255e-01,-3.681103819643058994e+00
1.474817695758392722e+00,-4.031872046719222169e+00
1.827159386396028040e+00,-3.634808512454440255e+00
1.952151310210608282e+00,-2.795841714557140811e+00
1.755817960184114845e+00,-1.867561074237531038e+00
1.485610343959640423e+00,-8.160641279763968248e-01
1.083689737920326301e+00,1.558903720563894202e-01
6.836762021770894648e-01,7.079103128865767980e-01
1.613480483658905618e-01,9.924713741385521315e-01
-2.317966140013612564e-01,8.334288409686063659e-01
-8.365358934550540804e-01,1.160266111851485427e+00
-1.571108106541565519e+00,1.646349709520222415e+00
-2.258332194858517550e+00,2.663708071063961569e+00
-2.260139242754087174e+00,2.932004421829669027e+00
-2.065475057594857056e+00,2.897220817552289773e+00
-1.439437711967806788e+00,1.849752805717912452e+00
-1.033480153563868909e+00,8.590567854704381778e-01
-8.956227688937694609e-01,-6.298025900736938659e-03
-1.252490788249119635e+00,2.675071301181763395e-01
-1.816040572598101699e+00,1.183102294784390329e+00
-1.490332376941195136e+00,1.456015877923216184e+00
-8.195681281345588154e-01,1.335784254204216648e+00
3.337949466898826878e-01,-2.281040939869183326e-02
1.092603453907376343e+00,-1.406072077089675076e+00
1.649393442180074665e+00,-2.593472773408135534e+00
1.542520723012372974e+00,-2.335738533671166461e+00
9.648645974799410219e-01,-4.815676261436448446e-01
2.624444720865921621e-01,1.076232410509371906e+00
1.633219351722527482e-02,1.134945028479355633e+00
-2.168325365319264675e-01,9.239017697576809018e-01
-2.314494274649722960e-01,6.329827495320842212e-01
-3.612530450104162877e-02,4.764300273228929683e-01
8.262520292052262516e-02,4.868746512364027779e-01
8.262520292052262516e-02,4.868746512364027779e-01
-5.247272033073811792e-03,2.318847903695340773e-01
1.326495910662281730e-01,-1.265248317133782496e-01
4.444917196399942871e-01,-5.115644056869805140e-02
3.620111798253645152e-01,6.968086565200615201e-01
-3.759589140387508688e-01,1.654208642269472840e+00
-9.578282769193969814e-01,1.526647895627788243e+00
-1.161042509049636795e+00,1.311859698100315663e+00
-7.052115331150300426e-01,4.465817740257671531e-01
-5.357963083033623342e-01,5.835860168377843271e-01
-4.995506197431457962e-01,5.814705487354027147e-01
-4.530170021217881926e-01,2.454803377608688331e-01
-2.284057210002367611e-01,-4.220180311141255025e-01
-2.088762360482979974e-01,-8.582643972888978068e-01
-1.619763065650168810e-01,-8.564474763000670121e-01
-4.285090694704101200e-01,-3.006267061813862052e-01
-5.018017845147201283e-01,-1.297788599757850325e-01
-8.956227688937694609e-01,-6.298025900736938659e-03
-8.592130360967232816e-01,-1.958105765697556178e-01
-9.882074775604516859e-01,-1.614877725859956425e-01
-5.728356308930957486e-01,-2.638605227419289490e-01
-4.649904133714266585e-01,-1.550083209517818528e-01
-3.771761033905454696e-01,4.284755898894858361e-02
-5.339619872393208677e-01,-8.938508208170667380e-02
-6.711660826206534702e-01,-2.843374484160220428e-01
-8.221186659915336037e-01,-5.343751072422063819e-01
-8.167623292383582312e-01,-5.531494447433327188e-01
-5.695714778631498776e-01,-6.123057119113296531e-01
-3.603263177020545882e-01,-5.790291678475808501e-01
-4.043105436319726076e-01,-6.192535837182421288e-01
-8.226126281429191334e-01,-8.632873019460096664e-01
-1.217218983073681704e+00,-8.271786127329600058e-01
-1.519752794027373399e+00,-4.843745066859770354e-01
-1.563798235743957044e+00,-2.244680078122201772e-01
-1.428497848178090113e+00,-3.169277074092197721e-01
-1.116398775237269936e+00,-6.770414765475691876e-01
-7.820997045254536317e-01,-7.160829242886855850e-01
-4.590721934837340146e-01,-6.104375330630584795e-01
-4.972483082818771605e-01,-6.818515850690736180e-01
-5.418566414990728664e-01,-1.079003047973739138e+00
-7.131628922852354391e-01,-1.044109574498811588e+00
-6.063400082083363341e-01,-8.111593507805597847e-01
-5.849226506659879199e-01,-1.559118469531051987e-01
-4.545071914295919502e-01,1.285571756137904309e-01
-5.880478344083575060e-01,6.728217083608812876e-01
-7.425308346412557992e-01,8.786852949322434547e-01
-8.659963581170544433e-01,9.489650563176981191e-01
-7.306870261370856934e-01,7.063449659370142353e-01
-5.553933702364732827e-01,3.521416022489069486e-01
-5.781929199397616292e-01,-4.781480611715246964e-02
-8.007941555756932228e-01,-9.363580520553574371e-02
-1.063644915325525631e+00,-4.016027486826361792e-01
-1.090848400730262346e+00,-5.695980384488408266e-01
-7.943200776317140832e-01,-8.166903377649316065e-01
-5.105829190913445670e-01,-6.704372534430799169e-01
-1.317652981199982920e-01,-5.077008421545772254e-01
-1.510644573600491702e-01,-4.098946662599503021e-01
-8.428647667569923174e-02,-4.100086051779524010e-01
-3.612881961075991577e-01,-2.726591762531423990e-01
-6.107266033533498284e-01,-1.343515080404988904e-01
-7.363477797592580254e-01,1.523888325480754757e-01
-8.200282178415229106e-01,-2.502696377662689750e-02
-1.061980519789011090e+00,-3.179525062876076835e-01
-1.265648736606546976e+00,-8.917011000035182100e-01
-1.479461339574012380e+00,-9.671183163084361434e-01
-1.262452561751401081e+00,-7.848274329989471942e-01
-1.500906578860873752e+00,-5.570424251401763227e-01
-1.634368003087710797e+00,-3.886241713492659677e-01
-1.558222588169994038e+00,-3.663044685198069694e-01
-1.610603885281385095e+00,-2.802016960306325521e-01
-1.522136598796804074e+00,-2.258396582219907855e-01
-1.690683606603488487e+00,-4.800858538993292846e-01
-1.024761759370507619e+00,-2.392365836004497759e-01
-3.705904832103908420e-01,2.043118299024131168e-01
4.328335792977979629e-02,4.649617707630875896e-01
3.861702911843249708e-02,1.702296961744281523e-01
-2.906436145778742430e-01,-3.669249563797946090e-01
-5.548403021283865311e-01,-5.157767985483462381e-01
-7.155048674333664982e-01,-5.237557591287378411e-01
-5.560534585762381132e-01,-2.185540727822176676e-01
-7.226312283766374023e-01,-4.293738263479239814e-01
-6.750353631938470489e-01,-4.687432789088644136e-01
-1.053031252953243735e+00,-1.275059565066604783e+00
-1.302307288676082031e+00,-1.818709458563747994e+00
-1.348877039370778963e+00,-2.289515926353504760e+00
-8.497728151900788562e-01,-2.066648363287158841e+00
5.595118759890247429e-01,-1.735822817854447697e+00
2.005109121016468432e+00,-1.322669824867825694e+00
3.124102279932036819e+00,-1.228713859687214027e+00
2.832161775087071121e+00,-1.050618007689801070e+00
2.625742661889646001e+00,-1.134649492410878535e+00
2.029796621052653016e+00,-1.162499696066673804e+00
1.746372844966499471e+00,-1.196144746019838889e+00
7.579375882582157775e-01,-9.520588326415527769e-01
-7.988300170360801422e-02,-6.148696693695578919e-01
-6.046928049858295573e-01,-4.496150455254557254e-01
-3.371975203754032924e-01,-3.802609691997634878e-01
-4.431162962718664389e-01,-6.424960468547473713e-01
-4.519918744667044130e-01,-7.016308273663436346e-01
-6.686967526748504032e-01,-5.717264377872877112e-01
-3.749914078727027422e-01,-5.845872395172879710e-01
-8.490832589459685886e-01,-6.307486596757731767e-02
-1.278296624002892345e+00,5.047154026910071617e-02
-2.657810714606047675e+00,1.444376184118886908e+00
-3.900982419493764120e+00,2.676543969272234591e+00
-4.782071386677030134e+00,3.837830783168317161e+00
-3.927157578314567132e+00,3.035224316497016073e+00
-3.086106271777107946e+00,3.125474968645178375e+00
-2.107073104719702439e+00,3.209606059517207566e+00
-1.980907200793662115e+00,4.182140556210603322e+00
-1.338096052132090374e+00,3.547038282483176985e+00
-6.789297915940640804e-01,2.050286542139553525e+00
-4.953076808578000811e-01,7.651065177160424335e-01
-2.820757729124009350e-01,-1.592590386524470825e+00
-2.728521435049611199e-01,-3.809702763332135422e+00
-9.338364951472589992e-03,-5.937327488712180745e+00
3.654808281463353681e-02,-6.157943803906591462e+00
-9.262907545314866264e-02,-4.618872846016524036e+00
-2.718888840618604585e-01,-3.088557173310255255e+00
-4.659835979646459458e-01,-1.849619664904223582e+00
-5.069498592068860665e-01,-1.322461658061607981e+00
-1.533137753817144233e-01,-7.121644878074360197e-01
5.831451561941459333e-02,3.126420515745242934e-02
4.825734540736359990e-01,9.084528967742523664e-02
3.811938800801016325e-01,-4.588728207356238681e-02
5.527299269008443261e-01,-6.401255337073433749e-01
4.155238637075045482e-01,-9.644111642555922570e-01
4.564325792997050990e-01,-1.156830408081358286e+00
4.243167960757237428e-02,-1.159812264616659538e+00
-4.993915140095396832e-01,-9.372659993062836259e-01
-9.776156502725241726e-01,-5.351031093678242367e-01
-1.383808422394580351e+00,-9.956262355983755419e-02
-1.303733560186541629e+00,2.722669812887577867e-02
-1.143399558289281526e+00,-3.239636286401247900e-01
-5.697895338182596969e-01,-8.853001738736833159e-01
-7.584110350623545216e-01,-1.469707493517457220e+00
-9.660355999797418658e-01,-1.046673241348460515e+00
-1.342486618296975243e+00,-9.263773211384925821e-01
-1.114004358480237267e+00,8.157136318053764823e-02
-1.055997291202367183e+00,-3.445024069797144595e-01
-1.183817961383564876e+00,-6.428144246473905810e-01
-7.427321412817939894e-01,-1.498388290392205002e+00
-3.032728654534693757e-01,-1.284950651918205899e+00
-1.121318393240686578e-01,-1.169679831251738911e+00
-3.662614568591419234e-02,-1.358873952007688013e+00
-2.798706718972243657e-01,-1.722928733191404493e+00
-4.659835979646459458e-01,-1.849619664904223582e+00
-5.705896167282098475e-01,-1.574801877160184160e+00
-5.403827473637058398e-01,-1.439421665840340481e+00
-3.749822723350929587e-01,-1.230007860140704290e+00
-3.170086619808255568e-01,-9.620171242924877575e-01
-1.171618081158019853e-01,-6.044730708233512217e-01
-2.159305943566994512e-01,-4.262666816102234080e-01
-9.724250095220926537e-02,-3.332241062904889306e-01
-8.354611110220304393e-02,-5.731563411621701798e-01
2.399424748031564036e-03,-7.641445457812632291e-01
-1.710213481502327049e-01,-1.172766494670510529e+00
-4.413540247750047385e-01,-1.461392569802557606e+00
-7.503999595306762860e-01,-1.481700979489757763e+00
-6.716755057573583487e-01,-1.825173258303107726e+00
-4.943199317246682045e-01,-1.412544401312987308e+00
-3.792187258425120944e-01,-1.266384185013709418e+00
-3.356820295172723845e-01,-5.036067347221773183e-01
-4.860551051263065081e-01,-7.127775159744330624e-01
-4.018443032265133774e-01,-7.651612332830161067e-01
-4.944214792381000367e-01,-1.123350914812590196e+00
-5.464014417367943910e-01,-1.533845335166427848e+00
-4.347283730060979567e-01,-1.852829988063736444e+00
-3.283792090698586241e-01,-1.963018262816290438e+00
-1.359427785330151184e-01,-1.357462495676888370e+00
-1.429545408055837852e-01,-5.532169776369109115e-01
-7.665162372165756910e-02,4.513568591313693035e-01
-3.895820037700543220e-02,8.606361206872370495e-01
4.109829781350825967e-02,3.265835057128695929e-01
7.292065459365731916e-02,-1.275273094557468345e-01
1.504202224797239751e-01,-4.505414277820546376e-01
6.308904940985401999e-02,-7.727646553266964702e-01
-2.487174305829929766e-02,-1.332710526260472150e+00
-1.780464046066737305e-01,-1.559992740428769897e+00
-4.516656933290406073e-01,-1.387506547760050557e+00
-6.972054082011481801e-01,-9.125267289688727690e-01
-1.049535149142446722e+00,-6.877870467801850962e-01
-8.189859129627664602e-01,-4.755263102193317271e-01
-5.332265225409357212e-01,-2.329930424615210549e-01
-3.976674901672244133e-01,-6.082244432227776887e-01
-3.674115317361219546e-01,-9.705619905430562522e-01
-4.929719833777315152e-01,-1.512189862935379381e+00
-4.638550067719380832e-01,-1.750232301859652395e+00
-5.401445017091405232e-01,-2.112186672766831474e+00
-5.806509389600500448e-01,-2.305357129529617577e+00
-6.216377686434517713e-01,-2.137985600869534597e+00
-8.072613645823752959e-01,-1.654521605036245235e+00
-9.612891157016167920e-01,-1.279544187626622476e+00
-1.071325053391721793e+00,-9.472774976698662419e-01
-1.049535149142446722e+00,-6.877870467801850962e-01
-7.568762248621414557e-01,-4.338689170696232722e-01
-4.548089923121615974e-01,-4.146896816068739167e-01
-2.597706413483576449e-01,-5.091545116358753287e-01
-3.133412648980224424e-01,-5.593534116348224394e-01
-3.542878349376185620e-01,-7.828320518085840618e-02
-4.793886062216171778e-02,3.774530705825019927e-01
1.928826435590731692e-01,7.511210189614264676e-01
3.525529505611095793e-01,6.982552897781371115e-01
2.258458432420437090e-01,4.744304633525381343e-01
-2.415106306091683100e-02,-1.950635134493211298e-01
-5.441735201528474786e-01,-8.038363925313183334e-01
-1.186295389570281689e+00,-1.547829898471604793e+00
-1.475256671056462299e+00,-1.659541869231641487e+00
-1.524200841737216816e+00,-2.026296869826541336e+00
-1.182751179599975888e+00,-1.822696813940139160e+00
-7.682054162835778577e-01,-1.490306811254500374e+00
-3.854046408190190953e-01,-1.427587188604058310e+00
-4.611040475406358863e-01,-1.660610842402550524e+00
-4.659835979646459458e-01,-1.849619664904223582e+00
-5.141407804353276267e-01,-1.340763461111835531e+00
-4.422103009815274710e-01,-1.123136235373278558e+00
-4.360963896395020356e-01,-9.088173686545079066e-01
-4.588610411916666521e-01,-7.275630254155238674e-01
-4.438219879442980020e-01,-4.094688748445183268e-01
-3.881411713476502490e-01,-2.869404763512843903e-01
-3.560322138938981085e-01,-3.967268325770331172e-01
-3.714827147932094897e-01,-7.052937319203045341e-01
-4.251118675656995749e-01,-8.262740900012073286e-01
-6.667244449271126916e-01,-1.030613947999870161e+00
-6.465321343819629973e-01,-1.672801215610032033e+00
-3.842991179666045420e-01,-3.395239625727804356e+00
3.243956605075737354e-02,-5.289377077293970331e+00
2.265511384218270030e-01,-6.708387892320940793e+00
1.915413966383466560e-01,-7.072250591654237084e+00
-5.224836068790079946e-02,-5.805329343250790863e+00
-5.084274258484924314e-01,-4.202369008712972587e+00
-8.002677215354001561e-01,-2.690699676204715729e+00
-8.815308163457190593e-01,-2.021753666686060047e+00
-5.971498108578342512e-01,-1.677657847769776778e+00
-2.207410365673033448e-01,-1.218058575398657695e+00
4.798316627523974143e-02,-8.039160748725419081e-01
2.624133364714608674e-01,-7.714252855948301457e-01
2.011658369197042162e-01,-8.725614879398722046e-01
3.080841190183812306e-01,-7.654739998902061471e-01
5.057220534682596025e-01,-3.484115991709235138e-01
5.610298114366424338e-01,-1.731466524029118617e-02
4.654205689165951121e-01,-1.807711585490110462e-01
1.758041854232872403e-01,-4.756771798139367013e-01
-1.628673315391399035e-01,-5.988245819851551605e-02
-2.903227161799569744e-01,4.641120704043220635e-01
-3.532335432539331355e-01,1.649627999757263153e+00
-1.266252033016261255e-02,2.372692954221954142e+00
1.010544745599955552e-01,2.803850799825339912e+00
1.824023984102892959e-01,2.189906773390807082e+00
1.969122655140101985e-01,1.452948228788521146e+00
3.062651247295603701e-02,9.512678893039261396e-01
-2.561609290504631709e-01,1.334436526677561075e+00
-5.649219219505797751e-01,1.356726739463126608e+00
-1.075878553860675879e+00,1.547608951411447720e+00
-1.472633740956910575e+00,1.346720278567156370e+00
-1.595689235216480206e+00,1.145829330858059603e+00
-1.131436509503171761e+00,6.987812984915422465e-01
-6.925257441155496796e-01,7.339798784116838282e-02
-1.344718406837008828e-01,-1.493078463426827929e-01
-1.429019631521895317e-01,-7.970599211027430686e-02
1.213648908009964111e-01,1.529986190545390146e-01
-7.938299496215396600e-02,-9.915615507849658006e-02
-3.898032834627039867e-01,-5.541382169542061753e-01
-6.810697003109481562e-01,-6.482467872581825219e-01
-7.616035942907202205e-01,-4.697473775088142900e-01
-6.536561026095258908e-01,-1.688557664698502004e-03
-4.372719372800530357e-01,-1.302648127237258924e-01
1.579351547103525211e-01,-4.442759325730304965e-01
6.129113967502605176e-01,-6.107840664880733739e-01
1.028173809581350406e+00,-7.765236484021568186e-01
8.320058560050913599e-01,-6.173363321141350779e-01
6.667210113799454385e-01,-5.257462163452930604e-01
1.022297666177066078e-01,-4.235522364213021862e-01
-2.537430561502361792e-01,-5.808456362825180630e-01
-5.112046904093688893e-01,-7.519428452984519007e-01
-4.446338709261474786e-01,-7.324676417324847977e-01
-3.347532002864292422e-01,-9.129538818713057724e-01
-2.365444615923767979e-01,-7.315670822151218999e-01
-3.060723382811474935e-01,-8.777297235188520341e-01
-3.560404067355353308e-01,-1.080401165686668996e+00
-6.162980304144886068e-01,-1.541418147166479180e+00
-6.176284863702981021e-01,-1.271437205414017946e+00
-6.500587845763008410e-01,-8.882992039820430952e-01
-6.796133228188060427e-01,-4.921058587872840784e-01
-6.536561026095258908e-01,-1.688557664698502004e-03
-5.538717974159259594e-01,7.694116607955328035e-01
-4.862134428718850598e-01,1.258150366547440058e+00
-5.149405923238427052e-01,1.378684798467622707e+00
-5.848470724536698473e-01,7.899962432399088019e-01
-5.298664958101344524e-01,3.342387940336460361e-01
-4.757726439318525347e-01,-4.156951196158905071e-01
-3.311499923550378921e-01,-3.368434163714690288e-01
-5.073026502392818937e-01,-2.715477657544699830e-01
-7.338587740205356758e-01,3.171681850268568414e-01
-9.476616734122211838e-01,6.705410480217525171e-01
-7.660155073382189928e-01,7.920371265011416639e-01
-3.930352835972454328e-01,5.026249615112087232e-01
-1.929841521762142020e-01,4.569830303093419532e-01
-1.787644140570416595e-01,6.082126804991636604e-01
-5.921826500910945534e-02,5.929030483561481546e-01
4.791195310832605664e-02,1.931479901414477895e-01
-1.413631384990803874e-01,-9.116100172830177151e-02
-3.738487828725836626e-01,-6.996659945053345098e-01
-6.547954456716390537e-01,-1.099733607933936597e+00
-6.239639485414116837e-01,-1.242319706601893614e+00
-7.876825240044493803e-01,-1.219753814527058333e+00
-7.307295226672290145e-01,-1.047972680181064709e+00
-8.324983268837309325e-01,-1.123285264180063248e+00
-6.997793780119117013e-01,-9.171918841246775589e-01
-6.940148681003740494e-01,-7.477958406294595850e-01
-4.317813676384267829e-01,-5.948122519430318889e-01
-2.541023250430413660e-01,-9.799380963189928406e-02
-3.070795127920389889e-01,-9.267843583842458322e-02
-4.710342011823706043e-01,1.607756277375229637e-01
-5.477644928760281307e-01,1.674425782093972304e-01
-4.177526383778527030e-01,2.770735265038921646e-01
-8.890740942011116088e-01,4.397722206407140288e-01
-1.142247704381474938e+00,-1.196917120059395739e-01
-1.164813785624643661e+00,-4.527059392800656390e-01
-8.474319443247262384e-01,-1.188440996771529923e+00
-6.816002751225117562e-01,-1.342859855899586785e+00
-6.064330050815323059e-01,-1.324188614739150394e+00
-5.560761770502263834e-01,-1.005627029339124734e+00
-6.655763679551974787e-01,-8.515390463428880174e-01
-7.575718912112507919e-01,-1.042998925345338668e+00
-9.507194023161611440e-01,-1.306166969409289003e+00
-8.504197405259489306e-01,-1.236955006587830086e+00
-7.029909129477065477e-01,-9.757911248384829594e-01
-5.024792407630851443e-01,-4.049250350837890200e-01
-3.838738963607848387e-01,-3.416046987803380008e-01
-3.150860789493424297e-01,-6.187338700345046405e-01
-1.875785217568184393e-01,-1.001101857767647596e+00
-3.381282918278372129e-02,-1.017640195772170575e+00
1.208508199630045771e-01,-8.646828793985159578e-01
1.892934094951496116e-01,-7.885924834587638710e-01
8.773932174073436133e-03,-7.402995077484779696e-01
-2.081582315584205034e-01,-7.032580505532601833e-01
-6.424719758320797114e-01,-8.763429053077715913e-01
-7.924974017129872150e-01,-1.196106318666105395e+00
-8.765906711999044143e-01,-1.730273597544945030e+00
-7.741756729888441546e-01,-2.186693926021372913e+00
-8.182963391517407148e-01,-2.164068563311348115e+00
-8.437370665067365216e-01,-1.591592478080344542e+00
-6.392073582913894159e-01,-1.085078638247993998e+00
-5.731562584370776259e-01,-9.433620744345765363e-01
-6.120517889118326504e-01,-1.286885190892871567e+00
-7.494182205444761546e-01,-9.593503388866218007e-01
-7.028232786680468358e-01,-9.443138809824711544e-01
-4.978054320503431662e-01,-9.820895764333125166e-01
-3.590519670507905658e-01,-1.279169824500550945e+00
-1.711787880997563405e-01,-1.453927513344257738e+00
-2.170922378131811270e-01,-2.261237741784348110e+00
-1.835562780493089352e-01,-2.188042184794900535e+00
-1.284226986820787286e-01,-1.662955372420278799e+00
-1.989732503980256861e-01,-3.175913074600411612e-01
-3.650113573783798082e-01,1.593025524768732770e-01
-5.849842021570811346e-01,-1.861862646245476260e-01
-5.806917058172468282e-01,-4.662474038060585579e-01
-6.655763679551974787e-01,-8.515390463428880174e-01
-7.950781745665491673e-01,-9.547102671502705196e-01
-9.665799659001053090e-01,-9.610514956018197941e-01
-9.273548434359250026e-01,-7.980842037866096028e-01
-6.744049167325401051e-01,-5.646640260684180346e-01
-5.256983299994798520e-01,-6.305530249603610304e-01
-3.780481749220393484e-01,-5.235225530772124047e-01
-2.283540509523373507e-01,-2.151663980633065354e-01
6.628233340836063581e-02,6.926474440680674416e-01
3.794492235427276428e-01,1.069652515012510241e+00
4.572964031662971607e-01,1.458968413600757685e+00
5.041955919447521639e-01,1.747711151583601685e+00
1.436685732578937003e-01,1.732101786531990539e+00
-6.073942860105217140e-02,1.224506549074257933e+00
-2.644695825562634606e-01,4.840417737535850362e-01
-3.646469358065263650e-02,4.160158288796265702e-01
8.361736826520466473e-03,2.231964521764049636e-01
7.638788888559346069e-02,2.134644985726523725e-01
-5.231481868839537447e-02,1.644128686220085733e-01
-2.992745425633115963e-01,4.976515138246910275e-01
-9.702378533199541577e-01,7.477418721549363712e-01
-1.397996979800692374e+00,1.122749963745901525e+00
-1.517920292495649637e+00,1.342541456084080709e+00
-1.068163990354216164e+00,1.306239120062409276e+00
-3.673321588530983339e-01,9.631542708655685958e-01
7.123600528441974555e-01,5.085532777216745792e-01
6.430272777705854370e-01,-1.926779408268284033e-01
3.192122588228970548e-01,-1.210018312752694669e+00
-4.895197289976589428e-01,-1.959507870379731953e+00
-3.514382828471783182e-01,-1.923760985203161189e+00
-2.627622930512041322e-01,-1.503862899164664979e+00
-2.841404110377332981e-01,-1.261486917349611270e+00
-3.323099545502404828e-01,-1.126787561269985360e+00
-4.941902948578991844e-02,-1.161687707147438298e+00
-2.498657486970997862e-02,-8.069663040882010252e-01
-6.606646901301338470e-02,-5.546970806468789483e-01
-3.265254574276520994e-01,-2.372892499438744307e-01
-3.919011425791708580e-01,-3.083589794017583818e-01
-3.919011425791708580e-01,-3.083589794017583818e-01
-3.614556394018960672e-01,-7.025148090576652793e-01
-3.686622726870490419e-01,-8.847231698331723404e-01
-3.168345903748168713e-01,-1.065293274674048885e+00
-3.323099545502404828e-01,-1.126787561269985360e+00
-4.628940702860192546e-01,-1.665060736365638450e+00
-5.533046773210070768e-01,-1.819067044158796609e+00
-6.810071048717083464e-01,-2.104776136775206030e+00
-6.810071048717083464e-01,-2.104776136775206030e+00
-7.902148227445792150e-01,-2.320652753361943432e+00
-8.414896367198625438e-01,-2.142515836670975560e+00
-8.188207495359346444e-01,-1.662236364436317615e+00
-5.144441714166316793e-01,-8.496441973993851260e-01
-9.372050594961081615e-02,1.439956974421897906e-01
1.000185105069429509e-01,5.876383619824897542e-01
-1.317356844852121678e-01,3.970067815787042265e-01
-2.133420268228007066e-01,-4.807961900678246747e-02
-3.988264493736742855e-02,-4.352415816054893138e-01
2.669978452630236143e-01,-4.727794230790801633e-01
1.714510220634692661e-01,-1.551043654220622681e-01
-1.953657527592981558e-01,-2.293567602004240383e-02
-3.166681150145020385e-01,1.234187842687832354e-01
-4.661640104272769536e-01,-1.845454052666447298e-01
-3.636329712234256384e-01,-3.991739105462114856e-01
-3.507370746502590508e-01,-4.329611689107568107e-01
-5.484165899422435153e-01,-6.711664316856454926e-01
-7.924974017129872150e-01,-1.196106318666105395e+00
-8.765906711999044143e-01,-1.730273597544945030e+00
-5.421228091834026097e-01,-8.469614517747209304e-01
-7.013861343730097841e-01,-6.866325731875390082e-01
-7.655694400345539607e-01,-3.567243047141081813e-02
-7.377528841134045612e-01,-1.626934840603079246e-01
-6.972628096192543534e-01,-8.364577442416860908e-02
-7.597794920512563888e-01,-3.171676397970007444e-01
-1.049535149142446722e+00,-6.877870467801850962e-01
-1.156592904475683525e+00,4.157318434710336463e-01
-9.748005185882726575e-01,6.346679265373784684e-01
-8.366052584374790158e-01,5.707868833076488180e-01
-4.958803953747129012e-01,-5.454149160860172207e-01
-2.782545393295621783e-01,-1.165386568737282191e+00
6.535392309255250165e-02,-1.103079617893526265e+00
3.250521156718841898e-01,-7.493527569588729342e-01
4.296340797153885838e-01,5.383448486164724850e-02
3.946444031399553021e-01,7.213315910678713694e-01
1.446663715850777521e-01,1.030102068499209267e+00
-5.091483928659796820e-01,2.083529467008810698e+00
-8.113020989642618641e-01,1.766038317701023930e+00
-6.908045761176215827e-01,1.542872322373466165e+00
-1.504748990174327172e-01,3.911413922261032239e-01
-6.412989360140250450e-02,4.996148444053148396e-01
-1.599800055023117562e-01,4.835043585152965506e-01
-3.081011598507387705e-01,2.663600129843221587e-01
-4.069810756207607461e-01,-2.289787542941212339e-01
-6.480759436511038807e-01,-7.790378643050923646e-01
-8.781822493824475995e-01,-9.128193947073907077e-01
-1.129133452477758537e+00,-4.648323636651896518e-01
-1.152758108680396187e+00,3.181199506206608407e-02
-1.123296063598751671e+00,5.326243290910392947e-01
-7.479973469489809013e-01,5.709932476558559067e-01
-1.120897787907636917e-01,6.076092730554927268e-01
4.607404874695109620e-01,4.458231402206165317e-01
7.259762734761471270e-01,5.912560635262231745e-01
7.219957998416239864e-01,5.530961803729728121e-01
4.909759271024072835e-01,4.239257078690946701e-01
1.572802469986573359e-01,1.436193321901075848e-01
-6.959177199144776782e-02,-2.390818258492164450e-01
-1.834470133498685984e-01,-4.692896250687351167e-01
-7.757171633143343514e-02,-2.953968867508437457e-01
3.776223022868165913e-01,3.095501555225267376e-01
8.495297197009494816e-01,8.933217441051495289e-01
1.660669014484096540e+00,1.509316329769740284e+00
2.263960579998981704e+00,1.863633110370074064e+00
2.537235354232341145e+00,1.933767525089205463e+00
1.921107547745378730e+00,1.634009596123066732e+00
1.387698773491184756e+00,1.111782422389620217e+00
7.969097598072603095e-01,5.126929387603406107e-01
6.407648821742707446e-01,2.472900717107439916e-01
2.214875568878668655e-01,-2.418027054489598759e-01
-1.611892063231249242e-02,-3.461281093796083064e-01
4.375836957363715696e-02,-3.194947645064620811e-01
1.891474083747238799e-01,1.048614922400036287e-01
3.058352197744660383e-01,3.248070580295477905e-01
4.585467624741181858e-01,4.789708054090537348e-01
8.162220459052293986e-01,8.344055804498583528e-01
1.075227031131046118e+00,7.071221277785297854e-01
1.390396364681263597e+00,4.913059474736022336e-01
1.300331086243231349e+00,-2.283673427502586895e-01
9.404224502442629641e-01,-4.365177453124693963e-01
4.746527597135172805e-01,-1.010494605791725231e+00
2.154967922082320214e-02,-1.479958579383309658e+00
-1.125709511433560378e-01,-1.801478369904498722e+00
-5.038665949450745751e-01,-1.543042172806065704e+00
-5.342645316381005038e-01,-8.742273991439132308e-01
-3.437380431027091676e-01,-2.853048179838404419e-01
1.510608162694299095e-01,4.037493962699542638e-01
3.616210091459862719e-01,7.367288281102600811e-01
1.986322768314074116e-01,8.066942695938214003e-01
-2.478040073375911700e-02,4.989299139780402070e-01
-1.150884011619725533e-01,5.943245781374663084e-01
-2.028884817880296232e-01,4.398785239401965530e-01
-3.017669627526901599e-01,3.906662807191557674e-01
-6.287859156343247324e-01,-1.024048440269691579e-01
-6.913693773305001899e-01,-4.553099384169249642e-01
-5.226300484925868739e-01,-5.059279466876969167e-01
-1.230010934688590268e-01,-1.569761233804868594e-01
1.351534728213130143e-01,1.837015870808046680e-01
6.902904273923433642e-01,4.578482691951094030e-01
1.164851267119175082e+00,6.830122238381437505e-01
1.263702164771728143e+00,7.235137774540247868e-01
8.513165479823484594e-01,3.840183426443129489e-01
4.182953096445413688e-01,3.235243489632403935e-01
2.011750923667962321e-01,1.494205728319271675e-01
2.157396140218441616e-01,1.236558675755462244e-01
1.565416637026275648e-01,-4.581568748096878120e-03
6.394310168167048891e-01,-1.292498499189349559e-01
1.037404814324730751e+00,-2.386947394786811671e-01
1.300331086243231349e+00,-2.283673427502586895e-01
8.390530094823944740e-01,-3.782255747490258502e-01
3.156789217273262005e-01,-4.284046968597530203e-01
-2.114606216372303393e-01,-5.190979904467140083e-01
-1.761855376486687053e-01,-2.006028383454823982e-01
2.752274386763648439e-01,2.989778129436034271e-01
5.828946269196518815e-01,3.920003567919303489e-01
5.300751216517372022e-01,1.987836083887837835e-01
8.845651761188981776e-01,4.179528704691362617e-02
1.859954863406426684e-01,9.061473762835516033e-02
-4.252227480689126093e-02,-4.227448232554777141e-02
-9.488446072566871781e-01,-1.979206665771018891e-01
-5.032523598816748267e-01,-5.594980706160282979e-01
-3.789659595633504408e-01,-5.726579820714514657e-01
-3.772982828869099747e-01,-7.780358648310479186e-01
-2.582462783428267628e-01,-9.325110790285671136e-01
-2.861859887059077789e-01,-6.511173964505149181e-01
-1.151830414879979475e-01,-4.566910656762284693e-01
-2.177122529890872238e-01,-3.996559605855891095e-01
-1.872926497136194746e-01,-5.452495712696565633e-01
-1.166201352682383341e-01,-4.467793979130985638e-01
8.320939265982196797e-02,-3.514550267259924365e-01
1.442276992437721284e-01,-2.271110429640778028e-01
-8.504428584963337479e-02,-1.383955400617830067e-01
-3.402031898436549406e-01,-5.859880192579599439e-02
-6.642182378661057873e-01,3.561986505671669301e-01
-5.617611215011117931e-01,2.391921888130594531e-01
-2.154970741869150774e-01,2.856288420916303639e-01
2.437531587171844205e-01,4.080045152619877769e-01
5.755252317968667652e-01,5.654977932921571027e-01
9.104291101081826154e-01,4.805498050891279238e-01
1.321388620464077235e+00,-3.223093994120763695e-01
1.744673971845361660e+00,-6.310493518792182899e-01
1.744673971845361660e+00,-6.310493518792182899e-01
1.744673971845361660e+00,-6.310493518792182899e-01
1.342759361167956245e+00,-8.926254987806758745e-01
9.408463941852580614e-01,-1.224170514823110123e+00
4.138957619505709840e-01,-1.167976382016306047e+00
1.518926717100781976e-01,-9.775829544664279558e-01
1.789969756184583427e-01,-4.632449450172122507e-01
4.076544060446193329e-01,1.138845939720472128e-01
9.285092734791705604e-01,6.464068355941623434e-01
1.282377600018188790e+00,9.032019496692705873e-01
1.250878680670154619e+00,8.045862910764570719e-01
1.004191838983608642e+00,7.005349269689343794e-01
7.451004364180348061e-01,9.593800335510782595e-01
5.994038956822023145e-01,8.950742150087810378e-01
4.078061860725371579e-01,9.777862567869968213e-01
2.436267266777409901e-01,8.172653687616712181e-01
4.950480071510159896e-01,1.185570031577204198e+00
1.886433001601211801e-01,8.880350221158639368e-01
3.221757873770270120e-01,6.065101852037871888e-01
1.346742326456483174e-01,2.065461531367313031e-01
3.918415352466446122e-01,1.525697693615410688e-01
-9.697152769224934299e-03,-2.424885655136274354e-01
-1.304474881676245257e-01,-4.723041794139826166e-01
-1.104521067173399457e-01,-5.899175472695186162e-01
8.726259866894964246e-02,-4.798300790773209479e-01
4.691100881457047761e-02,-4.278567754461142236e-01
-1.471483514404667570e-01,-5.949949083131744754e-01
-3.015668590119491288e-01,-7.457893964722812630e-01
-3.177794262702021144e-01,-9.489480813506314671e-01
-3.462133037810723457e-01,-8.355635048599859838e-01
-4.125490973778631054e-01,-6.397720932571899777e-01
-5.364771930714838932e-01,-3.263650505297561732e-01
-3.504038377607180399e-01,4.122723187382658014e-03
-7.887927824646686625e-01,3.821453275277126305e-01
-1.243853658548964125e+00,6.589729795904533116e-01
-1.687436180769278371e+00,7.256262664889923109e-01
-1.134293686883069752e+00,7.566133413338353986e-01
-6.176615872781570094e-01,5.379019700898741707e-01
-9.942832958790213949e-02,8.834439392458431906e-02
-3.687256223096078700e-01,-4.900310250230266451e-01
-3.837699171133036047e-01,-7.904153432405107704e-01
-2.121214675939656347e-01,-8.113174518283364778e-01
-1.072208398218750941e-01,-7.929337794776416537e-01
-5.348368759869940453e-02,-6.737308437363300762e-01
-2.262619550045563699e-01,-5.799182578442639846e-01
-2.134534430113926018e-01,-7.251011987523999780e-01
-9.006575616541795393e-02,-8.468991172179510807e-01
1.483477280646600671e-01,-8.947285425828437333e-01
5.243124430121740565e-01,-4.250177538533725929e-01
7.450322704993826983e-01,3.963178324488050158e-02
7.447918501899400967e-01,2.624075542253825333e-01
2.604513097036638136e-01,2.786307822398825795e-01
-2.339338182082457418e-01,8.922550547856260283e-02
-5.235893367192975267e-01,2.713317890435044122e-01
-4.283687835910313102e-01,4.777095822835097372e-01
-2.306507133154618305e-01,7.415281323390756629e-01
3.019121089691846616e-02,7.741808721292341433e-01
-9.592807822609364377e-02,4.993313222693332443e-01
-1.505154114730725655e-03,2.427066670047919317e-01
-1.244164291867423805e-01,-8.077037675559040064e-02
2.894088367404906714e-01,1.120196814489088366e-01
7.225056188114201694e-01,5.799767460100447858e-01
9.884651432551135875e-01,1.363818561650795846e+00
9.256640053905021981e-01,1.980628237736976383e+00
5.126256827548217876e-01,1.608261158505839949e+00
2.349637688501099719e-01,1.103109214178467301e+00
2.690061203053284097e-02,1.296687231054664546e-01
2.690061203053284097e-02,1.296687231054664546e-01
2.276510853425316172e-02,-2.704759706261687380e-01
4.134434767949559664e-01,-1.007497137814610255e+00
8.201898233584118403e-01,-1.718159288191562384e+00
1.158320098415103194e+00,-1.945126691244482453e+00
1.043285960137785517e+00,-1.370043709083754724e+00
6.279855594601588820e-01,-6.129885610149190533e-01
5.079647996805928406e-02,-1.686204827397550510e-01
-1.330210514768765673e-01,-2.276173141828478907e-02
2.928194355322131029e-02,4.109638554495525509e-01
9.631578949141691992e-02,7.676414586203842427e-01
2.188833800590700984e-01,8.816771264186649137e-01
7.481565118804259229e-02,4.210724210941434453e-01
2.365531921868484488e-01,1.489527677784250811e-02
-1.470487654263166744e-01,9.687296071271700448e-02
-2.204583927127407583e-01,7.098058292022775273e-01
-2.319565067734342123e-01,1.561039839900511206e+00
-1.477536781808033994e-01,1.695345167683032894e+00
-1.118357816342294662e-02,2.034431173246435964e+00
-1.118357816342222325e-02,2.034431173246432412e+00
2.243276274208682586e-01,2.321240155620470258e+00
1.600655825362647389e-01,1.503225728633197367e+00
-1.113314510208602941e-02,4.490164807070014530e-01
1.546763006124518558e-01,4.245101926814997401e-02
4.803663666512839603e-01,6.107212191913551358e-01
9.565260516606705066e-01,9.057203442298248364e-01
1.877073328755452630e+00,1.236574245762163793e+00
3.228198569254181471e+00,1.568439392308555114e+00
4.812896956380740221e+00,2.550039814066456412e+00
5.886067544791372619e+00,3.472051598061069555e+00
6.174201291728517837e+00,3.993461748209302442e+00
5.525655860801903962e+00,4.171028953313079768e+00
4.017122857449687778e+00,3.697482267614372820e+00
2.351758468022131954e+00,2.961482368019998201e+00
1.140972258248402760e+00,2.320988443345753272e+00
1.140972258248402760e+00,2.320988443345753272e+00
1.026607505552927346e+00,1.792993507438931378e+00
6.015525471638535349e-01,9.750410211247244607e-01
-2.089058409459547960e-01,-2.639663155335485456e-01
-1.253982841419675476e-01,-1.591036459325162744e-01
-5.473445971433840707e-02,-1.563679511516700427e-01
1.945642296737499222e-01,2.906373092881769926e-01
1.759601842427396812e-01,4.078469386477240333e-01
-5.902383615449135340e-02,3.339730187972343445e-01
-3.632025372785711581e-01,1.460177171118044182e-01
-6.477477274165618359e-01,-1.907920027307876132e-01
-8.090752320554921440e-01,-4.064802925708352332e-01
-8.727265588086086101e-01,-4.608546317594104935e-01
-7.078282967060013364e-01,-8.110061423547582082e-02
-4.508929101172048926e-01,8.471283647823092677e-02
-1.224026829988380388e-01,2.544537135119762650e-01
-7.860801713882479766e-03,2.710469141303721921e-02
-9.214074531000007728e-02,-2.728368608109897342e-01
-1.954088795738684325e-01,-4.614307812229688222e-01
-1.410431543820111766e-01,-3.368895550597794109e-01
1.453235555382834665e-01,-2.627567778355383021e-01
2.429519628208548221e-01,-3.378460721995005800e-01
1.258633970141740666e-01,-6.945846195397595846e-01
-8.964937184500734735e-02,-8.402925015998005120e-01
-4.617324226073426380e-02,-5.829590892277213277e-01
7.771012060081612660e-02,-4.561733226238908201e-01
2.317035297036955654e-01,-4.157105397357341858e-01
1.208510822081028668e-01,-7.840774257536621272e-01
-4.043264825641025573e-02,-6.998404333696487400e-01
-2.948757998671141523e-01,-6.431777101982032452e-01
-3.739449407450209373e-01,-5.447638147784357177e-01
-1.372144106444083689e-01,-2.988716102563953037e-01
1.448288095528658670e-01,2.119887787805736223e-01
1.638792629221308972e-01,6.870388833040544929e-01
1.748465701657200833e-01,7.727612247273155655e-01
-5.822703507606947354e-02,5.138551321736211097e-01
-1.860779094119240917e-01,-1.061019333628442085e-01
-4.005117577511440041e-01,-5.142800145381652976e-01
-4.154786982289757624e-01,-8.191596922120730762e-01
3.772620450528272329e-01,-9.041105012863194235e-01
5.316783356492912338e-01,-8.627946504155163954e-01
7.584510955972070256e-01,-4.550747056215576625e-01
3.743346408421475979e-02,1.554732062143330054e-02
-1.609969731936624071e-01,3.445269208957420504e-01
-3.407824493735146509e-01,2.886831957834114504e-01
-4.313138035177127017e-01,2.421042930141707461e-01
-2.277916350574875626e-01,1.476226276652941316e-01
-2.174506897514533743e-01,2.258558102799869058e-02
-1.209044101168363916e-01,-2.751193186037823382e-02
-3.776654409674485846e-01,1.242881974565722691e-01
-3.310826386751530848e-01,4.337463179066055052e-01
-7.051975494465642091e-01,6.624603593448653571e-01
-9.269982451445328842e-01,8.125531301913341276e-01
-1.023503756762554451e+00,7.015832490476081595e-01
-7.669257469377015468e-01,4.454338052727889741e-01
-4.411919940658399208e-01,-1.369495873313635315e-01
-1.552351538714143164e-01,-2.428763835118812331e-01
9.749660600728457527e-02,-8.606577089907194167e-02
1.846798926388195095e-01,3.965227132380807484e-01
7.522496448807645952e-02,3.072511368676638654e-01
-1.132311482465662572e-01,1.486265669492005947e-01
-2.247522225678331431e-01,-2.424459086057731139e-01
5.043126345031224977e-02,1.800190567211782666e-01
6.210981872058329856e-01,1.091627697588731127e+00
1.185834756911526844e+00,2.270047424571226546e+00
1.574060264905611906e+00,2.950439737585818012e+00
1.622747196898032485e+00,3.053141147924407051e+00
1.207942748157188495e+00,2.424612450624752391e+00
8.053734746014695745e-01,1.795024357583862917e+00
2.074784155660838458e-01,1.170828865373235272e+00
1.634926484740479580e-01,9.351857341260845224e-01
2.020489939576851635e-01,7.157740057969923519e-01
7.007023207864352399e-01,2.588206153240116270e-01
6.455914350480629338e-01,3.996565387822815785e-01
6.803973831072062106e-01,4.378657448712282574e-01
4.556512265774636528e-01,1.314025522303019944e+00
3.970709678096701611e-01,1.320061218872398134e+00
1.154353408155217309e-01,2.391796962923881331e+00
-2.120305056279508382e-01,3.114486856911164558e+00
-3.797586754180212743e-01,3.524598812875328502e+00
-4.891212076920132268e-01,2.497109964493308798e+00
-4.187387841691807555e-01,1.347194821947531373e+00
-3.851180254631252353e-01,1.236539856807922777e-01
-4.700635435897981829e-01,-2.282540504693237882e-01
-6.595731672535219969e-01,-3.016835197119981937e-01
-5.348058582629665603e-01,-1.487930407165813373e-01
-2.428884665699728163e-01,9.398332248796292809e-02
2.767678445173672452e-01,4.030048707083138115e-01
1.871762955508864124e-01,2.959477750147166963e-01
4.024349996236854798e-02,2.464994000322637269e-01
-2.017750837155171950e-01,1.454592463698482219e-01
-2.017750837155171950e-01,1.454592463698482219e-01
-3.552803770718290233e-01,-9.308338337904832616e-02
-2.921014861311184707e-01,-6.054104198216132132e-02
5.180626940903595296e-03,-1.674096624241831199e-01
1.716486092151656706e-01,6.212730317729953794e-02
1.716486092151656706e-01,6.212730317729953794e-02
-3.200541820399124826e-02,8.898766054332583053e-01
-2.564141483895820972e-01,1.725147910828254805e+00
-3.838179926952898779e-01,1.755034721218181826e+00
-2.826046434167867605e-01,1.891424632232237224e+00
-8.390889930125927654e-02,1.754926259511278896e+00
6.703344601810111436e-02,2.066214612946358553e+00
2.995760341715718034e-01,1.696459402373495795e+00
4.360458638006267651e-01,1.171571449439710033e+00
3.025558702213778650e-01,5.602779520766770771e-01
-1.580343008600903487e-01,4.747561581456519741e-01
-3.929938011333393710e-01,2.537141363506990599e-01
-5.663318821311159601e-01,1.871071579559293596e-01
-4.362275328052749312e-01,6.383691898617147031e-02
-3.139478043246365924e-01,1.454905000074152022e-01
-1.561315072736453591e-01,9.592244799771815211e-02
-1.848550442246480741e-01,-2.228244687609207686e-01
-4.153391602157834317e-01,-5.557050822133832169e-01
-4.379107249005905755e-01,-7.943140675955634444e-01
-1.755772356221144137e-01,-4.545813596098010612e-01
3.077767561243196712e-02,-1.597058222911156844e-01
1.375045010199075490e-01,2.032162364156230583e-01
-1.848550442246480741e-01,-2.228244687609207686e-01
-3.651753042549219508e-01,-7.058798872514100431e-01
-4.097387111050311281e-01,-7.655861538862859250e-01
-3.424917359190176036e-01,-8.868904309908167694e-01
-1.967860521772378246e-01,-4.588391300462301703e-01
-1.168819314940185428e-01,-2.201650238879190591e-01
-3.857671746465390905e-02,3.504108146558241321e-01
-3.903781286643525084e-01,4.718121274515498231e-01
-9.248649991793012060e-01,2.524043301614616319e-01
-1.443649283132614425e+00,-5.052357457920585437e-01
-1.810653037485530303e+00,-1.165077315202494024e+00
-1.671672405287733421e+00,-1.570945916602979331e+00
-1.671672405287733421e+00,-1.570945916602979331e+00
-1.124677214903026856e+00,-1.523263641902835142e+00
-9.895550030539966846e-01,-1.153083869575986187e+00
-5.964938790915669253e-01,-4.521405649933879500e-01
-8.621705781570744298e-01,-2.351511103320711449e-01
-7.963414780518159874e-01,-3.449466687300088430e-01
-6.818901970080041286e-01,-8.978232430372038442e-01
-3.917703237569490904e-01,-9.301600396641358515e-01
-1.289687472609125363e-01,-1.050731755749428231e+00
1.642660201700633649e-01,-9.731434595572246993e-01
4.657086089098673720e-01,-7.080814214679510554e-01
6.389893128758300511e-01,-2.352737308248916415e-01
6.798701702235571132e-01,2.597307368030933872e-01
5.043120428186229631e-01,8.723644407321746730e-01
2.326647866966886913e-01,1.450278959182162541e+00
8.146613130689300819e-02,1.543610917950323680e+00
8.629524826723437847e-02,1.135802269016894961e+00
1.553553810572886607e-01,3.292910261117555915e-01
2.137080255399491022e-02,-2.096378935045655201e-01
-1.708131756511304111e-01,-7.010704547627389926e-01
-4.447884866284123051e-01,-6.408691905329323424e-01
-4.505286070422461209e-01,-6.475296074371967858e-01
-5.129843427861161542e-01,-6.049480625940159007e-01
-3.635715091829520573e-01,-5.726514797786340649e-01
-2.383314477284799726e-01,-3.898280774437729718e-02
4.806288166757388680e-02,3.120765074398442196e-01
4.137714976729563870e-02,4.251175464844372809e-01
1.090091480521539341e-01,1.198552115526731743e-01
3.197864850800802294e-01,3.445237170339834204e-02
6.005284691834238409e-01,-1.007808925025341223e-01
4.528748176194630215e-01,-4.345626755909957617e-01
2.431697626784720956e-01,-5.820897354281013847e-01
-1.722406958099662599e-01,-9.922537590072838531e-01
4.608372570201862972e-02,-5.812343361389087359e-01
1.757690576720258857e-01,-3.206756043831797687e-01
3.692470990211418336e-01,4.866011349111772910e-01
7.559878398290659218e-02,-1.561562871902907879e-01
-1.160342050003105863e-01,-2.194140408937610698e-01
-1.235545422289738154e-01,-4.415188033136768220e-01
1.306666923297208349e-01,4.209530400919951343e-01
2.208705715734844699e-01,8.984965780456121154e-01
3.061904043242149598e-01,1.387896769818954823e+00
4.027353976133662972e-01,1.480960683359543673e+00
2.065373083572400459e-01,1.123386506097988180e+00
8.971419555602133666e-02,8.973567915938068795e-01
-8.561571442941588728e-02,3.002679920040333683e-01
1.823464321839759206e-01,3.236047339310894194e-02
2.669978452630236143e-01,-4.727794230790801633e-01
2.610786569110616906e-01,-2.870609257065580566e-01
4.374550476837528457e-02,-1.497124142608877995e-01
-8.177360554356485900e-02,2.978875767161319743e-01
-6.596675703271411007e-02,3.684149454319810557e-01
1.080994412734564286e-01,4.347081340970844199e-01
2.347411426656002553e-01,2.826557431377528171e-02
2.347411426656002553e-01,2.826557431377528171e-02
6.556646528896961645e-02,-2.599462133002693465e-01
-6.208084342270230732e-02,7.503682387937342380e-02
-2.763525274640292739e-01,-2.320329741405260382e-01
-3.157252367413675431e-01,-5.284929241573156355e-01
-4.633904264099102943e-01,-9.152242900085366673e-01
-5.824479673029970828e-01,-7.687045026663028580e-01
-6.865705932578100024e-01,-4.026472742770678681e-01
-7.475575241141975136e-01,-3.148395949689871132e-01
-7.352843062427349974e-01,-4.483647634943448979e-01
-7.780151776001367203e-01,-3.868620563921112976e-01
-6.776668248870159061e-01,-2.221142840549116537e-01
-6.215320234850320036e-01,1.422557175458314394e-01
-4.159561085750593801e-01,2.614471879151762934e-01
-3.558241125858990217e-01,3.382270362267805752e-01
-3.785344776068484962e-01,1.722622168594226122e-01
-5.493534788097887978e-01,-6.409000081131213666e-02
-6.503820566558978777e-01,-5.562803906521532893e-01
-5.293236400990046775e-01,-1.290764609601175561e+00
-4.377433951082186359e-01,-1.615550959500263506e+00
-2.307327171821574874e-01,-1.632005658825360195e+00
-3.003151267469963415e-01,-8.487928993329866278e-01
-1.309883842124157649e-01,-5.162699560842732849e-01
-2.123840401546818468e-01,-2.648366064184736191e-01
-1.708131756511304111e-01,-7.010704547627389926e-01
-3.273987321512350501e-01,-7.344183510327635389e-01
-2.408795865269675041e-01,-5.607662769424914817e-01
-1.493251622123389077e-01,-2.473638482116326531e-01
-1.417054964110912030e-01,-1.309874738762584478e-01
-2.578605168866971442e-01,-2.784915334918944829e-01
-3.687256223096078700e-01,-4.900310250230266451e-01
-3.837699171133036047e-01,-7.904153432405107704e-01
-3.971245323187347909e-01,-5.045115442497579705e-01
-4.460309155590097552e-01,-1.581563198231642209e-01
-2.503000808525935317e-01,3.259036252434111547e-01
-1.977548739266336286e-01,3.506594653806653361e-01
1.939771266305530262e-02,3.837699335425456271e-01
4.493051668683398781e-01,2.464350141335782118e-01
6.559105908250484340e-01,2.245909201879863204e-01
5.830606361365051615e-01,9.625019545530753015e-04
-1.026714918358599821e-01,-1.200612791661903184e-01
-2.195619307564006251e-01,-3.512236006466206151e-01
-3.205088339419789323e-01,-5.839704377409378200e-01
-1.619211708862285937e-01,-4.000839738160135717e-01
-2.874263306418833319e-01,-6.317421822082606164e-01
-3.314109744390470458e-01,-8.141096341227703759e-01
-1.803541414784044228e-01,-1.291188101004445921e+00
-6.950826298504843292e-02,-1.765671965949493494e+00
-8.800212602448759247e-02,-1.860148178328569157e+00
-3.268118591971329034e-01,-1.693017016877667924e+00
-5.107184582982572385e-01,-1.114716448797550941e+00
-5.857038020455851424e-01,-8.403104595948874822e-01
-5.483916421359311677e-01,-5.125317654793881683e-01
-4.501115492076402935e-01,-6.618017168152835472e-01
-2.209720994079803214e-01,-3.943188133692465680e-01
-2.244693743122338492e-01,-6.704816405400544355e-01
-2.372296385177740108e-01,-9.176141227978620307e-01
-4.117455022057576741e-01,-1.172787038074295740e+00
-3.913972750276972778e-01,-1.153631043519393495e+00
-2.344392881064358003e-01,-8.561378119822111721e-01
6.737326051074825350e-02,-7.553260837059214694e-01
2.762001844669164652e-01,-4.065379259617921126e-01
1.443755714432307657e-01,-1.819563727500524697e-01
6.300223579310049171e-02,-2.730942547617463134e-01
-1.815221514874422459e-01,-6.758471824589517007e-01
1.843714108184541511e-01,-1.182022094555205571e+00
3.877751943670335044e-01,-1.290394856205315133e+00
5.205576177247162040e-01,-1.022632831713917501e+00
4.443138261040440185e-01,-7.296783910504895942e-01
2.399898861209804612e-01,-2.457637489451742208e-01
4.126672169317916472e-01,4.786240534404488933e-01
4.952227501506344387e-01,1.268060735073546441e+00
5.906872013172712599e-01,1.516422846939160074e+00
5.820981493687720221e-01,1.508929422179276170e+00
3.887531711848744576e-01,1.242527834045684232e+00
1.821597008123316819e-01,1.023337024624863201e+00
-1.723287535136943660e-01,6.741680432736361084e-01
-4.641961389898249801e-01,2.987694078965032474e-01
-5.385650406643905930e-01,3.781784272615740239e-01
-2.865723083954911377e-01,5.915576011652476929e-01
-9.925727270687129122e-02,8.603896439234022253e-01
-1.855731409872175552e-01,3.326343315957437929e-01
-2.791767994426309629e-01,-2.384726201868696271e-01
-3.395990402703396582e-01,-1.751393057921400709e-01
2.563919667484720333e-01,-4.277664829681681602e-01
5.284107373532127561e-01,-4.318493636809895841e-01
8.439617330692146258e-01,-9.262412804390688370e-01
5.054849977110114079e-01,-1.042412521023462935e+00
2.669702132203402023e-01,-1.069431619520924137e+00
9.813932980046276289e-02,-9.052672172395496153e-01
4.575862075290492159e-01,-8.605980743004747469e-01
8.670342441037083292e-01,-8.247688950006086817e-01
1.505967324138629992e+00,-7.791433472309730046e-01
1.671972782653849965e+00,-4.094985021091263055e-01
1.420226102645891109e+00,2.831740341416943280e-02
5.521641646207553489e-01,6.724354113658307375e-01
-5.778320495323709949e-01,1.298588940889878529e+00
-9.307614727544782918e-01,1.417554961527255131e+00
-8.823918677494607676e-01,1.085444074300255135e+00
-3.936526685798190650e-01,3.937924066793843103e-01
4.828069355823581821e-02,-8.467028341630700172e-01
9.472423835247579804e-01,-1.611091882760420591e+00
2.037458562376077253e+00,-2.137681968804356458e+00
2.884811144639085612e+00,-2.041615316432550564e+00
3.038437221434202584e+00,-1.984353821580848054e+00
2.243749745465308365e+00,-1.487340735211088338e+00
1.701230421697613515e+00,-1.648881813100218530e+00
1.472497063820612517e+00,-2.225753788330852689e+00
1.932800517673317842e+00,-2.949579605240081115e+00
1.852536372201483372e+00,-3.119908414732811774e+00
1.429725868533605393e+00,-2.604266406519794241e+00
6.500424235962742880e-01,-2.064953748822786928e+00
1.553389384008174723e-01,-1.278796556785484206e+00
-3.609999928265444358e-01,-9.149555343208139180e-02
-7.666988530046950356e-02,6.171994566594767306e-01
-1.584051475341746451e-01,1.158982258030127221e+00
-7.499190117199579231e-02,1.054970517870780000e+00
-3.227178588303387594e-03,9.760221242449489409e-01
8.248399150946676694e-02,4.823395900502817080e-01
1.309215242236582699e-01,5.993566707490880496e-01
-1.440812742502305815e-02,5.943747945166819729e-02
-9.452429312368501590e-02,-1.206069539479740632e-01
-6.875336811345476862e-02,-6.338924425446924582e-01
-6.875336811345476862e-02,-6.338924425446924582e-01
-2.792982400403100640e-01,-3.799428311654480805e-01
-4.488343257360393190e-01,2.079572300450300837e-01
-2.014743771201185640e-01,8.007713055454188655e-01
-7.411450366795806211e-02,7.859079467732976720e-01
-1.476497662591925719e-01,4.210635122791825391e-01
-3.312073814620052348e-01,-4.403233964043357096e-02
-9.405745665208479211e-01,1.342213737382560723e-01
-1.056238931346532350e+00,4.734420965338929088e-01
-9.644754412802917232e-01,7.943890662030246297e-01
-2.555873441151131353e-01,1.078406870132368134e+00
3.130007303688218251e-02,9.116132059368355911e-01
1.651428399160463634e-01,6.654285569425552049e-01
1.480249666052823321e-01,2.703271556474821091e-01
3.741338190594770130e-01,9.068292985100800951e-02
4.734489483123868192e-01,-1.594137907525058906e-02
4.660742682615250376e-01,8.352343816269823529e-02
4.112864717946894122e-01,3.207197758716476277e-01
1.568856570759624147e-01,6.716927464170978634e-01
2.200333009977508136e-01,9.313399857279411886e-01
2.906727742811803794e-01,7.792069973641934100e-01
4.394502868532543238e-01,8.479519583009689221e-01
2.547117943155457476e-01,8.512620649995272792e-01
6.980062388073855761e-02,1.156277147955975693e+00
-1.208742800921980554e-01,8.674777534178942373e-01
-6.708160534393185770e-02,7.388759966192034456e-01
-1.104191132499859063e-01,3.345896669629138120e-01
-1.071456496443575906e-01,2.979490278133452574e-01
-4.135943304746069193e-01,-2.041902262236877375e-01
-9.426698175196633889e-01,-6.581140159389412547e-01
-1.501397170673225645e+00,-6.736126360062973939e-01
-1.780402373313871189e+00,-2.985415998598141551e-01
-1.809536693592130208e+00,3.340448534126314595e-01
-1.517985184788323005e+00,7.319088095228333257e-01
-9.646925355677148373e-01,6.552063121751788843e-01
-2.317969949093565407e-01,5.903706846953495901e-01
8.923517169946511285e-02,1.962686293975807184e-01
1.504222668605196545e-01,3.334839190304845213e-01
1.980030650229661592e-03,5.009282622682218467e-01
1.795489013794663302e-01,8.241878356767335934e-01
2.950686652386553255e-01,6.616602844486204615e-01
3.853479705930868415e-01,5.828128156842654617e-01
2.766346089962654631e-01,2.939659448983993895e-01
2.911813737999550122e-01,9.281337222235924722e-01
3.888075771254347890e-01,9.831550800375868926e-01
4.988159642897490587e-01,1.171989872286760104e+00
4.191041683000767404e-01,7.171825706406458334e-01
3.721558623302914093e-01,3.146083840814176136e-01
4.041814085455765482e-01,1.380652316936817059e-01
2.261759869495671982e-01,-3.746137252224620434e-02
2.630272144046516547e-01,-3.740046324245359377e-02
6.020157001336422231e-02,2.093535122579303354e-01
1.269270668155348947e+00,7.288653605336194996e-01
2.709071690353455519e+00,1.584999143115144893e+00
4.410520134231476597e+00,2.590863100591466406e+00
4.574351285964987746e+00,3.027139608293100803e+00
3.412897749659618896e+00,2.753597964644656670e+00
1.716117604914471961e+00,1.751798670760034149e+00
6.504171964494351865e-01,9.715867450448886222e-01
3.079955077528306884e-01,5.771543477429951219e-01
-2.436401580147836421e-01,3.933059246802958486e-01
-9.017547681526868475e-01,2.640694268082593443e-01
-1.036861560427476237e+00,3.186504318822942494e-01
-1.102268403971962796e+00,1.597794494597064019e-01
-8.053253467084517947e-01,4.523431499163499403e-01
-6.377855618507300983e-01,4.110928620665526556e-01
-5.692757986554102256e-01,2.992555721512766720e+00
-7.764805488092881847e-01,6.585210605983500720e+00
-8.140188795104934538e-01,1.175053229716977654e+01
-8.423385150282001188e-01,1.623674812101856801e+01
-8.251577357851214156e-01,1.874294631614191431e+01
-7.742659901698889513e-01,1.807728922715302389e+01
-6.408475915374372001e-01,1.451603711791540441e+01
-4.472402794495274891e-01,9.424493847271717684e+00
-1.620061881566844664e-01,4.587682347546779837e+00
-3.190092709799395854e-01,6.074839175189054030e-01
-8.542009851842800039e-01,-2.184040338831757799e-01
-1.519667667374194897e+00,-1.379978431539123918e+00
-1.978081492702660427e+00,-2.438958017778198872e+00
-2.070587591406722883e+00,-2.990383569036917599e+00
-1.877969250580374894e+00,-2.692521159949239795e+00
-1.453237807237662160e+00,-1.589141518017810117e+00
-9.025234363033168838e-01,-5.208633190675878710e-01
-3.947002852403147521e-01,3.092080935197699665e-01
-1.708985327116656905e-01,2.345573808949578398e-01
5.852882925769183758e-02,5.545402721148744440e-01
1.326445166205075896e-04,8.120696749161302463e-01
-2.814561284402737895e-01,8.751155014705400692e-01
-3.136502557291847570e-01,8.962870786409043999e-01
-3.093444184846973477e-01,8.088750945881220122e-01
-2.125771454130227084e-02,8.553690357034859915e-01
3.089582535088478826e-02,7.077390112708258352e-01
1.945942336010360874e-01,6.660009664949119168e-01
4.448550945305130844e-01,4.801134743663361681e-01
5.754150604549480574e-01,6.181866897379252324e-01
4.902239063017576615e-01,3.404070210015441300e-01
6.921306828383631121e-03,1.198063363243245943e-01
-3.511098274028448540e-01,-4.174240252805549445e-01
-4.885452296630938274e-01,-4.967418794980329455e-01
-5.433945279632326208e-01,-5.713815745519710276e-01
-2.572461950636726891e-01,-1.181197494725195085e+00
-2.027939974548463309e-01,-1.075530573862182537e+00
-1.652762854571254020e-02,-1.071358884594685534e+00
-2.167155818086713703e-01,-6.820122557257803919e-01
-3.100475523578325454e-01,-9.990138059996068742e-01
-2.030157719088745150e-01,-1.062697137924462742e+00
-3.305956959179685017e-01,-1.210886575215210703e+00
-2.227219291799442391e-01,-8.643143146333084337e-01
9.270831103652954486e-02,-1.687218065143501478e-01
2.637617730393688742e-01,2.911595312099523047e-01
1.076753820866581945e-01,8.144892316942539678e-02
-1.663201407371748264e-01,-5.428171297632327086e-01
-2.220759598065840112e-01,-8.815504986620964489e-01
-1.641161488785458367e-01,-9.784909787026575545e-01
-1.488556756977049700e-01,-7.157322088533946136e-01
-5.266796669858204299e-02,-1.112458435321384831e-01
-1.819501360446400262e-01,1.015922891260303412e-01
-3.372086419838229432e-01,2.474056451427159020e-01
-4.545071914295918947e-01,1.285571756137909583e-01
-2.725866797864699431e-01,8.037819480647562242e-02
-4.984289527097142125e-01,-4.464625243840804614e-01
-4.973784302737123131e-01,-6.588408727548148436e-01
-4.975148667622790732e-01,-9.112479174063334852e-01
-2.799853255069540969e-01,-1.000368676980182281e+00
-1.136150108720792445e-01,-8.267483816311195222e-01
-1.783052002508222766e-01,-5.436784209765880282e-01
-1.475978979445896622e-01,-3.501094822427391895e-01
-5.460709332925747228e-01,-4.950423134767938937e-01
-6.952066795164174584e-01,-3.345789373486766638e-01
-9.862554575343353003e-01,-5.198608917694985676e-01
-8.176318134086377754e-01,-5.054614139786272053e-01
-9.324836177184014918e-01,-1.105721085254503189e+00
-6.294528804211840800e-01,-1.195635641590142351e+00
-5.728250874272099447e-01,-1.307550236611135341e+00
-1.136150108720792445e-01,-8.267483816311195222e-01
-1.783052002508222766e-01,-5.436784209765880282e-01
-1.475978979445896622e-01,-3.501094822427391895e-01
-5.460709332925747228e-01,-4.950423134767938937e-01
-6.567688898774810546e-01,-3.601485594310692706e-01
-8.577623833865034575e-01,-2.284936803374066627e-01
-7.027854123634759143e-01,3.907833127173578058e-02
-5.602080118429954014e-01,5.651553775227291521e-02
-2.990206971164099947e-01,4.451776195507133049e-02
-4.177857745998261318e-01,-3.160279674238933301e-01
-4.447821329492113174e-01,-2.376455155918822948e-01
-5.159139762887835490e-01,-1.204188944075282874e-01
-2.860230139659198922e-01,4.544560961277824829e-01
-2.042043766594997256e-01,3.695128613592053579e-01
-4.613979709683272978e-01,4.532465673526769184e-02
-6.427448917229465764e-01,-4.246353829774404676e-01
-8.483791417436066240e-01,-2.853363376247997629e-01
-5.216537714151933125e-01,2.551230884458405845e-01
1.177189625844086845e-01,1.292205870224584885e+00
9.761725457571969189e-01,2.394248017127384998e+00
1.558309053115656262e+00,3.060228293097816632e+00
1.692744918233084483e+00,2.941734654314687170e+00
1.259539190523357721e+00,2.190520489313408259e+00
6.427045774850831394e-01,1.115760533157664325e+00
1.830418193184984166e-01,1.396522235561941383e-01
3.744908801048807412e-01,-6.203598090521021680e-02
6.428262239185982274e-01,1.047329103778064513e-01
5.984249913438716151e-01,1.944947141276214819e-01
4.677000924162709738e-01,6.568057252014747327e-02
2.295440657181930244e-01,-1.920722135239225636e-01
1.053086364978026990e-01,-4.819607211357523346e-01
-3.308055309933492089e-02,-3.798905555927051814e-01
-9.330370719976714688e-02,1.322714480659808456e-01
7.348599029530765436e-02,6.736328875102585156e-01
2.272444517462841873e-01,1.195358114801613691e+00
3.586567323260124729e-01,1.330824634917375793e+00
3.646740214201678598e-01,1.574187791133715209e+00
3.957961553042775305e-01,1.734153704237731741e+00
4.016668208408346596e-01,1.654909255183157679e+00
3.867108635439413522e-01,1.464374178582365404e+00
2.039329136854700075e-01,8.469998845446633506e-01
1.224652510278328860e-01,5.185160761011567976e-01
1.261033320782280476e-01,3.831884605178519365e-01
2.966809269949009509e-01,9.135818954281261783e-01
3.727708789934618960e-01,1.303406936796615678e+00
3.558015595837719092e-01,1.375608448118136096e+00
2.108820722117972501e-01,1.177168268363982362e+00
1.505357407368822786e-01,7.977142038185748296e-01
-4.234223696739713300e-02,6.893768964607529526e-01
-4.010714088570298264e-02,1.040505861962114809e+00
-1.049372592188025644e-01,1.592996305134234847e+00
-1.587111108211646526e-01,1.893983391339249422e+00
-2.382343792648989322e-01,1.997453689678670763e+00
-2.619921206228207899e-01,1.748109149090221637e+00
-2.324586357073746556e-01,1.437169011984001044e+00
-2.489468789217642031e-01,7.726021587256449719e-01
-2.585042136881777197e-01,3.354967430862767497e-01
8.386314081685460886e-01,8.352695083969195744e-02
2.413420243856819969e+00,1.959011721551662255e-01
3.696740716912672031e+00,3.977608942150022142e-01
4.224476016881792972e+00,3.842789642006159689e-01
2.988778656190258953e+00,1.465211747398521003e-01
