1.328440735669594863e-01,8.303086892331705826e+00
2.435226051374794198e-01,8.409258833140649259e+00
3.901309877327014952e-01,7.435038781175554057e+00
2.993836538005044678e-01,5.694058544887293571e+00
4.885110517958580756e-01,4.034934665482057703e+00
6.457936667263811659e-01,3.151262947474353204e+00
8.974462379088135044e-01,3.374349080260568012e+00
8.899473833803669409e-01,2.721440751791474266e+00
8.120313263262829429e-01,1.830535444164096859e+00
8.257748903393001827e-01,4.569522060674989228e-01
7.161317608332233853e-01,-3.633362920572935639e-01
4.629218154326616430e-01,-6.653709452537460711e-01
8.808102043746526832e-02,-3.009059355829194482e-01
-2.650228085172102732e-01,1.405253118166331916e-01
-6.338429649104811991e-01,5.241859892338017746e-01
-8.787603865862967378e-01,7.093961135572471877e-01
-1.017175683107420792e+00,8.719907296688859111e-01
-1.185729137487146145e+00,9.209440892439676452e-01
-1.305441926969391320e+00,8.994884442251012135e-01
-1.457312926911473072e+00,7.473964999875851722e-01
-1.411684015303215300e+00,6.324066452531932336e-01
-1.250656656305508152e+00,4.878571423607751534e-01
-9.577425587414333252e-01,2.838167463348908459e-01
-8.066075923714777218e-01,1.897943981645534850e-01
-7.689590259948699824e-01,5.159496594649585349e-02
-6.808857013147023851e-01,2.815424048225676490e-01
-4.510174145150285807e-01,4.119149978583401817e-01
-1.865358340811729965e-01,6.773729351695200185e-01
-5.928435881653195544e-02,7.094891404326632012e-01
-1.259223498395826146e-01,5.467354694464748865e-01
-4.782390228584235126e-01,6.277192617782341444e-02
-5.733074171501877370e-01,-1.889038495182273070e-01
-6.331341722287239238e-01,-1.995475988872540407e-01
-4.088284797534592618e-01,2.690590525005026046e-01
-3.866661739707510370e-01,5.411385570215114793e-01
-4.859290901410636132e-01,7.287037305772988693e-01
-6.040929816544335917e-01,6.783873638132743578e-01
-8.143347303252997937e-01,4.816613816481264965e-01
-9.846179309330287399e-01,1.643632660279877034e-02
-8.296729805811496883e-01,-2.451818171385476974e-01
-6.586497797966689438e-01,-4.044118302012723598e-01
-3.708584327815656612e-01,-3.985220532064424614e-01
-2.896571212014609764e-01,-4.525735345966838685e-01
-5.288043473402032069e-01,-4.011769469304088953e-01
-7.417048922816930068e-01,-1.527714977157776204e-02
-8.961636259309008201e-01,1.950678746661668184e-01
-8.961636259309008201e-01,1.950678746661668184e-01
-8.961636259309008201e-01,1.950678746661668184e-01
-9.284654356978935263e-01,1.841239233035565359e-01
-9.082215590548154971e-01,2.449350264844915581e-01
-8.780684257696802497e-01,1.224157625083790446e-01
-9.284666994795646167e-01,1.841190813032528018e-01
-6.226621606016872201e-01,1.427562834651733559e-01
-2.945639830625135791e-01,2.178247682053404133e-01
4.753660618843595920e-01,-2.851588415623940165e-01
1.244608403456075152e+00,-9.647538243558835269e-01
1.936515810315265540e+00,-1.763890079147573564e+00
2.274362636953059180e+00,-2.241884602075725041e+00
2.260250372107073691e+00,-2.345366076688989665e+00
1.932625880507770511e+00,-2.055266947461345861e+00
1.443226294453935576e+00,-1.538206614374937997e+00
9.588836444867340214e-01,-1.072342665010061591e+00
5.307594976264088382e-01,-8.333219616051119605e-01
2.994659998643917076e-01,-9.836936919141957558e-01
1.554920513578134933e-01,-1.421954774270527411e+00
2.799911281421885167e-01,-2.053066023799483997e+00
6.443478073755374291e-01,-2.870873385906337560e+00
1.214148068580704454e+00,-3.663742561147872223e+00
1.787833139531217252e+00,-4.708909192944213729e+00
2.237221143552821534e+00,-5.684520456811584133e+00
2.401742533157765980e+00,-6.330587717607309983e+00
2.202906019434340390e+00,-6.351903401914976044e+00
1.688890786450318870e+00,-5.678841363710978030e+00
9.752199622680177704e-01,-4.331038677810040483e+00
2.661303135288299315e-01,-2.796143231240130866e+00
-2.321589187190239434e-01,-1.345810944371282014e+00
-6.105300041588846982e-01,-8.883447078262813879e-01
-9.047784711612886221e-01,-4.764208219037879277e-01
-1.037452938732147834e+00,-8.046377843138893260e-01
-9.637175166103182367e-01,-6.395368604445688110e-01
-8.033922325554706534e-01,-4.794558433868875702e-01
-9.343678275658278132e-01,9.715264493232909915e-02
-1.149163688118471471e+00,6.393968302130673687e-01
-1.442475255169243464e+00,1.116320825958263985e+00
-1.572185015196256641e+00,1.916938325179506020e+00
-1.554976035266026013e+00,2.834584888125494029e+00
-1.490762908980959311e+00,3.871743926060746688e+00
-1.219657716815912840e+00,4.780763522122385645e+00
-8.852187626133918297e-01,5.651124663601136078e+00
-5.348094920228629867e-01,6.452859767074909492e+00
-1.845310718649200155e-01,7.419059150756521781e+00
9.829631026701105001e-02,8.073292043421503195e+00
2.971460370901937709e-01,8.523190161512633978e+00
2.971460370901937709e-01,8.523190161512633978e+00
2.971460370901937709e-01,8.523190161512633978e+00
3.314468904233995872e-01,7.573399643909236367e+00
5.207510217840719546e-01,5.943272330615320342e+00
5.376164241121956788e-01,3.879844245339472142e+00
3.680059484007525139e-01,2.084275512506995387e+00
2.468060924601464534e-01,9.733662421336258808e-01
2.962838005034700295e-01,2.275739710767241408e-01
4.653935530957931666e-01,2.409961642110609870e-01
3.318552313493283723e-01,-1.487453109399108735e-02
-3.574642588092656614e-02,-2.406702682932493620e-01
-5.821553178425087349e-01,-4.675367305160548215e-01
-1.116164045768530677e+00,-6.330609489989776906e-01
-1.456106312043774942e+00,-7.240475038992040258e-01
-1.471604601491514508e+00,-7.363926193967857969e-01
-1.325279892539974247e+00,-7.084281882706875422e-01
-9.901617357074169457e-01,-6.860512004417284038e-01
-6.985470970872763585e-01,-6.041029031919875614e-01
-4.378325316073891638e-01,-3.621497335197382816e-01
-2.054834190766689495e-01,-1.941554362704066977e-02
-7.906796935487082900e-02,3.174010154660508731e-01
-4.198783816616023096e-02,3.901522303820521009e-01
-1.033504083596523820e-01,3.679441760257767258e-01
-2.127615548411696256e-01,2.292549897996062069e-01
-3.474252712235529894e-01,8.683026920147278449e-02
-2.876481605604375713e-01,4.955356373073874221e-02
-4.852611285296491717e-02,2.275049931858130203e-01
9.550799110533152170e-02,2.091363789289515940e-01
3.045931994086192168e-02,-1.122445818211794365e-02
-1.989910320131679233e-01,-1.869124828005032934e-01
-1.573192482050125574e-01,-2.618664687183649975e-01
3.954512203253558733e-02,-1.430098706765164096e-01
2.544752525648263930e-01,-2.173208025406312693e-01
1.664042060778988530e-01,-1.960570139862683470e-01
1.739990703934414518e-01,-3.019228786611645177e-01
1.917823093631317311e-01,-4.066962899088433780e-01
3.432786100231196569e-01,-4.754185387720574196e-01
3.483489373802920452e-01,-4.024360141590571649e-01
2.776554398364598497e-01,-2.750309833656307545e-01
9.751660336744882862e-02,-2.014950490900694613e-01
-1.352751306332414805e-01,-2.276804988470081392e-01
-2.546648379138190532e-01,-2.985803442620286741e-01
-4.802644715947833598e-01,-2.350292395817320801e-01
-6.607375092188522148e-01,-6.686987456392741447e-02
-6.690818453998105264e-01,1.196960421528195234e-01
-5.165343751013363738e-01,1.775883062017460934e-01
-3.022500141458535072e-01,2.107679504537096349e-01
-1.211831874387891417e-01,2.902724898260112818e-01
-6.320851485805935310e-02,4.183484396107844949e-01
2.192907302463629245e-03,4.178933440076658679e-01
-1.311458022421508607e-01,2.811084889370138451e-01
2.902689089868210615e-01,2.043229052283531133e-01
1.194599799937041823e-01,-1.161400011001239296e-01
1.985825141433247287e-01,-2.734752604636016271e-02
-2.753592026180485819e-01,9.300451066545506462e-03
-1.402767902137892209e-01,3.155728295245354142e-01
-1.163301286138131718e-01,4.026791199306765656e-01
-1.674834424014219267e-02,2.702501133950921952e-01
-4.341531055522034055e-02,-1.330542253685438811e-02
-1.151857319187239298e-01,-3.022208109937990494e-01
-3.215054250945711956e-01,-5.197073284502231605e-01
-6.402379036087096909e-01,-6.188350187874839259e-01
-8.382380575910329812e-01,-4.915186381198718424e-01
-9.780739129458281278e-01,-1.718685215174923231e-01
-9.096905176044024488e-01,7.838196081290910167e-02
-9.664957726771576940e-01,5.818492801597953124e-01
-9.978680125502987774e-01,9.347554098352072183e-01
-9.421148986947268655e-01,1.082168505076259279e+00
-8.229360228586499737e-01,4.988264471625397101e-01
-1.060912945192408335e-01,4.119745848283949685e-02
3.651419551092805610e-02,-3.287586611803118841e-01
2.446963804205207760e-01,-1.067171318284143161e-01
-3.409210389959018705e-01,-2.645700657726055005e-01
-2.587483078072544407e-01,-3.804384801958236584e-01
-2.587483078072544407e-01,-3.804384801958236584e-01
-3.296396141272925906e-01,-3.822185771090447770e-01
-4.427049988363753186e-01,-4.537893180269551574e-01
-4.785280653801881612e-01,-6.081897107387839174e-01
-7.014008049050236560e-01,-6.987394993471596205e-01
-1.040797241766315162e+00,-7.526918616978471865e-01
-1.423730341666221033e+00,-7.427752805760898802e-01
-1.508067214188791860e+00,-7.348193454819895720e-01
-1.471561382675672602e+00,-7.579788775126212741e-01
-1.433903111635621563e+00,-7.592651346345469232e-01
-1.423730341666221033e+00,-7.427752805760898802e-01
-1.508067214188791860e+00,-7.348193454819895720e-01
-1.471561382675672602e+00,-7.579788775126212741e-01
-1.497180903267675722e+00,-9.744636011408012166e-01
-1.498674405882694849e+00,-1.009693862653043173e+00
-1.515140361858352547e+00,-9.779348609692918304e-01
-1.300472281124283036e+00,-7.658971828194484077e-01
-1.002702873821170071e+00,-7.157186412305612810e-01
-6.951460286028312563e-01,-1.133169522092326131e+00
-4.206585427384449405e-01,-1.360014871279311865e+00
-1.056660413908574458e-01,-1.476013560181281603e+00
2.944170570640505247e-01,-1.175195032868159739e+00
5.024555335041628323e-01,-7.477635526158719070e-01
5.397665789581344020e-01,-1.760071827756609364e-01
3.212879505921386047e-01,3.288086020478812599e-01
1.268319262046427032e-01,6.169679738245635869e-01
-6.704552242014855112e-02,5.689531743335823899e-01
-2.826289467406752354e-01,3.712910058630596311e-01
-5.206393293802872302e-01,-8.084781084862184206e-03
-6.626820513929068124e-01,-4.051635182095987275e-01
-9.348561735253753113e-01,-1.360526866505016086e+00
-6.560438419033997048e-01,-1.867436272575615064e+00
-5.226649823524993632e-01,-1.839129025223953384e+00
-1.142799337390050102e-01,-1.233871789151431697e+00
-2.112178427903865230e-01,-7.111560511663430617e-01
-1.818393929225204098e-01,-6.602507887171774614e-01
-2.610935819386335788e-01,-3.982537638914925848e-01
-3.244487219961677549e-01,-1.362047914106934710e-01
-3.704020320503378372e-01,5.183080227669015910e-02
-3.028339628389458693e-01,3.150994285964585084e-01
-2.187417307208309458e-01,3.302659091820908666e-01
-1.553929718500405566e-01,3.516425721651542657e-01
-4.955573800202671131e-01,-9.318673576509854672e-02
-7.110940820230663428e-01,-3.443061900682613530e-01
-8.085995372588495878e-01,-3.034644620161707773e-01
-5.637348913647124427e-01,1.165417787480274997e-01
-3.932668946930347742e-01,2.657726889679924986e-01
-3.242430048315365632e-01,5.407806011761776555e-01
-3.136699008160176438e-01,4.409671807847238001e-01
-3.511584520736236725e-01,4.916772803409886761e-01
-3.408975768962664299e-01,2.602369470850307009e-01
-5.426163031343542720e-01,2.000812827386100334e-02
-4.988009168649443770e-01,-1.048489621294452917e-01
-3.999141119864846328e-01,-3.781068622264737583e-02
-2.411747101160767737e-01,1.442478797555058478e-01
-2.721451667867150759e-01,3.572761905868817589e-01
-4.253368806570503313e-01,5.149407268808759985e-01
-4.554615344115810482e-01,6.711145334448184174e-01
-3.315178936175769420e-01,6.826650112652188351e-01
-3.053880463087391695e-01,3.081627350390017672e-01
-1.703498994633881602e-01,4.673963936126945273e-01
-1.433409155832385817e-01,1.193689438746823761e+00
-3.902157894328641685e-01,2.129181710153241980e+00
-9.234187182637976221e-01,2.734521264508573690e+00
-1.610753939822354930e+00,2.734959858268562360e+00
-2.132146974105375570e+00,2.781979151536736250e+00
-2.395029600869987618e+00,2.592746428767124023e+00
-2.312581746053455678e+00,2.195001023582533684e+00
-1.973203001279449031e+00,1.675996659942854405e+00
-1.549682023899647820e+00,1.125339952757617779e+00
-1.054624937332338197e+00,6.904428494182023313e-01
-6.299031028352973793e-01,4.456580100637578257e-01
-5.435447081112135814e-01,5.132291464796228109e-01
-5.952378505493766125e-01,6.295837928102308023e-01
-9.490139368396118824e-01,9.920583054829358316e-01
-9.158520331098076728e-01,1.051119691370467235e+00
-7.990760515729160574e-01,9.651667467347937457e-01
-4.108834830452716691e-01,5.420727761564986258e-01
-3.079602819629448929e-01,3.728799167827115402e-01
-2.265442049864662688e-01,1.833728741064955536e-01
-3.232333958832704912e-01,-1.170595510799032901e-01
-3.609034598853085307e-01,-2.914571465477832635e-01
-4.443323365152389015e-01,-5.332201066414825608e-01
-4.443323365152389015e-01,-5.332201066414825608e-01
-4.638536375587042904e-01,-5.450863231866531766e-01
-3.898813170867670430e-01,-5.433117470724427855e-01
-4.001404217480458714e-01,-5.893180765954744160e-01
-5.611597198107186601e-01,-4.256302561408129570e-01
-8.696260017942492038e-01,-4.861021860132380690e-01
-8.121649845500724663e-01,-2.322829520949032112e-01
-7.595974698166982897e-01,-3.592494062494645535e-01
-2.673666134500852221e-01,-1.727020386525029427e-01
3.353636909267350141e-01,-1.880885827962659185e-01
8.739185814229657456e-01,-1.641903596806057117e-02
2.876921400545907392e+00,2.658443274912147825e-01
5.896299310705803265e+00,4.881556036982060975e-01
8.794218954356443518e+00,7.656127850306596594e-01
1.082848130825868971e+01,9.261397804070612416e-01
1.114123750824445835e+01,9.849416020086834145e-01
1.149602833672321189e+01,7.235412703698861359e-01
1.139543987549519422e+01,4.708087948961208191e-01
1.109277873846794193e+01,3.935805233948066473e-01
1.072935078355313543e+01,3.341357854060702515e-01
1.086890082048473438e+01,3.188804413449565778e-01
9.707473668964956559e+00,5.561665596397384614e-02
7.728873412457477166e+00,-4.036202134261214491e-02
4.667384890399190134e+00,-1.604228834507356316e-01
2.424630841977742257e+00,-1.039857452238363844e-01
8.151609466662712578e-01,-1.218064748010836695e-01
4.927978545459757442e-01,-1.019090181961491565e-01
2.213910517444071802e-02,-2.169932362173230267e-01
-3.023293566626284457e-01,-2.638835992942547559e-01
-3.776295129888381230e-01,-3.209704257922303405e-01
-5.964631616901373556e-01,-1.145701409835727103e-01
-5.519864058202699209e-01,-1.184570284952123354e-01
-5.104961465824485733e-01,-5.603133073148671567e-02
-2.908393361637692243e-01,-2.158821038287553618e-01
-2.397658854977325338e-01,-1.464095625269301593e-01
-2.337744390862961097e-01,-2.198339350638326417e-01
-1.147798092875482456e-01,-1.076555994019398749e-01
1.250168503193487823e-01,-5.522238917473344319e-03
4.329784088143063814e-01,1.060018380137678351e-01
5.896264979937290152e-01,-1.164759965368764028e-01
3.650941682697017021e-01,-7.615982576473843135e-01
2.641353955280858479e-01,-1.172630041150822588e+00
3.132820589615492590e-01,-1.293667281583331219e+00
5.679890067375819029e-01,-9.757841568560157164e-01
6.863024914855794245e-01,-7.585059892425742856e-01
5.780625300085735496e-01,-6.092744266614591453e-01
5.151123314104206763e-01,-4.968568396421729205e-01
4.691905180425227639e-01,-5.533889202083263070e-01
1.658906648708030618e-01,-4.888775506458281073e-01
-1.629974761071225076e-01,-4.461886128898817083e-01
-6.560439192830287425e-01,-2.021455513709703444e-01
-9.307497564196797191e-01,4.502805885200879266e-02
-9.042816940627474986e-01,2.336875004007189505e-01
-6.717733279205934105e-01,2.625423657233857400e-01
-2.468246917177893962e-01,-1.673408419188735230e-01
-1.138360323233169880e-01,-1.052012479759357078e+00
9.977543873649026562e-02,-1.558886632364559377e+00
2.428467600157213913e-01,-1.773045951680098264e+00
3.664581381850230413e-01,-1.334329595044601913e+00
2.948986468831551466e-01,-1.032381677725986657e+00
5.240218754686144786e-02,-8.143315243480520049e-01
-7.074924513048520824e-02,-2.825609639706830878e-01
7.447446931947593329e-02,-1.257758692252747279e-01
4.187382919343012877e-01,-6.475604782909395729e-02
5.386279481719430384e-01,-3.437391993253990363e-01
1.456110892895237374e-01,-3.635171189178567075e-01
-3.973424903254293428e-01,-1.822468700221706595e-01
-9.307497564196797191e-01,4.502805885200879266e-02
-1.263894236764021128e+00,5.474869654119811635e-01
-1.372005308340543905e+00,1.021459127230254671e+00
-1.271615938439737636e+00,1.335516674509858559e+00
-8.130049755903167030e-01,1.197703528944127349e+00
-3.753511393189351009e-01,9.308952545943462997e-01
-5.880024965766571243e-02,5.405638783474014941e-01
-1.073579255397036358e-01,5.466720782507967780e-01
-7.821391883888249852e-02,3.529761829503237358e-01
-1.931296825300943265e-01,3.022088234085896774e-01
-1.620251993188801809e-01,9.865495699473031746e-03
-1.676916444421945318e-01,-2.177813521976206257e-01
-2.873594060888932100e-01,-3.916770925001403780e-01
-2.175404437871764629e-01,-4.571956229177740472e-01
-2.418053767540256915e-02,-5.478501133694024805e-01
2.497484538988728742e-01,-3.553006351025462251e-01
2.261153713978488744e-01,-9.180628576884649616e-01
1.713251636422602128e-02,-9.502785474514989783e-01
-1.021042515273046236e-01,-1.159772412939503283e+00
-1.194377540509012625e-01,-3.110408164418774213e-01
-2.051624511467770307e-01,1.473405830749414114e-01
-1.039340953889036356e-01,3.743992594015128073e-01
-1.232512190797744461e-01,5.160316283845104435e-01
1.803031662124320589e-01,5.239329833538571846e-01
4.035124338802232868e-01,3.614882628841247780e-01
6.076338728879668860e-01,1.536926327910898352e-02
6.363383272476790253e-01,-2.511023574058208196e-01
5.386279481719430384e-01,-3.437391993253990363e-01
4.901581353101592264e-01,5.057133133356057214e-02
4.229257019606246226e-01,5.668124778399088459e-01
3.439455340747480383e-01,1.180671285516591285e+00
1.621591062825528118e-01,1.478154576824180833e+00
-5.089598044720098496e-02,1.302425168865270821e+00
-6.899311020471855793e-02,7.544306268547719130e-01
-1.744810924531904270e-02,3.036545459360881494e-01
1.902004279919016771e-01,4.081925252680021488e-01
2.737810205984445577e-01,7.827814588583681399e-01
3.213410541560661193e-01,8.751718939336317060e-01
3.107909684728163979e-01,7.812343863640527353e-01
2.232389355500630224e-01,5.127355678490410629e-01
9.696365054765022917e-02,3.323202094491103376e-01
-7.531698412007106769e-02,1.290414427247612086e-02
-2.107658194232879534e-01,-2.123093091045887282e-01
-3.369334080914904717e-01,-3.410386473447577504e-01
-2.816412394156525001e-01,-2.920189194319520731e-01
-1.253106586296798830e-01,-2.241667607022164443e-01
-1.253106586296798830e-01,-2.241667607022164443e-01
-1.253106586296798830e-01,-2.241667607022164443e-01
-1.221896045430946459e-01,-2.106369655472864477e-01
6.327949639632339529e-02,-1.428259055750548678e-01
2.915562706882218191e-01,-1.232578009955872939e-01
6.515077267346932599e-01,-1.136920116625425858e-01
9.055169145188760593e-01,-6.264074541322438294e-02
7.362416894627010766e-01,1.151353738310953619e-02
2.595718995177059285e-01,8.408490298117590744e-02
-1.343526276275156250e-01,8.617846362434936069e-02
-2.706573653015708625e-01,1.000710739420891844e-02
-2.886626661426515139e-01,-1.475335371174678889e-01
-2.210899993558203824e-01,-2.759502166240173082e-01
-2.210899993558203824e-01,-2.759502166240173082e-01
-1.363794981386896865e-01,-2.645605760302739973e-01
-1.254031090715421182e-01,-1.625221404308587470e-01
-5.912352294860748897e-02,-1.741815001071205238e-01
-4.356053854151500926e-02,-2.778605753774449627e-01
4.114548855693609536e-02,-3.408820528866428612e-01
-6.432606572823783633e-03,-3.160992007530633585e-01
-3.172567171344777004e-02,-2.181643087658938773e-01
-1.259064318709928465e-01,-2.959085753535345420e-02
-6.375319237021587204e-02,1.088374176621709488e-01
-7.906796935487082900e-02,3.174010154660508731e-01
-1.228884423781153173e-01,5.644535361136148177e-01
-2.898025042957803055e-01,7.554802238903923772e-01
-5.538866121531131892e-01,7.425914872227100672e-01
-6.803225102182089978e-01,5.577145164905477071e-01
-8.280776033547893045e-01,2.534275438397599611e-01
-5.198996469065170212e-01,8.536649334011851831e-02
-5.598016197589358867e-02,5.568216861639003340e-02
5.879242534991457880e-01,2.800540714645719520e-01
1.111583349732170989e+00,6.312246814215757285e-01
1.542039050724019145e+00,9.715014038505808136e-01
1.799588269724715195e+00,1.253647173585186181e+00
1.901530891439701110e+00,1.404520358624886445e+00
1.857812902043023406e+00,1.384256126036489842e+00
1.661316359960231415e+00,1.185571516559070337e+00
1.264174095169645407e+00,8.256854459682853031e-01
7.330650550665751553e-01,4.015669652807976608e-01
-5.231265702509004661e-03,-7.712941307132879787e-02
-4.244293279137058561e-01,-3.374619343929173287e-01
-6.058099694223183507e-01,-4.051384055914168947e-01
-3.041934168620580858e-01,-2.269065997696096404e-01
-2.371489090515978837e-01,-9.023465132737465422e-02
-4.569910949732276795e-02,-1.268648735410728701e-01
1.658994141592661509e-01,-2.249358100417599982e-01
4.877989857284480979e-01,-5.210080152579071866e-01
5.912919331375170451e-01,-6.693932997791653960e-01
6.625484399460329632e-01,-8.084489559711236506e-01
5.786721987132800171e-01,-9.230652000685815040e-01
5.775044569333768196e-01,-1.249891112778654056e+00
4.864120180623632828e-01,-1.707795206351892414e+00
3.365654978786503104e-01,-2.107736978451797860e+00
1.255026382242331318e-01,-2.299891662224774702e+00
-1.301954505140191787e-01,-2.224907835473977968e+00
-3.979539242691349510e-01,-1.966759261117700941e+00
-6.703635870820455755e-01,-1.573499694989083819e+00
-7.931309444525164176e-01,-1.461579956957960391e+00
-6.525943971694955215e-01,-1.488011238266878422e+00
-6.790542711907848750e-01,-2.102659761518878234e+00
-8.436367788051576388e-01,-2.701243946772530879e+00
-1.256715395989040918e+00,-3.278751124751646984e+00
-1.326924603989800833e+00,-3.176517016172714758e+00
-1.545331681634086962e+00,-3.072018739017145617e+00
-1.704577372620533771e+00,-2.768794824094986229e+00
-1.911822208367580211e+00,-2.631359095495999778e+00
-1.791182132620725342e+00,-2.104391744835851785e+00
-1.511277182503263816e+00,-1.566261240013560485e+00
-1.192116358474520466e+00,-1.083537810597949402e+00
-8.974379954548115101e-01,-8.372799968576866148e-01
-7.411843933039368171e-01,-7.755546830383918122e-01
-8.370293165950778436e-01,-8.255298571912824679e-01
-8.287942259872309592e-01,-9.159425443104250997e-01
-7.662855915497581716e-01,-1.008144867286590696e+00
-5.428900661492807034e-01,-9.831399375726349588e-01
-3.617237981399473168e-01,-9.898989855462817511e-01
-2.046474752300756483e-01,-8.680062023480867861e-01
-1.788601633710343863e-01,-7.625332534773556770e-01
-1.510247570145226426e-01,-4.847642662616740705e-01
-2.088217766237462636e-01,-7.168218322957118360e-01
-2.952856167242517427e-01,-1.308582273743271962e+00
-2.486925992826445608e-01,-2.282431967791874072e+00
-1.367340827253006319e-01,-3.229887797585015541e+00
3.581389326773774112e-02,-3.788649728841693598e+00
2.636396557749334443e-02,-3.447639681004849077e+00
-3.069642351487874565e-01,-2.843857161383415377e+00
-8.489737152304682732e-01,-2.002647534455924028e+00
-1.252336974466696118e+00,-1.494142034571150912e+00
-1.315941905698390535e+00,-8.536407762797402210e-01
-9.466088234777219057e-01,-5.188429404998002870e-01
-8.185414408174718215e-01,-7.470880314371654285e-02
-7.440559098386492209e-01,-1.315969009384948818e-01
-9.317324990116192529e-01,9.810292171446462206e-02
-9.317324990116192529e-01,9.810292171446462206e-02
-9.753728143436362075e-01,6.887493076362998234e-01
-6.886631383244308235e-01,1.537958561496300947e+00
-4.701782410396609380e-01,1.661699126396744886e+00
-2.718559283916112679e-01,1.475489944028874234e+00
-3.917697328743983132e-01,6.311470903130855792e-01
-5.612490552337467964e-01,3.222383876459836705e-01
-7.421047628495037740e-01,1.721925227018235999e-02
-8.421375764477437853e-01,-5.099411163955754056e-02
-7.527966885085926041e-01,-1.768750875394561883e-01
-5.775591257764040032e-01,-1.768922830845871819e-01
-4.211269645732336753e-01,-6.245724762068272096e-02
-5.018598761852216539e-01,9.996551646331036656e-02
-5.018598761852216539e-01,9.996551646331036656e-02
-4.592507594924175041e-01,-3.503454166256261826e-02
-3.023293566626284457e-01,-2.638835992942547559e-01
-4.380498305958127059e-01,-3.753672229231019841e-01
-5.083319404894379723e-01,-4.112681141611764235e-01
-7.710535665652010762e-01,-5.308818564466027956e-01
-9.747822787637496766e-01,-6.042788106942064141e-01
-1.096292720414694166e+00,-4.955486643381135092e-01
-9.773565546067147780e-01,-3.802297799777701881e-01
-8.926511016119114128e-01,-2.539855377976190098e-01
-9.502875501544986170e-01,-4.290297252211824341e-01
-7.803159894360115478e-01,-4.660829044994320713e-01
-7.486065342712671100e-01,-8.284978906805990917e-01
-5.846403255565113533e-01,-1.228111613614299991e+00
-6.946345040179338071e-01,-1.445763554141153984e+00
-8.241571669591286620e-01,-1.344108487683263409e+00
-8.341873379260076327e-01,-8.461136933964975571e-01
-6.879493337627241578e-01,-3.542590700013473204e-01
-3.385168403700966056e-01,8.741759250589920330e-03
-1.964833403908341214e-01,3.592555951031198846e-01
-1.474323151535451015e-01,5.936013926951051456e-01
2.758598921856873498e-01,5.654728170441457591e-01
2.834200171932432788e-01,3.312398289548053598e-01
3.224713443604247387e-01,6.124852774778440090e-02
-2.252341193626987148e-01,-5.710278507291357414e-03
-3.006711397043486111e-01,-8.432033453336831852e-02
-3.627908998288635334e-01,-7.589796496705419893e-02
-2.803052840972538040e-01,2.748190871787488040e-02
3.126959710367072792e-02,6.411796947635763078e-02
2.674518243840339204e-01,-1.766320308053261623e-01
6.492463391207879964e-01,-6.126009726486637552e-01
9.001437413591295567e-01,-9.298030690166151357e-01
1.003302823688089429e+00,-1.027408033545794463e+00
1.004076102456723740e+00,-8.722966091222312812e-01
1.052977903663015358e+00,-5.506169653942988296e-01
1.181420842211538647e+00,-1.747232832136156322e-01
