-1.277164754777251193e-02,-5.648318829467693369e-01
-3.806353662132560545e-01,-7.422921560737973934e-01
-6.257657428876636230e-01,-1.019970241163638880e+00
-8.575884658282030282e-01,-1.219419442522521324e+00
-8.991274661704210525e-01,-1.489726976799233382e+00
-9.006712173741733274e-01,-1.561258842230157429e+00
-8.048557457199686516e-01,-1.478564438481577259e+00
-8.963577445184768289e-01,-1.356364637271589402e+00
-7.773386340745520595e-01,-1.053198035303033464e+00
-7.748128487772845130e-01,-9.128098278697772683e-01
-4.468701765982902030e-01,-5.342015089029257258e-01
-4.763188050429996157e-01,-4.224754951651146784e-01
-3.738897809586234633e-01,-2.120117893392088615e-01
-3.118499177303432623e-01,-8.414916000820650555e-02
-8.975648886739602539e-02,-6.212288784000974395e-02
2.663900329504238079e-02,-3.611035275953490831e-01
2.144348530920633655e-01,-4.688707392921850903e-01
4.192467792575213514e-01,-6.428648727396659712e-01
3.304675134973640849e-01,-6.539149792299434605e-01
8.746852741645814999e-02,-5.783603684763540809e-01
-9.921999076091113368e-02,-5.442963634768698267e-01
1.582910136636732357e-01,-5.911752561690392094e-01
1.721587006884704174e-01,-6.848153617862151599e-01
1.736309866675887492e-01,-6.932802537928254294e-01
1.919161505977205751e-01,-5.680902308691962999e-01
4.010794545697221047e-01,-5.494515442394494187e-01
5.683477844185487182e-01,-5.655573480789208851e-01
5.000257116511982458e-01,-5.590976187051300839e-01
1.342232357771881157e-01,-5.647455249390248566e-01
-2.808751913953067003e-01,-5.281759937960609497e-01
-5.161509754636322000e-01,-5.312145905756697761e-01
-3.931298945606681028e-01,-5.227087707024468122e-01
3.178161963543489621e-02,-5.625788855250860587e-01
2.965654020161831994e-01,-4.234712842950273393e-01
2.760700843056189679e-01,-3.612884292122883756e-01
-2.008502177525237076e-02,6.271918235561768466e-03
-1.689418821901511603e-01,1.826942187131855647e-02
-2.560442294975687205e-01,-4.085305278074664870e-02
-3.947010382792808247e-01,-4.764623760445936829e-01
-3.424449804386228147e-01,-5.808156884301632905e-01
-1.952566671175184343e-01,-7.630870998780833192e-01
-9.769144817126557134e-02,-6.887945817676117688e-01
-1.550732682399598161e-01,-7.682916926105523014e-01
-3.088144031961422287e-01,-7.568767765426632765e-01
-2.276271031313971960e-01,-6.391556417604654650e-01
-6.104298658560861623e-01,-5.016504467426547986e-01
-1.269083309747585986e+00,-2.865815609252687635e-01
-1.786451057918594376e+00,-1.402260558381188127e-01
-1.984510362331750377e+00,2.378738685876626846e-01
-1.792353041611617348e+00,7.338835208770752017e-01
-1.557303773735175589e+00,1.257810439047372997e+00
-1.221135641387241844e+00,1.583988252641012950e+00
-7.745656594161863806e-01,1.853588700422032609e+00
-3.655236848313815901e-01,1.926225873324150850e+00
-1.230635886409940927e-01,1.785013058218944959e+00
3.835856529333057235e-02,1.342386599014278703e+00
2.288758539670703307e-01,8.266402149728954152e-01
2.701797394059639590e-01,4.046004195911867551e-01
2.083788155085040394e-01,3.790868702878429919e-01
9.097104137018130476e-02,2.888362211901017162e-01
-1.336269561304819775e-01,4.532193922251744889e-01
-4.068501245253438037e-01,4.897669735473037522e-01
-9.308406624232901105e-01,4.753145825336432817e-01
-1.478310314419126525e+00,2.422205058540849720e-01
-1.538825577635805963e+00,2.298874372210539252e-01
-1.666891147663231543e+00,3.791543469559662816e-01
-1.464530793429589695e+00,9.083931761918607739e-01
-1.557303773735175589e+00,1.257810439047372997e+00
-1.221135641387241844e+00,1.583988252641012950e+00
-9.074769231734781672e-01,1.235076721640005371e+00
-5.423734242096752700e-01,8.557127185161353955e-01
-2.716849442061234354e-01,4.614954473917258770e-01
-2.026469694886901540e-01,3.272982428067966465e-01
-3.569991167074235694e-01,7.028570169295135506e-02
-6.260216122700063002e-01,-3.188598454890452794e-01
-7.582187425154378602e-01,-7.070454944994010449e-02
-8.916091884730060757e-01,6.253475541745767696e-01
-7.489293381440769171e-01,1.341220774541828309e+00
-4.141874121811579545e-01,1.453627503029239598e+00
1.153264847326417042e-01,8.503286084642741605e-01
9.934746830538562778e-02,3.236036607207086746e-01
8.611019786180854063e-02,1.705374597344050946e-01
-2.995371637798563760e-02,1.085513847257569275e-01
3.095586901661904686e-02,5.754201598909634841e-02
-1.417617078795335162e-01,-6.267797572764909064e-02
-4.230786429661497761e-01,1.055759320166689205e-02
-8.531794163565111777e-01,-1.961996161203228284e-01
-1.425817648103098856e+00,-4.656247636074561935e-01
-1.963056177066222041e+00,-8.429948047317460391e-01
-2.207881707018078288e+00,-6.817194902434399184e-01
-2.354722076338200409e+00,-4.707327866230394120e-01
-2.248074430701020976e+00,-2.212590928910079247e-01
-2.060172977268563521e+00,-1.981782200593553700e-01
-1.529185871376546935e+00,-1.562652971704777405e-01
-1.191173303942391071e+00,-7.377488786194083548e-02
-1.198107535448316385e+00,2.058748253563698893e-01
-1.070761071465216485e+00,1.712477083791394961e-01
-1.043875282762539491e+00,8.669996914448434566e-01
-5.240608142868229402e-01,1.129738008837947394e+00
-5.207662241395097924e-01,1.365097087269994569e+00
-2.431746911530845989e-01,6.893033837745431436e-01
-1.864992490433595995e-01,1.448336459718559122e-01
1.415964715572213817e-01,-3.866944898038567890e-01
1.449535903328407760e-01,-2.899634433118826182e-01
7.365740238611109825e-02,-1.530236594532486671e-01
-1.526983156942863795e-01,1.462070010188899205e-01
-2.520629262713691143e-01,9.053582790710516803e-02
-1.554364991241934113e-01,2.650894887161059921e-01
9.982262154577835334e-02,2.062437816786353295e-01
1.216137327167374910e-01,5.119249650287144293e-01
-5.067329868584250635e-02,5.058051283095705841e-01
-2.956266212189588849e-01,7.058272288297621211e-01
-2.315696573502622202e-01,3.896368661412402123e-01
-1.692305664687346611e-01,1.576403720032766576e-01
-2.099543823777995366e-01,-2.583989215099042822e-02
-2.802967651869661125e-01,8.269142591498859773e-02
-3.538973827172465364e-02,2.251412131522928239e-01
3.106044320033347073e-01,1.514683933240274505e-01
4.971179599211708600e-01,2.953038970183499146e-01
2.789211574535219729e-01,2.041967844676972066e-01
9.709017698241857730e-02,6.688883729786533616e-02
-1.294557693434894019e-01,-2.287727405269629477e-01
-1.114102413998217939e-01,-4.347950520880029535e-01
1.887819382567445170e-03,-6.163704014532535025e-01
1.562116625078563970e-01,-5.859321777829760158e-01
3.089139195281596084e-01,-7.072395861497446923e-01
3.506426728289565586e-01,-7.777242397792878403e-01
3.661850882971873777e-01,-7.953767703452336857e-01
2.575678099951436151e-01,-7.322712760015219757e-01
8.991912679369192321e-03,-6.709207389589604276e-01
-1.962378304361033776e-01,-6.096217950487449189e-01
-1.460279486885217859e-01,-6.361800716528931421e-01
1.106025247364164285e-02,-5.411957272894334370e-01
1.242488319028037802e-01,-5.631595333397755310e-01
-1.268074440607193099e-01,-8.955365746378643466e-02
-3.532052688067267021e-01,1.572555623294801808e-01
-5.930089241108553733e-01,3.108656086618014069e-01
-5.930089241108553733e-01,3.108656086618014069e-01
-5.930089241108553733e-01,3.108656086618014069e-01
-5.482297929529995617e-01,3.670228512955885924e-01
-4.620888841676133452e-01,1.100714654914740492e-01
-4.000675935380076931e-01,-4.301482303951661285e-02
-5.144705242735629902e-01,1.406293260693051717e-01
-4.807416548152326219e-01,1.071750863976907026e-01
-4.188691416941888734e-01,1.682570296293922352e-01
-1.012509240049486309e-01,-1.922305306984853634e-01
2.073601300198737174e-01,-4.000798522932385581e-01
3.897248804326566840e-01,-6.210226385003579930e-01
3.897248804326566840e-01,-6.210226385003579930e-01
-7.369614408742337919e-02,-6.294168350871590656e-01
-7.155891920035207798e-01,-5.508615391565283570e-01
-1.205594233023045581e+00,-4.314224857817002823e-01
-1.276933576828282790e+00,-2.415320312289852556e-01
-8.642394327979351365e-01,-3.034204780149323682e-02
-3.957196737561382571e-01,-2.152973010094241454e-02
-7.059351590513472663e-02,1.700484119558173524e-01
-3.097109481730316860e-01,-1.192990751805238364e-01
-5.197472144535386640e-01,-3.688238512973235905e-01
-6.412409339990374768e-01,-7.515191967551104746e-01
-8.009641959847831894e-01,-1.144951115659514684e+00
-6.460099233387787132e-01,-9.379289388911362657e-01
-9.770624205852563859e-01,-1.600259389549395950e+00
-1.067986113551655292e+00,-1.752400578744207404e+00
-1.338600385665685177e+00,-2.210168061443422260e+00
-1.377605045186742094e+00,-2.004358923094236022e+00
-1.596030897157559636e+00,-1.996267457390657585e+00
-1.654502305809754992e+00,-1.563659504764480790e+00
-1.664045501470691413e+00,-1.471732594379392189e+00
-1.213740388770126799e+00,-9.176152152261897177e-01
-8.544580423004952685e-01,-6.816734177998069466e-01
-5.560862789520079064e-01,-3.332395800362099036e-01
-5.853475278859461284e-01,-1.811420551023160685e-01
-5.816894320916876637e-01,3.048783679915474942e-01
-4.449904712972879151e-01,3.269334022976967957e-01
-2.735897420800718627e-01,2.214197669446567596e-01
-1.191368907322222642e-01,-1.106033262975716913e-01
1.494110430839293013e-01,-1.447222708174324690e-01
1.997184449145933405e-01,-2.215449572636271972e-02
2.049262167219914332e-01,1.306395531760160267e-01
3.592056318208868004e-02,2.739681213045688235e-01
4.046997026573535827e-02,3.724873236965803858e-01
1.993316076169329709e-01,4.083172393496768415e-01
3.350160945388070410e-01,3.393764795038656801e-01
4.878198502960378602e-01,-9.258198041999043601e-03
5.266867354028614834e-01,1.833691218143388910e-02
5.091824460207388103e-01,4.565291322062881322e-04
3.641134178765638163e-01,1.862821202827769640e-01
3.190492630473641955e-01,1.632729995800174805e-01
3.436548759395219310e-01,1.123410837633062320e-01
4.848029677225744738e-01,2.729712711061462738e-01
3.713574337928715052e-01,2.538699535255490303e-01
1.082061132856436458e+00,4.863827737184361899e-01
1.937208053082428938e+00,5.473736460908763535e-01
2.948424892975903600e+00,7.620249431137541274e-01
3.314521695542318014e+00,9.202639030104884377e-01
3.005917936991378880e+00,9.879891361898491819e-01
2.087784942044196956e+00,8.723639023275918669e-01
1.107252878195914336e+00,6.261207913744776254e-01
4.911296228609205450e-01,5.156005123407096935e-01
4.431364763024296383e-01,5.076780033826661098e-01
5.227161820287724581e-01,5.722901028422048286e-01
2.590328320848671595e-01,2.499678664128041905e-01
-1.654965917066752168e-01,-1.996858078853620544e-01
-5.791841587378837586e-01,-6.028975381908129316e-01
-8.461284216855070595e-01,-7.781173708207993478e-01
-7.997657714181245492e-01,-6.189520157344389206e-01
-6.240725640649548156e-01,-4.282540472331520798e-01
-4.585594456264369123e-01,-3.522463585651389173e-01
-2.160859696846964551e-01,-2.968926102452359994e-01
-2.264472154866414566e-01,-2.386795206384415002e-01
-1.415513780368135299e-01,1.216808356272686131e-01
-2.443831379468018594e-01,2.724860777376956755e-01
-5.169997600444883878e-02,4.309698140279460410e-01
1.523545652017982144e-01,2.803354050358793925e-01
4.525627108161492385e-01,3.551759541992182551e-02
7.740977370109740630e-01,-1.653232313477961124e-01
9.119676456032580480e-01,-8.103518926760817920e-02
1.035303866044107624e+00,-7.680084643918240472e-02
1.228842581506775833e+00,-1.884952554609063691e-01
1.396856643485747673e+00,-4.019761264539826184e-01
1.114281137242241870e+00,-4.400586211002568970e-01
9.323386336965566734e-01,-2.996444447549315715e-01
5.544702247262575101e-01,-1.589696528888389915e-01
2.284940423097551465e-01,5.588977280677288884e-03
-7.543821768232419345e-01,2.261793413199625902e-01
-1.470614533665115076e+00,3.841130333019130982e-01
-1.873700625489594263e+00,5.063868699000856344e-01
-1.732477866326035620e+00,4.795622458960423495e-01
-1.173385675160403929e+00,2.531279776209955923e-01
-5.743654840604612843e-01,-3.313894161142679450e-03
-8.127609300042258622e-02,-1.636497699471584355e-01
-8.646769398726106282e-02,-1.123277416424685315e-01
-9.889050743277348621e-02,4.222439315709572427e-02
-2.233778879808448747e-01,3.501784037926756188e-01
-2.038852314093756168e-01,3.325198085214104426e-01
-2.682152312327307220e-01,4.045336984662903923e-01
-2.911728402546343575e-01,7.714226396734239488e-01
-4.614653600988641857e-01,1.101505098593257514e+00
-8.855447575839330288e-01,3.580249051327502929e+00
-1.544925051539197014e+00,7.139324399726255876e+00
-2.304157142869877717e+00,1.128642403441734032e+01
-3.142520631657875985e+00,1.438558664297864986e+01
-3.921689814648948502e+00,1.611118050354383158e+01
-4.454022125137751864e+00,1.600411309116156033e+01
-4.531198284953012134e+00,1.421190750804092140e+01
-4.080100087759057637e+00,1.125132328787566749e+01
-2.970333416900472034e+00,7.399197582265967910e+00
-1.882011942240275015e+00,4.154193227907230224e+00
-8.989808919134907317e-01,1.765638903336731236e+00
-7.597236157657263345e-01,1.104426404247045523e+00
-4.916075308944126143e-01,3.035215999212330096e-01
-5.816894320916876637e-01,3.048783679915474942e-01
-4.138348476165997769e-01,3.748826918375325334e-01
-2.481144641672210216e-01,2.743344442145610462e-01
1.014411930359251368e-01,-1.675226244508281614e-01
2.891085878998831404e-01,-2.787641919807931079e-01
3.516185885896406793e-01,-2.297132696450353007e-01
1.983711257498528280e-01,-1.392472148639579410e-01
-6.518976564077993627e-03,6.398382291417130385e-02
-2.942559449137117644e-01,2.795163788074666589e-01
-4.211836547816169563e-01,5.670778093806915221e-01
-4.438529326599036651e-01,6.700718485779425526e-01
-2.297856374101031884e-01,7.776488537331235351e-01
-1.108007027487905305e-01,7.734928405388932227e-01
-6.911047001982535687e-02,7.267659662059774428e-01
-2.676420517347562478e-01,3.623975072566952838e-01
-4.592120883284167565e-01,7.023338243445466089e-01
-3.952021234760152990e-01,1.027225162393231583e+00
-2.493434184899953054e-01,1.557172374023387817e+00
-1.168176118100663213e-01,1.203541276295756912e+00
-2.243722396779986861e-01,9.875829497454867711e-01
-3.472111217250222204e-01,6.370180519492631976e-01
-3.745888252297714938e-01,5.076277572138956362e-01
-3.464422144367893530e-01,2.940337882190081076e-01
-2.881846781551447023e-01,3.814729436809900787e-02
-2.756354322281805436e-01,1.682753593289571525e-01
1.092811710886582438e-01,2.365472998662703497e-01
2.279721627841014009e-01,4.112618725558451760e-01
3.822280054250086212e-01,4.709508481315509698e-01
3.059466280708837971e-01,4.533209428220086878e-01
2.026881612928475906e+00,5.983451230848553237e-01
4.807038405851115748e+00,8.737652489251793719e-01
8.272535227802830349e+00,1.433629309717138867e+00
1.182987191536451377e+01,2.120789831733303377e+00
1.468845025251955327e+01,2.770275653838849550e+00
1.630406040576273696e+01,3.216418249813906449e+00
1.656071220155888213e+01,3.394207395612509170e+00
1.545411564318698261e+01,3.287007911943395033e+00
1.321777921823987612e+01,2.931131900960205261e+00
1.019320843171311530e+01,2.362935492050134645e+00
6.911574045226685392e+00,1.660698562997959593e+00
3.792540089033037631e+00,8.608463444152645305e-01
1.391965791762890925e+00,2.066473700321085072e-01
-4.260118777896873543e-02,2.039547224471761899e-01
-5.585968522097298772e-01,9.258466487925088861e-01
-5.834372564275221995e-01,1.556113198157397015e+00
-1.129987670686001672e-01,1.255399676177750612e+00
3.800196932491254898e-01,6.296308061089904706e-01
4.752255075308488563e-01,1.299833927146375190e-01
2.700331266124285090e-01,8.500332859411784125e-02
1.969975134462030597e-01,-8.074016385655460523e-03
4.373831952133340750e-01,2.137449719122433422e-01
9.156675143202122058e-01,2.883670721700719031e-01
1.313592974689995918e+00,3.304406028501837289e-01
1.428410187097306272e+00,1.028163592315153863e-01
1.069552212549851777e+00,-5.506994183558809944e-03
5.653181835764856666e-01,1.843871821265413991e-01
4.201813238257129934e-01,9.583347776689756792e-01
5.345354461968765403e-01,1.637875570867573183e+00
5.677216935481920190e-01,2.042474388348409775e+00
3.788408315741502164e-01,2.000270492760755747e+00
-1.166822547513826913e-01,1.506138346878423739e+00
-1.477887327713072740e-01,9.584092600060428735e-01
-1.045056549456226946e-01,6.570172220511378836e-01
3.965902988794648976e-01,5.731056477163707363e-01
1.288263895556780170e-01,2.456405961061939036e-01
-2.813490000130643431e-01,-5.923242428286403793e-01
-6.013222013432041324e-01,-9.021077524733051023e-01
-5.744638269558540733e-01,-8.203404875920838890e-01
-3.423842311630535540e-01,-2.243494896165592611e-01
-2.064912382517852807e-01,1.196862779984056435e-01
6.948604518351150783e-02,5.680401810809755370e-01
2.588026669772444666e-01,6.391228243208302295e-01
6.738051302615795102e-01,9.380238995177083705e-01
9.573048661333442011e-01,1.037649068140549247e+00
1.123698434400095758e+00,1.203970311329375598e+00
8.819495291462869924e-01,9.738681344717656785e-01
6.106610821588744908e-01,7.590100192306914462e-01
2.668947575301727770e-01,4.313508516933759473e-01
3.014704368561759162e-01,5.796452942336839387e-01
3.105121236786357874e-01,4.787406244451188897e-01
-1.504994292248641730e-01,5.329776844578529849e-01
-3.382182868619397209e-01,1.171564062377642851e-01
-4.209570363168176899e-01,-1.586745111295236876e-01
6.250937664802559690e-02,-6.166712825568013701e-01
3.862991721781793286e-01,-3.877487767170253452e-01
4.996053052652288384e-01,-7.926838372906694352e-02
3.379881468155739865e-01,3.113574420200879711e-01
3.070912056939927304e-01,-2.035826153583551821e-03
6.646374398289522922e-01,-9.730412024367902646e-01
1.157160176195635382e+00,-2.269239868886800515e+00
1.489353843182087633e+00,-3.465093904475134767e+00
1.513131070028681524e+00,-4.114092165733090667e+00
1.295769763436163791e+00,-4.013720545822111241e+00
9.146201934502795616e-01,-3.008767198208874838e+00
6.615085463964538448e-01,-1.862049444330763581e+00
6.930075192615511304e-01,-7.953000591901550065e-01
6.930075192615511304e-01,-7.953000591901550065e-01
6.751215454704844188e-01,-5.398751870034543821e-01
2.241538807816469414e-01,-5.125259973387505941e-01
-3.241878027191743561e-01,-7.946010894026871441e-01
-8.425487759943927069e-01,-1.204635490400282727e+00
-1.008814328619235923e+00,-1.444268767118924046e+00
-1.118228460669428381e+00,-9.051941453566838547e-01
-1.388036557099885604e+00,-3.626668854341165149e-01
-1.837966567038548993e+00,2.150719886658080671e-01
-2.026768122089762869e+00,6.378020778466058083e-01
-1.975339879188064307e+00,6.904749101724879656e-01
-1.629132291776356878e+00,2.972599738990328588e-01
-1.194348085487169753e+00,-1.174630003240259846e-01
-5.220682111529506564e-01,-1.085288625814077035e-01
1.318689615963828388e-01,-4.140926184339992211e-02
4.378914124821075005e-01,-5.710599672176229491e-02
5.497984040922911930e-01,-3.667663747932100038e-01
4.570934357682682192e-01,-1.292618916209131052e+00
1.152671550664213507e-01,-2.522839266566097916e+00
-3.859375582705865115e-01,-3.798317575576070748e+00
-9.227715734494098543e-01,-4.588660315068406881e+00
-1.367337738757657961e+00,-4.767783747177877451e+00
-1.559654472675885639e+00,-4.226594123898717470e+00
-1.488411661388987950e+00,-3.243939879671741355e+00
-1.164495981765296673e+00,-2.158150264325176426e+00
-9.307053565056596645e-01,-1.238203568748564187e+00
-5.590533731924938188e-01,-5.851855397324444708e-01
-5.869900415299349472e-01,-6.566417237817329111e-01
-1.999384402166669850e-01,-3.140250289499936787e-01
6.060725685710637023e-02,-2.829956308900329898e-01
2.974610069036485172e-01,-3.981224180504189802e-01
3.416990184530475649e-01,-7.122576027846314606e-01
3.132386766234536712e-01,-7.703721161187052635e-01
7.496397780622893713e-03,-7.318727163545494241e-01
-2.686562098484941985e-01,-6.029702488513561942e-01
-4.122553681377301160e-01,-5.797268053423073608e-01
-1.115403598532142826e-01,-3.851483506501592324e-01
4.568704187357056079e-01,-1.974400999561155556e-01
8.880800274112886639e-01,-3.075182160187747704e-02
1.257973578769999490e+00,-3.137131516706079953e-02
1.365549338314657302e+00,-2.198323074225042584e-01
1.380997885072866360e+00,-5.112664541674815100e-01
1.359240228315918841e+00,-7.897060289616959494e-01
1.189340599151456290e+00,-9.305716778742900708e-01
9.623480013979379688e-01,-8.613900835864163330e-01
4.586179283733287093e-01,-7.688420096603615361e-01
1.550913569425883571e-04,-6.459337884704439148e-01
-4.289304040989966316e-01,-3.877796407465511908e-01
-4.589198770286179174e-01,-2.211128799853564753e-01
-5.063587309538465364e-01,-1.077420417652856927e-01
-5.241755859966361619e-01,-1.475850215729259118e-01
-2.632532575007864306e-01,-1.127904660857712432e-01
3.024565869026020135e-02,7.973690280456827151e-02
4.294661084803088058e-01,-2.823297602091303857e-02
7.753460361255154476e-01,-4.101557131585528704e-01
1.150566808538900920e+00,-9.192292760694296128e-01
1.345038183596269921e+00,-1.079076901371536223e+00
1.211898295961137739e+00,-7.077933854507622025e-01
7.128770538849128480e-01,-4.548567377920515464e-01
1.576621537671591411e-01,-1.912519670574570341e-01
-8.086363238287122557e-02,-3.772338596412601053e-01
-1.217769279556562417e-01,-1.642514683735148417e-01
1.005138441448240050e-01,-2.487020168078689711e-02
5.371206350073511882e-01,9.047415466008816576e-02
8.506081572914535593e-01,-9.785867892262205270e-02
1.052927833922135736e+00,-4.336713952010589623e-01
1.055162615904974066e+00,-7.988701976025726070e-01
8.874439598142515040e-01,-9.328066820876746990e-01
4.968052024925228016e-01,-7.779275802447048749e-01
-3.216492141132207098e-03,-3.547538220042270041e-01
-3.705634382318406250e-01,1.909750110612864482e-01
-5.118730318081665676e-01,3.549025391067973656e-01
-6.881084343742227549e-01,3.984877260878904592e-01
-7.030433271625652347e-01,9.549718569182771843e-02
-6.792130351534773069e-01,-8.552947700464774705e-02
-6.026852524177775949e-01,-3.034930052210941254e-01
-4.566180583912690660e-01,-4.598390381782735958e-01
-1.889172989526932411e-01,-5.712692697873205105e-01
-2.158172581929158895e-01,-5.881061797628526211e-01
-2.653862755467864543e-01,-5.626944418671725456e-01
-4.122553681377301160e-01,-5.797268053423073608e-01
-3.530662783289324480e-01,-6.085772634065025333e-01
-3.710801083462454408e-01,-4.970181414955948118e-01
-3.988554882863739048e-01,-3.322078240761737189e-01
-4.999530350703080828e-01,-1.607461030068971508e-01
-5.929466346843740299e-01,-2.559751861475579870e-01
-6.312590212804488621e-01,-4.306246353442559349e-01
-3.767987827932470224e-01,-5.963492027468170198e-01
3.297639759712204816e-03,-4.093273249341526920e-01
1.291475388980645456e-01,-3.586657653663168910e-01
1.490216262736947239e-01,-4.055983205857927043e-01
-5.559122446350284186e-02,-6.101443595885842619e-01
-2.083933588112938662e-01,-7.873620558511104095e-01
-3.514951510737057694e-01,-5.895821573967768847e-01
-3.676157113332209070e-01,-6.046806327217921773e-01
-3.953299414660605970e-01,-5.021940046719433060e-01
-5.722910209296836470e-01,-5.701944579888240661e-01
-8.056984278753814843e-01,-6.734158532742512415e-01
-1.113129916719786561e+00,-9.314654999869770302e-01
-1.304586416665560744e+00,-1.178163267512561063e+00
-1.257137948256922488e+00,-1.214234911077454404e+00
-9.927676231540847329e-01,-1.053414685664988859e+00
-6.885834050557541053e-01,-7.768518866041496107e-01
-2.382491105440687207e-01,-2.455178105584417958e-01
3.366573101960469439e-01,1.145138899670572336e-01
9.721935349157115880e-01,3.559023798778957470e-01
1.381306825377710767e+00,2.828667925753368118e-01
1.493277360716362523e+00,1.736083081725564858e-01
1.226672519908637682e+00,-3.732699126005753487e-02
7.745785249942634954e-01,-3.353133791278519737e-01
2.219743098134032977e-01,-5.504762260787795514e-01
-1.622248143809188192e-01,-6.913477571615215256e-01
-1.999223330514802999e-01,-3.318683791240902847e-01
1.692425560815526697e-01,5.730607012047964077e-02
9.710394139020037119e-02,5.548906194287995808e-01
-1.985214678576084288e-02,4.106800577902769978e-01
-6.253911289553201192e-01,-8.232795919939647766e-02
-6.792912354447394607e-01,-6.562444884033079573e-01
-6.782784422631620291e-01,-6.700948800667755334e-01
-5.248870891438635056e-01,-5.900356335660540408e-01
-4.555275776506201857e-01,-3.509108177595068323e-01
-5.016136986585786328e-01,1.352326759470410256e-01
-4.848478968994578975e-01,1.896577876899709636e-01
-2.056451077212464451e-01,3.756106967328323165e-01
2.729356082579320608e-01,-9.880422269778517397e-02
4.589725547175899090e-01,-2.689361008605071213e-01
3.282203534506342169e-01,-6.607061562217868556e-01
2.284122741405331114e-01,-7.070815046073158916e-01
3.579254304636197981e-01,-6.201395617152021256e-01
7.000553970361749201e-01,-4.149934830256508667e-01
9.492047613710736798e-01,-1.944620004878225283e-01
1.217678138941399757e+00,-1.813354264270198093e-02
1.248644975801298962e+00,-4.640649429002283860e-02
1.184919284085696356e+00,-3.038717459551321665e-01
8.857350347216281783e-01,-6.052427626180665321e-01
5.905797315925084279e-01,-9.133686815684719518e-01
3.507879905453565872e-01,-9.168382397567780284e-01
3.983680701131891988e-01,-1.171714558917490656e+00
5.659382157336120267e-01,-1.304779123205606961e+00
8.441633745821861545e-01,-1.381908711237287646e+00
6.928858870348513221e-01,-1.045470319743383225e+00
3.963637444680853661e-01,-6.138028758683344854e-01
-1.750232066737199277e-01,-2.893540731491702211e-01
-2.944685387421465128e-01,-3.599005461007989681e-01
-3.677273096315384904e-01,-4.357384119752252816e-01
-4.747621140617904190e-01,-5.345263827701173254e-01
-4.931584955497684830e-01,-5.791387206218348016e-01
-6.682619641343423567e-01,-6.672833523794228228e-01
-1.083211155094488065e+00,-8.607236657687613590e-01
-1.436161509763397293e+00,-9.053506538813689275e-01
-1.598784312536135399e+00,-8.843501684690462383e-01
-1.372684399233938812e+00,-6.654264215737346611e-01
-9.232835497127123148e-01,-4.953016740094997039e-01
-3.977735341900249799e-01,-2.380974276621393992e-01
5.982441124391186388e-02,-2.417473241625283861e-02
1.136214543063114452e-01,2.195285064542804865e-01
3.138176892447807065e-01,3.476468433142276271e-01
3.350160945388070410e-01,3.393764795038656801e-01
4.878198502960378602e-01,-9.258198041999043601e-03
5.170363892502409797e-01,-4.399001334145857811e-01
6.406092726555560057e-01,-7.909401142586067746e-01
8.257627341712200364e-01,-9.524191253075094954e-01
8.138891704882880163e-01,-8.699371865788487757e-01
7.092344777846379955e-01,-5.203979950604923355e-01
4.856217718400839822e-01,-3.075028216456007213e-01
2.341777557241227492e-01,-2.990909852879229947e-01
1.841315224963135100e-01,-1.289247168677991329e-01
4.306588395588720197e-02,4.715035031534185461e-01
3.008030917632087964e-01,8.896384412198480307e-01
4.484711336045954511e-01,9.358377203007325340e-01
7.689884732053682281e-01,4.917228703124448264e-01
8.075625057329320899e-01,-1.015750908781313210e-02
1.174971730858387131e+00,-4.603895595525421547e-02
1.436065787134524374e+00,-1.576694300752762984e-02
1.644370604696342442e+00,3.066570606224880424e-01
1.340255431943262243e+00,3.714003692479653229e-01
8.177877960099394494e-01,4.713462798562696454e-01
-4.309675028260942509e-01,4.404848371612343216e-01
-1.525794689871980747e+00,4.237997167501962315e-01
-2.303324776131309370e+00,3.381851583473712286e-01
-2.383555358686185954e+00,3.003209981690813657e-01
-1.565061435496648112e+00,2.159826532926101272e-01
-8.828278323589350274e-01,1.671776259149477528e-01
-1.481774452624145255e-01,1.586341403343899670e-01
-2.570379206048699072e-01,2.259643354596262699e-01
1.851502133365014735e-01,3.612781488364527616e-01
3.270265468918345797e-01,3.954118582941405502e-01
5.211386774715796033e-01,7.119276632954284478e-01
3.992920824588602757e-01,1.080067217917336064e+00
1.003596100970431670e-01,1.254009267190384191e+00
-2.992596794801241078e-01,1.727455080775154972e+00
-6.149396175440623447e-01,2.143875232662722841e+00
-6.623543269420751889e-01,2.602085940978844381e+00
-5.074014740378768318e-01,2.261074234457185028e+00
-2.267855429509241516e-01,1.868711047085362065e+00
-5.331110393497077993e-02,1.109726745897851474e+00
5.566422031279851662e-02,1.171684865196677361e+00
-1.160870139868146189e-02,7.913782236456320396e-01
-3.244855982569421204e-01,1.671324765594676964e-01
-9.219260185814063258e-01,-3.603196592426033962e-01
-1.425413174595577814e+00,-8.492671466049641626e-01
-1.588774141214255975e+00,-1.295837390913378684e+00
-1.321433678117305721e+00,-1.191875265723320698e+00
-1.000706104392403040e+00,-9.467206437769243310e-01
-7.195850134925185770e-01,-6.397124609556842367e-01
-4.746075666198923404e-01,-3.718878722383603952e-01
-4.342553495934005081e-01,-4.672186106289841767e-01
-2.144901700035398429e-01,-3.852833435698883036e-01
-3.857347634862708097e-02,-4.819946777842276098e-01
2.033740222407885989e-01,-3.596464059786730894e-01
3.538633460395459451e-01,-3.347097192872440785e-01
3.538633460395459451e-01,-3.347097192872440785e-01
2.993125484495902100e-01,-3.408852011417294325e-01
3.058069838219056036e-02,-2.593081044665797030e-01
-1.346717054878255326e-01,-7.875533573295658007e-02
-3.658964056258344200e-01,-7.693868227962215312e-02
-2.178738351036885179e-01,-6.048163846812347304e-03
-2.846045281782230707e-01,1.926445473540104938e-02
-2.620014494438399066e-01,5.812197345278162508e-02
-3.992785200180396510e-01,-7.886539531900667310e-02
-3.598239316697478540e-01,-1.414094860120544417e-01
-2.691941055517579895e-01,-1.710286961795796923e-01
-3.034207605966832491e-02,-2.236067427472756275e-01
1.629424909507629082e-01,-3.655369633887238789e-01
3.467332031275716653e-01,-3.439120154146689812e-01
3.058069838219056036e-02,-2.593081044665797030e-01
-2.023485159118572629e-01,1.177436364186579543e-01
-3.553526050978330075e-01,3.254642401045002575e-01
-1.887687713053296523e-01,3.463227838854215923e-01
-1.570578380582008660e-01,3.147929168657329080e-01
-1.156895638796602045e-02,2.602475117642781277e-01
-1.746715868464908117e-01,2.005334698212625222e-01
-2.051564633977983054e-01,-1.002927313481336569e-01
-3.850131501251370936e-01,-3.488090420515118084e-01
-3.169870732939927271e-01,-2.580569960789326212e-01
-3.060856086601588255e-01,1.023082160339189722e-01
-4.284392766179782042e-01,6.610131265414557200e-01
-7.838861616719452474e-01,1.134425513793485552e+00
-1.149870820538886340e+00,1.636240389190199318e+00
-1.516645651137412676e+00,1.937264978058928833e+00
-1.823700668660533264e+00,1.973243595597653055e+00
-2.051911373351332113e+00,1.647792559225860209e+00
-2.117776614875809926e+00,1.221992199375390831e+00
-1.783425587314676264e+00,8.201263823979910716e-01
-1.263701380952419129e+00,5.240462917697242817e-01
-8.023576099734665013e-01,1.434356726592076192e-01
-5.750862221706048993e-01,-2.041173210319813247e-01
-4.834872636143698887e-01,-4.764280254171670004e-01
-3.459650274062042730e-01,-6.551706874343028453e-01
-4.329562812814405914e-01,-6.915598005950401861e-01
-1.245631462737043782e-01,-5.255321028588365584e-01
-4.320979563559092934e-02,-9.396012027107827902e-02
2.011562438808558451e-01,3.769560628045244555e-02
1.454854779523151731e-01,-8.808847847870968084e-02
3.283374515596764742e-01,-3.964474201248939234e-01
3.112367985406940263e-01,-5.809786266633654161e-01
2.840052924086844954e-01,-5.473499814924653872e-01
2.068291506188120465e-01,-5.394374552823704150e-01
3.051069420438253244e-01,-4.354664263298099747e-01
3.848657409382064132e-01,-4.558846967009278495e-01
3.467332031275716653e-01,-3.439120154146689812e-01
3.058069838219056036e-02,-2.593081044665797030e-01
-9.962312289416307143e-02,-1.405042419279736443e-01
-2.536734687309901704e-01,-1.671938694015441262e-01
-6.938581869854676398e-02,-3.433493155505064620e-01
-1.707908779542083588e-01,-5.193009402484457526e-01
-1.197618058011810094e-01,-6.508191612985140262e-01
-2.655223268143077631e-01,-6.314180923239407495e-01
-2.131901082751881116e-01,-6.918873828415523786e-01
-2.474522377998677747e-01,-7.315261899101829224e-01
-2.812332486039330615e-01,-6.520508759882310823e-01
-2.897125757505064625e-01,-6.167743068194452283e-01
-1.827230551530719116e-01,-6.000077100075595915e-01
-3.085551563717170431e-01,-8.531962901514305031e-01
-6.250789440091513161e-01,-1.091334538094650419e+00
-8.250771517984669678e-01,-1.099252084821260356e+00
-6.986020742117244886e-01,-9.051321341906403140e-01
-3.763339216689248201e-01,-6.776824673112996633e-01
-2.986606104765444081e-01,-4.275503286891879640e-01
-3.793917034359861051e-01,-3.280394772573237416e-01
-5.119036497469354741e-01,-2.032834196960015549e-01
-5.284489973724690870e-01,-2.940281173764671685e-01
-8.449480187067802683e-01,-6.619480740138908859e-01
-1.081790171568748571e+00,-1.037178551323753695e+00
-1.263466467368447033e+00,-1.244549085820418455e+00
-1.007229646455655825e+00,-1.175477235310802282e+00
-6.231169315112263796e-01,-8.790891039478933022e-01
5.686577871300779047e-02,-3.390781041712697119e-01
6.368707777984292662e-01,1.532402051256668563e-01
1.029998818042554332e+00,4.078092841299232885e-01
1.238930564234400400e+00,5.489350806993921195e-01
1.158193963948356053e+00,4.909856579026764534e-01
8.137923855692575925e-01,2.829830400978037286e-01
4.260931867351395175e-01,3.572262861263689193e-02
1.507901684503301365e-01,-6.811263196367042805e-02
7.599388505402475402e-02,-1.552669040608646578e-01
9.644083655334459437e-02,-2.641226212468371637e-01
-5.003763933706491945e-02,-4.787940392639182252e-01
-1.834522624531737811e-01,-6.431081630031352248e-01
-2.286967390582737292e-01,-6.245007315420251226e-01
-6.603412489262888707e-01,-9.346594731640546216e-01
-9.294560504716212757e-01,-6.674595163840693068e-01
-1.164659926919749955e+00,-5.039097391258394731e-01
-8.545745515947666959e-01,5.615234669312707538e-02
-6.946516947340826142e-01,3.942585960714218851e-01
-1.818351814275167289e-01,6.079639384417168113e-01
1.513778998578106383e-01,6.144073856231019315e-01
5.635824259344444087e-01,1.667267838250009737e-01
3.237690031229241150e-01,-2.552702378982658615e-01
-8.502160166122259277e-02,-4.597887082204158427e-01
-1.008731917072014095e-01,-6.609441663204060902e-01
5.503481454869709744e-01,-8.184830538907872377e-01
1.340342294584942806e+00,-1.105933889964543226e+00
1.829789962072220222e+00,-1.106857096020328779e+00
1.917813890604659566e+00,-9.190312742169868265e-01
1.566403419821963183e+00,-7.654379079391429030e-01
8.652582125842496197e-01,-6.958747407776265659e-01
1.522396030152632085e-01,-6.848458530746718287e-01
-4.060245753210101616e-01,-5.915012369366779987e-01
-3.592509856060388529e-01,-6.342743359149212168e-01
-3.052461070474243865e-01,-5.952669742317130419e-01
-2.367409207554426465e-01,-5.123699940117900642e-01
-9.705816610030655600e-02,-4.653546369073976452e-01
5.786017762275868365e-02,-5.051816040733838609e-01
2.045043255102172441e-01,-5.155664385820001305e-01
1.567403961445043847e-01,-4.261849515912157216e-01
2.815730299708317855e-02,-3.038758044699066962e-01
1.050428076221841256e-01,-6.384979106005440608e-01
1.284389014746027159e-02,-7.842241714013100662e-01
-2.380148169871993541e-02,-7.789962792602009856e-01
-1.375290188445201511e-01,-5.642439546312262300e-01
-3.032770397217673594e-02,-5.370248822928987975e-01
-2.226888194905815230e-02,-6.236676305158797007e-01
-1.027512135128565568e-01,-6.177068207652172127e-01
-2.457802298179122824e-01,-5.715708105647022697e-01
-1.080924889956389190e-01,-5.280576966284297180e-01
4.593747917193514996e-02,-4.406992918815602067e-01
2.422610577103103680e-01,-3.630662409098893151e-01
2.346288713698923556e-01,-2.151745580525087076e-01
-1.254379558688704238e-02,-1.580009256244185589e-01
-7.147278580249673274e-02,-3.145449685512899385e-01
7.323658575896138667e-02,-3.359935889083241478e-01
2.756308595116108151e-01,-2.435981931399085476e-01
2.420618848999782080e-01,3.425540200747074771e-01
4.718184022616001005e-02,8.479875791706168453e-01
-8.642557866846174719e-02,1.353209260706563555e+00
-2.668137621813604921e-01,1.507492692277052626e+00
-4.947732767379434127e-01,1.257501025980422682e+00
-6.212133680737821351e-01,1.167329781989609794e+00
-6.633274845063596992e-01,1.232505121576546792e+00
-5.518192382236852822e-01,1.670794681419388583e+00
-4.409114648482303500e-01,1.942232688689210507e+00
-2.838206790012787750e-01,2.069935660997162419e+00
-1.047722780117676389e-01,1.917323122677051517e+00
1.359252580808321675e-01,1.447941813818585999e+00
3.477567801963215577e-01,7.538497248245433768e-01
6.685538107787252216e-01,-2.085327700972340603e-01
1.221100426214502432e+00,-8.101906262008452542e-01
1.527422554814608091e+00,-8.949114601888527032e-01
1.366795977162353237e+00,-5.013999575230747574e-01
7.643429044801940409e-01,-1.228178606330451172e-01
2.781725570442849516e-01,-1.577410541563990520e-01
2.484870703131807357e-01,-2.606445571314469078e-01
5.105791839290969580e-01,-6.126172104875874380e-01
8.422814771614551832e-01,-8.177738812289506720e-01
1.265749852406082621e+00,-1.105296549666693995e+00
1.505357164069464071e+00,-1.249920417190393929e+00
1.617619156285839521e+00,-1.196099694494477950e+00
1.315548393586590814e+00,-9.063852363961677483e-01
9.390712550439428430e-01,-6.161201774559607047e-01
2.245197668773140920e-01,-5.565960942491280372e-01
4.894539863228662968e-01,-1.272242422741886037e-01
5.502390527931119157e-01,2.915429264402133458e-02
7.696052915702791264e-01,1.372433352094903081e-01
7.044571641180937815e-01,-6.692317406495448262e-01
5.971629444479372717e-01,-2.166008274036220094e+00
5.809489034370398652e-01,-3.890774882890144504e+00
4.784313819775830312e-02,-5.599881169298607908e+00
-4.869221174696706234e-01,-6.363947218924051796e+00
-1.040317047828942965e+00,-6.133138366592443269e+00
-1.327926595072579596e+00,-4.606778114225503984e+00
-1.663771648325403252e+00,-3.419419266699108118e+00
-1.840466269781251940e+00,-2.427876458404315763e+00
-1.953693778861635311e+00,-2.236434528388854481e+00
-1.739578548740656538e+00,-1.900969719643044398e+00
-1.158544578217642229e+00,-1.355906347628314190e+00
-1.158544578217642229e+00,-1.355906347628314190e+00
-1.395273558177218431e+00,-8.617717169711788250e-01
-1.087435849693633827e+00,-4.047795052679642458e-02
-7.866568793595257736e-01,7.505803945575237890e-01
-7.027968149192996838e-01,9.709241716985883563e-01
-8.765042545889598635e-01,1.036744923146180941e+00
-8.380210780827574979e-01,9.923994498767357841e-01
-7.720285418558281432e-01,8.236754989819479178e-01
-6.235635033211491818e-01,6.199320301561797031e-01
-4.620661072577688100e-01,2.148676526488147720e-01
-7.366273174390206568e-01,-2.862380046143739865e-01
-1.250910547105994253e+00,-4.498881222242506195e-01
-1.485293959416153831e+00,-3.316276181394913758e-01
-1.183202359392687031e+00,2.906746844244847972e-01
-1.050432015375187600e+00,1.088936777828334090e+00
-6.757300531250551856e-01,1.565989081664664440e+00
-8.630642740307795102e-02,1.831473013722212606e+00
7.654586307240835996e-01,1.739443543754324750e+00
1.228935604246826241e+00,1.553589483828169193e+00
1.430582649437587506e+00,1.361791307420507247e+00
1.142715041328315806e+00,1.015823346857084086e+00
6.312554998366849413e-01,7.819991977620589507e-01
-1.624987646482729253e-01,1.906790548802342611e-01
-9.294956496302726467e-01,-4.667158618374619983e-01
-1.171834456814895509e+00,-8.897548878290086893e-01
-9.717682292457719972e-01,-9.236511304398249411e-01
-3.666620894801730923e-01,-6.719188243137261818e-01
2.156174113034455692e-02,-2.663451880185040421e-01
9.531058317456878037e-02,-1.050279837589439824e-01
