1.030753956833562190e+00,2.885413972240199243e+00
1.114229610549669180e+00,3.068390827950777666e+00
9.475286097554926068e-02,1.805432940733271430e+00
-5.475055310880717618e-01,-2.171841090349310166e-01
-5.907427880496877171e-01,-1.398201931686104516e+00
-6.665345085513026957e-01,-1.532937853051894672e+00
-8.523370579931418556e-01,-9.911257675280535917e-01
-8.017272775544741492e-01,-8.055646402655399774e-01
-6.579582044321982126e-01,-8.035440948013169438e-01
-3.703567173803831158e-01,-3.661168899201503457e-01
2.203080367627238967e-01,1.595510684077771302e+00
-1.035583155628175545e-01,2.963183823869064870e+00
-7.445325731479361941e-01,2.982815528574429553e+00
-6.324256713031131127e-01,1.815330964336431041e+00
-1.868913633525600415e-01,8.305939981850610776e-01
-6.212865716518103931e-02,5.582522083580576666e-01
-2.498410040252821429e-01,4.679015175197647758e-01
-9.335208589242217914e-02,1.744637154798343859e-01
3.222497969336164392e-01,1.100319945762669172e-01
6.283114142931330026e-02,5.597796831230297254e-01
-3.924177405598575641e-01,-3.502484929394532043e-01
-6.447944190106083551e-02,-7.589296108517867845e-01
4.064227883331581470e-01,-6.443652695251342877e-01
5.514486514417350493e-01,-1.016366853615970678e+00
3.066612417434462223e-01,-8.297076508677079243e-01
-2.351885827820082986e-01,-8.564688332424549300e-01
-7.604179125323242694e-01,-2.114547804201237557e+00
-1.075567008602209995e+00,-3.094267276465680450e+00
-1.075567008602209995e+00,-3.094267276465680450e+00
-1.075567008602209995e+00,-3.094267276465680450e+00
-8.309296243181850672e-01,-2.599069452549829684e+00
-3.870322728472431750e-01,-1.396617744280695295e+00
7.995106621334365782e-01,-3.929374498639377489e-01
9.250017206873646369e-01,-4.452877123308214835e-01
3.736072963802477553e-01,-6.716577547119689795e-02
-5.888383915334733931e-01,1.209109194408452409e-01
-9.334350332775931403e-01,-2.209206254586616736e-01
-5.178180848761885224e-01,-3.006926016775520183e-01
-3.986511679434027733e-01,-1.600370368661140075e-02
-1.968689383735610365e-01,6.353551215282331466e-01
-4.531918636751811752e-02,8.445557387047164521e-01
8.243660400945421185e-02,5.759771142754285256e-01
-4.217976627350811941e-02,3.790539711343322016e-01
-9.539651076510075045e-02,2.829712568868570366e-01
-2.498410040252821429e-01,4.679015175197647758e-01
-1.634140632006986227e-01,5.471418344818802515e-01
1.301077517656610769e-02,3.705776272456514087e-01
2.313342208427969504e-01,7.953547467441855756e-02
4.652455821766229849e-01,-1.075262549557987057e-01
3.665359405227470724e-01,-1.890587034127987065e-01
6.093937992232455469e-01,-7.326867105525634027e-01
6.652575206613181580e-01,-1.581286048340178496e+00
1.411467375398039181e-01,-1.863805660736120862e+00
1.411467375398039181e-01,-1.863805660736120862e+00
1.411467375398039181e-01,-1.863805660736120862e+00
-1.112533750035813729e-01,-1.078459351512281117e+00
-2.355587425532212342e-01,2.498918107532698829e-01
-1.592694583731166513e-01,6.701245564662551280e-01
-1.229157528366687235e-01,-4.248993739158961336e-02
-3.615605375133221777e-01,-2.366262062711151359e-01
-1.045707911343202179e-01,-1.120016715297540655e+00
2.731490264043138355e-02,-1.665979568999943261e+00
-1.236538146388219461e+00,-6.011233265804222237e-01
-1.586194232803676663e+00,1.272828597569704012e-01
-8.235220194825841888e-01,5.135215247444679942e-01
1.421305582476782570e-01,6.754817666535974929e-01
4.433366804615443968e-01,5.254446977314113365e-01
1.029291562945835015e+00,5.267042639094871026e-01
1.366277476724829354e+00,4.854436181163459540e-01
7.995558683078394235e-01,1.298089283851379949e-01
1.003922725938006660e-01,-1.818709011576646606e-01
-1.310620619597108460e-01,-7.103139528895221488e-01
-3.312278287101424468e-01,-1.126402700484436137e+00
-4.792847151694686891e-01,-9.487840675971855875e-01
-3.200297604286992392e-01,-8.235819979785929945e-01
9.919673832533118518e-02,-7.082812122464959836e-01
3.560446607279475484e-01,-4.020132833489721835e-01
3.560446607279475484e-01,-4.020132833489721835e-01
4.846561983936405194e-02,-4.518527623073551602e-01
-3.615605375133221777e-01,-2.366262062711151359e-01
-5.133256784354729430e-01,-9.877158040494946056e-02
-5.133256784354729430e-01,-9.877158040494946056e-02
-4.119023260582577173e-01,3.193736052098131717e-01
-2.436784317670171174e-01,7.805939148615440581e-01
-2.971501495501321921e-01,6.025562938952082614e-01
-4.332349518541999678e-01,1.791135118686881522e-01
-3.075932416586322216e-01,5.069770414015405124e-02
-2.906110657634035088e-01,8.258380343321668204e-02
-5.133256784354729430e-01,-9.877158040494946056e-02
-5.861185682381815365e-01,-1.787424328164734511e-01
-5.421923052768823359e-01,2.768141284179800876e-01
-4.697107811592354798e-01,5.895444431688510178e-01
-3.544241251576671914e-01,6.514487814232241547e-01
-3.765756799442398495e-01,2.855883781938751698e-01
-6.129814749325811496e-01,-5.505503643859470664e-01
-6.936794006433886217e-01,-7.290763672736580991e-01
-5.165617681621147428e-01,1.948443272095033429e-01
-5.798931382069453244e-01,-3.920612803448737527e-01
-7.994606017063835557e-01,-1.217467576615600233e+00
-6.071349787593803837e-01,-9.496078748890108834e-01
-2.904433303672320776e-01,-5.474856849146015891e-01
-3.615605375133221777e-01,-2.366262062711151359e-01
-5.511851533007857684e-01,8.895100359285160185e-02
-5.035578249795961137e-01,3.660398652845078815e-01
-5.957849358028641240e-02,-9.699184335105479060e-02
3.041879711510032114e-01,-1.257101879909525932e+00
3.891285869375392392e-02,-1.883345852471554505e+00
-3.411851712204190812e-01,-1.389342938958575857e+00
-3.782487845480252964e-01,-6.146725786489564136e-01
-7.393223086818525580e-01,-4.594415640165264714e-01
-8.439091467651571588e-01,-2.244861508725608801e-01
-5.178180848761885224e-01,-3.006926016775520183e-01
-1.056762149104004900e+00,-6.424772038772452731e-01
-1.465114722802570268e+00,-7.663888212296334768e-01
-1.382778350001240053e+00,-3.780549154014036239e-01
-8.712051219699848970e-01,2.435775194895552498e-01
-3.585702870552497368e-01,7.705030124589657969e-01
-4.005486877038797466e-01,-9.644482061435956377e-02
-9.431838977119388900e-02,-9.842459589179884949e-01
5.887938710521265495e-01,-1.128386293214700631e+00
6.652575206613181580e-01,-1.581286048340178496e+00
2.731490264043138355e-02,-1.665979568999943261e+00
-3.720493481228572263e-01,-1.031714201289648525e+00
-3.416728531649672052e-01,-4.969034865788571342e-02
-1.440255140689470359e-01,5.545604588035544236e-01
-1.542947996276451683e-01,1.360332570153731102e-01
-1.139800424838845333e-01,-4.776136090904041509e-02
-1.310620619597108460e-01,-7.103139528895221488e-01
-8.844765651391635064e-01,-1.115307636981510558e-01
-1.174124746393728769e+00,1.254221382423903464e+00
-1.541552987771976024e+00,1.153410810174078316e+00
-1.995093562257908459e+00,3.605057695666289974e-01
-1.955851458300450041e+00,1.862027414342949660e-01
-1.684142707001732298e+00,6.344642642340388994e-01
-9.801675474975006797e-01,9.572432319483018537e-01
-9.801675474975006797e-01,9.572432319483018537e-01
-1.187142516718778795e+00,9.972973766334913837e-02
-7.524570228225792023e-01,-1.197049436942419359e-01
-2.149945993792627685e-01,1.736222705881175499e-01
2.882931256802612752e-01,3.360984512003329927e-01
9.821063719033314987e-01,3.220020731420554505e-02
9.193837131510560479e-01,-1.370203216533792734e+00
2.731490264043138355e-02,-1.665979568999943261e+00
-3.720493481228572263e-01,-1.031714201289648525e+00
-5.895662883759691386e-01,-1.212438618762651243e+00
-9.013682925001377244e-01,-8.891095159421745775e-01
-9.072010723729782011e-01,-6.587231400583952734e-01
-7.994606017063835557e-01,-1.217467576615600233e+00
-7.994606017063835557e-01,-1.217467576615600233e+00
-7.994606017063835557e-01,-1.217467576615600233e+00
-8.211625358039169598e-01,-1.191834597394755058e+00
-8.522266276291005083e-01,-1.485457844878625089e+00
-8.995703623730595400e-01,-1.876134344374500440e+00
-7.114619363575014344e-01,-1.973098980019174498e+00
-5.087276557364911467e-01,-1.893441137710609290e+00
-5.762957214961750285e-01,-1.565863732214274551e+00
-8.298102005584558905e-01,-1.525994126892485259e+00
-8.995703623730595400e-01,-1.876134344374500440e+00
-7.114619363575014344e-01,-1.973098980019174498e+00
-5.087276557364911467e-01,-1.893441137710609290e+00
-5.762957214961750285e-01,-1.565863732214274551e+00
4.349612880228193590e-01,-9.595218926407859117e-01
2.260413114345909413e+00,-5.042840488762656559e-01
1.788423036504601216e+00,3.143593565391176736e-01
-1.592694583731166513e-01,6.701245564662551280e-01
1.286152867244217367e-02,1.141035614266026343e-01
-8.181700848401527448e-01,2.550229516274927360e-02
-1.256317893330343383e+00,1.828584186362709751e-01
-8.387717759770475512e-01,1.064842917199283340e-01
-6.502220546240220500e-01,-7.908322361578093984e-01
-7.994606017063835557e-01,-1.217467576615600233e+00
-1.008267679024027252e+00,-6.301862134201620114e-01
-9.334350332775931403e-01,-2.209206254586616736e-01
-5.178180848761885224e-01,-3.006926016775520183e-01
-1.042403037542643407e+00,-6.393672858431882489e-01
-1.281311428372381656e+00,-7.618648838486344887e-01
-6.862887103048692650e-01,-4.572486421428292314e-01
4.020764811960508833e-01,-2.509968667931132824e-01
6.673642991500134958e-01,-2.797703880214530425e-01
3.616480734611015047e-01,-7.383463589044074737e-01
-1.518555879860471747e-01,-1.513958925316704729e+00
-2.916949607982748383e-01,-1.348269742765872525e+00
-7.201722680089107931e-02,-3.971662127481427329e-01
8.386457195401836318e-01,8.415915085185289579e-02
1.922970998352836913e+00,-2.283653432961605390e-01
2.103037455593091742e+00,-4.517541073708237764e-01
1.283477017445887158e+00,-3.637274124487713256e-01
3.709216099472107397e-01,4.459915760847996125e-02
-5.137858065922511902e-02,6.620601944884862977e-01
1.845719365192962161e-02,4.485135483528246425e-01
1.453416951097646296e-03,-5.674919744099647945e-01
-2.350373024518728204e-01,-9.923393145014812733e-01
-3.466874884832717441e-01,-5.291625590448214567e-01
-6.909647943170081907e-01,1.085853541765732677e+00
-7.294833588619746845e-01,2.744476896151462508e+00
-3.767459467861777322e-01,3.190373810751162775e+00
1.929626129478568264e-01,1.893169702910511232e+00
5.590517875436299411e-01,2.790966638066529337e-01
3.709216099472107397e-01,4.459915760847996125e-02
1.029337838672446243e-01,1.508119837690978238e-01
-3.542731242056127439e-01,-4.361393303739999894e-01
-6.579582044322004331e-01,-8.035440948013163887e-01
-7.806496602640475846e-01,-8.636861538153667306e-01
-3.606627669440829465e-01,-5.150878534170416634e-01
5.780603426463809535e-01,-5.139952876436406637e-01
8.627538257103727348e-01,-9.114027002870702665e-01
4.296941250613322549e-01,-8.832254216656788559e-01
-1.278314764352842248e-01,-7.403725192087468043e-01
-5.544900891118793584e-01,-8.278478365838783937e-01
-5.787251573358034307e-01,-1.037729342546898303e+00
-2.513893353592258073e-01,-5.007375817668500151e-01
-9.075386809479112082e-02,-2.451185887889689996e-01
-2.591145134621597457e-01,-8.649731185835952685e-01
-4.547619510151555966e-01,-9.982311398789052159e-01
-3.568642826984657068e-01,-5.468741722601595523e-01
-6.775820677150400095e-02,-8.463606326902446686e-02
-1.995922901795117166e-01,2.604324364387156088e-02
-4.551972522828575118e-01,-4.619093041241478237e-01
-1.463694710443067537e-01,-7.032834154194145260e-01
2.209831233133220316e-02,-7.401639174154962530e-01
-1.472775572285301982e-01,-7.050441032551763021e-01
-9.166597965379634505e-02,-3.200963041889280936e-01
1.265008158838730190e-01,5.890977254087335913e-02
8.249458875101779720e-02,2.170143176140140739e-02
-9.275855027861644453e-02,-2.817782228249335885e-01
-5.018827952984647456e-02,-1.270760812621751779e-01
7.161629595988382169e-02,-1.503963638621101939e-01
1.483547667792946582e-03,-4.678548731741015709e-01
-1.594320807515193505e-01,-5.437751602722051825e-01
-2.964840560438712913e-01,-2.992674785737221566e-01
-3.889038132540613701e-01,-5.354117078985543704e-02
-5.884353998949449771e-01,-5.345979780849881013e-01
-7.955224668568311452e-01,-7.330236148051265666e-01
-2.093992224047112494e+00,-8.133138969099601434e-01
-3.898064156207906361e+00,-8.525284478578883940e-01
-5.033792956336254676e+00,-7.902995782472426178e-01
-5.033792956336254676e+00,-7.902995782472426178e-01
-5.044864636043565831e+00,-7.689163319532847929e-01
-5.044864636043565831e+00,-7.689163319532847929e-01
-3.918563648569705737e+00,-6.382022014089158146e-01
-2.297877565881062623e+00,-3.263949030043357125e-01
-1.050315427673811586e+00,1.436986821237015155e-01
-5.285801791006712325e-01,4.246828357322282588e-01
-5.514109918977575520e-01,6.462565640117332588e-01
-5.514109918977575520e-01,6.462565640117332588e-01
9.078345155147289625e-02,4.873104213878042268e-01
2.081349024532761494e-01,6.240720638438266299e-01
-2.377719321422392118e-01,3.830932946776057224e-01
-2.964840560438712913e-01,-2.992674785737221566e-01
-2.148964377773514289e-01,-1.615427435035926840e-01
1.479696393373149121e-02,2.608689634926075196e-01
-2.237154671645460446e-01,1.708276840435613009e-02
-8.480515860363300185e-01,4.443681641320451625e-02
-1.089116548222834435e+00,1.093103600759196686e-01
-1.021832445432509173e+00,2.603139793467105778e-01
-8.318023455298488855e-01,4.524101599137845264e-01
-4.475016053422800066e-01,3.559101979162331841e-01
-3.220112529459343009e-01,3.909950711063661655e-02
-2.628967193540453495e-01,-9.155869978188115044e-02
2.163525440205422146e-01,1.917551097521388581e-01
5.745462826101561671e-01,3.332884771340102747e-01
5.873506720755576893e-01,2.626683628076862398e-01
6.784799597815181771e-02,3.572928564981748267e-01
-6.026402362305728344e-01,3.697094482394976955e-01
-8.825815268962203808e-01,1.580957054633806147e-01
-4.424791742904489733e-01,7.189439828129892684e-02
3.280438759058669218e-01,-2.489675534873626861e-01
3.861262789991417033e-01,-1.012321066885379928e+00
-4.171232760066599654e-02,-1.734727222060189034e+00
-4.261589394261103836e-01,-1.741392039355204924e+00
-6.672941074876305168e-01,-6.837262500486125383e-01
-9.525727089306965656e-01,2.634430041266115019e+00
-1.023712351914927376e+00,6.328226641467042057e+00
-1.015759136387373474e+00,8.243262708891551327e+00
-9.140177153459030368e-01,8.118942512078595186e+00
-9.153039421853751412e-01,6.195759896892448104e+00
-4.198503826137322537e-01,3.571410972769827552e+00
5.215255162294961666e-01,2.133895990105274532e+00
1.155550103096162573e+00,1.883211924033113549e+00
1.553847075085307061e+00,5.688942269730392631e-01
1.299238510739157304e+00,-9.760191509646146679e-01
1.204700018724803590e+00,-1.190702403164428241e-01
1.449973318492618235e+00,1.612902377490407435e+00
1.512099756969547348e+00,2.156668104105356143e+00
9.805083227127798784e-01,1.499751439617714510e+00
1.324240546255199269e-01,1.046251645728961455e+00
-8.309064567941704116e-01,3.206590222137609691e-01
-9.786262969388107580e-01,1.241844238410995949e-01
-6.885290961492099848e-01,1.249033318398422993e-01
-3.229652277597623855e-01,2.605839570920602771e-04
-3.560968378820683622e-01,-9.259305355195041054e-02
-1.559490184767399756e-01,-3.076630855159513955e-01
-3.570813304117774478e-02,-5.069067031848185634e-01
-1.292721097359248450e-01,-5.027660386573828966e-01
-4.728707195868300239e-01,-7.900285692867775600e-01
-8.523370579931428548e-01,-9.911257675280541468e-01
-1.055696052553301678e+00,-5.197026584950348305e-01
-1.142422914405844647e+00,-1.341854664835352706e-01
-1.060836519906293907e+00,-2.230054400772954193e-01
-9.662440740475399803e-01,-7.315310556062908365e-01
-8.376575538965153056e-01,-8.801491105361541889e-01
-8.509184431252680980e-01,-2.138107952877592033e-01
-6.123711451627245062e-01,5.281223426233720986e-01
-4.021983658894546787e-01,4.831942758899628876e-01
-4.738199079870007435e-01,2.455556126417538995e-02
-3.791821601223842597e-01,-3.230809797191901145e-02
-2.796589475747274234e-01,4.233024162555807379e-01
-2.836818333269500725e-01,9.125645386193672604e-01
-2.836818333269500725e-01,9.125645386193672604e-01
-2.836818333269500725e-01,9.125645386193672604e-01
-6.676607548665220992e-01,7.374550990128967420e-01
-7.356651438523065245e-01,2.817277035699582433e-01
-5.964621000108026594e-02,8.514853859694636595e-01
1.383814621341267030e-02,1.258881629421596093e+00
-4.021983658894546787e-01,4.831942758899628876e-01
-3.461748942607685287e-01,1.535121478953988816e-01
1.766134842732330901e-01,1.609815625755615986e+00
6.959169720041272766e-01,4.627843275892512764e+00
8.053476897729022754e-01,6.845222462738270508e+00
5.568499415458395552e-01,6.547874791251576454e+00
5.700433296689062790e-02,3.942331313882424748e+00
-1.367095094179363590e-01,9.854616863216364431e-01
-4.231190163245718283e-01,-8.466511646262281365e-01
-7.703580914068405283e-01,-1.520747596252530531e+00
-6.691310872780122931e-01,-1.896279182220523607e+00
-2.056579480336828691e-01,-1.134520575464994296e+00
8.633383245823023078e-01,-5.893194881566105048e-01
1.646743842887641307e+00,-9.644742362538689662e-01
1.571910216332252919e+00,-7.633519179445535929e-01
6.832231637555231663e-01,-1.603490851520903981e-01
-2.498410040252821429e-01,4.679015175197647758e-01
-1.380176723220785384e-01,2.206646270618600747e-01
-1.361444781551471306e-02,1.086034273454082877e-01
-3.257030342854750904e-01,2.210409816533617511e-01
-5.387192361136796670e-01,-9.693056355562311432e-02
-4.180713237050910358e-01,-1.847405676424104803e-01
-4.487213314236236372e-01,4.072540141097149013e-01
1.492799576035421238e-01,1.163451117123962986e+00
5.184564810068575946e-01,1.364747006720570477e+00
5.184564810068575946e-01,1.364747006720570477e+00
5.570834161235379556e-01,5.015678824213007925e-01
7.123063282822157394e-01,-4.991833510507316940e-01
6.584328489318255206e-01,-6.460536187636739536e-01
2.160062379681678968e-01,-7.025952167316200370e-02
-2.925674518472032304e-01,2.131493461726334804e-01
-4.803782941925193173e-01,-7.665790427592458767e-02
-2.987348497411919657e-01,-3.851971366855585499e-01
-3.778273251371540020e-01,-4.670989490472870487e-01
-6.164132364532602937e-01,-1.803066439294839229e-01
-2.732080632507022377e-01,-2.146096695438608759e-01
-3.778273251371540020e-01,-4.670989490472870487e-01
-3.962198394528341772e-01,-2.862115993907317635e-01
-3.180026848653871863e-01,-5.948921103541147115e-01
-6.292443409031754920e-01,-1.065533677221139230e+00
-3.877009381010917966e-01,-2.704427822775795076e-01
2.804599439492675983e-01,2.445321594808106402e-01
2.775263948451425766e-01,-6.340091852168991959e-01
-3.107355847079350600e-02,-1.355750453466823879e+00
-1.239635888286097359e-01,-2.055234788223682774e+00
-3.713646910975370030e-01,-2.246124413903114014e+00
-7.708301089263897010e-01,-1.810166434813111458e+00
-9.209302280799626095e-01,-2.039240149159803117e+00
-6.044442644734860925e-01,-2.877469883333104050e+00
-3.422934921443456791e-01,-2.464438268460748205e+00
-4.158034895602675807e-01,-1.143956391590029265e+00
2.209063442673289412e-01,-3.602918288425692173e-01
6.799522612190570525e-01,-4.531056631356276676e-01
1.374261577509026666e-01,-3.256937280668668055e-01
-4.805172477744966697e-01,-1.442145921269379766e-02
-4.805172477744966697e-01,-1.442145921269379766e-02
-8.310119971322257326e-01,-4.593061966544841335e-01
-3.221743912871718463e-01,-9.557645261287123217e-01
5.039739963586050697e-01,-8.668556816461767678e-01
7.529174778927177902e-01,3.338332207322995404e-01
6.665346553940224572e-01,1.194236714116729159e+00
6.665346553940224572e-01,1.194236714116729159e+00
6.665346553940224572e-01,1.194236714116729159e+00
1.352503980826572361e-01,5.789842073150236468e-01
-4.792004152214914270e-01,-4.443210393188413154e-01
-5.199939862162226145e-01,-5.807148991980459751e-01
-3.840178176479946970e-01,3.129617615880391779e-01
-1.599970877848301554e-01,4.464276722640633799e-01
4.946194816451066761e-02,2.737267683674265983e-01
-3.566642999868331609e-02,1.178018110349388636e-01
-1.483108364089024966e-01,9.577224368849300562e-02
-1.483108364089024966e-01,9.577224368849300562e-02
1.946550586462546806e-01,-1.749064054625537046e-01
6.754802325415325548e-01,-1.459190919269527931e-01
6.417197503234640665e-01,-7.520218339407072627e-02
1.225377840447477995e+00,-1.293908889084183778e-01
1.559560222422434972e+00,1.030415489141150304e-01
1.193266874622177953e+00,4.520027553262399578e-01
4.912746445318704192e-01,3.176671046922945330e-01
6.306776667270295178e-01,-5.934985161334472431e-02
1.296440712254677052e+00,-6.199764126503217593e-02
1.465907683542157169e+00,3.704026159398527418e-01
1.097895996815427155e+00,6.570798559491901614e-01
5.227017935040548791e-01,4.231640069499957857e-01
3.344483643771949399e-01,1.271724666700279949e+00
4.729763231525672129e-01,2.399285369749682317e+00
4.729763231525672129e-01,2.399285369749682317e+00
1.291000203834050675e-01,1.842049323025609420e+00
-2.861925897742930713e-01,1.161463433687235147e+00
-2.454841040629000826e-01,3.427830581619752959e-01
-1.483108364089024966e-01,9.577224368849300562e-02
1.822114767135781313e-02,5.248982625040863326e-01
6.114462287698364529e-01,5.327718055214822890e-01
4.824861398204204899e-01,1.426697894723457927e-01
-3.840178176479946970e-01,3.129617615880391779e-01
1.592954599628114767e-02,8.327186684281658868e-01
6.654028079049871813e-01,6.469576544784658712e-01
1.312641158476787195e+00,-1.873515214217411351e-01
2.444538707610685702e+00,-2.960605647119766370e+00
3.809257225117567369e+00,-6.048002396964814231e+00
4.546544580568210314e+00,-7.188995696063383178e+00
3.854811185395335293e+00,-5.605311659631739829e+00
2.159280308893056777e+00,-2.855863634784748584e+00
8.140149498909837744e-01,8.114517088059183814e-02
5.944362042314842443e-01,7.612953303836327290e-01
1.215882751746503621e+00,-3.465850856356825216e-02
2.209006052483787563e+00,-4.045440798178633335e-01
2.173852090004271265e+00,-6.188121140271185538e-01
8.542693579372107049e-01,-2.836986087477374463e-01
-3.075932416586322216e-01,5.069770414015405124e-02
-6.310164221880955326e-02,-4.238513667314164346e-01
1.873265957610943111e-01,-4.161366163816553887e-01
6.161779492983733286e-01,-7.115231386438150007e-01
9.882186442696578865e-01,-2.122065189508837157e-01
7.599538402285122007e-01,1.188007516185712209e+00
5.554520483474164605e-01,1.783691973466047687e+00
6.227662398951366862e-01,1.065325468730688119e+00
3.579685057972660789e-01,2.454470495963610999e-01
8.636169122160300970e-01,-9.385130628305293765e-02
1.125115634141071519e+00,-1.329620703596859632e-01
6.824395140550190697e-02,-3.639856062856792196e-01
-6.941752750881896583e-01,-4.026799869305704438e-01
-1.763559437308357403e-01,-2.026819921127341606e-01
6.015697481491980719e-02,-1.104324637732458508e-01
-2.426010436776657730e-01,-9.149134945488113235e-02
-5.083791621928311910e-01,-7.425781865330062514e-02
-3.791821601223842597e-01,-3.230809797191901145e-02
-4.170576244053413040e-02,-1.509506895920521841e-01
1.242597178898850879e-01,-1.536600667401734344e-01
-1.297688639100671726e-01,7.292654531541520324e-02
-4.282657105095010741e-01,2.854975339318886474e-01
-4.102946429202559697e-01,1.439752347728678605e-01
1.792036073168458074e-02,-5.150779643866236664e-03
3.342779519433511370e-01,2.230665871732597227e-01
1.515999391719402012e-01,2.142750407327830009e-01
-4.866541858680646926e-01,4.170908899270507897e-01
-8.094801698064010287e-01,2.798266789797788867e+00
-1.088298848640093741e+00,5.445484793454539840e+00
-1.222282451416277338e+00,5.824417360161121771e+00
-1.148254247943197637e+00,4.525184999522483764e+00
-9.095934058292277635e-01,1.837043101711282933e+00
-6.970876164997167335e-01,1.607689327277038727e-01
-6.970876164997167335e-01,1.607689327277038727e-01
-6.166224868075294019e-01,-4.907424028423271190e-01
7.553710950517957823e-01,-1.725842083342501887e+00
2.383154186268456876e+00,-1.673003351428428154e+00
2.292325126760943022e+00,-8.009573540795151825e-01
9.687744100125230684e-01,2.945972259679479621e-01
-8.948374869673955123e-01,9.870023676511022748e-01
-2.056713275176105693e+00,1.259284084376147472e+00
-2.865384398860804982e+00,1.546242036050673452e+00
-2.585619523528794428e+00,1.133198156300936565e+00
-1.374480123088995809e+00,4.321513801191488868e-01
-2.732080632507022377e-01,-2.146096695438608759e-01
3.585971456879911701e-01,1.027187408012100595e-01
4.304990139868852261e-01,2.769480694594596004e-01
3.664874674763834439e-01,-3.126747342611647662e-01
3.416426956611597343e-01,-2.552654249053863400e-01
-1.995922901795117166e-01,2.604324364387156088e-02
-3.075932416586322216e-01,5.069770414015405124e-02
-1.421366824570073906e-01,2.538138346410279689e-01
-1.333185909051400886e-01,-2.043722904828116083e-01
2.357179625632666725e-02,-6.957962465110631989e-01
6.596595698588798851e-02,-6.247032882042368174e-01
-9.161075597262706427e-02,-3.042590341071743643e-01
-2.259875690510725343e-01,-4.279906448737743618e-01
-2.399130409295408828e-01,-9.165394469271005429e-01
-5.425653285140092930e-01,-1.504120171837629361e+00
-8.987043549553567212e-01,-1.658684479598967254e+00
-9.750776080007865776e-01,-1.219343497063477999e+00
-7.456722443447145743e-01,-5.295623397354765061e-01
-3.075932416586322216e-01,5.069770414015405124e-02
2.482903979754551849e-01,3.807739411395255624e-01
7.255021567937943727e-01,3.930192637902031882e-01
1.805466869744909664e+00,-5.600857082499225426e-01
2.489158244947042853e+00,-2.063256293249594808e+00
1.854147964233948676e+00,-2.300182065040606627e+00
7.223458850555309896e-01,-1.026743677629890827e+00
-3.104607518773469521e-02,-4.758588678769918867e-01
-1.183126969521501315e-01,-9.135473000669980248e-01
-1.461138542642210769e-01,-5.313837898088216161e-01
3.020624199720325365e-01,-3.014473351516485100e-01
5.409889116411427112e-01,-3.658736066317835878e-01
7.758990408278833295e-02,-2.590511712560384372e-01
-5.089368512538479106e-01,-2.927672361859293831e-02
-5.089368512538479106e-01,-2.927672361859293831e-02
-5.096033059576025037e-01,-9.145573885990494478e-01
-4.167211262393449855e-01,-2.318445007436101601e+00
1.317950493734911799e-01,-2.803136699747870164e+00
9.710931500787429727e-01,-1.665035232635352802e+00
1.559300620065624976e+00,-3.943227897359548595e-01
1.559300620065624976e+00,-3.943227897359548595e-01
1.066043448410131322e+00,-5.434027198433460937e-01
1.305856464530023908e+00,-6.531949631777682619e-01
1.354887848308341081e+00,-6.443760942444211048e-01
1.146070148170033942e+00,-5.332451550183692213e-01
1.560608931556540568e+00,-7.583733776400034543e-01
1.305856464530023908e+00,-6.531949631777682619e-01
8.325301468905389468e-01,-1.413560272077864222e-01
-3.770715014560229728e-01,7.366509379111237932e-01
-3.053368089360572135e+00,2.358055571262094030e-01
-2.951665690409418730e+00,-5.161154713109563641e-01
4.577176714317448547e-01,-1.519468787839637347e-01
1.420653257841431261e+00,-1.144018508426660197e-01
1.606635763472551437e+00,-4.428592510087138168e-01
1.606635763472551437e+00,-4.428592510087138168e-01
1.042780074914219313e+00,1.790019256629337696e-01
3.386845137001147643e-01,6.481837500774496608e-01
-4.443908516847434043e-01,4.390230899698583378e-01
-1.450773588799055158e+00,-2.257595402010011965e-01
-1.593502240268068970e+00,-4.386141249099744233e-01
-1.087437448268854467e+00,-3.560159888610358592e-01
-3.606117511899350481e-01,-3.480695346907244914e-01
2.928395100027664788e-01,-2.695361978772752298e-01
9.945057187879529081e-01,-7.008923408890674334e-02
1.420653257841431261e+00,-1.144018508426660197e-01
3.298501088427724937e-01,-9.345254492961123371e-02
-6.997969653459623629e-01,3.928504307473381085e-01
-1.907068640840124396e-01,4.798600823982517305e-01
-8.050509348224727663e-03,2.227968944173826932e-02
1.242597178898850879e-01,-1.536600667401734344e-01
-8.050509348224727663e-03,2.227968944173826932e-02
-2.099471741280795889e-01,5.975609766875434881e-01
-7.175666630070834939e-01,2.366825557880573694e+00
-1.057541130088004433e+00,3.099343489257548878e+00
-1.152420514534355345e+00,2.104655569602218446e+00
-6.972264164113874951e-01,6.900676513921217836e-01
-1.552786395395002739e-01,-6.846499727353223541e-01
-2.236185209558388121e-01,-1.706588938646656839e+00
-3.529901481963710896e-01,-1.561303137448370570e+00
-2.513893353592258073e-01,-5.007375817668500151e-01
-4.778349285553705750e-01,3.984597990797721367e-01
-9.293186534047640501e-01,3.647025700338716314e-01
-8.554941868506952263e-01,7.778132353286933663e-03
-4.803782941925193173e-01,-7.665790427592458767e-02
-4.803782941925193173e-01,-7.665790427592458767e-02
1.352248234304126440e-01,-3.006688321777107320e-01
1.093127913901013493e+00,-5.406448033447275314e-01
1.807776710376818530e+00,-4.539739548871303265e-01
1.903257955727880590e+00,-1.888916205641458790e-01
1.161754588317913006e+00,-3.793790355566781791e-01
2.851490839789131981e-01,-5.738256396043913687e-01
-3.778273251371540020e-01,-4.670989490472870487e-01
-4.595524409013951872e-01,-8.750800087511877434e-01
2.669793186898106185e-01,-1.512165673716677095e+00
4.932655379944279050e-01,-1.255448557626857253e+00
1.989344211173397006e-03,-3.075084560821173540e-01
-1.944048306644400037e-01,1.896260908194474792e-01
-7.093306701864395825e-01,9.966094547000232673e-01
-8.393019618400314741e-01,1.223824874330033508e+00
-4.239489061752881316e-01,9.569704832798349159e-01
5.678473737988034564e-01,1.888122821842746379e+00
1.415899466125524198e+00,3.175294392535609411e+00
2.222788223653621387e+00,2.942498648904840142e+00
2.111177272567613006e+00,2.197000771842835487e+00
8.784974874051733051e-01,1.109014191207636335e+00
1.029337838672446243e-01,1.508119837690978238e-01
1.873932996142905871e+00,1.482048765897249487e-01
4.320209979115072763e+00,8.437989051317811295e-01
5.145708228090498437e+00,1.776602077993326256e+00
3.929517792223012673e+00,2.410689486792271463e+00
1.664297850676306201e+00,2.184634160430683369e+00
4.177630463572645086e-02,1.166049124144891813e+00
-3.323704931982969235e-01,7.270023780892946874e-01
-3.323704931982969235e-01,7.270023780892946874e-01
-2.502788625051814431e-01,4.106613605910134912e-01
-4.344528720006070044e-01,-1.331964185884811636e-01
-6.941752750881896583e-01,-4.026799869305704438e-01
-5.507795251019860228e-01,-3.477925599936350087e-01
-7.790823483980903463e-02,2.379147146088574083e-01
5.434430323855555800e-01,3.025877549545075706e-01
9.141219783626216566e-01,6.762479874172724892e-02
4.980261956163848924e-01,9.212741735778648411e-02
-1.663351873292381045e-01,6.991947334271679804e-01
5.110550995430019894e-01,1.369675471800520183e+00
1.496293488761032853e+00,2.075603830979286357e+00
1.861881840137979527e+00,2.946881039009343173e+00
1.541953447192695670e+00,3.658809229368913840e+00
9.356236189293906103e-01,3.247922530323914980e+00
5.449553555655075598e-01,2.157195865151871228e+00
1.820809136872204859e-01,1.020519847315609407e+00
-2.624343496682632337e-01,4.853374089253612023e-01
-1.077043786198687902e+00,3.246744086337101654e-01
-2.496652962049745739e+00,-7.987798018811452794e-01
-3.568341298189051436e+00,-2.146166737276375081e+00
-3.002268729439668604e+00,-2.424514813063771257e+00
-1.413654239909874377e+00,-1.486455252235353353e+00
-4.183989812240265227e-01,-1.061824705771632793e+00
-5.858038875693722947e-01,-1.175173481338106507e+00
-7.652538611327553975e-01,-1.038220490339704982e+00
-6.803080929110147945e-01,-9.082744794523552878e-01
-6.803080929110147945e-01,-9.082744794523552878e-01
-6.909377729535109980e-01,-1.007937379208768691e+00
-5.277903554104111938e-01,-7.644651785847822456e-01
-2.631113563358500329e-01,-2.953193390912201011e-01
3.506815540153320754e-01,6.010433823389985664e-01
5.519343393293593136e-01,1.477912013557902915e+00
7.731625921337962337e-01,2.841982644972028904e+00
1.023964659597360161e+00,3.368823040474886454e+00
7.559041961037378243e-01,2.023142330485734330e+00
4.066003836407700023e-01,1.715787877072237677e+00
-1.312240750520815846e-01,1.309094991330635338e+00
-5.423647541287547336e-01,1.697129537068473720e-02
-6.941752750881896583e-01,-4.026799869305704438e-01
-4.344528720006070044e-01,-1.331964185884811636e-01
-1.970135367529289583e-01,-5.919809442200879568e-02
-4.344528720006070044e-01,-1.331964185884811636e-01
-4.239606270124304244e-01,-1.368113091885783950e-01
-1.730004896566026962e-01,-8.435646913137845315e-02
2.742405768641630881e-01,1.163182040562140279e-01
2.139414177951196594e-01,2.972819209734267054e-01
-4.084891955223511895e-01,6.310994346706334523e-01
-8.284277416937744221e-01,1.235550545045114745e+00
3.031859743516348571e-01,2.094623143958174616e+00
2.112990616215315143e+00,3.317800100819556786e+00
2.521385724497208436e+00,4.178119598079361730e+00
1.879821554748691614e+00,4.226069198042188724e+00
1.082387409599414818e+00,3.991049940448688993e+00
1.082387409599414818e+00,3.991049940448688993e+00
8.206622075094410773e-01,2.909489467031705079e+00
1.959100468749017110e-01,1.069118564478089395e+00
-2.648204423783490427e-02,1.261866552890610338e-01
-1.901778146512203838e-01,-7.474960603530278469e-01
-3.720493481228572263e-01,-1.031714201289648525e+00
-2.553385403937635245e-01,-4.835014997453709884e-01
-5.763634834736999085e-02,3.972933650366727160e-02
1.940766936191850867e-01,3.084568482871527517e-01
4.152328419690504702e-01,3.903309365602353198e-01
-1.050675225089207493e-01,7.541898935371664781e-01
-4.823720304869817954e-01,1.052281885691460417e+00
-5.325957607111069247e-01,7.510057942051515667e-01
-5.716833726810306437e-01,4.067492527263887880e-01
-1.832963847350952136e-01,9.543352213050534938e-02
1.146403053829800622e-01,1.654399865951247661e-01
4.495871111935455938e-02,6.227760743806413091e-01
-1.985243852888663157e-03,5.503275477573609242e-01
2.229785690381494712e-01,3.459092321099810352e-03
1.946550586462546806e-01,-1.749064054625537046e-01
7.798549045951976844e-01,-4.551695231884120285e-01
1.223950070143500213e+00,-1.332676479243315448e+00
7.942015715194221670e-01,-2.483017375362212675e+00
5.092320655510964578e-01,-3.345536385076773644e+00
-8.381885257574274786e-03,-3.467804796489160957e+00
-5.497052556785532174e-01,-2.407787722908539596e+00
-5.326018561398561113e-01,-1.526565725656948258e+00
-1.803398877114542886e-01,-1.182128579123464140e+00
-5.454975058618976788e-03,-5.377554238013639853e-01
1.989344211173397006e-03,-3.075084560821173540e-01
-2.318113752916775572e-01,7.317316516799281245e-02
-6.432016295974678499e-01,2.949902538145789555e-03
-1.280147522047370146e+00,-1.175207097163290193e+00
-1.573642305459896029e+00,-1.525185287508027399e+00
-9.757108054478089709e-01,-8.582465750414420835e-01
-2.844897834610493614e-01,-1.130390848354036054e-01
-2.844897834610493614e-01,-1.130390848354036054e-01
-7.790823483980903463e-02,2.379147146088574083e-01
-2.108968250403889799e-01,7.314378350892583036e-01
-4.941768882460023105e-01,1.264683077543825140e+00
-3.833158037857163358e-01,1.810818724873153540e+00
-3.593786313648632547e-01,1.543610362419072235e+00
-4.949031320658935917e-01,1.957670036099254385e-01
-6.422023941443759654e-01,-6.178681765257791891e-01
-8.223464153290797052e-01,-6.728140819589885080e-01
-6.992848868445149524e-01,-3.897606065912865847e-01
-4.965786690348137911e-01,3.311420954892257407e-01
-1.266369984143383108e-02,1.225321174448640749e+00
3.412698575041934745e-01,1.415242564184566954e+00
2.290348352953787692e-01,1.046097748633535662e+00
5.153721084446884898e-02,5.784004754411733451e-01
-1.611547058974225344e-01,9.532518665929162749e-02
-2.312901716623512738e-01,-2.596207815850950507e-01
-4.018477546999024708e-01,-5.302183790321601808e-01
-6.375032429124295463e-01,-5.475426707772147461e-01
-9.494923298877431250e-01,-2.658845051740117427e-01
-1.115140114814112682e+00,-9.722184539517764179e-02
-9.582347220038687219e-01,3.333403401979526809e-02
-7.349950286138905442e-01,-2.486617332856969412e-02
-5.676304450409631608e-01,-2.368313313138593612e-01
-5.093370239388312903e-01,-5.038746349879165143e-01
-1.443540950681696799e-01,-2.322505380838753297e-01
1.029337838672446243e-01,1.508119837690978238e-01
8.209949658780294479e-01,-2.914787842982299870e-01
1.985546269617015414e+00,-4.959940002796529579e-01
2.968958982971812599e+00,-1.115455192366105880e-01
2.436472858575977174e+00,2.297801787740843260e-01
1.173384228964720721e+00,1.211864116736049435e-01
2.846017307817941266e-01,1.029213193773305557e+00
7.751919243971872042e-01,2.623601042954184059e+00
1.202409793141641980e+00,3.580700775293645499e+00
1.202409793141641980e+00,3.580700775293645499e+00
6.717566710523855678e-01,3.160060956161891088e+00
-3.728083362667834050e-02,1.265651550890304566e+00
-5.946662624109035900e-01,-6.864800642024148081e-01
-6.368269607733824111e-01,-1.282170512483923774e+00
-4.203381825336494071e-01,-1.135249365303083735e+00
-3.492375260441696883e-01,-5.616746559418008822e-01
8.247481341218791950e-01,-5.771370043106420766e-01
2.020452353937878254e+00,-1.138227676841598868e+00
1.924544369422021450e+00,-8.266964549464705936e-01
6.016203629440932676e-01,2.320694345640400003e-01
-1.695635592129082769e-01,8.736561368766014857e-01
3.320315668758983679e-02,8.429842998693060085e-01
2.281025141218991636e-01,1.007341786951252427e+00
3.402939911430536424e-01,1.374676458452745553e+00
1.314123851819752609e-01,9.409627380714519207e-01
-2.747105449538145838e-01,1.837589549389494759e-01
-1.852004208258926365e-01,-2.248720498107208421e-01
3.482556268874971717e-01,-9.861342809443123247e-01
7.175114635787805950e-01,-1.628033034033930848e+00
1.415063000936310766e+00,-1.939483577922872071e+00
2.040348144110726292e+00,-2.004626925233915280e+00
2.040348144110726292e+00,-2.004626925233915280e+00
1.313082564443271316e+00,-1.316362038534208079e+00
5.420404226485522337e-01,-4.970422911702386815e-01
-4.671726474833021864e-02,-2.726408601584190960e-01
-1.092332772790193668e-01,-6.423556301637132204e-01
-2.106136839281100015e-01,-1.054006696565842116e+00
-1.236580663720627804e-01,-1.323679742811090243e+00
-1.236580663720627804e-01,-1.323679742811090243e+00
-3.460680645941693334e-01,-9.473320976747071631e-01
-2.681195836248599362e-01,-4.885665969534203623e-01
6.344278005344905491e-02,-3.338416302087602316e-01
2.075088587790100414e-01,-7.482724896510959400e-01
4.031532458834786725e-01,-8.215590999417952123e-01
6.302349769127925383e-02,-9.271053622925949922e-01
-5.962458137183186402e-01,-9.747933114264026866e-01
-7.936642433409348829e-01,-1.510399038275520300e-01
-5.325957607111069247e-01,7.510057942051515667e-01
-2.301035274168728995e-01,6.719017636582897968e-01
-8.692864661986286767e-02,2.174196550004133255e-01
5.156988336595325767e-02,-2.611679255172109568e-02
6.974667349182643583e-02,-3.596379500457926731e-02
9.668286677496158721e-02,6.174783486418256029e-02
-3.141164272628297477e-02,3.024291858122558629e-01
-2.215532988473719600e-01,7.039454896973301734e-01
-1.744538975078047949e-01,7.096098061085619468e-01
-8.021457155808761619e-02,3.782095794765492069e-01
-1.421366824570073906e-01,2.538138346410279689e-01
-3.831097096029479898e-01,2.258049442231527953e-02
-2.600840304426859650e-01,-1.455846904752474413e-01
5.156988336595325767e-02,-2.611679255172109568e-02
-2.324422457125681907e-01,-1.042716622678192123e-01
-6.917329976979414985e-01,1.995283838617585848e-01
-5.685910166210939032e-01,7.219571732763553351e-01
-4.388292366558255164e-01,5.033089015695391133e-01
-2.324422457125681907e-01,-1.042716622678192123e-01
-1.224135735588483820e-01,2.631107215474309258e-01
-2.667224294886153535e-01,7.190529581447716589e-01
-6.837090213056771226e-01,1.391087241972546185e+00
-1.112585096885373881e+00,1.385771673220358879e+00
-7.173060261216482880e-01,7.828285650712657473e-01
-3.630650314330447492e-01,9.004313257412513427e-02
-2.600840304426859650e-01,-1.455846904752474413e-01
5.613956310202310451e-01,-6.484680083398762784e-01
2.245423645081934538e-01,-9.229307286284803569e-01
-2.041989176084005875e-01,-1.764905494580134016e-01
2.671896621702872787e-01,4.738891456353739318e-01
1.799382082021445672e-01,7.816834783593282765e-01
-4.445932912326148317e-02,9.893820397510022513e-01
-4.445932912326148317e-02,9.893820397510022513e-01
-6.046328431149722293e-01,4.603883883649384501e-01
-4.990802818991521006e-01,2.110788921574174859e-01
-2.070682029460929260e-02,6.878566239978488595e-01
-4.445932912326148317e-02,9.893820397510022513e-01
-4.445932912326148317e-02,9.893820397510022513e-01
1.744032235927286401e-01,1.210405648627844499e+00
4.123542334561451639e-02,1.081694498150070460e+00
-3.585702870552497368e-01,7.705030124589657969e-01
-4.357463905046766728e-01,6.895457238795834609e-01
-4.357463905046766728e-01,6.895457238795834609e-01
-5.709865875302448934e-01,7.399654647301655563e-01
-4.538707848116245169e-01,5.498225936254410584e-01
-9.644495808961695005e-01,2.417421387416999676e-02
-1.391763800744775237e+00,-1.048155223963453286e+00
-1.283024402794652907e+00,-1.413514503053977300e+00
-8.472930202787766207e-01,-9.446086169519579689e-01
-3.551623012800124157e-01,2.372200479064696665e-01
-2.300482737510364528e-01,6.217585548276465257e-01
-5.568912927317637429e-02,9.886121716383902691e-02
1.087455004570962308e-01,-1.680242510831940483e-01
3.980390049942612862e-02,1.098910780518621289e-01
-5.216195883972327696e-01,-6.990337075969286218e-01
-1.258141055836872191e+00,-1.579812826276756565e+00
-1.521097061077386847e+00,-1.711904988086502710e+00
-1.443531039503400892e+00,-1.445350609922338547e+00
-1.127410345991630036e+00,-5.751878198838741296e-01
-9.355112340830008533e-01,4.630763324609799697e-02
-9.355112340830008533e-01,4.630763324609799697e-02
-7.148083742530376705e-01,8.916793572295110548e-02
-4.586577811234045926e-02,9.479087030767584521e-01
9.146398224425780765e-02,1.471666230618733140e+00
-6.508826217017973370e-01,4.751637262177141885e-01
-8.619608549154935684e-01,-4.885086866653339799e-01
-6.171289557129048253e-01,-1.422224670941906632e+00
-5.004987757377519220e-01,-2.356225642497110861e+00
-5.988895969294890653e-01,-2.259166409789603147e+00
-5.986317284722085796e-01,-1.188089299731150295e+00
-4.936084398355726210e-01,-1.547352916135525114e-01
-4.936084398355726210e-01,-1.547352916135525114e-01
-2.752303144849143623e-01,-1.085806852111825371e+00
-2.179232725801342752e-01,-1.296045299194353628e+00
-5.051488569697946129e-01,-5.430055061232195168e-01
-5.387192361136796670e-01,-9.693056355562311432e-02
-2.449259038658573029e-01,-8.970831438227014898e-01
4.312514613221672399e-01,-1.433614308843600860e+00
1.215294518418718939e+00,-7.968664980187146751e-01
1.579678052738911598e+00,-2.389924812032125923e-01
9.386507967984314416e-01,7.096644149033694282e-02
1.101489329003538103e-01,2.153419395023259131e-01
-1.820260079794973895e-01,1.907140072723066959e-01
-7.144551190306147603e-01,1.814361487111696425e-01
-8.770341122408727985e-01,3.259199736736018149e-01
-6.480015072104455820e-01,5.482095707502256943e-01
-5.989263970206475385e-01,3.762978577069719388e-01
-7.897239070547740214e-01,1.627020776862698470e-01
-4.990802818991521006e-01,2.110788921574174859e-01
3.002762805356206655e-01,3.878058344505838084e-01
7.791555856032765792e-01,6.304876941359386366e-01
1.149410170792577679e+00,1.231107678714322029e+00
1.357191843301245093e+00,1.576389936735554054e+00
9.558174764726344863e-01,1.043349498537344600e+00
5.428521557679657494e-01,3.401689437985220277e-01
2.711132015616900537e-01,-1.317397929618094321e-01
1.186327194943510577e+00,-1.424328321447638990e+00
2.468419510532332772e+00,-2.475180917180672235e+00
2.285909601324473961e+00,-2.324264152947690398e+00
8.854449569009971155e-01,-1.095620708099189322e+00
3.627861650557519524e-01,4.085633321586552569e-01
7.791555856032765792e-01,6.304876941359386366e-01
5.324045579558780439e-01,3.287327448993421219e-01
-3.915547763891557426e-02,1.095671932604323356e-01
-2.489216281473427828e-01,-5.264867620288635891e-02
2.422510243536530467e-02,-1.090725086822730977e-01
-4.739384687805781038e-01,-9.634674998116025957e-02
-8.671237423482275330e-01,-1.288186205382649552e-01
-4.736057931868983273e-01,-3.207494602459259880e-01
8.952908965909036620e-01,-3.875421408683981661e-01
2.366744162691404973e+00,-2.802624381188869029e-01
6.482749928761654346e+00,-5.904970535344676863e-01
1.207798618742491215e+01,-9.786736469182063525e-01
1.627022201233029719e+01,-8.724068928222981079e-01
1.780952766754732863e+01,-5.531933379668091399e-01
