1.204886801125066020e-01,-5.161155847148968245e-01
1.328278346558777745e-01,-8.160101619881220403e-01
7.081009842991348169e-01,-2.905166319239306794e-01
8.315421028634912837e-01,7.396185748471570398e-02
4.122588059712895547e-01,-2.449118191725748461e-01
1.204886801125051726e-01,-5.161155847148947151e-01
1.328278346558774969e-01,-8.160101619881233725e-01
8.187920129772532918e-02,-7.097608796362631089e-01
-1.730982230914291653e-01,-3.896065449809411607e-01
-4.347850945489551977e-01,-9.910285288541442750e-02
-6.576867473579651735e-01,1.995423154259016174e-01
-8.236070297882659430e-01,4.796891714608838009e-01
-9.998407573955069294e-01,7.642191955492495525e-01
-1.531343394313039230e+00,1.202782298931629690e+00
-2.299663892006633237e+00,1.691038775190599530e+00
-2.923152460684107279e+00,2.105767332894203925e+00
-2.327521258095367251e+00,1.590474259526917677e+00
-1.266383132696943692e+00,6.518480468790630589e-01
-7.134648123168563227e-01,1.569547236555229319e-01
-6.767757770782181215e-01,1.494088220487081731e-01
-7.134648123168558786e-01,1.569547236555217939e-01
-7.877761522026462959e-01,3.386038642403366161e-01
-9.569690338884945247e-01,6.920814164394942791e-01
-1.531343394313040562e+00,1.202782298931634131e+00
-2.299663892006630128e+00,1.691038775190598198e+00
-2.923152460684110832e+00,2.105767332894205701e+00
-2.744883453244224114e+00,1.625195011539001033e+00
-2.064361068145955880e+00,7.703596869016734461e-01
-1.414547171151416372e+00,2.348812964156291039e-01
-8.133526163148865340e-01,-2.951647977532282363e-01
-6.103959452617129244e-01,-3.424147317404253599e-01
-8.600243123993427385e-01,8.529994842351770745e-02
-9.022123028788244792e-01,3.250192157214755462e-02
-5.428524136356620566e-01,-3.226319966304426190e-01
-1.784484195671573181e-01,-4.953990153716520961e-01
-6.799621876505074214e-02,-4.203378506161000172e-01
-2.310636027013565075e-01,-1.299446721078189870e-01
-4.677828796940891598e-01,2.932812940754249698e-01
-7.114058924903950976e-01,7.919335383018478725e-01
-9.617731896629955202e-01,1.294079852291800004e+00
-1.173308713043425211e+00,1.738065092546198454e+00
-8.461866825227333244e-01,1.055654733471718121e+00
-1.713864824827815714e-01,-3.013821451582810451e-01
-4.032091890043960902e-02,-6.915946527376551911e-01
1.528508644512222188e-02,-7.072781179393683448e-01
7.754228656666647956e-02,-6.335295670428375825e-01
7.031608561115301748e-03,-5.909686086197164512e-01
-5.936633918115367947e-02,-6.393180570209403557e-01
-2.028542892280382481e-01,-6.452838493549650778e-01
-4.029049649905508956e-01,-6.325383660881480630e-01
-5.849680145279911869e-01,-6.290883553180174337e-01
-6.716557168633864316e-01,-5.478142315888708813e-01
-7.300093831449367965e-01,-4.428123255436919870e-01
-7.579694444824727206e-01,-3.185841566918659606e-01
-7.026928615053040783e-01,-3.549969592776834326e-01
-5.709464270160963251e-01,-5.473173154257250372e-01
-4.400828338139842755e-01,-7.401958506795858206e-01
-2.841001886358899831e-01,-7.529180768250652855e-01
-1.610046216711968070e-01,-6.878021390143472802e-01
-1.363911512366797023e-02,-6.728472300759030800e-01
1.323053008375059958e-01,-7.759636487574181896e-01
2.201276841801874662e-01,-1.008187462838249449e+00
1.651130225254572870e-01,-9.870501435596542583e-01
7.993812953019954759e-02,-9.665584167104748214e-01
-9.671639672817039166e-03,-1.077797731135904602e+00
-9.575147465783850897e-02,-1.197901187983352767e+00
-1.707224545898363977e-01,-1.211848004304712401e+00
-2.284644663650519381e-01,-1.118394094220280133e+00
-2.744678684779229827e-01,-9.754774389603788620e-01
-2.054827141251629463e-01,-9.087139900025991146e-01
-2.995395812890582626e-02,-9.267825438217885958e-01
1.498135425739509641e-01,-9.040777197755320849e-01
3.206436660257260263e-01,-8.014259377215446900e-01
4.685910205828507369e-01,-6.279839564238206551e-01
6.025447256857860978e-01,-4.269600477276770945e-01
4.878575520065490667e-01,-6.075696732230234653e-01
1.856245568677015734e-01,-7.856296399240789707e-01
1.338021250608270596e-01,-6.687159917608216375e-01
1.249164758980457618e-01,-8.701950464956526021e-01
1.414699483787634215e-01,-1.260778103922396642e+00
1.634498987310958051e-01,-1.660482732035893472e+00
1.753792938789484335e-01,-1.912767455383670212e+00
1.762843003786303542e-01,-1.995127936434389015e+00
1.660910397488682133e-01,-1.900217443922618710e+00
1.456316193998598851e-01,-1.636502197009024773e+00
1.165762051302421248e-01,-1.227506160402801472e+00
9.786322916386248905e-02,-8.828084719587546703e-01
4.181266959963293450e-01,-5.119799428931726126e-01
1.318417606861875591e+00,2.860917765383588218e-01
2.703287771535732187e+00,1.505214024781609483e+00
4.117599446776395666e+00,2.654108536487112868e+00
5.380846354146498811e+00,3.682494881211455073e+00
6.208130487434547540e+00,4.381696086863338557e+00
6.531918082652708790e+00,4.689341908722818530e+00
6.325777356381245831e+00,4.577989680728483002e+00
5.606536214047247668e+00,4.057572260052162427e+00
4.432908535927436944e+00,3.174511994970336204e+00
3.326899399752844211e+00,2.312487187350790396e+00
2.009308102179895084e+00,1.194654856242381546e+00
8.907298323776002835e-01,3.240320848350453087e-01
7.677406495178382695e-01,2.648874772798425203e-01
9.453817543154757752e-01,3.342038636342428148e-01
8.656417075683348061e-01,2.386382966268217609e-01
6.048781049485675299e-01,-8.650222999489719233e-03
3.790087308252443332e-01,-2.551138187701208482e-01
1.254920669459450300e-01,-4.795194261070619413e-01
-1.219800948646905109e-01,-7.186398458496444652e-01
-2.849690332830835393e-01,-8.426632462897902798e-01
-3.351132109159363770e-01,-8.290640210635155105e-01
-4.460578602284814842e-01,-9.678562825080601062e-01
-4.122988846201082747e-01,-1.028178886536917025e+00
-2.865630635468405241e-01,-9.000706590858099654e-01
-3.967315774177253007e-01,-7.534756111732856532e-01
-2.256219935841441149e-01,-6.697175136735660228e-01
-9.443838403340611143e-02,-8.349031825853309163e-01
-3.610068658843970657e-01,-5.626869885224898837e-01
-5.802301523595726485e-01,-9.191588607220411988e-02
-6.874671508767765671e-01,2.283148126100544364e-02
-6.029996873450836903e-01,-2.301861298823378865e-01
-5.250081532373709337e-01,-4.846527265661876305e-01
-4.241186466508776731e-01,-7.183615506539174911e-01
-2.496662175318552779e-01,-9.563373953731766353e-01
-1.536311640390960187e-01,-9.625093110586965262e-01
-2.176127745020181581e-01,-8.777894149399533275e-01
-1.746392261716033789e-01,-6.648094243915583235e-01
-1.746392261716032679e-01,-6.648094243915584345e-01
-2.829905480635052095e-01,-8.556040504707298489e-01
-3.295220294336076439e-01,-8.655360750451411844e-01
-3.836182224287617015e-01,-8.988088940764596968e-01
-4.633595697007880099e-01,-9.928023041859085351e-01
-4.494958045874471453e-01,-5.288573049817401062e-01
-1.519960707295081315e-01,5.711387905835351581e-02
1.847330163265703817e-01,1.235336625563035473e-01
5.496956096308243112e-01,2.047060824733183126e-01
9.453817543154759973e-01,3.342038636342424263e-01
7.845257088888073493e-01,1.893311833927155963e-01
3.763862790004166015e-01,-1.471650322260174282e-01
3.147593639746692346e-02,-5.054637404182774629e-01
-1.167353119668076977e-01,-5.236327186468453521e-01
-1.298717431724928928e-01,-6.937722792553121520e-01
-9.210354160013813074e-02,-7.398034503262440609e-01
-3.260960377650705400e-02,-7.279229820833734710e-01
4.323307686787760534e-02,-6.839151481178991077e-01
3.765008177770085562e-01,-4.761872352493490279e-01
1.280824438906143836e+00,3.184168908087441907e-01
2.377098194597905945e+00,1.376027200158546293e+00
2.601940550419856724e+00,1.888033425802228438e+00
2.249576013874913016e+00,1.893830772848394517e+00
1.753180434312417324e+00,1.426049070471307800e+00
1.272958189010473751e+00,6.410452410541945811e-01
1.425373791983075344e+00,6.241503409905398980e-01
2.234401064511320367e+00,1.390674319090704936e+00
2.601940550419857168e+00,1.888033425802228882e+00
2.249576013874913016e+00,1.893830772848394073e+00
1.586416260676138723e+00,1.890368389888870571e+00
9.881126292430373326e-01,1.716348140053120197e+00
5.089212512119927201e-01,1.094646196232277546e+00
-1.542439583872388387e-01,5.237475838427559927e-01
-7.122025953354874650e-01,3.836557624258165045e-01
-1.398948135475747145e+00,7.048628187740445528e-01
-2.199176213550702919e+00,1.479402951498133278e+00
-2.923152460684108611e+00,2.105767332894205257e+00
-3.598802871465282216e+00,3.037867084951480834e+00
-4.680398301183521959e+00,4.624749104872464933e+00
-5.722631491867371523e+00,6.138941042227055611e+00
-6.294416198246816307e+00,7.104827583041822159e+00
-6.349075865243964500e+00,7.436249579656027286e+00
-5.882148455087111039e+00,7.103643480309020930e+00
-4.931750697262704541e+00,6.136678461260697937e+00
-3.575466501927959229e+00,4.621609872739543157e+00
-2.081603383081226166e+00,2.897480483808481111e+00
-8.731118572312726034e-01,1.954200613796534647e+00
-9.793181716377602486e-02,1.914390261197634446e+00
6.798270281464201537e-01,1.873386663637302441e+00
9.881126292430386648e-01,1.716348140053119531e+00
8.992177670118892685e-01,1.541395720570439165e+00
9.502835443883751454e-01,1.479644111007373031e+00
9.692797969567770178e-01,1.351068061723471381e+00
9.124431059351926221e-01,1.101275137870527887e+00
7.844132263036417418e-01,7.525474031293298838e-01
5.956416333491982851e-01,3.359921181576335791e-01
3.878304303904289152e-01,-9.670180478824608183e-02
2.621083157004963637e-01,-2.830263385642237672e-01
1.723658438132409099e-01,-1.656233813712986724e-01
-6.481287685205028293e-02,-3.279985067707425483e-01
-1.247273833290875886e-03,-5.054857811120166966e-01
2.975369672356217854e-02,-6.119990819639280488e-01
-6.167846920016151202e-03,-6.624563551326786426e-01
-4.032091890043855431e-02,-6.915946527376549691e-01
-7.428260950911466654e-02,-5.181630357723961966e-01
-5.426780034905465122e-01,1.189244744285051364e-01
-6.641771643893223942e-01,-5.165253012302391949e-02
-5.640413533589460071e-01,-4.418606843184071931e-01
-5.471907655212486787e-01,-8.814364436741672915e-01
-4.245724584926558465e-01,-1.009352311657856882e+00
-1.752418420619873407e-01,-7.897794769837868101e-01
2.672544499264928666e-02,-7.094237683301215514e-01
1.137165593147735770e-01,-6.904227665712129314e-01
1.760940838011379184e-01,-7.820224252995598979e-01
2.201276841801870776e-01,-1.008187462838249226e+00
1.484592614196901528e-01,-1.027559271348394310e+00
-1.012563455943624874e-02,-1.049217292619307074e+00
-7.928357074092336199e-02,-1.135452357679067381e+00
-7.816027905042354992e-03,-1.126603241134761291e+00
5.105110734949084433e-02,-9.157671436322346592e-01
2.372723508502309342e-01,-4.795123815240798226e-01
5.159865183468501648e-01,-1.177295753953602059e-01
5.849713208060326464e-01,-5.030375711527770854e-02
4.155367647700516920e-01,-1.261588766348633039e-01
2.331242957231773605e-01,2.688484647574472877e-02
-1.359829859333907404e-02,2.361037269977646347e-01
-2.593372780290642554e-01,4.624801556708407757e-01
-3.263508204920971267e-01,5.491298098977781539e-01
-2.029779684422088615e-01,4.803150466550438757e-01
-8.391535857167593815e-02,4.238136982724762247e-01
4.528988756668387433e-02,3.288085500389615889e-01
1.740903458804863857e-01,2.037742646082240094e-01
2.919716363601339570e-01,5.986416797236138870e-02
4.024002642108671646e-01,-8.756240188784786271e-02
3.625085636824972868e-01,-3.782752457278395486e-01
1.927870613000986777e-01,-7.902095043053845025e-01
9.120048687386350661e-02,-1.109335252450659892e+00
6.213188366951435254e-02,-1.260107457043159407e+00
3.407438282075821862e-02,-1.355070624587739969e+00
6.527650508357372983e-03,-1.329857301319544494e+00
-1.799258132069996019e-02,-1.245778387633436735e+00
-7.816027905042162438e-03,-1.126603241134761291e+00
2.248646148511335846e-02,-1.001784215935438427e+00
3.907998790875893275e-02,-9.167333798196858341e-01
5.749787064682338605e-02,-7.914566186764531164e-01
7.709005802771277949e-02,-6.313246520059559996e-01
2.428846128690794193e-01,-3.279012908666177895e-01
5.619619845227364907e-01,4.341417847147246295e-02
9.453817543154759973e-01,3.342038636342434810e-01
8.101871077209821248e-01,2.063304402833925355e-01
4.486706615019773747e-01,-9.941028304763349643e-02
1.716538998444318564e-01,-4.230840727132760271e-01
6.344915452172059100e-02,-5.078475180249487630e-01
1.156691692084982626e-01,-6.532280240800857340e-01
2.113514046006404745e-01,-6.188705871857645979e-01
2.621083157004969189e-01,-2.830263385642241003e-01
1.847798187445883478e-01,-4.544759685191736565e-01
1.093724603679162022e-01,-5.308983912404380279e-01
1.196553653672764450e-01,1.088672920761599716e-01
4.932116853784340726e-02,5.959242863407029356e-01
-1.203855478296366743e-01,5.683543977383261891e-01
-2.971248180903500180e-01,5.803674255023142381e-01
-7.904786646485956192e-01,7.961104994924430578e-01
-9.488695428322585501e-01,8.378589915906773378e-01
-6.789610619926060853e-01,6.881041660546920458e-01
-4.947813245519035452e-01,6.228563487550572431e-01
-7.904786646485958412e-01,7.961104994924430578e-01
-7.706905138265257582e-01,6.404103974417915124e-01
-2.062070825085296211e-01,1.566553719298239000e-01
3.095377350245833055e-03,-3.628879756660273181e-01
-7.893042365422577034e-02,-7.288136709124176660e-01
4.345099941383420705e-03,-8.018901700829172974e-01
3.765008177770082232e-01,-4.761872352493491389e-01
4.714099957567983723e-01,-3.662302975659175175e-01
2.318151341612978422e-01,-5.743315922131585483e-01
-2.787746433285867055e-03,-7.829840968830729109e-01
-1.916497178528538403e-01,-9.231381957309350295e-01
-2.887700363170909168e-01,-9.367250888427492983e-01
-3.506964914490077190e-01,-9.166798785449864484e-01
-4.516164073558773251e-01,-9.991943147624295918e-01
-3.948778752362361311e-01,-9.044702906671598930e-01
-2.296850734427553498e-01,-7.369737297201987003e-01
-1.833054594308394514e-01,-8.914568086077842013e-01
-2.388981365012826374e-01,-1.271472764379073528e+00
-2.719327173846372570e-01,-1.371956948890043382e+00
-2.654664634241873378e-01,-1.108268803777810563e+00
-3.949382174773997667e-01,-1.060904640628168361e+00
-4.966628555995279970e-01,-9.644327762935538395e-01
-5.086748159168577033e-01,-8.818678098162269219e-01
-3.740427457047109105e-01,-8.377562403418501447e-01
3.052936544084674034e-02,-8.569874301248648907e-01
9.016405938994079272e-02,-1.020190321227353758e+00
-1.451843111467014391e-01,-1.294741312246250775e+00
-3.881846980698763772e-01,-1.803527337186364266e+00
-5.883985562090535693e-01,-2.288171807540785085e+00
-7.632644486389413840e-01,-2.670704837888365102e+00
-8.725303362042927668e-01,-2.815703988473849506e+00
-9.072765063591520240e-01,-2.710235024583245611e+00
-8.646665217051723307e-01,-2.363706003632704444e+00
-7.481787671543127516e-01,-1.807028056301847041e+00
-6.227560176297471939e-01,-1.223013182313918756e+00
-3.740427457047109105e-01,-8.377562403418501447e-01
-1.359493473484867099e-01,-7.361474725476279124e-01
-1.434070897771196618e-01,-6.915467621943615084e-01
-2.290826416103451113e-01,-7.373072973820480325e-01
-3.248746995239149005e-01,-8.234360826620381602e-01
-4.424057891535895792e-01,-9.658433076856935973e-01
-7.361863309915896991e-01,-7.990229703735882705e-01
-1.148482828356925056e+00,-3.570345300592984161e-01
-1.637283787466485840e+00,5.616318445481054134e-02
-1.989135838264534994e+00,4.636523121880689602e-01
-2.264038597775732242e+00,8.500706542352051143e-01
-2.075481667819065290e+00,7.152751403276126352e-01
-1.446547619852477595e+00,7.678827490729663030e-02
-8.674662174784649737e-01,-5.611592614802014545e-01
-4.693290154318936480e-01,-8.516503672585064022e-01
-3.103194561649211258e-01,-7.500284468956691653e-01
-1.598828100391181672e-01,-6.716429673968692393e-01
-7.893042365422572870e-02,-7.288136709124176660e-01
-1.358534875276009579e-01,-5.660277435339248209e-01
-2.567362110196438896e-01,-1.814221312179530865e-01
-2.477688143922192887e-01,1.528242058110284955e-02
5.658789098782947002e-01,1.875320610572139557e-01
9.453817543154757752e-01,3.342038636342432034e-01
8.458983478431234548e-01,2.384648100198055176e-01
5.492639673258793431e-01,-9.137586032890235299e-03
2.850736464463324293e-01,-2.559328444806930336e-01
3.959787642267334484e-02,-5.197428148497375000e-01
-1.320262760638395705e-01,-4.930005498824464594e-01
-1.971080069575568416e-01,-1.810041634641088859e-01
-2.705132822707458917e-01,1.176126225385629304e-01
-3.502487427168757828e-01,4.204378242802812582e-01
-3.301261752086090961e-01,4.282115207773554144e-01
-2.136470870038849612e-01,1.395218234130816137e-01
-1.017973482668189655e-01,-1.444698721437195355e-01
2.165478889607485788e-02,-4.162732562240226697e-01
1.513474877112405970e-01,-7.192989048417015585e-01
2.201276841801872719e-01,-1.008187462838249449e+00
1.593284076337903865e-01,-1.017144715999756421e+00
1.128766494157679295e-01,-1.079973169396408972e+00
7.167859827354175484e-02,-1.151893034163673057e+00
2.792156718689668346e-02,-1.121760284241239081e+00
-1.482242198215735947e-02,-9.922628254444256779e-01
-5.467789762522763664e-02,-8.708993541338189148e-01
-1.043783353098784589e-01,-8.689925614073767957e-01
-1.916497178528537848e-01,-9.231381957309350295e-01
-3.047155242475246273e-01,-8.261457439002122261e-01
-4.183174883861890403e-01,-6.585070104946756375e-01
-3.663568742007143331e-01,-5.674347412847076111e-01
-1.883781109499987061e-01,-6.165388880746581757e-01
-1.945758722872690250e-01,-8.730472853553720158e-01
-2.195248414797731640e-01,-9.940111650542632349e-01
-1.284270645795071997e-01,-9.970664579003799544e-01
-2.935099263860171254e-02,-9.562188391121236863e-01
7.300340098041215031e-02,-9.236006399486729190e-01
1.888342277379442546e-01,-9.651614360940178328e-01
2.201276841801871886e-01,-1.008187462838249671e+00
1.651130225254572870e-01,-9.870501435596544804e-01
-2.745404884247766488e-03,-8.971669427775174066e-01
-3.153364441675046703e-01,-9.831808324265632892e-01
-4.245724584926559575e-01,-1.009352311657856882e+00
-2.651497207640898801e-01,-8.687857758886452508e-01
-1.721549387149255705e-01,-8.465054773803717403e-01
-2.685982546265108448e-02,-8.084692750383708493e-01
-1.697040763421369114e-01,-4.372590723481021430e-02
2.232043807020422654e-01,8.825698869765162824e-01
1.358892059950044251e+00,1.475786720174556255e+00
2.434029937569165192e+00,2.048488544170153691e+00
2.663379237774461394e+00,2.022274703100079396e+00
2.707337678569714967e+00,1.899160842306596431e+00
2.874065501635562736e+00,2.009856616076350022e+00
3.147857787086041359e+00,2.318008415837598424e+00
3.472838456266851281e+00,2.642724153881116145e+00
3.517612940761399187e+00,2.731004528155728917e+00
3.278526160837278880e+00,2.574974740244383664e+00
2.920558757773125347e+00,2.302809250655597051e+00
2.663379237774460062e+00,2.022274703100079840e+00
2.048727402532326103e+00,1.384109036314443042e+00
1.153209557379811789e+00,5.181226643706399182e-01
4.822306280457747674e-01,-7.905543642688191153e-02
2.017532633017111998e-01,-2.141694161661903961e-01
1.367817100772331373e-01,-1.877146296390652114e-01
7.767974270423889938e-02,-1.639291019767152024e-01
3.298954387847495562e-02,-1.060162165158859554e-01
6.153193547777142253e-02,-2.683666479217890477e-01
9.596249968189936308e-02,-5.152741479993124818e-01
1.553394728854863294e-01,-5.499483200562254037e-01
2.278042427486174359e-01,-3.544173676431636166e-01
3.170150263630607257e-01,-1.788711472446706530e-01
4.152129925318764347e-01,-4.095152078168472903e-02
5.103770419953447268e-01,4.141289381720745372e-02
5.897769944943632714e-01,1.211479628564495897e-01
6.930237284938756126e-01,2.038596022431181931e-01
9.453817543154757752e-01,3.342038636342425373e-01
5.384992215203920907e-01,1.305592197160465040e-01
-6.076691551006499492e-02,-3.133530100198052559e-01
-3.430149174844009941e-01,-7.720398375405764790e-01
-5.124390121583762836e-01,-1.056215890253568102e+00
-5.212115004374414662e-01,-1.076102595040044907e+00
-5.470875780611588191e-01,-1.130634819062663388e+00
