-1.948248420488097321e-01,-4.492094459127833617e-02
-3.527248105182385074e-01,-4.990231116177853976e-01
-2.962370238253002608e-01,-8.671004005722026120e-01
1.966285453970110231e-01,-5.993731055801756469e-01
7.313990303155299966e-01,8.207340641100019374e-01
1.375846285363435895e+00,8.858069866686233418e-01
1.965517088182876293e+00,-3.410656210047148806e-01
1.644329643397795637e+00,-1.172521285306675765e+00
1.033107583542701713e+00,-1.083050279208570776e+00
6.778402843855403370e-01,-4.283236179862670578e-01
3.283904826696661949e-01,-4.585391980562940617e-01
2.082388035191331532e-01,-1.286908355776955171e+00
2.082388035191331532e-01,-1.286908355776955171e+00
-2.019519540456357065e-01,-1.214743866701444519e+00
-7.807201403196277756e-01,-1.507185009427095101e+00
-1.096392303266339630e+00,-1.050916673197402451e+00
-9.584681718955507801e-01,-1.939101171118927935e-01
-7.278699958331988906e-01,6.105730615401093742e-01
-4.776988759165432530e-01,3.476092214217631482e-01
1.340090784037928640e-01,-2.507312168444832956e-01
6.364396222586425900e-01,-1.457184463664269181e-01
7.805982142440772709e-01,1.220528012182817423e-01
9.699362294784739102e-01,5.495085241159357314e-02
9.726952366476143697e-01,-4.454518282223194348e-01
3.981244950771350988e-01,-7.891184992803065290e-01
-1.478829658247960976e-01,-9.542855045498719324e-01
-1.631004521022394682e+00,-3.086647428442317320e+00
-4.117874209957675724e+00,-6.511961422811193501e+00
-6.012081837645760984e+00,-8.817091319539375860e+00
-6.567342408635068907e+00,-9.016934523346309405e+00
-5.870504827025961880e+00,-7.399169954782438552e+00
-4.284501864861618436e+00,-4.786223798337915447e+00
-2.310454346383191027e+00,-2.172877433860865626e+00
-1.275900435854600667e+00,-6.151593326467631462e-01
-1.239629501949427448e+00,-2.199961821560332820e-01
-1.008929356502680008e+00,2.217351576994513740e-01
-6.527548520611522465e-01,5.157227705484399571e-01
-1.862528778199069868e-01,3.728561896231166184e-01
2.901368272538723016e-03,2.852260432348980856e-01
4.850521667331549880e-01,3.773306076226675687e-01
9.340801765687396507e-01,4.075225700241649207e-01
3.207167952633825647e-02,3.106198084812658022e-01
-5.863127057988946067e-01,1.235848094670991965e-01
-9.049053188737944675e-02,-3.223176960448372319e-01
6.537029936405350794e-01,-1.003502827260681407e+00
9.460821095901673639e-01,-1.442703502522751036e+00
4.872113160960644396e-01,-9.877295252514890489e-01
1.211799129453403068e-01,-1.323275551694527430e-01
3.955336063239333483e-02,-1.763388382579808011e-01
6.417287942041722008e-04,-7.245297372252619272e-01
-9.548221007413432160e-02,-3.604067396061937933e-01
-2.279124689422584449e-01,4.756740590937142410e-01
-2.204792899007628759e-01,6.152631147861189476e-01
2.907345652091399522e-03,6.844959966577542909e-01
4.500218548052214995e-01,2.111602885120133777e-01
3.465425160340895316e-01,-9.235659598082457400e-02
-1.099507232256005523e-01,8.912254354837959025e-02
-2.021192624884780853e-01,3.417954171597448187e-02
7.895742944995380597e-02,2.576194219943906960e-01
6.573660743025877551e-01,3.528646417085432030e-01
1.077538655187096017e+00,-1.795020416933696128e-01
1.092382637157793601e+00,-1.120855410777241046e+00
9.060633686200532111e-01,-1.985033654443023599e+00
6.609922444190658997e-01,-2.104289164904577625e+00
4.693832115489526280e-01,-1.338154626636730127e+00
4.189932374988392660e-01,-5.198828015266599989e-01
4.458836573665300174e-01,-2.894733360160638425e-01
5.506353040901804663e-01,-1.836573476057579424e-01
9.237573755402865849e-01,-3.482795976599264431e-01
1.058622993167919413e+00,-4.929010104315020846e-01
9.846241033108006357e-01,-2.814751871572765407e-01
9.109817084491664829e-01,2.511661676679577404e-01
5.063478958388099027e-01,1.190637814446396270e+00
1.440421832488981285e-02,1.964944533889272371e+00
-2.417257025437847817e-01,1.823873827469416620e+00
-1.421844905214865729e-01,8.639529515083127498e-01
-1.463636731158057640e-02,1.460120826979697251e-01
-2.475196376517248276e-02,4.636899433534356074e-01
-1.429172250593411381e-02,5.035859252413312781e-01
6.481079685190707096e-01,4.921967434609488823e-01
1.170558074579686414e+00,4.422226890636026808e-01
5.409982756595885789e-01,-2.406906914066353209e-01
5.647014122415280335e-01,-2.731671945381335398e+00
1.890366996869550675e+00,-5.818706255036599551e+00
2.977996198570528552e+00,-7.754108592829316748e+00
3.254548104054300506e+00,-7.756478014953199995e+00
2.688534251959620480e+00,-6.252830864560862345e+00
1.598572985382651135e+00,-3.822832825184302230e+00
5.512656471094599109e-01,-1.296038289039590508e+00
9.027860431522354706e-03,3.159707792064525567e-01
1.432057426056208560e-01,5.020336696731433346e-01
4.047875860508162726e-01,4.970980531086445775e-01
5.602404630866906210e-01,1.414313284016482930e-01
4.581716799393986128e-01,-2.491798167275791343e-01
1.461856045406380589e-01,-2.710882988204703081e-01
2.974499188785867387e-01,-2.030523034812923566e-01
7.032222980000508716e-01,-1.336969489120467536e-01
6.440464320428157530e-01,9.599040018441307165e-02
6.677518250549495660e-01,4.524192324079955307e-01
5.460558919101675679e-01,-1.205370506327820973e-01
2.776705363854481967e-01,-5.727385818201112810e-01
3.581709538117521796e-01,-1.225986118121984714e-01
4.115205343092392387e-01,8.648855592933872571e-03
2.561871202251759794e-01,-2.198453108255126187e-01
-1.355368653544927054e-02,-3.963173548937162782e-01
-4.851521703514957706e-02,-1.904910260747676165e-01
-2.395521541914440722e-01,-1.131693045599079905e+00
-1.564013106614745574e-01,-1.808626249548275000e+00
-1.898702026150174693e-01,-1.189195470783371622e+00
-7.572023497453607144e-01,-4.726484897214403014e-01
-1.008929356502680008e+00,2.217351576994513740e-01
-6.527548520611522465e-01,5.157227705484399571e-01
-1.981494248555169535e-01,4.619414699325427032e-01
3.724346132781098523e-02,3.450593181556925182e-01
4.850521667331549880e-01,3.773306076226675687e-01
9.340801765687396507e-01,4.075225700241649207e-01
9.340022516940924557e-01,-5.823364869264776589e-01
7.532978087362636188e-01,-1.938391649585694321e+00
4.792218068934787634e-01,-2.539735124830998281e+00
2.537837584919608869e-01,-2.126638716578194810e+00
5.126980483826899526e-01,-2.473493208847153291e+00
7.849860936156424218e-01,-3.462034182758451983e+00
3.302488761990411970e-01,-3.577410515387294154e+00
-6.484831767071823627e-01,-3.012704500022925114e+00
-1.378789387152017820e+00,-2.219961322547378213e+00
-1.357508794794953122e+00,-1.455688672990793853e+00
-9.331720436018292597e-01,-2.116025304042053357e+00
-1.185672565295615266e+00,-3.516143397912108171e+00
-1.621612403682743064e+00,-3.487857639578088698e+00
-1.416657418405229185e+00,-2.130944972245579105e+00
-5.977899926431876620e-01,-8.164577037267759518e-01
2.915648836074550276e-01,-2.663173234903049025e-01
7.759157790228360385e-01,1.983591185297554904e-01
1.064687272593404233e+00,2.770583518093857611e-01
7.996183455940112372e-01,1.141593072138539534e-02
3.459718059080522101e-01,-2.408323514654722441e-01
-1.723523211794494858e-01,-3.605001106566198543e-01
-4.567884978848654187e-01,-1.181489724585666617e-01
-3.749813861431443573e-01,-3.665231300611137555e-01
-6.204206119449683365e-01,-7.904422013198156849e-01
-8.100783084938494305e-01,-4.890445548251213248e-01
-7.202601917390664132e-01,-1.884786739762929764e-01
-4.585087465443295485e-01,-9.686461671134920515e-01
-9.724877690274182085e-02,-1.618348276516718087e+00
9.932787267139316090e-02,-1.025182834892794714e+00
-1.344964944002535745e-01,1.262185440600255802e-02
-5.506259353425895231e-01,4.665428690611727047e-01
-7.864957044993333701e-01,-4.232759941405560000e-01
-8.749663854829626830e-01,-1.594235952006534562e+00
-8.847448985329989801e-01,-2.126772276252838267e+00
-7.703047316701496783e-01,-1.832113413121322143e+00
-4.321945350135654174e-01,-1.149215277439496585e+00
-2.022597504035887894e-01,-5.715543820373096828e-01
-1.137225292366805529e-01,-1.644690173214021500e-01
-1.337021981186113928e-01,1.095466376966990618e-01
-3.749813861431443573e-01,-3.665231300611137555e-01
-2.765487837047658770e-01,-8.130131577946049237e-01
-4.165915216698568568e-01,-9.924501468616758748e-01
-2.152187612350124346e-01,-1.383204061826184494e+00
1.145226270918549893e+00,-2.258773153913286258e+00
2.298044685729140113e+00,-2.834100318816344721e+00
2.178677288443252369e+00,-2.104460452092037581e+00
1.122690485288737383e+00,-6.956245348078380353e-01
4.055705672804999495e-01,-1.090771737268984853e-01
5.540071821342041902e-01,-6.398830088782215819e-01
6.058520921880188315e-01,-9.632292639965250869e-01
4.855149429068869593e-01,-8.681850915074854624e-01
2.205898994252904477e-01,-6.402009695870902739e-01
9.034946121051913581e-02,-5.446180267730531543e-01
-2.216771864348589527e-01,-1.179021070451547359e+00
-6.097412465215560351e-01,-1.441049872139660959e+00
-3.180452671718326796e-01,-5.647800614603210034e-01
1.654439822064098786e-01,1.115479406719122185e-01
2.352588648381979952e-01,-2.333073105782210166e-01
9.034946121051913581e-02,-5.446180267730531543e-01
1.008721630811343223e-01,-2.690724302272131108e-01
3.512164152609691392e-01,-9.699539484412167401e-02
3.828341567976634718e-01,-2.633953526763120889e-01
5.648979053821335805e-01,-2.620542119263419290e-01
8.110374307966935481e-01,-7.062482828545318947e-02
5.941421218912600333e-01,-8.329743213556338108e-03
-2.161257711546707774e-02,3.436688034833353944e-01
-3.392137124133680071e-01,5.984966835282219400e-01
-1.371723617210263424e-01,2.427721467321561910e-01
1.798302014054258047e+00,-6.670530972976727868e-02
3.863263171394159645e+00,6.555160226875669238e-01
5.021788008187360042e+00,1.542800597868104751e+00
4.743392041829133987e+00,1.575277731053253305e+00
3.086202948346559172e+00,6.786067696778896874e-01
1.534717393957395926e+00,2.660371957254665243e-01
4.144012721329959903e-01,1.063577881991005336e+00
2.026003455627976933e-03,5.514134410921047724e-01
-1.945115649307523897e-01,-9.351987955631178018e-01
-7.196800200886619425e-01,-1.309572027145029294e+00
-2.152187612350124346e-01,-1.383204061826184494e+00
2.613313523375853098e-01,-1.025615361027816697e+00
1.239153978347387053e-01,-3.481827606351936000e-01
-1.203163045833657990e-01,3.297923025750912340e-02
-2.316323119110300088e-01,2.017242612746195096e-01
-2.006195864585429145e-01,2.098298977576358859e-01
1.356120715932963676e-02,6.010363467237057611e-01
1.608828086548401426e-02,7.591137784974217873e-01
1.446876123333939723e-01,8.702831735829047455e-01
2.036793179570706991e-01,7.546341877833309120e-01
-2.649634798828483934e-02,2.031875583010882835e-01
-7.169552780382408841e-01,-9.666726372139221590e-01
-1.261491306579726857e+00,-1.668840640438913336e+00
-1.106171167724598225e+00,-1.493113861155044741e+00
-1.282947221398801574e+00,-8.482916669020107436e-01
-1.595549087591316528e+00,-4.491246593896566219e-01
-9.629655561763457161e-01,-1.016291826186040970e-01
-1.594854430137647994e-01,-2.150685400504070699e-01
-1.017247212939156736e-01,-3.696071006467305797e-01
-1.945037921399566105e-01,-1.374035551534898980e-01
-1.269509793440688206e-01,-2.513523303606970405e-01
9.034946121051913581e-02,-5.446180267730531543e-01
4.943089405396982605e-01,8.297800907186554317e-03
1.159502945612615576e+00,1.180611983219711947e+00
1.585337709106183324e+00,1.745786680655850187e+00
1.556931163635845605e+00,1.245622194963803109e+00
1.194897721162737847e+00,1.758464023563549306e-01
5.766208794631242363e-01,-4.388187774099422400e-01
3.046723265335717912e-01,-5.831333175069987051e-01
3.710686442610184321e-01,-4.036162058698341548e-01
3.780822247382725765e-01,-2.488989298413459283e-01
2.278123217299609371e-01,-8.149422196418808217e-02
-3.341224070640734789e-01,3.803458423689204948e-01
-6.949899997275257313e-01,1.168604805080528664e+00
-5.047012711106044769e-01,1.781654215060042734e+00
-2.161369404613868173e-01,1.290766465911026062e+00
-1.739487856171773317e-01,6.543036773139183637e-01
-2.013610468225653649e-01,3.235861020621693118e-01
-2.122691309475244203e-02,2.425075119644380939e-01
4.850521667331549880e-01,3.773306076226675687e-01
9.340801765687396507e-01,4.075225700241649207e-01
6.807826936632807024e-01,1.815665192136762252e-01
-6.976999378298670562e-01,-5.163813609595041543e-02
-2.152706726667076520e+00,-2.480197852206904308e-02
-2.570296668166607734e+00,1.558440910518095468e-01
-1.695488503552998294e+00,3.726964728457826115e-01
-6.527548520611522465e-01,5.157227705484399571e-01
-1.862528778199069868e-01,3.728561896231166184e-01
2.901368272538723016e-03,2.852260432348980856e-01
4.850521667331549880e-01,3.773306076226675687e-01
9.340801765687396507e-01,4.075225700241649207e-01
7.423015008495750244e-01,2.256108502938965477e-01
3.410204925198648263e-01,-2.668732412664543974e-01
7.141278580196613879e-02,-7.285769035961311424e-01
-1.319282599214332552e-01,-1.924531877223054632e-01
-1.739487856171773317e-01,6.543036773139183637e-01
-1.739487856171773317e-01,6.543036773139183637e-01
3.776582619811283403e-02,5.415325928272304301e-01
4.850521667331549880e-01,3.773306076226675687e-01
9.340801765687396507e-01,4.075225700241649207e-01
1.065608089992211793e+00,3.089912499955593250e-01
1.315161226608678513e+00,9.457738205387864472e-01
2.271513371659882985e+00,2.046641188260621913e+00
3.495588295097109999e+00,2.086957576009570658e+00
4.160277529014363651e+00,1.222784263597685772e+00
3.710996588323692613e+00,3.345884802858065665e-01
2.263333391755228963e+00,1.205642577794994452e-01
1.661129115613669605e+00,6.529302146102543558e-01
1.806640039824367161e+00,9.413464240397322325e-01
1.021391249006560642e+00,3.430416818373617782e-01
3.277855185761258117e-01,-1.403427079814614786e-01
2.854603254964292458e-01,-1.185043194786177395e-01
-4.862846097364134645e-03,-2.451925111780136335e-01
-7.661612762283552536e-02,-2.741996230388240585e-01
8.043938728671334859e-02,-2.696449841605610964e-01
2.750024467446280374e-01,-1.057073903573931162e+00
1.700277743927307850e-01,-1.300452152600255484e+00
-3.406555394197357534e-01,-2.882853428945882923e-01
-6.841851840340913427e-01,9.554820418196767751e-01
-5.232657244201801561e-01,1.258391624528846009e+00
-3.189286628284783154e-01,7.904173203826128091e-01
-2.166150639948735690e-02,7.401915032421529927e-02
6.155586120238204506e-01,-2.686059956222022760e-01
2.436380596115762298e+00,2.027156690270436601e-01
5.401480557590528697e+00,1.270483343515690144e+00
8.642276148695209770e+00,2.423350373566603544e+00
1.135092953762964640e+01,2.980291270337858123e+00
1.287415760978071688e+01,2.587818231509960043e+00
1.271825850831380400e+01,1.457092519138041498e+00
1.079072605387395711e+01,1.588101596314038244e-01
7.633323519482899222e+00,-7.734322049174082725e-01
4.888184205214252565e+00,-1.206372951040602937e+00
3.343606041149220776e+00,-1.258795169797222613e+00
1.866417833155880723e+00,-8.288018810381172496e-01
4.343627798812086938e-01,1.491776947609117221e-01
-2.366314209838747129e-01,1.110583774396633139e+00
-3.336087608648605207e-01,1.098378258598240675e+00
-3.331717347441841004e-01,5.817440542118391678e-01
-2.763819154265888534e-01,3.950522081945519459e-01
-1.403977164779863507e-01,1.855792745086157769e-01
-2.362507593796906358e-04,4.011317143207038943e-02
-9.662854875029261992e-01,4.273795278339285741e-01
-1.790429584786096262e+00,1.011452329999360744e+00
-2.661566655363771794e+00,2.723558901606311977e+00
-3.120176455389959358e+00,4.767737559485112797e+00
-3.019142343376239435e+00,5.724615869205226026e+00
-2.582799266604646871e+00,4.970508664003484789e+00
-2.037427217049524675e+00,3.020477793950480105e+00
-1.696121410386730144e+00,1.102017805834460962e+00
-1.308812276037552458e+00,1.333698936629815202e-01
-4.136303712355463569e-01,-1.657604536634933456e-01
4.607098673598141736e-01,1.025810231948941220e-01
3.526483368376198690e-01,2.817473923018706250e-01
2.562777285659676996e-01,4.968755112513096456e-02
1.983178089823477430e-01,-1.429382573852840121e-01
2.256546173275428002e-01,-1.827067503106262480e-01
4.799679942284024170e-01,-1.236331367596600062e-01
1.938257563795510729e-01,-3.075706214295831353e-01
-1.459723447022361620e-01,-2.605368028672495062e-01
-3.885683731377473360e-01,-1.032450096351684582e-01
-5.680201393003412313e-01,4.732988989131071689e-01
-4.493934188044744205e-01,1.261430871808211007e+00
-1.812027867809732906e-01,1.168120549335703862e+00
1.608828086548401426e-02,7.591137784974217873e-01
1.608828086548401426e-02,7.591137784974217873e-01
1.446876123333939723e-01,8.702831735829047455e-01
5.543128231540449535e-01,7.397677531201812817e-01
9.340801765687396507e-01,4.075225700241649207e-01
7.204932771958935112e-01,8.803165610617167403e-01
1.479308682723192159e-01,1.396524241806941680e+00
-9.307875735841721898e-01,1.063834060473741294e+00
-1.304996362866754023e+00,-1.741047555867119290e-01
-1.492456330783328511e+00,-7.443435943409919542e-01
-1.786588190977295376e+00,-1.649277888291431349e-01
-1.359129063110259494e+00,5.852879830619824864e-01
-1.201707145944271415e+00,1.378002603039035323e+00
-1.550327163156497212e+00,2.071364227140743086e+00
-2.076825288245605083e+00,2.478408857285938627e+00
-2.097007909364112965e+00,1.913776245986859026e+00
-1.014409683353032721e+00,6.543440190509797194e-01
-1.681612399148156023e-01,1.006097737431676659e-01
-1.578476485415139241e-01,3.056809720125638896e-01
3.687868886957144238e-02,2.172122135000821852e-01
2.091116099474979451e-01,3.785975963553268042e-01
2.513389852392850510e-01,4.940234597084977031e-01
-3.678571996214830553e-01,8.254976463478000959e-01
-6.371794141953697199e-01,1.297747208379492090e+00
-1.609258910919194041e-01,2.073713208587252499e+00
1.905285162544321023e-02,2.256778928947428486e+00
1.015511274803523878e-02,1.903398850737108461e+00
-1.604665935114581998e-01,1.295470955565137583e+00
-1.949895826027250034e-01,9.103602344296218840e-01
-9.363316267909939372e-02,1.110891542051126502e+00
2.538948087327816960e-01,5.401879845316029938e-01
5.779560037742752510e-01,-8.072724230213529362e-02
2.080548510939574935e-01,2.026946706845258184e-01
-1.304013607183807100e-01,5.879015106046597827e-01
-2.365180391049581388e-01,5.302293116581356935e-01
-4.211391915952907294e-01,5.944777653504581538e-01
-2.015256340315216554e-01,9.217578242914251652e-01
3.473803420993651359e-02,1.057077811503027709e+00
-3.733228928580508144e-01,7.336556199900686748e-01
-4.070118926383341496e-01,2.648114145341865511e-01
-1.541407907572946157e-01,-8.399968793166598391e-02
-2.071831598910744698e-01,-5.066502802129929650e-01
-2.601662807347868145e-01,-1.293683257550211907e-01
-3.546654780368194149e-01,9.843585095035406463e-01
-3.456974855034912752e-01,1.162480817470749717e+00
-1.863670929896583672e-01,6.654641624630600605e-01
-3.852162566814844591e-01,3.361985105780815886e-01
-2.044672512922317831e-01,5.721399073262560808e-01
5.736789190709944419e-01,7.134521357162019184e-01
7.066584156029713792e-01,7.706476165835533798e-02
5.389093770999038302e-01,-7.615387016216641491e-01
3.349411869163822497e-01,-5.497700253733238673e-01
1.703338353847325681e-01,8.396565170185260607e-02
-2.007229719328104955e-01,9.483927527414818259e-01
-3.197592791926242017e-01,8.583417114804160475e-01
-5.893699587526946004e-02,-4.891064844607567741e-02
-1.402507917643612823e-01,-7.987026475318951269e-01
-3.921765833009300262e-01,-1.111798539065442126e+00
-2.128762363223083709e-01,-1.460203155198715796e+00
-5.341532545055053399e-02,-9.595983128065610490e-01
-2.882911377599370883e-01,-2.625415393677462128e-01
-2.283648546465759932e-01,-1.833987169781436943e-01
7.463504726746533757e-02,7.343337796940821449e-02
2.463710617506212064e-01,3.354170254480753899e-02
-3.445668878722090711e-01,-2.529421795276193263e-01
-5.625264653356002453e-01,-1.469074816794207761e-01
-1.337390865413083940e-01,-1.075326836785041318e-01
3.527573822717323948e-02,-3.252021812796530575e-01
3.713618465514646749e-02,-4.779060470434228214e-01
-3.134453018827688120e-01,-3.049722999183636096e-01
-8.755058119353100743e-01,-5.049564054260015089e-01
-5.940323616795574191e-01,-8.533005820300666455e-01
-4.906325378640950113e-02,-5.204790184635468275e-01
-4.564133726673821195e-02,2.742221178340150181e-02
-2.809859072362905219e-01,2.417886061791864882e-01
-2.320821131714735919e-01,7.853851425237934336e-02
-3.367838673622620682e-01,-1.482866959146908990e-02
-3.898166442635226381e-01,1.335479359432304447e-01
3.326089043726846439e-01,-3.219734371161103725e-01
6.212812259766820056e-01,-9.646027607691198824e-01
3.227687093093135617e-01,-1.028392640785358969e+00
-3.402684017522033533e-01,-1.879868040284958519e-01
-7.712532968058497529e-01,5.591326105797634893e-01
-8.216131107668953604e-01,5.142956605412837279e-01
-4.323402369631622610e-01,4.159458908284633383e-01
5.432993114785464317e-02,4.520027608231327321e-01
4.563462812742886780e-03,3.776128959424335796e-01
1.076174957342276167e-01,-1.310553701829988114e-02
-1.066414775722435010e-01,-1.047262208784009441e-01
-5.454417171170613532e-01,-3.926993655028054864e-02
-4.172974460730005664e-01,5.475429893883908272e-02
-1.374946436108707461e-02,1.710736882816222548e-01
-1.860140532732451960e-02,-3.712329400560699932e-01
-2.930448508927069665e-02,-5.328054389590093365e-01
-2.541806183609739145e-02,-6.982566000441479959e-02
-1.374946436108707461e-02,1.710736882816222548e-01
-4.358456893536851173e-01,3.790477492558950723e-01
-1.299912415185696002e+00,1.231072004271142051e+00
-1.396688648017763823e+00,1.752605064978576932e+00
-6.920476758661029404e-01,1.312095574189158453e+00
-2.620508671233167178e-02,5.235511004061967899e-01
-1.689114345112274485e-01,3.887434202273486461e-01
-5.327189807024830248e-01,5.487633329738470511e-01
-2.912347201367470606e-01,1.733780986434952376e-01
1.035667657450946716e-01,-1.204802205005702564e+00
5.174810305610695327e-01,-2.817024510906294132e+00
2.338952821103887358e-01,-4.460090792856590269e+00
-7.944114302581627429e-01,-5.027114577392863382e+00
-1.478565449022546385e+00,-3.763713375573089159e+00
-1.355939384327310426e+00,-1.312677138066324689e+00
-8.996721841901319516e-01,2.367875213266093792e-01
-4.311247155936151487e-01,2.938237332907451815e-01
5.177868848244794597e-02,1.268488611997516669e-01
8.521002906571061297e-01,1.078198417345429955e-01
1.576686380596669379e-01,-4.466527267980002075e-02
-1.246405562243402043e+00,-6.826298717891711165e-01
-1.077158203622150978e+00,-1.128169610198583861e+00
-4.583394128678375257e-01,-8.229238340262466922e-01
-1.886340585308390327e-01,-1.850847442397145493e-01
7.679577856414337989e-02,-7.551594357493478238e-02
3.003236052060928030e-01,-7.584870017119291763e-01
5.952045851788447806e-01,-1.430682528163374378e+00
6.356253221604356574e-01,-1.595260189781825710e+00
2.976308642218840061e-01,-1.201539006404584997e+00
-4.906325378640950113e-02,-5.204790184635468275e-01
-3.800040312748889648e-01,-3.868316484396662203e-01
-3.384596117152740558e-01,-5.688276382044481494e-01
-3.134453018827688120e-01,-3.049722999183636096e-01
-8.755058119353100743e-01,-5.049564054260015089e-01
-5.903269772499699641e-01,-5.868748023699289496e-01
-3.445668878722090711e-01,-2.529421795276193263e-01
-8.580215019391991271e-01,-1.011213457337311938e+00
-7.499001273843826088e-01,-2.089377505510400468e+00
-2.146333877789912137e-01,-2.415008372540609738e+00
3.080895477719661768e-01,-1.737407122830012529e+00
4.001109464347233913e-01,-5.892128405539318603e-01
-2.620508671233167178e-02,5.235511004061967899e-01
-4.717848438107310471e-01,7.996467070283215239e-01
-5.327189807024830248e-01,5.487633329738470511e-01
-1.245138490118344737e-01,1.965912539199214382e-01
2.337963528013813352e-01,1.059660558708701711e-01
1.464738267705052721e-01,2.268749982295834022e-01
1.580611847323627916e+00,-1.890776452438365507e-01
4.217316787843699899e+00,-7.840843510627230062e-01
4.204952003558137363e+00,-9.124076178110821500e-01
1.741385652463931510e+00,-5.223729265205575567e-01
8.666807473401628714e-01,-1.401338833718634158e-01
1.503959719437747644e+00,-8.472950801910718310e-02
1.384280410162772368e+00,-9.317118376467112273e-02
8.109059868039496521e-01,-2.884169392933111919e-01
5.573515106236921479e-01,-1.563494183991545883e-01
4.943987033139015108e-01,2.302735809693801372e-01
3.620417857435072051e-01,1.095459992186834097e-01
2.650812004027639501e-01,-4.670999133763916733e-01
-4.246890229293612956e-02,-1.673182765078342904e-01
-9.497566299832083114e-02,2.081698779695808632e-01
-4.802363452250299480e-02,1.602773671775334641e-01
2.805895921524834136e-01,4.928762961317043056e-01
4.225604619020688624e-01,7.646662278332669871e-01
1.439261864514636446e+00,1.990064022262069354e+00
3.732038466238897900e+00,3.168823718725303440e+00
5.139232656560699830e+00,3.151298108307398760e+00
4.578651554351981900e+00,2.138427677648721659e+00
2.542990111590095026e+00,1.051199466081345513e+00
7.031132853557043871e-01,5.391782402146922948e-01
1.398935341413795053e-01,2.815366530236665388e-01
-2.395521541914440722e-01,-1.131693045599079905e+00
-7.490551656485614496e-01,-3.394326909592908059e+00
-1.177262487589434858e+00,-4.858589550450824746e+00
-1.200896170980175981e+00,-4.347647607414002913e+00
-6.438392663866563392e-01,-2.100485081851598324e+00
-3.271963903879706592e-01,2.691173111422043851e-01
-5.065438423376708021e-01,9.334226091208261966e-01
-3.532553325160289193e-01,9.559038491743212518e-01
-1.612315191319430852e-01,4.350848394165468536e-01
-1.650559711532300494e-02,-2.401879434984335593e-01
-9.640476719719269505e-02,-2.619306696516731647e-01
-2.238188258917137574e-01,1.454618268954597227e-01
-1.444016939504168817e-01,2.988918046901871406e-02
-1.432668563949399954e-01,7.894235619620146305e-02
-6.836638567536268418e-01,-2.620244396970679568e-01
-9.504399340157996257e-01,-3.869807184428224467e-01
-3.261304578175946434e-01,5.042859036987289434e-01
4.017364707341792851e-01,1.262478085965859309e+00
8.302906485673894332e-01,1.624946800803114266e+00
1.042158780775539029e+00,1.070893672331564073e+00
7.031132853557043871e-01,5.391782402146922948e-01
1.133382227527230668e-01,2.313571654991643523e-01
-1.533370352203759501e-01,-1.902740951541807279e-01
-3.988063601307795941e-02,-1.456767347101624588e-01
-1.689155336083567396e-02,2.231881447539317276e-01
1.064882832958583964e-01,-5.817602625237060926e-02
4.615249440143921467e-01,-7.981691768001066833e-01
-2.579289433306138357e-01,-1.318140940865610178e+00
-4.457944642305760596e-01,-2.202638558102896216e-01
2.313990728428225174e-01,1.029907355308840922e+00
3.556204361709285888e-01,7.302932219363262867e-01
4.025617662257062190e-01,1.802849677767800196e-01
2.712276153162743730e-01,-3.789640671251594539e-01
6.521877507320310574e-01,8.623515216714121301e-02
5.342747823793555506e-01,1.103830612545898399e-01
-1.409534901244082483e-01,-5.918336585410071127e-01
-6.554548134295047346e-01,-1.149771614718477331e+00
-1.122649764741550316e+00,-2.536416222314791469e+00
-1.382556369161505261e+00,-4.068788006018908554e+00
-1.764421511853188296e+00,-4.202996222005807248e+00
-1.329687986167755520e+00,-2.535881300516272585e+00
-7.554138147124710434e-01,-8.647768486644787922e-01
-5.302413500532369151e-01,-4.202517711989848803e-01
-3.135411382578215389e-02,-2.139031035158494576e-01
4.607098673598141736e-01,1.025810231948941220e-01
4.851683012242509196e-01,2.459593118684558488e-01
8.979800048994013295e-02,6.257985202830268490e-02
-1.988359168138606192e-01,1.711342430836301221e-01
-2.707687578872727263e-01,8.397439177846414970e-02
-1.173945158802518207e-01,-1.444641707116022522e-01
-1.818307336988992939e-01,-3.853209143620463933e-02
6.457565567878922885e-02,-1.324307144961447968e-01
2.712276153162743730e-01,-3.789640671251594539e-01
3.422689260106510922e-02,-3.013892983808658110e-01
-7.329499817125992300e-02,7.688261153071936083e-02
-3.014900713241686070e-01,5.344404011640565555e-01
-4.804236320790834791e-02,4.428711003879431951e-01
3.440553745650151707e-01,3.566576186385139180e-01
2.808405508339363310e-01,2.953732126104249289e-01
5.972618905973160475e-01,2.874248377969467749e-01
7.221776133702968448e-01,-2.509643180865388928e-02
6.203913591328852339e-01,-7.234879417075822383e-01
5.937592622016524269e-01,-1.139801966872018069e+00
6.205695697733598637e-01,-7.233486436418582466e-01
7.221776133702968448e-01,-2.509643180865388928e-02
6.951232074835718144e-01,-1.268827582622190364e-01
4.946437747600296309e-01,-2.482794512820345190e-01
3.423499543836347470e-01,2.567217959236779007e-02
4.952450173703358549e-02,2.672726415383128162e-01
-1.125957891029520513e-01,-9.316207105453843534e-03
5.521309273847107603e-03,-3.398912426740455239e-01
-5.756427562936430875e-02,-1.902318158687579530e-01
7.463504726746533757e-02,7.343337796940821449e-02
2.166433280848036047e-01,3.188013647465953726e-01
1.157752661396817956e-01,4.202439863466246872e-01
9.112692745635762870e-02,5.279748996498621061e-01
2.525673112040819901e-01,4.953640953010440273e-01
9.397827581177550238e-01,-2.276339185491006167e-01
1.687709644983832469e+00,-1.370342140501662476e+00
1.498205663303810553e+00,-1.648369738796529260e+00
5.970643728181110887e-01,-9.828408068201699432e-01
-2.091822362898781290e-02,-1.070272923613613675e-01
-3.334859955567207046e-01,-5.714981431539444268e-01
-2.292935856618915358e-01,-1.775562838062784143e+00
1.021901443557917455e+00,-2.147728007403276962e+00
3.010188961495207316e+00,-1.647977464945403092e+00
3.420195394665550115e+00,-2.723276491729426652e-01
2.114809469696640409e+00,1.067941807692320166e+00
7.001243736896046732e-01,1.347083889959869385e+00
-5.817977590186513837e-01,1.451298087405961779e+00
-1.186645207770061328e+00,1.415892164249165974e+00
-1.623949517863749747e+00,8.465744015889219432e-01
-1.569027866293868145e+00,3.196232051394277129e-01
-8.657687928585704462e-01,2.830932874430807100e-01
-1.125957891029520513e-01,-9.316207105453843534e-03
-4.710117604299916549e-01,-2.632082712227153398e-01
-9.558257581611233622e-01,4.234855187551266331e-01
-9.346720721248233943e-01,7.197953779667053409e-01
-2.470354280429871985e-01,1.438855324935466973e+00
3.599808689044506904e-01,2.761217727002247546e+00
2.426435099832360553e-01,3.646385269630413983e+00
-3.139894191857321437e-01,2.695152022800944014e+00
-1.554099236280881868e+00,1.398584107265705256e+00
-2.425406393109124537e+00,1.275470189331839643e+00
-1.369322098525159737e+00,2.914574527993926134e-01
-1.505598010907792106e-01,-2.081821157135848921e+00
3.932487493627458974e-01,-4.033499506969456583e+00
5.366627507718271239e-01,-3.854559612816128134e+00
2.993072668220415622e-01,-2.070560177451663542e+00
1.216215702837867207e-03,-7.539871359990877320e-01
-3.163675680222854253e-02,-1.072814235120957083e+00
-8.342567319127330849e-02,-9.997619783329440013e-01
-2.749791921276615869e-01,-1.887966193542136573e-01
-5.019274417348164041e-01,6.116847039332046210e-01
-5.783225957836226616e-01,8.177070422034863340e-01
-4.629343083755855792e-01,3.919793815175272034e-01
-7.467084987468355917e-02,-1.893600972527951509e-01
6.055020871133046656e-01,-3.090695199794784020e-01
1.977659991237930459e+00,3.556413269987945824e-01
2.550191260566939899e+00,1.519009809839495517e+00
1.624146076392781968e+00,2.378690713663236256e+00
1.727341694859534926e-01,2.038140162352755080e+00
-7.379292544753690564e-01,7.890267463769246037e-01
-5.053675210189868539e-01,1.211153691324462628e-01
-1.203082568304456035e-01,3.237868969142801423e-01
-1.814575852908454634e-01,3.724211612168976115e-01
-2.921478826210392454e-01,2.154974333437316425e-01
-2.921478826210392454e-01,2.154974333437316425e-01
-3.405433503924792937e-01,4.591868509292148515e-01
-3.301141908283601878e-01,4.500628868514305325e-01
-3.023614595315638615e-02,3.677259621950780266e-01
3.440553745650151707e-01,3.566576186385139180e-01
-2.949494135383756155e-01,6.995807435926604256e-01
-6.458268347129139109e-01,7.520018543840606418e-01
-2.176711729866325495e-01,6.654980882180422386e-01
-2.112504492282618607e-01,9.567222736012848117e-01
-7.425331991555896016e-02,5.436628825447876734e-01
-6.894306935565511218e-02,-3.502256113776689994e-01
-6.679084499172703859e-01,-5.897069875294271846e-01
-1.601948355482277764e+00,6.117766968279075845e-01
-1.482866878245607367e+00,1.393617352947784660e+00
-1.318599193560049176e+00,7.993449797526314127e-01
-1.876556165860027825e+00,1.240966140518549254e+00
-2.732312085302082139e+00,3.928459975342601496e+00
-3.837758096034891597e+00,7.633601141555837799e+00
-4.176717769604117336e+00,1.017495925794951717e+01
-3.436260025750620173e+00,1.059479051326924015e+01
-1.994669402414625869e+00,8.830752951386502403e+00
-6.453573299724333356e-01,5.747780390648686399e+00
-1.192611225238159600e-01,2.712363130857618376e+00
-2.389920029634926557e-01,7.333313936641431274e-01
-6.066097236843868978e-02,-7.730437106427503480e-01
4.236320198695117667e-01,-1.616560507565153015e+00
2.322725107604957651e-01,-1.418898602218543914e+00
-4.517491675248234140e-01,-2.223975203016325397e-01
-7.772977887990532020e-01,2.286140949362840680e-01
-5.774577825223263794e-01,1.773792247619927487e-01
-2.921478826210392454e-01,2.154974333437316425e-01
-3.681456553964597700e-01,4.553042127652813797e-01
-7.344790190984349376e-01,8.437934598909523354e-01
-1.176300500439540597e+00,1.343459171511297345e+00
-1.112848972287451943e+00,1.934370983920654874e+00
-6.460201471751186864e-01,1.845739888981313470e+00
-2.969927829327120294e-01,9.422653563676199884e-01
-5.106370286917426976e-02,2.400757107437303528e-01
3.366645525921327931e-01,2.551864891840873173e-01
1.479853123851968821e-01,4.212973490920143282e-01
8.104567228528931910e-02,7.125539880001113824e-01
4.197137206791035635e-01,7.580736552813146512e-01
3.630928521406310838e-01,6.045492653263953020e-01
3.683197223129503622e-02,5.367764628796386495e-01
9.790605657899346947e-02,2.494475539907934358e-01
2.635536724442738010e-01,3.111002339564375441e-01
-1.187018417435359036e-03,4.857408513260697558e-01
-2.778797048197856334e-01,5.059100253895881805e-01
-3.073842835638059268e-01,5.066045597183187477e-01
6.866041494573131565e-02,3.206373849157949651e-01
3.277366723403734028e-01,1.508702739927921255e-01
1.748490260838237442e-01,1.878584724951708751e-01
-1.981494248555169535e-01,4.619414699325427032e-01
-1.981494248555169535e-01,4.619414699325427032e-01
-6.178662003653632995e-02,2.469420893977586628e-01
-1.981494248555169535e-01,4.619414699325427032e-01
-7.311298937567303202e-01,1.069783578142127434e+00
-1.318718581862589723e+00,1.923502341361606582e+00
-1.277974575493209253e+00,1.891258810358541265e+00
-6.534141154727984846e-01,9.879087915174640244e-01
-1.125957891029520513e-01,-9.316207105453843534e-03
-2.543622071904321283e-02,-2.409356162918259159e-01
-7.257900891638656427e-02,1.051822784104802511e-01
3.724346132781098523e-02,3.450593181556925182e-01
9.007506903145652555e-02,2.110298118243870424e-01
1.036211762734267228e-03,1.265620334655593315e-01
-1.754811398333970540e-02,-1.386363930673204237e-01
-9.734186572675197768e-02,6.161551257847478619e-02
-1.436259762454474564e-01,4.097535392865432891e-01
3.724346132781098523e-02,3.450593181556925182e-01
-6.734774624613440452e-02,4.551413504649762243e-01
-2.811040151300576717e-01,5.283277472049211498e-01
-1.231369979367828715e-01,6.438926955002550745e-01
-6.675711475978761411e-02,1.232182553764163080e+00
-4.854316468574183807e-02,1.613522391300820091e+00
5.461432741951989522e-02,1.491133728144908188e+00
1.475056878568078156e-01,1.062375100155670271e+00
1.913325374528993539e-01,2.932383690624155714e-01
-2.058979557883491157e-02,1.189561893674823678e-01
-1.231369979367828715e-01,6.438926955002550745e-01
2.763298309931359192e-02,4.620053944304766680e-01
2.381234491207472048e-02,-1.175834978696601966e-02
-1.125499949932777001e-02,-4.006033013383644703e-01
-1.125957891029520513e-01,-9.316207105453843534e-03
3.993350231855465893e-01,3.967900114270785372e-01
8.485503501987355923e-01,3.347598613479997876e-01
4.832606408689920086e-01,3.167085277913287422e-01
-1.981494248555169535e-01,4.619414699325427032e-01
-3.046831560965588825e-01,4.692585529857114524e-01
-2.102249149789097438e-01,3.764475236166271999e-01
-1.981494248555169535e-01,4.619414699325427032e-01
-1.626945715208656940e-01,4.478107860753072211e-01
-7.457251031063580338e-02,3.589439845099685611e-01
-1.981494248555169535e-01,4.619414699325427032e-01
-1.454929102928377294e-01,4.065509396742641446e-01
3.278452280134586116e-02,3.227151273720416103e-01
1.091331685444704852e-01,2.424916199214147139e-01
5.114772308009685881e-02,5.824877331469749953e-01
-1.305089227621972388e-02,1.212167038294740040e+00
5.461432741951989522e-02,1.491133728144908188e+00
1.475056878568078156e-01,1.062375100155670271e+00
-8.219842205404297442e-01,1.700739884884731490e+00
-1.500578346438903088e+00,3.180396131376630464e+00
-1.140534648589735189e+00,3.868226480676452805e+00
-6.980137045738704638e-01,3.165097263968540631e+00
-3.761587071086301970e-01,1.597518937003226558e+00
-8.497462067680974784e-02,9.019265751576632795e-02
1.820192658872260283e-01,-1.089349372501683400e-01
4.016386013675063427e-01,-6.970210876910754028e-02
4.293268996541116378e-01,-4.930501188966676662e-02
1.748490260838237442e-01,1.878584724951708751e-01
-1.981494248555169535e-01,4.619414699325427032e-01
-1.626945715208656940e-01,4.478107860753072211e-01
1.283406230013989513e-01,3.182183361611026218e-01
2.954296612663827593e-01,2.354827782190682672e-01
1.332428773748187412e-01,2.558783561396295592e-01
-1.981494248555169535e-01,4.619414699325427032e-01
-3.046831560965588825e-01,4.692585529857114524e-01
-3.526332575405001779e-01,6.260135940739821603e-01
-1.314073801620030124e-01,1.619258061846451158e+00
3.646924045882750098e-01,2.776179078841162884e+00
7.702881465661873817e-01,3.379156176369138898e+00
7.835960792789820051e-01,3.081336907484288901e+00
4.212557142586670911e-01,2.072673241854412929e+00
-4.923469816722667036e-02,9.550163373889889451e-01
-8.262072167796886690e-01,5.603090788695266194e-02
-1.467951002610182076e+00,-5.789676052279806306e-01
-1.422907337789934834e+00,-1.214630485358201062e+00
-7.274134606987856522e-01,-6.345205701985525693e-01
-5.444196606103929303e-02,2.034462974436129501e-01
2.569508998081231343e-01,7.700391905377526602e-02
2.442183442350525924e-01,-2.308154015554124139e-01
1.492748759725352585e-02,-2.290427360788225286e-01
-9.206377253382504178e-02,1.472400294659421960e-01
-1.666272927012063532e-01,4.123068499626109662e-01
-1.981494248555169535e-01,4.619414699325427032e-01
-9.699264190939778721e-03,1.367408671031025369e+00
4.010496694500363946e-01,2.568994963782739838e+00
5.804894262181204967e-01,2.660072896512978513e+00
3.173952133885769578e-01,1.477389760311101918e+00
9.394430596332924502e-03,9.528589018918820486e-01
-1.623368086590387394e-01,1.311747090169766761e+00
-2.690152827640444055e-01,1.337779703104767126e+00
-2.725238784435525252e-01,7.611276610906547724e-01
-2.741881295132563845e-01,3.833005540419631707e-01
1.442042101592581060e-01,6.142829553706710133e-01
6.176399233865580429e-01,6.829999822840769896e-01
8.612946007472889187e-01,5.085213015021066152e-01
8.365573484874549992e-01,1.347698997995769865e-01
6.042493834889577364e-01,-1.771820274597367406e-01
2.712276153162743730e-01,-3.789640671251594539e-01
-2.900846757192326875e-01,-8.488129634394905310e-01
-5.766446263703502995e-01,-9.939192400611717160e-01
-6.316341878602946824e-01,-7.619883800329650958e-01
-6.826205870233219564e-01,-3.298266472271376704e-01
-6.801787887548623734e-01,1.079093048201634902e-01
-4.418183528105416036e-01,2.459121608504869216e-01
-1.093021918108331714e-01,1.474699743133748020e-01
1.778977357682701710e-01,7.791409050817731108e-02
3.362791011110067285e-01,3.430305447346920084e-02
7.099730759882869613e-01,1.794989397194215741e-01
8.441520843159497911e-01,1.757395977621808436e-01
4.786704711156064551e-01,-1.512764530689733045e-01
7.297992904850006401e-02,-1.117941273475735242e+00
1.143137003904060867e-01,-9.962460355086975028e-01
8.960045889847875755e-02,-4.931110380241077173e-01
-7.519854167626006669e-01,-1.949431762457212031e-02
-1.881745832921494443e+00,7.632596312675880013e-01
-1.823448121992557569e+00,9.921117895291545752e-01
-4.385116289971014436e-01,4.036958349336778329e-01
1.748490260838237442e-01,1.878584724951708751e-01
-1.981494248555169535e-01,4.619414699325427032e-01
-1.681612399148156023e-01,1.006097737431676659e-01
-1.681612399148156023e-01,1.006097737431676659e-01
-1.578476485415139241e-01,3.056809720125638896e-01
3.687868886957144238e-02,2.172122135000821852e-01
-2.059662955073540691e-01,3.096996009133973771e-01
-1.140018521838311871e+00,5.982977280850433344e-01
-2.158015544328354185e+00,1.086419709497127961e+00
-1.823448121992557569e+00,9.921117895291545752e-01
-1.105707933240326624e-01,3.199241106262342704e-01
7.420364621791232240e-01,-3.721098598556404208e-02
4.298298547586187346e-01,3.887656328574289888e-01
2.638974776893587837e-01,4.800473058975659457e-01
-9.739309462731074452e-02,2.104530211758434688e-01
-2.906583326082366470e-01,8.011353671477039473e-01
-3.520360916271929042e-01,1.754128701055885919e+00
-4.765406594893703551e-01,2.049357801568463255e+00
-5.235848912416063428e-01,1.438825631548374728e+00
-3.909012576377608461e-01,3.591660220664431580e-01
3.777784775497933234e-02,-1.494245792962311525e-01
3.300179385949725819e-01,-2.798380891173723461e-01
6.124682936025105384e-02,-7.405559476822247689e-01
-5.788271097580173496e-02,-3.277228058375787900e-01
-9.739309462731074452e-02,2.104530211758434688e-01
1.213353417667656226e-01,3.803381847312292674e-01
4.414790889488560688e-01,3.674567797040484973e-01
3.388582754066977176e-01,1.335199352398484807e-02
2.062741407858098286e-01,-8.402792124053046988e-04
-5.404437570770925792e-01,1.146169673787878485e-01
-1.254869245815549927e+00,-4.167820152929673783e-01
-1.666244787946118189e+00,-1.185979096615415340e+00
-1.208324132135600193e+00,-1.480895798884434456e+00
-4.759595468452946232e-01,-1.225068740032347447e+00
-1.759395075668177544e-01,-8.091380410730201200e-01
-6.432202565229683255e-02,-6.615403969913778992e-01
-1.602966381678450902e-01,-1.481688671103951194e-01
-1.600128972267633731e-01,9.066186173135849513e-01
-1.768186034960566588e-01,9.645604869560078232e-01
-1.231369979367828715e-01,6.438926955002550745e-01
4.981855483625758502e-02,1.404132745774481217e-01
2.030406290947841530e-01,-4.417790742774836965e-01
1.781496459616029315e-01,-4.474807123025343336e-01
6.168202597558792438e-02,-2.655775249694530271e-01
-8.362054852134345739e-02,1.929396544664761237e-01
-3.331717347441841004e-01,5.817440542118391678e-01
-7.293880054713394179e-01,3.348710236102718785e-01
-6.858646963968604293e-01,5.735032854156542070e-01
3.216194763174698434e-02,5.140139809258292836e-01
8.523276863264130920e-01,-4.928311849536822775e-01
1.154628163015984255e+00,-9.208887173556786765e-01
7.142386795499779950e-01,-6.438737055388963348e-01
1.468419506183614442e-01,-1.709824888287485301e-01
-5.971251763591423761e-02,-6.571752927844755343e-02
-3.814039403041634135e-01,-4.418959823736837850e-02
-2.096365850104024153e-01,-3.147130766715581784e-01
1.854515846651646760e-01,-6.686527831085425921e-01
1.264932821641768790e-01,-7.601822008608566383e-01
3.110302861166302363e-02,-6.036546474006855290e-01
-2.916278277464885993e-01,-5.892998772705679844e-01
-2.138534827846383102e-01,-4.709106665470031428e-01
4.193942595411567775e-01,-3.719902438806519940e-01
3.059078382945498165e-01,-1.740930628654340229e-01
-6.019738979345268942e-02,1.430605971412053590e+00
-1.323637893445162306e-01,2.904254213694027253e+00
-1.075516217618759929e-01,2.516819233482246787e+00
-5.131842833889091460e-02,4.788085500649293946e-01
-4.381424260727620132e-03,-8.880241618756135047e-01
5.871335246391690132e-01,-1.289401932984984622e+00
1.158019254555348709e+00,-1.818408857581502058e+00
8.093182226295972947e-01,-1.737298433229826244e+00
4.027777074373991018e-01,-9.804844465293075517e-01
2.427962483523086745e-01,-1.574589416233951322e-01
-4.683153086900165157e-02,2.111850443452198689e-01
-4.683153086900165157e-02,2.111850443452198689e-01
-4.683153086900165157e-02,2.111850443452198689e-01
-4.893142752168027076e-01,-1.142274711590227643e+00
-1.380100541511964707e+00,-2.976920573813093718e+00
-2.232628524432305195e+00,-3.511316035193015495e+00
-2.151222225937298838e+00,-2.434205608820600109e+00
-1.080189947562402164e+00,-1.044727037822334337e+00
1.292092910495772073e-01,-8.013475012455831270e-02
3.513697849920237593e-01,1.068925704973828217e-01
6.142559640375050423e-02,1.342274154702876587e-01
-3.051375245530399960e-01,3.086790490248336183e-01
6.237044194170005690e-02,-6.276798348623215951e-01
9.168315672315442699e-02,-1.661490203216512196e+00
-2.786766451898748873e-02,-1.002900221991984253e+00
2.256290622357753212e-02,-2.706280258314313139e-02
-3.507157481156693568e-01,1.724414645717167738e-01
-5.074938382671227988e-01,7.925446157155980886e-01
-2.435215621892273530e-01,1.727680094567222158e+00
-6.887595630126378638e-04,2.546937829936825715e+00
-1.538147939782548712e-01,2.769362264122351203e+00
-7.288354497957906242e-01,2.163676556297567721e+00
-7.899300882733127915e-01,1.235250893068073896e+00
-2.265573242783290309e-01,4.718574458458745235e-01
2.758146864009771923e-02,-1.651543641110912453e-01
-1.441563440556745956e-01,-5.568629896032475379e-01
1.490740518317700547e-01,-6.388753068667792911e-01
-2.259480270712334593e-01,-1.145011430584816636e-01
-1.262804312943042184e+00,3.821952320663824509e-01
-1.251523806338502576e+00,1.901468189042457846e-01
-6.782903964310871281e-01,-4.373253959104444477e-01
-4.700455471973338795e-01,-7.462872685781299920e-01
-2.060566015170053333e-01,-7.664289725975330647e-01
6.229309435238190862e-02,-3.733687540752264611e-01
6.604961574774353972e-02,-1.861531128427554860e-01
-4.406441462986432356e-01,-3.045739090274253158e-01
-7.834245378036657215e-01,-9.085464653163358162e-03
-1.260738550059069318e+00,4.320945802578086137e-01
-1.552432079995111458e+00,-9.232898986032179317e-03
-1.051423745344767902e+00,-1.144532450437871329e+00
-3.822555480663433758e-01,-1.840362771874075598e+00
-1.122569851213677250e-01,-1.152841657290384791e+00
-1.316488752697295705e-01,-2.993359081117905052e-01
-2.250931662138364320e-01,-1.841531367408361097e-01
-1.998150568819018758e-01,-1.326602910033744254e-01
8.722597217806929426e-02,-6.886327225229194049e-01
2.831866635962444478e-01,-1.366120273710924149e+00
1.001539176038603318e-01,-1.743036848652888438e+00
-5.828808471770650090e-01,-1.696484410322715020e+00
-4.940631310818075494e-01,-6.714804566607559533e-01
7.055393364039856952e-01,8.208976941118912851e-01
1.247057509327319069e+00,1.194576228975332333e+00
8.490586331592460123e-01,2.235536095464183970e-01
6.800899478212517613e-01,-3.410922010016341765e-01
6.841906814106347712e-01,-5.710750453447088759e-01
7.586202647015758416e-01,-4.454264232177838068e-01
5.473756740553102906e-01,-7.683555184026784161e-03
-3.210750605868379348e-01,7.779282988508054997e-01
-1.083285771551658172e+00,1.206533952943362964e+00
-1.083285771551658172e+00,1.206533952943362964e+00
-7.401527804780785313e-01,1.210772610799838001e+00
-7.142588917760003264e-01,1.056172989501100501e+00
-7.078592796906347795e-01,8.368035924402670300e-01
-4.718731966335583672e-01,5.694858723633704489e-01
-1.694717389664494311e-01,2.058675072131944950e-01
-8.890661428256108056e-02,1.162522728904212127e-01
4.949435426957215535e-03,-2.073345710731616109e-01
-6.098454038238595304e-02,-1.765837888357769392e-01
4.596179188273849525e-01,-6.287632869264406232e-02
4.948512338628907603e-01,-5.595561853749548425e-02
-5.036556286134537957e-02,-1.977558075059454232e-02
7.553791250449277961e-02,-8.075213368760561505e-02
4.402583161870641248e-01,-1.765995776225535163e-01
1.254947007982706531e+00,-4.993195888010766303e-01
9.942582972516531559e-01,-5.595350766226145911e-01
1.345926376415096104e-01,-2.747445583494568799e-01
2.631089146230135567e-01,-3.180298112464088889e-01
2.177580826938724512e-01,-3.116437459337829674e-01
2.253032152038718927e-01,8.833672488970248371e-02
2.997531257216428102e-01,4.809470277331493460e-01
3.896497717328632482e-01,6.905532077435188043e-01
3.144651101139530613e-01,7.362442700680617014e-01
5.922542678201550559e-02,3.677719128795735037e-01
-1.691112189953630218e-01,2.640068011302030282e-01
-6.513323850617802613e-01,6.005419966953642330e-01
-1.277883318007165592e+00,5.898308965595959741e-01
-8.438839132331550363e-01,2.380193052007329724e-01
-5.405459647659260902e-02,3.197353410748068892e-01
-1.739487856171773317e-01,6.543036773139183637e-01
-3.046831560965588825e-01,4.692585529857114524e-01
-1.041738147699946132e-01,3.743474168289959159e-01
4.850521667331549880e-01,3.773306076226675687e-01
9.340801765687396507e-01,4.075225700241649207e-01
7.048710508348920989e-01,5.782718281356610257e-01
3.144651101139530613e-01,7.362442700680617014e-01
5.922542678201550559e-02,3.677719128795735037e-01
-9.227974347698987556e-02,2.427219602241449947e-01
-7.992225700173817282e-01,1.798591846049120146e-01
-1.025574666345974606e+00,-1.897911628685667318e-01
-4.206241292492235995e-01,-1.540963132295956328e-01
1.910437172008913609e-01,-5.068750771915218195e-02
4.105539641659036731e-01,3.188701435446454346e-01
1.680647584177150933e-01,-4.732487482410475677e-01
1.076728712805230803e-01,-2.375624873284484018e+00
-1.220753691705388499e-01,-3.658356432224578292e+00
-5.280033016381362465e-01,-3.519470377192465804e+00
-1.876001534702312901e-01,-1.749797514710678570e+00
8.301757603366421989e-01,3.256065138023691574e-01
1.373517545537130236e+00,1.343031256103782711e+00
1.402351088230826992e+00,1.603658423396105315e+00
1.122939214939976615e+00,1.139706376336337978e+00
6.305021629272671291e-01,3.009868398794450228e-01
4.081849925131644796e-02,-6.415653363584775670e-01
-1.921559059979015271e-01,-1.233613884038368358e+00
-4.750626790923793141e-01,-1.694831720635389560e+00
-4.655306746720562217e-01,-1.873924646682510797e+00
-1.829846245297895024e-01,-1.447297407899252875e+00
1.216215702837867207e-03,-7.539871359990877320e-01
-1.031109207476131086e-02,4.202614741013892541e-01
-2.635119444942334854e-01,1.399976539793429842e+00
-7.250038153096919347e-01,1.434324165259635686e+00
-3.861203015271293393e-01,4.421400126866809610e-01
1.897402230136262247e-01,-3.763882226354813287e-01
2.561871202251759794e-01,-2.198453108255126187e-01
3.025230771162571997e-01,3.356288255179918911e-01
7.386377464678134386e-02,6.068386895228450317e-01
-2.528033674702750977e-02,2.839821328766773956e-01
-9.227974347698987556e-02,2.427219602241449947e-01
-3.885441492452006984e-01,1.094415058877894475e+00
-7.388687221345442424e-01,1.527737855815201051e+00
-8.142429779222805086e-01,8.521933415996029160e-01
-1.943416607933661000e+00,2.980479922738643039e-01
-3.298863620585609446e+00,6.394420804604463715e-01
-3.190168159687885918e+00,1.077467764472129552e+00
-2.425406393109124537e+00,1.275470189331839643e+00
-1.605234903755479170e+00,1.134288898142288504e+00
-7.976454212505772468e-01,3.997778948977945279e-01
-3.357528320722251713e-01,-3.980468290066026538e-01
1.592956215146131282e-01,-3.110523620915404130e-01
2.523884619049150957e-01,3.694130141225084908e-03
3.379510481128761290e-01,-1.320040923823385601e-02
3.671763905776633252e-01,-2.845314455170842582e-01
2.379473151445727352e-01,-2.140574107129586401e-01
-7.467276159413356769e-03,-8.547775981733646278e-02
7.463504726746589268e-02,7.343337796940778428e-02
2.337963528013813352e-01,1.059660558708701711e-01
2.337963528013813352e-01,1.059660558708701711e-01
2.522173249854382515e-01,1.749132042272904253e-01
2.522173249854382515e-01,1.749132042272904253e-01
7.779402091660715841e-03,1.378592583894436563e-01
4.459797670535807501e-02,2.217013200025564484e-02
3.569059891951192331e-01,-9.284912685075828731e-02
5.506353040901804663e-01,-1.836573476057579424e-01
8.430208854909375660e-01,-6.122936261584713824e-01
1.061016113842083053e+00,-1.711989924219516235e+00
9.553408229848607824e-01,-3.034143770734614609e+00
9.104325953457935716e-01,-2.813598625629571082e+00
8.399041720959106172e-01,-1.340429834411452914e+00
4.064792593104277763e-01,-5.552085144634776315e-01
2.834882875607217662e-02,-3.194798560811525912e-01
1.911351351239874430e-01,-2.646435174054297956e-01
5.571408551061340919e-01,-1.635204436938641481e-01
4.354420313306632262e-01,-4.159304953616437817e-01
-2.146185187430276198e-01,-9.970915719599409144e-01
-7.973177063153022992e-01,-1.405633697042728336e+00
-1.805536921555045193e+00,-1.827324423823162292e+00
-2.427593381152269636e+00,-1.935926598479076999e+00
-1.806893200350300654e+00,-1.215843091619316141e+00
-5.932389188727028584e-01,-4.960351261028622671e-01
-4.635477104263420467e-02,-3.702663157008638795e-01
-1.461118550644788516e-01,-1.903638644388469248e-01
-3.746092819436523391e-01,3.433191373448474248e-01
-4.544938858749891786e-01,7.087086946160980894e-01
-2.404037730345144341e-01,5.624002984559727247e-01
3.130726741297351623e-01,-4.762043290775929694e-01
5.735647470689190230e-01,-1.392683038900392134e+00
5.248544030233833757e-01,-1.592439982588872205e+00
5.729826380859589507e-01,-1.392195175695347453e+00
7.651390306553339515e-01,-9.173259281155418110e-01
8.885726651339284077e-01,-7.452849392161340347e-01
1.043429404304234920e+00,-5.172468957299837244e-01
1.145955818703926266e+00,-1.068120987069755279e-02
6.211657172510502978e-01,-6.083164165944699997e-01
-1.149972858780771122e-02,-2.438002362585095284e+00
-4.510122453177408675e-01,-3.192449081017525891e+00
-1.174844529786140512e+00,-2.279987354352189133e+00
-1.500329824103617815e+00,-7.027638701932787946e-01
-1.747178621135552889e+00,2.661996800181856693e-01
-1.788320980445713637e+00,7.440149287654679311e-01
-9.170454224837580881e-01,8.807564536054616200e-01
-9.414782755145924276e-02,6.681855304836419318e-01
3.417376981212881526e-02,2.653998270176322616e-01
7.884691792587009140e-02,-6.649192335917998575e-02
1.566323838917103514e-02,-1.705086335963098276e-01
1.345926376415096104e-01,-2.747445583494568799e-01
1.644399660543545416e-01,-6.727537736900673915e-02
3.859986175178265477e-01,2.561395097159986922e-01
9.340801765687396507e-01,4.075225700241649207e-01
9.608577117747676422e-01,-2.271968980529362747e-01
7.585059280545647376e-01,-1.048575996389859988e+00
5.512241564277866601e-01,-1.425025571235222221e+00
5.508060277013095973e-01,-1.342637229086390382e+00
7.731473947185452111e-01,-9.414112332566363373e-01
9.010648737488983206e-01,-7.002972228773807206e-01
5.641564294254843848e-01,-2.908523115858176467e-01
-2.321250861735325854e-01,1.258387622311677723e-01
-1.270849726534330204e-01,-3.309682812329989843e-01
7.015689785580022653e-01,-1.314631023756195782e+00
8.690347203055779346e-01,-1.974106500416590082e+00
8.674161335967964792e-01,-2.091049452478478177e+00
9.868054414934910312e-01,-1.679982221834095180e+00
8.808045441793590502e-01,-5.354096208989502781e-01
6.850646925251966390e-01,2.505325986309972497e-01
4.765528540001847113e-01,-3.146613029215316465e-02
2.778726861975310825e-01,-1.108578469232984975e+00
4.745751595204506512e-01,-2.142925783895524017e+00
9.929002484592382993e-01,-2.241652373148050881e+00
1.358954889277039335e+00,-1.482480039933619986e+00
1.236259703188795855e+00,-5.823518298563222784e-01
7.420364621791232240e-01,-3.721098598556404208e-02
2.058850694035619655e-01,1.761800416391156032e-01
8.836907668363930268e-02,5.203938349405082819e-01
5.089727967751356275e-01,2.569662207727263503e-01
5.336817261054224160e-01,-1.740839146476335086e-01
1.381803245029352423e-01,3.452078014822406171e-01
-3.924462448195488173e-01,1.759524114142568540e-01
-1.188578967301715528e+00,-7.647503946434838218e-01
-1.552635647722201417e+00,-9.306469179050447238e-01
-1.218045443579403919e+00,-3.417450123461943656e-01
-7.381791874585638125e-01,-9.745466241355417170e-01
-2.093816661834483062e-01,-1.518110291746903373e+00
5.054716718571818923e-01,-8.151435827120733224e-01
9.429964440149599669e-01,-3.705499847479855058e-01
6.196982867718022758e-01,-6.531784054580166421e-01
2.082388035191331532e-01,-1.286908355776955171e+00
2.821473139590998103e-01,-8.943108366960990097e-01
-1.612040733386271629e+00,3.477758673750155349e-01
-4.774808298907914583e+00,7.692060252267853837e-01
-7.347283800444528445e+00,1.107495202235030396e+00
-8.161217925251406768e+00,1.485111461627953711e+00
-7.431246752548909207e+00,1.962957056594382355e+00
-5.614294000282135322e+00,2.073366790192115339e+00
-3.232529008580009577e+00,1.215927610459192509e+00
-1.016567251104030900e+00,-4.398746898212256284e-01
6.372654730519129451e-01,-1.832225580630409523e+00
1.238985680926947053e+00,-2.099267103111003951e+00
1.075339809609370478e+00,-1.611364512124662474e+00
4.236223664358469421e-01,-5.298977672073630352e-01
-1.981494248555169535e-01,4.619414699325427032e-01
-7.878263031747811951e-01,1.186637852124119874e+00
-2.129847033913034426e+00,1.466749302947010003e+00
-3.840468252487287959e+00,1.039755478371796604e+00
-4.993335994823519641e+00,5.378269945058086199e-01
-5.346568079299404808e+00,3.245714269789484185e-01
-4.917299627082106994e+00,4.595535108535070967e-01
-3.825560031668027161e+00,6.344555991048906884e-01
-2.396040380198727782e+00,5.877668573958619858e-01
-1.546160430574255340e+00,4.955826362922782780e-01
-1.390861251988564584e+00,7.013509696740239940e-01
-1.109048179934083223e+00,1.035233296034545392e+00
-6.719444438879439430e-01,8.108325140770746842e-01
-5.489906611531537861e-02,-3.406462990534673239e-04
3.096278090015398554e-01,-8.552527162692276086e-01
8.577588238872256576e-02,-1.432699756193600127e+00
-2.935449759346273613e-01,-1.633464440065025558e+00
-5.080911264907167491e-01,-1.590101707273179565e+00
-3.718922160157213108e-01,-1.054755649156054575e+00
-5.950017888552786571e-01,-9.851316051049366362e-02
-1.140533866254554551e+00,4.440076169024654296e-01
-8.478478609515871511e-01,5.713907355064021809e-01
-2.821173336580040658e-01,3.266253007731897418e-01
-2.821173336580040658e-01,3.266253007731897418e-01
2.231825307219466314e-01,3.840703241782333355e-01
3.293872413117694409e-01,7.745150088016107270e-01
3.994190208337399794e-01,6.753023864436850099e-01
4.510806487712421542e-01,9.800168538656363337e-02
2.712276153162743730e-01,-3.789640671251594539e-01
2.079708175072996490e-01,-5.459121482505263634e-01
4.615249440143921467e-01,-7.981691768001066833e-01
3.731988401980176340e-01,-8.091750789890903572e-01
9.677661240993810920e-02,-5.876415586526415602e-01
2.929950615104072731e-01,-8.044515415607117470e-01
1.886266686644605839e+00,-4.525527988425357417e-01
4.217840775900061345e+00,6.631014113605628868e-01
6.112732377038676113e+00,2.075000439528978724e+00
6.689159472130962847e+00,3.421032681680852949e+00
5.681593769506037894e+00,3.589291631256606774e+00
3.411970537936048320e+00,2.215018411375724749e+00
7.301124278957886737e-01,1.696673550533678021e-01
-1.251701393879965707e+00,-9.877292219435974685e-01
-1.646846217606976692e+00,-8.012475780514742851e-01
-9.925091052874962516e-01,-3.152626683410667541e-01
-2.357963788761448520e-01,-7.388535251359365508e-03
-6.015519953969411526e-01,2.185029833766485297e-01
-1.035976575085659768e+00,6.451623475539479680e-01
-1.109048179934083223e+00,1.035233296034545392e+00
-5.770188787912424733e-01,1.132383143163883332e+00
-1.692068485858866655e-01,1.312954095131625420e+00
-4.138260830255445777e-01,1.553681514700685495e+00
-1.162041971903282622e+00,1.555789614160966394e+00
-1.907540419689709887e+00,1.471932058258492271e+00
-1.354429285967426955e+00,7.283464789434140885e-01
1.696407039320522725e-01,1.618576949103802190e-02
1.084233660812041755e+00,-1.273385718155200796e-01
9.969446393188311495e-01,-6.096785145355092528e-01
4.275736761228126070e-01,-1.019375476792974355e+00
4.143051930772408825e-02,-8.888628454501974474e-01
9.592723866068959826e-02,-5.506185571126018807e-01
2.712276153162743730e-01,-3.789640671251594539e-01
8.824985639677303262e-02,-2.709890861992882982e-01
1.336267177161765685e-01,6.164137718057110388e-02
1.091331685444704852e-01,2.424916199214147139e-01
1.801726858473780279e-02,1.239209632014691143e-01
-1.374946436108707461e-02,1.710736882816222548e-01
1.499671841588317844e-01,-2.233679080921272542e-01
4.615249440143915360e-01,-7.981691768001066833e-01
4.528111617717098802e-01,-9.819904268332335651e-01
3.052681896270577067e-01,-9.534621350201626377e-01
4.275736761228126070e-01,-1.019375476792974355e+00
3.755731730641888033e-01,-8.540882788269306136e-01
7.695748898657138459e-02,-5.442120562342893653e-01
-2.946665874929168746e-02,-4.315812151837096766e-01
2.215139819318215006e-02,-5.528390229055741845e-01
-1.763300470440237466e-01,-6.293989550945954248e-01
-2.895588856329179839e-01,-7.280099670858690697e-01
-3.063673491451714415e-01,-8.649854051646481690e-01
-2.660924792750148371e-01,-8.587458362593733963e-01
9.576159739562405127e-02,-1.116836587236573974e+00
1.572914952666730481e-01,-1.312360776268287843e+00
-4.757003896218823386e-02,-1.041120382467487282e+00
-3.387378563506891760e-02,-5.828921208797849252e-01
6.323194570730980568e-02,-1.209519059428700444e-01
8.785227998415619244e-02,1.678971079495788221e-01
-1.500469880334024120e-01,-1.831466842113546323e-01
-4.779863144405822606e-01,-9.110071800327984581e-01
-5.843647969845349177e-01,-1.179200352241761118e+00
-2.500719211241141937e-01,-6.672251228088094122e-01
1.676573630976325169e-01,2.879668028243851929e-01
2.234634879848781397e-01,1.007614727103502972e+00
2.014036072723975890e-01,1.250401262230326882e+00
2.014036072723975890e-01,1.250401262230326882e+00
8.173939954664576069e-02,5.328193741568363340e-01
5.917276599610900994e-02,-6.560694501010605126e-03
8.898913445819869872e-02,1.234632561154008101e+00
1.758660747796919888e-01,1.273047551032549185e+00
1.323962632702781195e-01,-1.343712216841303209e-01
4.140868909552559984e-02,-4.489589471409088928e-02
9.568767611813293328e-02,7.567914108338732460e-01
3.395444803867075367e-01,1.057020682192577610e+00
2.566914263192048851e-01,8.764015028941692931e-01
-6.059461045060735573e-01,1.156770464953519761e+00
-1.628623852722848486e+00,1.601868231047864688e+00
-1.859256289853545407e+00,1.652446683652044390e+00
-1.037899764399802471e+00,9.956105173509380846e-01
-2.512913306765308663e-01,3.190421883374121581e-01
-2.512913306765308663e-01,3.190421883374121581e-01
-1.957018835964756398e-01,2.884479850110558963e-01
1.634501252705539143e-02,1.608129248033832170e-01
3.127019263015806683e-02,1.489630327405720711e-01
3.127019263015806683e-02,1.489630327405720711e-01
1.634501252705539143e-02,1.608129248033832170e-01
1.203505846317112216e-01,3.526269582758409515e-01
1.603432342800923116e-01,6.124782228298361053e-01
-7.809130300234039257e-02,5.749311320326435659e-01
-4.664641596479067731e-01,1.037636559954302484e+00
-9.664788260732811720e-01,1.676243090319847973e+00
-1.166186583273312705e+00,1.768263900471939154e+00
-5.293330467696928388e-01,1.548888024770921801e+00
-2.800703035544650499e-01,1.001515573076530385e+00
-5.327189807024830248e-01,5.487633329738470511e-01
-3.582570419987116672e-01,1.954837935711377095e-01
-1.997610979620096094e-01,-1.521371098225265395e-01
-4.212338314696909558e-01,1.689213763813922353e-02
-6.308418174003651568e-01,3.254293791198958341e-01
-9.525137701513620714e-01,4.516686142039542107e-01
-1.790429584786096262e+00,1.011452329999360744e+00
-1.713358913742233369e+00,1.052564714187866013e+00
-7.696234962467065621e-01,3.544791881889654550e-01
3.158908283317636567e-02,-1.815106293456869857e-01
1.468419506183614442e-01,-1.709824888287485301e-01
4.601322778024609650e-01,-2.367213311594523195e-01
4.601322778024609650e-01,-2.367213311594523195e-01
4.193942595411567775e-01,-3.719902438806519940e-01
4.193942595411567775e-01,-3.719902438806519940e-01
-3.310515327363907079e-01,-7.228230914007706120e-01
-3.310515327363907079e-01,-7.228230914007706120e-01
-3.489560297785981868e-01,-8.121210926301585253e-01
-4.304946944364981820e-01,-9.400173419401949282e-01
8.323286701840529322e-02,-5.774856714102953870e-01
8.323286701840529322e-02,-5.774856714102953870e-01
-1.125957891029520513e-01,-9.316207105453843534e-03
-2.329782625476698177e-01,-1.051195645223391845e-01
8.452883701302363884e-01,-2.399487147755403893e-01
1.742211656133625164e+00,-2.214119501292088898e-01
1.277846543973751192e+00,-3.790476366457565249e-01
3.433093236880334076e-01,-1.616855968452969305e-01
-5.719603381192333025e-01,-1.041551204814260556e-01
-1.063836530582659812e+00,-3.940306593303712773e-02
-1.317743915384153475e+00,4.069073281181685431e-01
-1.034625358634057468e+00,8.892224759079708774e-01
-5.086492362577986759e-01,9.668160380997320447e-01
-4.214835082663195148e-02,1.107551690935510980e+00
-4.214835082663195148e-02,1.107551690935510980e+00
-1.350087601850840091e-01,6.159169929138449406e-01
-9.989374878009404934e-02,8.119323775208472926e-02
-1.792295698663823877e-01,6.716541469781167617e-02
-4.380550344521726841e-02,3.146404512170927203e-01
1.244403617474863083e-01,7.166364310245891822e-01
-5.830607678123008938e-03,8.670517148318818146e-01
9.105379883908693017e-02,4.503636956377083389e-01
3.376171130071585202e-01,-5.865615194941882320e-03
-1.279109783528104179e-02,3.447245340329592733e-01
-4.197024138721527353e-01,1.021814066661437703e+00
-3.842294353559667641e-01,1.190600393289864334e+00
-2.658995289372594328e-01,1.047379220113924925e+00
-8.432885765112319021e-02,1.201746765702685349e-01
2.215139819318215006e-02,-5.528390229055741845e-01
-1.691122390912165596e-01,-2.458795797609970302e-01
-3.140300977288341677e-01,1.652423932563780729e-01
-1.826545711562906349e-01,2.469046443249184875e-01
-2.950064583325660156e-02,-1.382106335293338539e-01
2.785152372084179762e-01,-2.670354583607919552e-01
2.832960238108029327e-01,-6.915562386905675929e-01
-1.152792288459730669e-01,-8.343404021910296731e-01
-6.003866896842641188e-01,-4.085049117259744178e-01
-8.107479777303427948e-01,1.622320144156051414e-01
-9.099055119287816629e-01,4.392069924474635290e-01
-1.064682280242448265e+00,-2.046920289692831796e-01
-6.122766940934804003e-01,-1.098575272694011673e+00
-1.094216984282421201e-01,-1.193923959834454429e+00
5.422560986149554257e-02,-3.521802451570338888e-01
4.850521667331549880e-01,3.773306076226675687e-01
9.340801765687396507e-01,4.075225700241649207e-01
5.357929694079146543e-01,2.031780188696812386e-02
-3.347331017511184781e-01,-2.355166824915881363e-01
-6.207281961870992903e-01,5.686532608015960888e-02
6.770599890790927888e-02,3.387797919299295191e-01
9.340801765687396507e-01,4.075225700241649207e-01
1.904847062643514777e+00,4.273275204009887585e-01
3.171923401741400195e+00,2.821297725178078530e-01
3.621163167760201418e+00,-1.947308871686560805e-01
2.682448636399119124e+00,-6.342341159630593417e-01
1.599661680201600600e+00,-6.768309561850338607e-01
8.820792324759219039e-01,-2.690460625597007605e-01
3.723895013659888620e-01,-6.500822984994950038e-02
5.506353040901804663e-01,-1.836573476057579424e-01
7.562406305904140202e-01,-6.128826754065781757e-02
1.084233660812041755e+00,-1.273385718155200796e-01
1.667631003905690079e+00,-2.681500367540827767e-01
2.225490999778140022e+00,-5.629452906851196703e-01
1.794798333761046250e+00,-7.024391758237105154e-01
7.281844093964777442e-02,-7.906435878739708212e-01
-2.813250912867609754e-01,-7.780874565443959279e-01
2.174411807869986113e+00,-1.378963776013388820e+00
4.272892154412242682e+00,-2.519311845330383104e+00
4.783337287087332967e+00,-2.603375114194693918e+00
3.495072555901909350e+00,-1.580221468279257913e+00
1.794798333761046250e+00,-7.024391758237105154e-01
9.377651558751920469e-01,-3.534192721843027463e-01
4.673246485906537018e-01,-3.748139569819438632e-01
-1.700511820164596344e-01,-2.739118183984203259e-01
-3.184303797900912558e-01,-1.278506358274248966e-01
1.395831964226633970e-01,3.589219145344388351e-01
5.542600087346957194e-01,1.695943965002239651e+00
5.861746414838240327e-01,2.417398970347657716e+00
7.237662694492506821e-02,2.064038945362329791e+00
-3.336087608648605207e-01,1.098378258598240675e+00
-1.607508093503603464e-01,3.002825225881339266e-01
-2.362507593796906358e-04,4.011317143207038943e-02
5.368109943438909709e-02,2.570452182151096165e-01
4.510082725184748065e-01,1.000453164758966285e+00
7.394792738933451126e-01,2.153670388888893950e+00
4.684450848779041499e-01,2.539765171774182040e+00
2.839514572530658643e-01,2.112908641320132119e+00
5.454255130264741291e-01,1.721881627332161324e+00
5.301491868903704940e-01,2.021958498361349221e+00
-1.172925343693386468e-01,1.675054910272404385e+00
-5.974918213890789698e-01,6.058129880371960346e-02
-5.108868368725412168e-01,-1.405778585334908071e+00
2.559919988300834309e-02,-1.661182030298754109e+00
6.151615072119659411e-01,-1.255957769746329555e+00
4.535267014550052322e-01,-3.901516652746382374e-01
-2.362507593796906358e-04,4.011317143207038943e-02
5.368109943438909709e-02,2.570452182151096165e-01
1.506006686030090802e-01,-5.362548270600540207e-02
3.267050767305466896e-02,-6.000027411804236266e-01
-2.358316030653103412e-01,-3.663983272686248682e-01
-4.508875204716342733e-01,-1.253809398486521176e-01
-6.538445085928881184e-01,-6.519119355012292782e-01
-7.098522970115968000e-01,-8.992088748155107059e-01
-4.489724772383865692e-01,-7.593384111428567174e-01
-4.569755055297268220e-01,-1.757663506640231299e-01
-1.029022372989604639e+00,3.884566908627600235e-01
-1.082052069179689990e+00,4.728994265732849311e-01
-7.832259298889439059e-01,3.689054040439572191e-01
-7.832259298889439059e-01,3.689054040439572191e-01
-7.568031661627498963e-01,4.838844724233916650e-01
-1.029022372989604639e+00,3.884566908627600235e-01
-1.639303610528800581e+00,3.123859603073758096e-01
-1.836665986466456291e+00,3.284117186463609284e-01
-1.608285376426511482e+00,5.100628347442368593e-01
-1.652260839254281688e+00,6.255049479230502252e-01
-1.775675197857879528e+00,5.339209803068568627e-01
-1.039093391690754986e+00,2.271413662842340642e-01
-1.269509793440688483e-01,-2.513523303606969850e-01
-1.066984761619182986e-01,-8.141507261284433028e-01
-3.606983338733569799e-01,-1.126291680969588427e+00
-4.644722864751374414e-01,-6.735680928758929209e-01
3.587988092922078653e-01,4.917928955920495837e-01
9.636015381599930540e-01,1.007858141987386658e+00
6.735791728564899383e-01,9.673390121363028005e-01
2.464152089254201261e-01,1.346607204243353451e+00
