-4.044004650739412288e-01,2.925139603694401624e-01
-9.902606638296497232e-01,4.535393170612336822e-01
-1.343557732831069274e+00,4.278935416002323522e-01
-1.343557732831067941e+00,4.278935416002294101e-01
1.217408802542937929e+00,1.411079833544104933e-01
2.078159503236261418e+00,-7.556064681655023652e-01
9.315853200785130239e-01,-1.505779635177682874e+00
3.875059908026127764e-01,-1.679667821208150835e+00
2.377538039638856793e-01,-1.088299613787815145e+00
5.931239704477809793e-01,-8.143108581902767096e-01
1.027843151279527190e+00,-1.505633136034257413e+00
7.898741633153167907e-01,-1.777606165131243587e+00
3.773838831227711577e-01,-1.752696789945602074e+00
2.475015820148701029e-01,-1.671704104668518820e+00
2.475015820148701029e-01,-1.671704104668518820e+00
1.628133886083429904e-01,-1.447836847224459600e+00
-3.520319960840549434e-01,-2.999408191069658502e-01
-9.902606638296505004e-01,4.535393170612320168e-01
-1.343557732831068829e+00,4.278935416002273562e-01
-4.447287531890574130e-01,6.530940967259488694e-01
3.675334846795482724e-01,5.150449199994817651e-01
8.881113174044279468e-01,-7.739682411847444155e-02
1.437183999823160141e+00,-1.552557173044739058e-01
1.616642498100208325e+00,3.036596415090898615e-01
1.024442398095829931e+00,6.133709198195165246e-01
5.144314885829436024e-02,5.764502991912250351e-01
-2.492431888518063798e-01,6.671767904283599782e-01
7.614560821056951534e-01,-1.455727042410888683e-01
1.152574798435476389e+00,-1.017867474102102987e+00
2.545787365896941545e-01,-3.988135979662078001e-01
-1.877067309539780238e-01,5.087541279956753204e-01
1.812844240087398417e-01,1.183035749270437753e+00
1.325471636577962853e-01,1.376775546618482116e+00
-2.594186590021530514e-01,9.355331221838097955e-01
-9.902606638296505004e-01,4.535393170612320168e-01
-7.489845146339970672e-01,1.763955006660148928e-01
-4.043483792417990053e-01,-4.477720213066777033e-02
-2.239387601329067834e-01,-1.903628815204935765e-01
-1.935519242436061771e-01,2.024255443516512210e-02
-2.080953433589776413e-01,2.335934449047657735e-01
-2.786839492884331526e-01,4.577455078999656535e-01
-4.068161122373881167e-01,1.323023795592251188e-02
-8.887062774690592803e-01,-7.857787292740716634e-01
-2.447708536929499523e+00,-6.577511893192531378e-01
-4.478355229015509309e+00,-1.603137296371378445e-02
-5.523540447195896874e+00,7.783829493646287068e-01
-4.904552637772461310e+00,1.104009208023653654e+00
-2.836170218972608126e+00,5.743650821665639006e-01
-8.201785315867713422e-01,-4.071742042686369856e-01
6.329219059709262352e-01,-9.271717231492117017e-01
8.801031991070845661e-01,-1.639584862438308255e+00
-7.744014236536489459e-02,-1.631570664599885978e+00
-1.034309054596474375e+00,-4.894292030040468533e-01
-7.963982759375233256e-01,7.546915741017053147e-02
-2.348702616329207404e-01,1.950989852993995632e-01
-1.515522077956323321e-01,4.238392162682164122e-01
3.049355329675004223e-01,-3.124450261156831443e-01
5.711527705261147947e-01,-1.690682756811642040e+00
7.391168319146885768e-01,-2.357060662190912925e+00
8.088663807224580893e-01,-2.208700211474827757e+00
7.332375783331774866e-01,-2.086061736516832354e+00
4.570187702128761242e-01,-1.939530047967890525e+00
-1.722407468521528484e-01,-7.232611366225245586e-01
-9.902606638296505004e-01,4.535393170612320168e-01
-1.343557732831068829e+00,4.278935416002273562e-01
-1.343557732831068829e+00,4.278935416002273562e-01
-1.343557732831068829e+00,4.278935416002273562e-01
-5.306707207277238103e-01,1.911980784514494269e-01
-5.060038182512837518e-02,1.435815315395906899e-01
-1.273344572268567398e-01,3.817972387495139897e-01
-5.160084960415550759e-01,5.550753487184845181e-01
-5.894687072867842437e-01,3.115374532162775156e-01
-4.776690823782533957e-01,-2.216640394452696894e-01
-5.622942531527730381e-01,-4.455943594559219068e-01
-3.995709776836192106e-01,9.524478814755309164e-02
-5.712958452392527531e-02,3.537921208101181270e-01
3.871360914569101780e-02,3.119352115792321523e-01
-1.681275343037827164e-01,4.094629992551007680e-01
-3.692371642174072099e-01,6.969006472456977797e-01
-4.320492669456534873e-01,4.886637384320299815e-01
-4.408160018415276937e-01,9.141656324952833479e-02
-4.971326823528420258e-01,-5.690248156208494584e-02
-9.864602878845196710e-01,9.927166705918240297e-02
-1.343557732831068829e+00,4.278935416002273562e-01
-8.213205423977423258e-01,2.727185314344015010e-01
-1.177595969627062422e-01,1.769293838715134404e-01
3.804644246140124197e-01,2.033096286355980109e-01
2.690544887265590712e-01,3.475159126384613217e-01
-3.623583490990691103e-01,4.520739361306472803e-01
-9.025555732959075206e-01,4.246380295156206852e-01
-1.343557732831068829e+00,4.278935416002273562e-01
-5.485116345348447497e-01,7.375887486083995137e-01
-2.242023880994224450e-01,6.011659480680375811e-01
-3.825625565117090621e-01,4.351249111170234496e-01
-5.160084960415550759e-01,5.550753487184845181e-01
-5.894687072867842437e-01,3.115374532162775156e-01
-4.776690823782533957e-01,-2.216640394452696894e-01
-5.622942531527730381e-01,-4.455943594559219068e-01
-1.773064434027359637e-01,4.796186144323518197e-01
1.579512202179614855e-01,1.309569830184094563e+00
-2.858112028355547923e-02,2.189084678683193896e+00
-8.025154808503801029e-02,1.785626930172962812e+00
3.675334846795482724e-01,5.150449199994817651e-01
8.881113174044279468e-01,-7.739682411847444155e-02
7.747927896159902961e-01,-4.925609152206945618e-01
8.068690955644829133e-02,-3.731554959537879412e-01
-1.003086924774366923e-01,4.551682044803437299e-01
1.579512202179614855e-01,1.309569830184094563e+00
-6.552615842534167956e-02,1.200018242994038031e+00
-5.160084960415550759e-01,5.550753487184845181e-01
-5.894687072867842437e-01,3.115374532162775156e-01
-4.776690823782533957e-01,-2.216640394452696894e-01
-5.622942531527730381e-01,-4.455943594559219068e-01
-6.850600476142142403e-01,1.993329900812025601e-01
-7.960640825028678647e-01,4.935493451170603341e-01
-6.883353898862580866e-01,3.808973063610373577e-01
-6.360934124270581913e-01,1.449856438424329264e-01
-7.246586468901834444e-01,3.934868552036921430e-02
-6.538111718326596877e-01,-7.908149957824599230e-02
-4.600856022828883618e-01,-1.915923005029591397e-01
-3.462685447420936202e-01,5.240748529506691900e-02
-7.425766173534126269e-01,3.176912576939436295e-01
-1.343557732831068829e+00,4.278935416002273562e-01
-1.048287213144543983e+00,-3.727083953842714181e-01
-9.228094101905423008e-01,-1.048751752398006554e+00
-6.711691957558049149e-01,-9.472131339234232117e-01
-5.342990958776060451e-01,4.897532224594480788e-02
-5.784271073394356977e-01,8.494090169517821698e-01
-3.419892962239348688e-01,8.239047207717554722e-01
7.492065137932645280e-01,3.694117386869549130e-02
1.949566097784874552e+00,-6.461622662415393847e-01
2.316999921530133566e+00,-7.743491561384105992e-01
1.094340195153300055e+00,-5.182789279286423856e-01
-6.446824888645540375e-01,-2.633527786000130488e-01
-6.770610236129017689e-01,1.725511142617186244e-01
-5.637995587330471015e-01,9.126707407593624977e-01
-2.788639769402455615e-01,1.204062171455681840e+00
-1.895086903755995589e-01,6.193640362835289848e-01
-5.476193263215857199e-01,2.486149100980048765e-01
-7.896692122893029797e-01,5.382831157985430715e-02
-4.307517301019688216e-01,-2.275227683165299553e-01
-4.139723958549094279e-02,-3.328624910482054777e-01
-2.293003137490836618e-01,-2.895293211758707685e-01
-6.446824888645540375e-01,-2.633527786000130488e-01
-3.024823215770656160e-01,-1.244032955319379768e-01
-8.920362941914827815e-01,-5.004327485661655417e-02
-1.991694463235645252e+00,1.053136863283090086e-01
-2.145617169400989344e+00,4.762577830728092487e-01
-1.476059358052051795e+00,9.711528237896503990e-01
-1.584423150490273713e+00,1.849625697097362353e+00
-2.642888445268709585e+00,2.600425036831535586e+00
-3.340180174547794589e+00,2.543102352476230177e+00
-3.246065196258444807e+00,1.669902185359326552e+00
-2.298510606598146211e+00,6.224024814146595919e-01
-9.917626430308220664e-01,1.128609318278604549e-02
-1.319827164140552258e-03,-3.313909566094638270e-01
6.579986291667490328e-02,-6.686771596846805554e-01
-2.640874782181771852e-01,-7.640592892777998690e-01
-4.148060984695720044e-01,-3.497025455975711350e-01
-4.672492832728868950e-01,-1.887756533635076284e-01
-6.446824888645540375e-01,-2.633527786000130488e-01
-7.665318716035840474e-01,4.952626755951954063e-02
-7.761958106881754471e-01,3.047443507699525433e-01
-5.476614083907723751e-01,1.802983271251758779e-01
-4.672492832728868950e-01,-1.887756533635076284e-01
-6.446824888645540375e-01,-2.633527786000130488e-01
-5.117145405855437756e-01,7.787853412262152331e-02
-4.814084097657679306e-01,1.451113347711867688e-02
-6.446824888645540375e-01,-2.633527786000130488e-01
-9.864602878845196710e-01,9.927166705918240297e-02
-1.343557732831068829e+00,4.278935416002273562e-01
-7.328222693733278392e-01,3.879599785860187167e-01
-1.357823801694818810e-01,4.700353125928657949e-01
3.164578509502819492e-01,1.295178440731891811e+00
3.573402173535651927e-01,1.857739261288957833e+00
-1.390234802575061324e-01,1.224153147933869423e+00
-9.902606638296505004e-01,4.535393170612320168e-01
-1.343557732831068829e+00,4.278935416002273562e-01
-7.215876004098544794e-01,6.692239110995916451e-02
-3.832027623289957496e-01,1.774326668415012256e-02
-4.182045561133153067e-01,4.016734900056022073e-01
-3.692371642174072099e-01,6.969006472456977797e-01
-4.320492669456534873e-01,4.886637384320299815e-01
-4.408160018415276937e-01,9.141656324952833479e-02
-4.971326823528420258e-01,-5.690248156208494584e-02
-6.446824888645540375e-01,-2.633527786000130488e-01
-6.620275862387918764e-01,8.517318138784872594e-02
-3.476097213483503312e-01,2.813977554800360936e-01
4.954034166963312835e-02,-1.151099500332293801e-01
2.777762451525622386e-02,-1.000194724907371296e-01
7.673734556517172734e-02,-1.937582561268868728e-02
-7.932412547146806825e-02,1.078322618305926558e-02
-2.601416996289709349e-01,-8.015975480255176089e-02
-1.079887802005944086e-01,-3.638952924348241580e-01
-1.330499468433498922e-01,-5.740208679551035004e-02
-1.146201431229747769e-01,2.056127964065567193e-01
-4.886069960634548681e-01,2.210370277973535968e-01
-1.343557732831068829e+00,4.278935416002273562e-01
-7.402934742360767206e-01,1.180863118292215103e-01
-4.672492832728868950e-01,-1.887756533635076284e-01
-6.446824888645540375e-01,-2.633527786000130488e-01
-1.258726645668609978e-01,4.629306674342775763e-02
3.016962324739479451e-01,8.122462424105458823e-02
3.813470737137192867e-01,-8.860002975737635289e-01
2.377538039639007506e-01,-1.088299613787834463e+00
2.886665204545347807e-01,-2.158871896699526838e-01
3.569734103568574790e-01,-3.275261529591352166e-02
1.394250419301908406e-01,1.417676543285832091e-01
-2.276795880165155550e-01,2.714861042722384044e-01
-7.279867397187594902e-01,3.392605230489121326e-01
-6.215562019211898770e-01,-5.435773198006719209e-01
1.197660115006844855e-01,-2.055196588510888045e+00
1.057283636332948973e+00,-3.634623775220715114e+00
1.064554826129170850e+00,-3.239782844724534705e+00
1.004708709167429159e+00,-3.380001725985837258e+00
1.417785100926366670e+00,-4.289196587342981815e+00
1.417785100926366670e+00,-4.289196587342981815e+00
1.191211516307539853e+00,-4.225485595235270786e+00
7.257852202223756821e-01,-3.887525484402885034e+00
1.386965376471556433e-01,-2.952798558017558417e+00
-2.748049919707849509e-01,-1.468262474399834483e+00
-2.926800099792129517e-01,-5.761283367465912519e-01
-1.124541837888099888e-01,-7.672068315184084053e-01
-2.394568352509692244e-01,-8.502958771992599196e-01
2.336153361248166638e-01,-1.122833433091205757e+00
1.223958768347862769e+00,-1.723063536474731983e+00
1.891656355751115681e+00,-1.854183803262764441e+00
1.730365253568567629e+00,-1.434407148995334502e+00
2.179192559823169173e+00,4.719751803072249063e-01
3.254093444356414455e+00,3.362910092182640476e+00
3.562829553080756106e+00,5.967916084725397141e+00
2.953792870107663671e+00,7.002387956833849181e+00
1.961677328930522268e+00,6.036718511337023862e+00
1.125578749707062620e+00,3.690345596708573872e+00
5.846991258187888008e-01,1.220752651128116595e+00
2.143450774495456457e-01,-3.346221837137775545e-01
-3.389354871766401267e-01,-1.164734287389249445e+00
-6.782789093116385892e-01,-1.251216756497624427e+00
-5.386303051686167631e-01,-8.299492251328659531e-01
-5.269548041380531234e-02,-1.506257842748312537e-01
4.395282193485345879e-01,2.542323381257532988e-01
6.361654654589604663e-01,1.974878923730023772e-01
3.221270746703215337e-01,-2.424504805717930811e-01
4.993146733635244749e-01,-7.753630065884451472e-01
8.689029669765930830e-01,-9.656433318888499873e-01
7.129411543325260281e-01,-8.143794307886396133e-01
1.920598425239823104e-01,-4.837262388795730006e-01
-2.243137290407023199e-01,1.171476083411826519e-01
-8.548448821294009348e-02,2.956363372380870769e-01
-1.342257176758601851e-02,-1.923236053728163975e-01
-1.221025254317585351e-01,-5.461809216396350530e-01
1.484664354056559887e-01,-1.125242443133699810e+00
1.429755411437715340e-01,-9.283213844302242723e-01
-6.893702194373951819e-02,-7.832421435648043162e-02
5.491258721545699134e-02,3.989964850031310073e-01
6.014103309476989123e-01,1.300659204908611422e+00
2.940299994509291803e+00,4.034272690936180794e+00
6.302299445451518878e+00,7.209235014591667934e+00
9.075153885875650417e+00,8.778804042553135289e+00
1.065717272195077570e+01,8.573686412140297364e+00
1.065073232007415882e+01,7.026488921168089874e+00
8.578281085253626870e+00,4.485073920694813587e+00
5.026153191572359624e+00,1.593580200913353506e+00
2.509849583423471309e+00,-3.459278383128777112e-01
2.704503204351488943e+00,-6.551878514510934837e-01
3.195970656722638470e+00,-5.247347674447304655e-01
3.035597402023225033e+00,-2.184612166927743515e-01
2.358175630415116686e+00,-2.357598394222209792e-01
1.560647776421422162e+00,-3.842362008990710120e-01
9.351463934948807122e-01,-4.893239516047767079e-01
3.908482018638362310e-01,-5.237974833604415181e-01
-2.772893973137883772e-01,-3.681584926621491172e-01
-4.728375519871176880e-01,-4.646984766869723393e-01
-4.959411546483416533e-01,-4.725913953171632098e-01
-6.446824888645540375e-01,-2.633527786000130488e-01
-4.378206152240033400e-01,-2.698059063780153255e-01
-2.756526071657746657e-01,-4.083697984392877234e-01
-2.186388175473822915e-01,-3.957787476093944101e-01
-3.368287416669755174e-01,-1.723798149406358948e-01
-4.454550686533544357e-01,1.491670025204209528e-02
-2.541108385769926814e-01,8.648724507547897802e-03
-2.272145572803508373e-01,1.534580448360633453e-01
-4.375716030560776737e-01,2.927723724229704949e-01
-5.210398136469144292e-01,-2.268450075450515607e-02
-6.446824888645540375e-01,-2.633527786000130488e-01
-4.471345596871253436e-01,-3.903691162098719136e-01
-3.878205477205669549e-01,-5.628594961893661486e-01
-3.287556994415057054e-02,-8.567186018026743399e-01
3.602719265870719667e-01,-1.442820336517824265e+00
4.683717240570171580e-01,-2.545965573232976897e+00
1.057283636332948973e+00,-3.634623775220715114e+00
1.369499478622157262e+00,-3.328265937197867785e+00
1.322907710764076761e+00,-1.962661954950138510e+00
8.191935915641997967e-01,-9.791766061374667096e-01
-3.522988427615270091e-02,-6.356805347206901935e-01
-8.207307507905418076e-01,-2.581169872705844914e-02
-1.343557732831068829e+00,4.278935416002273562e-01
-5.110522019408152428e-01,2.612380735955877054e-01
-5.172738787742962863e-02,2.249220415744159207e-01
-2.576948729175800867e-01,3.367200144129551265e-01
-9.902606638296505004e-01,4.535393170612320168e-01
-1.343557732831068829e+00,4.278935416002273562e-01
-6.241292766487201993e-01,-1.641832622738025049e-01
-3.736713326689562464e-01,-5.289474190039346047e-01
-3.287556994415057054e-02,-8.567186018026743399e-01
2.167777291511106819e-01,-1.076226351235716416e+00
-1.262113990349094106e-01,-8.039207939264899627e-01
-7.214042348956263284e-01,-1.313210331838777778e-01
-5.963051081387686914e-01,3.855797878136937862e-01
-1.096868956474140178e-01,6.500429742478093242e-01
7.069287821899124247e-02,7.538522545653739693e-01
-3.394915126295680596e-02,2.424127587357341462e-01
-1.232355142092563388e-01,1.765428588577076796e-02
-5.300813269982416337e-02,-1.900414449166094033e-01
-2.476061401694809039e-01,-5.646370419200800184e-01
-2.279015314410239579e-01,-5.152195879551423330e-01
-6.538904183635432799e-02,-1.873274016461055347e-01
5.637992181503375111e-01,1.130773982077091677e+00
5.014267755549500771e-01,1.163834644728523271e+00
-3.331443400732211901e-01,-7.963139106915938237e-02
-5.819118908361703424e-02,1.740743495005008246e-01
-1.981703405373069771e-01,6.741083681328834398e-01
-2.049207348781434124e-01,5.355826258085770453e-02
7.228826648434235613e-01,-4.582330002505665689e-01
9.999170936120956865e-01,-1.451505812672777007e-01
8.339413901435538401e-01,1.172990037293613286e+00
5.603745720617387960e-01,1.955503750343081659e+00
9.917505338889850280e-03,1.855096271620601422e+00
-4.519063248479354145e-01,5.909503950089532998e-01
-5.637880910334273077e-01,-2.767465886406632603e-01
-8.226282814964995804e-01,-1.340395414402450157e-02
-1.343557732831068829e+00,4.278935416002273562e-01
-9.529812640550581193e-01,2.064818223973174591e-02
-6.446824888645539264e-01,-2.633527786000129378e-01
-3.693458503393209358e-01,-1.119626983317341395e-01
-3.352379417296294517e-01,-2.910692245170412029e-01
-8.291088871287524142e-01,-1.604894530128141705e-01
-1.343557732831068829e+00,4.278935416002273562e-01
-4.422658249299508126e-01,-1.532796819763687091e-01
1.558641424910399698e-01,-5.662192904578829955e-01
7.911451995940078918e-02,-5.128920664656182460e-01
-2.880880958885451704e-01,-3.722705629350917533e-01
-6.446824888645540375e-01,-2.633527786000130488e-01
-4.471345596871253436e-01,-3.903691162098719136e-01
-1.262113990349097992e-01,-8.039207939264910729e-01
-1.510545480049267364e-01,-6.025453604218535819e-01
-2.406279242217704561e-01,-3.654202801876976214e-01
-2.114770580646791465e-01,-4.009284813297144257e-01
-3.749795399096087639e-02,9.183419947807185124e-02
4.448043459619666629e-01,7.216676456343285029e-01
5.216116790422350435e-01,9.481227999870920353e-01
-2.521487124450305303e-02,6.775865275013502886e-01
-4.493063513360786021e-01,4.621148975986853064e-02
-5.942114131830014134e-01,3.578693294905879729e-02
-9.902606638296505004e-01,4.535393170612320168e-01
-1.343557732831068829e+00,4.278935416002273562e-01
-9.529812640550581193e-01,2.064818223973174591e-02
-5.275071646073935527e-01,-5.142980105046153216e-01
-3.527020596519366835e-01,-6.206318293740293868e-01
-2.613688737392640959e-01,-3.768480952683138097e-01
-2.239387601329070332e-01,-1.903628815204929658e-01
-4.288998021506456801e-03,-2.709893419549585514e-01
2.886665204545347807e-01,-2.158871896699526838e-01
5.820207096156302523e-02,-2.603878760632662437e-01
-2.226603085144311933e-01,-3.109747862777471061e-01
-2.895637427207244929e-01,-2.208261107632562836e-01
-4.677680130717220552e-01,-3.524075855574012039e-01
-1.035964369485812053e+00,-1.272459870823366979e+00
-1.398369323899853578e+00,-2.008046817775871240e+00
-9.621898277406784050e-01,-1.359119524018731262e+00
-8.291088871287524142e-01,-1.604894530128141705e-01
-1.343557732831068829e+00,4.278935416002273562e-01
-8.420843139685375567e-01,1.807754589664962164e-01
-5.936312894132699247e-01,-9.950022290280489956e-02
-6.446824888645540375e-01,-2.633527786000130488e-01
-3.948183743297405401e-01,-1.844173273378464373e-01
7.905839932151724481e-02,-6.880232586729717603e-02
9.095924955860507088e-01,-4.096292577458042761e-01
1.784558974600897630e+00,-1.088841942038532240e+00
2.248140605591284480e+00,-1.550480347953783866e+00
2.133431340389807751e+00,-1.690734676681990400e+00
1.673653882538670867e+00,-1.572798378342804337e+00
9.315853200785130239e-01,-1.505779635177684206e+00
5.302263349309223051e-01,-1.980412217129350783e+00
3.380109604755333064e-01,-1.787931047684986341e+00
-5.903926712220525230e-01,-3.945555418846249940e-01
-1.179477681250321153e+00,1.131518392085385794e-01
-1.180944792410457911e+00,-4.494384359645176019e-02
-1.179977950827476363e+00,1.108907448347762476e-01
-8.296568456218541554e-01,4.181313344977528185e-02
-5.287154150515336326e-01,-3.320630989171791114e-01
-2.959163985941414832e-01,2.625163376255714720e-01
3.932113971704526839e-03,7.535474829872866875e-01
-1.377018395858385091e-01,2.467826651671229665e-01
-5.159482936076306148e-01,-3.886503364552291173e-01
-3.232182646765733303e-01,-4.047419016920605905e-01
-1.633708418142894025e-01,-2.068981340087941989e-01
1.048378911784684508e-01,2.270472078650415115e-01
6.448113419304953020e-02,5.948794604920293327e-01
7.069287821899124247e-02,7.538522545653739693e-01
4.159107097479056714e-01,5.182091703282316608e-01
5.956298058463452838e-01,3.308625474827586732e-01
3.856109822248920405e-01,1.444970249761445558e-01
-1.239844446226895103e-01,4.853322354499694513e-01
-2.715847670929371627e-01,1.043658254062809210e+00
8.477241464634876090e-04,1.371068590365891682e+00
3.750805928481944496e-01,1.066006029317095871e+00
1.465182608835243483e-01,8.793894986155122995e-01
-3.309244407796443910e-01,3.266392312550213117e-01
-5.093465236755266856e-01,-4.439299178356615472e-01
-8.291088871287524142e-01,-1.604894530128141705e-01
-1.343557732831068829e+00,4.278935416002273562e-01
-4.422658249299508126e-01,-1.532796819763687091e-01
-1.132821584360909489e-01,-8.394727332309921408e-01
5.152439074249863527e-02,-1.349377070845054538e+00
1.293878304304801219e+00,-1.874799801786083409e+00
2.867660182456065687e+00,-2.097355975396796524e+00
3.740658762109124513e+00,-1.645738786392038522e+00
3.087691279180801995e+00,-8.447006271519810205e-01
1.244726038114633671e+00,-2.753910258826251511e-01
5.148375056681490924e-02,-2.122550186086032964e-01
-1.622996445446995006e-01,-4.234920939660368200e-01
-4.863358433044287499e-01,-4.798375291188669012e-01
-5.639992177554594699e-01,-4.126133589683355085e-01
-6.446824888645540375e-01,-2.633527786000130488e-01
-9.969012160533274880e-01,1.035916189040018559e-01
-7.842992496734759733e-01,4.414317941922735189e-01
-3.892031467403200273e-01,7.071755869133582451e-01
-1.217656110303728806e-01,1.048328408380662990e+00
-8.587851556405590170e-02,1.038339616918298125e+00
-3.192490456240102414e-01,6.957635626223438452e-01
-5.121045233012482267e-01,3.987445382811990457e-01
-3.379418220295807296e-01,4.258816178111088369e-01
-6.276316112435076366e-02,9.056093417429235126e-01
-5.845023982926220857e-02,1.378168267001463221e+00
-2.191002901037277517e-01,1.528998293770464478e+00
-2.098361357977104880e-01,1.253840824280691768e+00
-2.525015602935635206e-01,1.169061455719612619e+00
-8.036851070494369642e-01,1.252912944888751490e+00
-1.428534701459192258e+00,8.261502681512217228e-01
-1.538497144736889588e+00,2.954558776699392486e-01
-1.311294305675311911e+00,1.988067781590736605e-01
-1.343557732831068829e+00,4.278935416002273562e-01
3.147149601937018204e-01,9.181183502961416387e-01
1.570177543376022555e+00,1.405730099131379696e+00
1.260456311403025609e+00,1.235630815041577790e+00
2.545700001119232114e-01,5.420740933241265935e-01
5.540119093130765893e-02,4.019638877896380413e-01
3.507669342049689332e-02,7.287180972770435083e-01
-3.808577769606091151e-02,5.139640707947350506e-01
-2.476196933138712641e-01,-1.422899306308790246e-01
-8.291088871287524142e-01,-1.604894530128141705e-01
-1.343557732831068829e+00,4.278935416002273562e-01
-5.297314122081793197e-01,1.945585485522049185e-01
-3.864114830107030774e-02,-5.741247146967804610e-02
-5.739461346227561073e-02,-1.778046414490898064e-01
1.537324506869112983e-01,-1.090538540903958492e-01
4.350923435135387041e-01,-1.247946010209832618e-01
1.638310816671819103e-01,-3.367173660358470655e-01
-1.226530630832488727e-01,-1.661368326271370210e-01
1.194240743188811349e-01,8.174101359531178723e-02
-3.345452666424418298e-01,1.842610541261997525e-01
-1.343557732831068829e+00,4.278935416002273562e-01
-1.067617034742619042e+00,1.248333726354852624e+00
-9.777455578278712034e-01,1.528366269082162221e+00
-5.687586928681038767e-01,1.137369708509127886e+00
-5.763425180891066368e-01,1.395917285372488825e+00
-1.640102531104089989e+00,2.512922403794184412e+00
-2.543854640659044097e+00,3.132136360902098904e+00
-2.539124334578513054e+00,2.306293315440450353e+00
-1.593870841066673094e+00,6.190748418050722179e-01
-3.970655982538645601e-01,-9.442998017971105940e-01
4.683717240570171580e-01,-2.545965573232976897e+00
1.057283636332948973e+00,-3.634623775220715114e+00
3.764286326799849203e+00,-4.975758152418157110e+00
6.189302221436827622e+00,-5.673549841250965287e+00
6.472013110501066535e+00,-5.553921322649090442e+00
6.182247863868036930e+00,-5.694776493855250976e+00
6.062000369252364074e+00,-5.727299241634124627e+00
6.344711258316601210e+00,-5.607670723032252447e+00
4.774621768934470545e+00,-4.018986340231531784e+00
1.785246917434379021e+00,-1.418198524765023949e+00
-1.470143012703736818e-01,1.124635798269874032e-01
-9.902606638296505004e-01,4.535393170612320168e-01
-1.343557732831068829e+00,4.278935416002273562e-01
-9.529812640550581193e-01,2.064818223973174591e-02
-5.275071646073935527e-01,-5.142980105046153216e-01
-5.275071646073935527e-01,-5.142980105046153216e-01
-6.446824888645540375e-01,-2.633527786000130488e-01
-4.471345596871253436e-01,-3.903691162098719136e-01
-2.024239709611070637e-01,-3.677740294155877332e-01
1.069211414769792590e-01,-1.407884432373695399e-02
3.528588700162875180e-01,1.381787252212166549e-02
6.488129155120250235e-01,-4.991601551531403280e-01
8.166763871506341754e-01,-1.339212861881919459e+00
2.254766179838510742e-01,-1.243367375119653229e+00
-5.275071646073935527e-01,-5.142980105046153216e-01
-3.527020596519366835e-01,-6.206318293740293868e-01
-3.044707157302550815e-02,-4.557824237545657353e-01
4.741813570991888771e-02,-4.553964393347376682e-01
-1.202109352800254383e-01,-7.775871751475283977e-01
-1.801903798907849297e-01,-8.583438779546620490e-01
-1.158759641712391320e-01,-3.521843817222300443e-01
-1.200872971745424039e-01,2.541571919095053644e-01
-1.895278630326898694e-01,3.410744526552058620e-01
-1.142842418220850892e-01,-3.055492144747760097e-01
-2.976119487518882889e-02,-1.056002708843119420e+00
-7.960503352519271436e-02,-1.043820486301288541e+00
-1.621151910242551453e-01,-8.024361775105838257e-01
-1.633708193041443213e-01,-4.036902645411373225e-01
-3.408293427941867515e-01,-8.516089734075719120e-01
-3.653895168827135942e-01,-1.094108392031073240e+00
-4.139450623025764386e-01,-7.993129917792688444e-01
-5.275071646073935527e-01,-5.142980105046153216e-01
-3.527020596519366835e-01,-6.206318293740293868e-01
-3.117185853691543107e-01,-3.022047789501969284e-01
-3.268779631628438986e-01,4.219237210452053688e-01
-6.516398069744484545e-01,8.809955553416698448e-01
-1.471821261179330653e+00,-1.709875568750171826e-01
-1.787208951362887044e+00,-1.122192612717810123e+00
-1.471663503063371570e+00,-5.757321799054510025e-01
-4.572455962305990163e-01,1.468721659881542241e-01
1.787723070118708013e-01,-1.393907569998203977e-02
-2.395154644270739708e-01,1.323438280592811600e-01
-7.203224531532113062e-01,4.665755779937567627e-01
-3.272254686348726738e-01,7.023288944630828867e-01
-2.788639769402455615e-01,1.204062171455681840e+00
-3.232506223674606605e-01,5.470873119765493620e-01
6.025418282528676589e-02,-4.673368169427102869e-01
2.788675575783303717e-01,-2.132703235279967968e-01
8.563649522070458653e-02,5.561609094421500477e-02
-2.310011573205468516e-01,1.611405167187094090e-01
-6.865051488483602249e-01,3.043277243573394575e-01
-1.085809535568886153e+00,9.292008255261149374e-01
-5.444950567369433170e-01,7.254848730047972483e-01
-5.887680347555142996e-02,1.338406406777986890e-01
7.137180748364031248e-03,3.448957427324228497e-01
2.120236392867096420e-01,9.358626359157962149e-01
6.546117863710568946e-03,1.394939676050653610e+00
-1.281658357853069086e-01,1.127952308353244781e+00
1.712041329850630678e-01,4.773341704271577557e-01
6.027147625963952954e-02,9.120187635335290366e-02
-5.185636409227716292e-01,2.224671614206421011e-01
-1.343557732831068829e+00,4.278935416002273562e-01
-7.823160038262204630e-01,1.083583036178828340e+00
-4.390339457709832027e-01,1.544273496235179843e+00
-4.390339457709832027e-01,1.544273496235179843e+00
-4.098526130406432433e-01,1.315627066818653157e+00
-2.780254491563299291e-01,8.745462186906515223e-01
-6.591727776258643479e-02,-1.400023187818160431e-01
2.296492102416723413e-01,-1.329842883407703624e+00
4.592223832893007618e-01,-1.360591114499573706e+00
8.160190215509357525e-01,-1.005572417917938166e+00
1.083755817625122742e+00,6.307550279651834291e-02
6.922530146976695331e-01,1.038181368701805551e+00
3.569927433195061450e-01,7.964221649204775710e-01
1.691924557477244573e-01,1.061765691003540429e-01
-4.632366100882873150e-01,4.810861232110132807e-02
-1.343557732831068829e+00,4.278935416002273562e-01
-5.912026002912984524e-01,8.982962323245831104e-01
4.728916744129064292e-02,1.592849000619719346e+00
4.678172757102852519e-01,2.133819315324278598e+00
5.178341103692993830e-01,2.462685379105665096e+00
2.579936398776256912e-01,2.793911503255519069e+00
-7.605688293153899104e-02,2.831304917464408266e+00
-2.104355553633188713e-01,2.498037518324409678e+00
-2.212900235530474158e-01,1.692640413926115972e+00
-6.516398069744484545e-01,8.809955553416698448e-01
-6.237136339871229840e-01,1.751640524979815927e+00
-2.284221124271807735e-01,2.153735427511619616e+00
-5.326267091025519568e-02,7.998848105803137987e-01
4.632088470731848817e-01,-1.734902865479590606e-01
6.665465847567250135e-01,3.207889948239545791e-02
4.628228027670091005e-01,2.909067032975666267e-01
1.577199365470674519e-01,6.923617067941700842e-01
2.343555877333839965e-01,8.146066267766211011e-01
2.745878254313650624e-01,5.667147466385344945e-01
1.734268180729667264e-01,3.261949430463323418e-01
8.361263528535929634e-02,2.808125377028912739e-01
-6.402275170115812042e-02,2.225275852978280955e-01
-4.413759657200417297e-01,2.301640643050973933e-01
-7.724087486005212222e-01,1.870411519021921154e-01
-7.457681904925228533e-01,3.131877676161519131e-01
-9.902606638296505004e-01,4.535393170612320168e-01
-1.343557732831068829e+00,4.278935416002273562e-01
-4.076339693767339623e-01,4.022437718527798745e-01
-2.292621725979975822e-01,4.317493412187888846e-01
-9.902606638296505004e-01,4.535393170612320168e-01
-1.343557732831068829e+00,4.278935416002273562e-01
-8.420843139685375567e-01,1.807754589664962164e-01
-5.936312894132699247e-01,-9.950022290280489956e-02
-6.446824888645540375e-01,-2.633527786000130488e-01
-4.600856022828883618e-01,-1.915923005029591397e-01
-4.888748395784888595e-02,1.856444376633125670e-01
-6.045562585462579269e-02,6.869643255418149685e-01
-3.313972345791697527e-01,8.437823271444107043e-01
-3.313972345791697527e-01,8.437823271444107043e-01
-1.914630701196832763e-01,6.541141849608744785e-01
-1.914630701196832763e-01,6.541141849608744785e-01
1.161439745043478383e-01,1.040467152239077375e+00
5.892876189063281922e-01,1.054731804570640641e+00
7.389273951337370638e-01,4.661715029248071351e-01
5.194453044128943819e-01,-1.885003290541456267e-01
7.977486226103860933e-02,-2.750626607225118425e-01
-2.650703288600329000e-01,-3.690287474013438374e-01
2.238337491471309448e-01,-7.869114297965397187e-01
1.005843831626501039e+00,-1.068340213079139067e+00
7.786739631334776979e-01,-1.068514649876298517e+00
-2.394568352509692244e-01,-8.502958771992599196e-01
-8.887062774690592803e-01,-7.857787292740716634e-01
-8.822983001757772614e-01,-8.400946801936514108e-01
-4.300217705408102553e-01,-6.933952290540562613e-01
-3.201243746999286877e-02,8.323466851347439965e-02
1.095940862613504485e-01,4.446978546339707544e-02
6.189869059801702544e-01,-9.320477446569441771e-01
1.395524747991907732e+00,-1.553743675159999116e+00
1.757464612259299841e+00,-1.912531524149714945e+00
1.108561917635896288e+00,-1.577348207695086879e+00
1.847086617643864392e-01,-5.385632830461321019e-01
5.786409060641897195e-01,-1.313456328364960013e-01
9.618991245764406672e-01,3.434099988873044740e-02
7.109979082593180788e-01,5.595303524987853550e-01
6.651015935038743221e-01,5.940856683025496077e-01
7.008877276060841988e-01,3.979776653174399437e-01
5.873514767157463901e-01,1.225020274824715344e-01
5.002020200818162454e-01,1.623375660707163937e-01
4.314100267002054512e-01,2.947928568360455581e-01
-2.519155670754266718e-02,2.821961434227695728e-02
1.007623704341058107e-01,7.769920874677720135e-02
6.707751755843267549e-01,3.966824652473188162e-01
6.258026558019615937e-01,4.276523024600840939e-02
4.121424534708342802e-01,-9.388462157259007679e-01
3.773838831227711577e-01,-1.752696789945602074e+00
3.734731245143324291e-03,-1.078424458780029349e+00
-4.848121605360068975e-01,-1.772031896422342212e-01
-7.545925245347845367e-01,1.148436907096317128e-01
-4.560219132158592203e-01,2.894193546457322630e-01
2.057123867316926343e-04,1.675651498501575243e-01
3.648270644104913973e-01,3.360561506311436353e-01
8.592399224446060080e-01,5.486123033979717345e-01
8.878221659091133366e-01,5.633578784500623549e-01
1.920910248799832798e-01,2.185473395531949969e-01
-7.545925245347845367e-01,1.148436907096317128e-01
-7.139520761474774657e-01,6.198410897361567029e-01
-3.188243356057585132e-01,7.808490868857389522e-01
-1.885157784790585933e-01,3.789821151085319140e-01
-1.114712464964548316e-01,-4.693892798420740697e-01
3.127557277884025488e-01,-1.435557358447360210e+00
7.987271610967231483e-01,-1.761724743485570066e+00
1.099408449064176896e+00,-1.348977854790841979e+00
9.571346985211228731e-01,-6.381148715441751218e-01
4.147403537507692306e-01,-2.924314126873361896e-01
-1.009779910974847594e-01,-1.301841960863823477e-01
-2.719890319709977744e-01,5.768055741635756684e-02
-4.929666299697376131e-01,3.391585678671169002e-01
-9.902606638296505004e-01,4.535393170612320168e-01
-1.343557732831068829e+00,4.278935416002273562e-01
-9.033842092226489484e-01,3.934035210844681330e-01
