2.197076032695448600e+00,5.064035523194331256e-01
1.471150389930618863e+00,4.774936908503645827e-01
4.098525887688053149e-01,6.731343115327387272e-02
-2.900117703220468357e-01,5.064739402528073420e-01
-3.086400138272594740e-01,3.874285746775510964e-01
-3.367001761674620064e-01,-5.619881967667457179e-01
-8.315367145242764657e-01,-1.210203225892934942e+00
-1.383980737530824401e+00,-1.459000633457943508e+00
-1.562790631522081863e+00,-1.710779837349938104e+00
-1.539782117759471491e+00,-1.427886467955203020e+00
-1.514035916651651936e+00,-4.050782624241344720e-01
-1.391886262341932134e+00,3.660621150714704619e-01
-1.295469296753643862e+00,4.852756681158164054e-01
-4.962930339850766259e-01,3.696356715179028307e-01
-1.675920752302762287e-02,4.592475915651147989e-02
-2.286113007944961528e-01,-9.062522499248366614e-01
-3.025526319009150811e-01,-7.353234559640191570e-01
-3.873900342319380741e-02,3.244266028323014583e-01
1.204784988106028243e-01,-1.417475997089100159e-03
5.706514970679142928e-01,-2.587719354290087814e-01
1.270825088953560611e+00,-2.064825012540804083e-01
1.507144351459607234e+00,-2.404521854552461313e-01
9.031756207609474840e-01,5.242390010361971386e-01
2.946742041482465213e-01,9.117749902958172115e-01
8.757788822607966150e-02,-5.364587984500528151e-02
1.271749487783167543e-01,-7.768765430036854713e-01
1.934845402051287369e-02,-1.491938279084338292e+00
-7.702554578663953766e-01,-9.658277400627407472e-01
-1.161227641792390131e+00,-1.122687271846871115e-01
-5.901236630906520064e-01,1.356298316604793441e-01
-6.890682855181191890e-02,-7.756746066536890361e-01
2.817017397405506829e-01,-4.946403891908568995e-01
5.884063542656616796e-01,6.874845843410848367e-01
5.658401510566413162e-01,7.798852935369092743e-01
4.134691373620279220e-02,3.685242783654083532e-01
-5.509552071890875258e-01,-5.376349959626353092e-01
-5.369686213647605344e-01,-6.879694218073579837e-01
5.180163407696800060e-02,2.608207682652118834e-03
4.293502845253939215e-01,5.333730957995141964e-01
4.134691373620279220e-02,3.685242783654083532e-01
-3.970389972031116432e-01,-2.577463035550939807e-01
-6.784047526589037647e-01,-2.791166482099825541e-01
-1.545162154424795098e+00,1.153031593064594296e-01
-2.012271840148443403e+00,7.503681362226038987e-01
-1.281136353010452478e+00,1.012797603699915339e+00
-1.011610587726271687e-01,7.177307146609255284e-01
1.518364945142168868e-02,3.259347716922046390e-01
-5.509552071890875258e-01,-5.376349959626353092e-01
-9.530457865252780492e-01,-1.489830772969410910e+00
-1.706882619381109523e+00,-7.695402673636878577e-01
-2.012271840148443403e+00,7.503681362226038987e-01
-1.281136353010452478e+00,1.012797603699915339e+00
-1.011610587726271687e-01,7.177307146609255284e-01
1.518364945142168868e-02,3.259347716922046390e-01
-6.303737038273994342e-01,1.171375824328459853e-01
-8.328060719161362035e-01,7.985463763821816496e-02
-6.171046339589018048e-01,-1.226604184251384733e-01
-2.947420012007063161e-01,-4.707585071275920130e-02
-6.732829578979309115e-01,3.439443441872958585e-01
-7.550581638568204523e-01,2.853614279149795374e-01
-1.775615257781398004e-01,4.915407927729703585e-02
-6.080946944282437927e-02,1.686491276827702113e-01
2.733327259155376651e-02,-3.374350593100618190e-02
8.648423360590181547e-03,-4.071925718169256969e-01
9.843261736726188153e-04,-3.386066349163810441e-01
2.504989265115604297e-02,-1.451942633843991415e-01
-3.538295725776377260e-03,-6.695106440138087756e-02
-9.963558202763031502e-02,-5.616226169515776273e-02
1.020483025140987293e-01,5.188381059632357628e-01
3.409479386000916490e-01,8.198191796145993804e-01
4.134691373620279220e-02,3.685242783654083532e-01
-1.508046018075644146e-01,9.326048523694609182e-02
4.447353149333749811e-01,1.297562323338412316e-01
7.995109384574972111e-01,4.153978105700325552e-01
6.610771068618288560e-01,6.857345700139251266e-01
1.951942151053069896e-01,4.647708218633433974e-01
-1.177131717854713044e-01,1.823068876477030309e-01
-3.621744847211015306e-01,2.055944654675441463e-01
-4.224663602839738297e-01,3.794448111771992482e-01
-3.520128801998355095e-01,2.865626559945523844e-01
-1.944094959936888967e-01,4.403178081408659107e-03
-1.134611124247500713e-01,1.173791971329471440e-01
4.715545880297139503e-02,1.974066206487433695e-01
2.222752651287568104e-01,4.618345115136137102e-01
1.523887843414075960e-01,2.561033749175858909e-01
-2.133094229635511263e-01,-1.800706239864847680e-01
-7.017534959226084945e-01,-4.586695018995519679e-01
-1.201811063991690354e+00,-9.593642407152828122e-01
-1.559762595779740524e+00,-1.398815565067572209e+00
-1.852883574591466465e+00,-1.319717079646313129e+00
-2.174356620551755270e+00,-6.091137745365008405e-01
-1.436516482348828339e+00,4.387834180328085108e-03
-4.593501147351564118e-02,6.094754327741357114e-02
7.596160511070259025e-01,-1.447866650411122058e-01
4.964734352631614001e-01,-2.748120852091784916e-01
-5.370720612613826273e-01,6.658475182298319028e-01
-1.219875676716233537e+00,1.585172371712905592e+00
-1.017491612087903174e+00,1.285906424741566800e+00
-7.836388836036378702e-01,6.013400198054251744e-01
-6.691428527476553922e-01,4.031296975287155249e-01
3.161708315856663898e-01,4.443566025640093842e-01
9.126878364292333456e-01,3.922003459423117899e-01
5.388384984207783557e-01,2.328949364521221144e-01
1.284745272048210263e-01,1.655463667867068667e-01
2.800643813572321617e-01,1.252064237473181629e-01
2.689174545518459580e-01,2.213875062058842380e-01
6.271805149089615394e-01,4.093746211201234053e-01
1.234175559845891668e+00,3.929375711557095419e-01
1.295712831427956235e+00,1.812528093647113037e-01
6.351478797709592117e-01,8.265503022883818884e-02
1.951219403638935757e-01,-1.138090282092701910e-01
2.808158904413934898e-01,1.247175772416828643e-01
2.808158904413934898e-01,1.247175772416828643e-01
3.299742463431415973e-01,-2.351210673729747236e-01
3.654434192783647672e-01,-7.978685864900238178e-02
8.584394704242406249e-01,-1.203188673112407958e+00
1.856223283751632147e+00,-2.985273411317962644e+00
2.711437552775898929e+00,-3.926091475539915443e+00
2.642768259240202422e+00,-3.117699569861132503e+00
1.493727779881261819e+00,-1.372010094028560223e+00
7.317339914191443029e-01,-3.016502841629356557e-01
7.419300009097817838e-01,-1.307112523529753434e-01
4.162534496184523425e-01,6.788341716483413391e-02
1.004105143326448207e-01,2.075339058094932965e-01
3.713201248782945774e-01,1.001988717275052315e-01
7.601273692886356681e-01,8.507324813471742186e-02
1.140096922803424118e+00,1.263727702319915325e-01
1.157073419869344200e+00,6.164142007274633905e-02
6.023035281628373871e-01,9.648897687206964280e-02
2.006789807666793934e-01,2.208317990181678792e-01
3.392763185614294241e-01,3.978465829516742436e-01
3.624896453543831609e-01,6.062227126089881901e-01
-2.075845643226824702e-02,5.090125334094773857e-01
-6.255107873212920611e-01,-7.574943916858171977e-02
-4.972376361234169817e-01,-8.589217436990857768e-02
7.240347735951040142e-02,4.755909374466275596e-01
-4.003156168600695980e-02,1.184178975194556172e+00
-7.059737271605671660e-01,1.648518148457589039e+00
-1.268220798695881113e+00,1.485765213428955178e+00
-1.434191690893123372e+00,8.878245897811117837e-01
-1.391886262341932134e+00,3.660621150714699068e-01
-9.157853767211410201e-01,2.066298636079368645e-01
-9.920295850579479158e-01,1.974344028305236032e-01
-1.391886262341932134e+00,3.660621150714699068e-01
-8.216557527383101522e-01,3.875530851135219890e-01
-3.049400405133646519e-01,3.587527454670469407e-01
-3.049400405133646519e-01,3.587527454670469407e-01
-2.282840148360525123e-01,3.150503627680341090e-01
-2.568945081345284098e-01,1.261215099913689519e-01
-1.925106923146125970e-01,-1.370899948441949068e+00
3.286989036649046181e-02,-2.859112398998969962e+00
1.968786656378533617e-01,-2.887134899998542448e+00
4.157727188266842067e-01,-1.302613091731171124e+00
6.460791675040572501e-01,7.011454640502187141e-01
2.433791864781892911e-01,1.568916058572089600e+00
-4.886336291229326223e-01,6.362401222743491180e-01
-2.408483159323213940e-01,-1.724195855590036075e-01
1.866226715655573631e+00,-8.857174196384401399e-02
3.665189542810514123e+00,2.283475964682037951e-01
4.452584982110344924e+00,8.212723804645319925e-01
4.466822955028359132e+00,1.370159859887123632e+00
3.680686519007887902e+00,8.257708569723305470e-01
2.634947484889788694e+00,-1.229719448464570430e-01
1.527072202435842074e+00,-3.292697893505759366e-01
6.188179427899211937e-01,-3.013421046134202586e-01
8.948131324164879663e-01,-1.515684470074440682e-01
1.878649328572720156e+00,1.183575176264501233e-01
2.835615661840189095e+00,3.668422398165855913e-01
3.316232766713032021e+00,4.042838696020449318e-01
3.341123485269604121e+00,2.385748709260617217e-01
3.665189542810514123e+00,2.283475964682037951e-01
3.031276655327255209e+00,7.605736741533876931e-03
1.050222842647300814e+00,-1.733144947235789879e-01
-7.485682448927805099e-01,1.380182536790237613e-01
-6.931950530050954296e-01,8.228652485930614685e-03
6.188179427899211937e-01,-3.013421046134202586e-01
2.247167444947337334e+00,-7.770835577299074759e-02
2.715111286676211488e+00,-2.152182090100141776e-01
1.838308863640087276e+00,-5.540182698179496601e-01
1.694272676392872379e+00,-4.883082301602528763e-01
1.527072202435842074e+00,-3.292697893505759366e-01
3.941600284175057478e-01,-1.886974323263327924e-01
9.132232081537279555e-02,-2.154514554777353097e-01
8.575597886849938289e-01,-5.050629692003170135e-01
1.192150400019873935e+00,-4.911465863862419234e-01
4.964734352631614001e-01,-2.748120852091784916e-01
2.035337213235642040e-01,-2.496884319123074958e-01
6.188179427899211937e-01,-3.013421046134202586e-01
-5.736221511340747758e-01,-5.754696907990131116e-01
-2.093880164955565615e+00,-4.325888375004119379e-01
-2.406773626104006247e+00,-8.767539694319137489e-02
-2.760324937125234968e+00,-3.282532893753803416e-01
-2.987290188080049091e+00,-4.711067972202986898e-01
-2.383922808859704645e+00,-6.875774134338268062e-02
-2.105598161675545033e+00,1.198622421985977016e-01
-1.956932663600736699e+00,8.302131431512245197e-01
-5.671721452718982981e-01,1.105953803266412905e+00
4.825804565191726958e-01,7.005893512751859564e-01
8.348715476206330921e-01,1.255212124637868465e+00
8.350639918522893002e-01,1.747596973052984559e+00
5.285830508998093924e-01,1.449197765336984967e+00
2.247026676390400934e-01,6.900285313417623412e-01
5.285830508998093924e-01,1.449197765336984967e+00
1.123462602917066899e+00,2.853526633494821496e+00
1.572127916838415240e+00,3.967803919888426289e+00
1.449167188739769241e+00,3.599653022177316863e+00
8.411568946826011306e-01,1.777861497213987230e+00
4.499161502833143866e-01,3.287056570013183188e-01
3.520296785346875845e-01,3.504670703124347919e-01
4.054991575807591619e-01,9.552150625550363816e-02
6.327037483007046381e-01,-4.511647553293993695e-01
6.416470476938749279e-01,-6.837612631541359898e-01
3.573742376816453348e-01,-2.029630136377343075e-01
-2.994485507450592721e-01,4.653238753679164175e-01
-1.324322794127887670e+00,8.577453216952668491e-01
-1.925758751446590811e+00,1.044083203546313454e+00
-1.660577482458766685e+00,8.315118085830420780e-01
-9.746705892858015252e-01,5.940327967341417770e-01
-3.549782516698818946e-01,4.618298516059280434e-01
1.261445557863124789e-01,1.309450438356279944e-01
2.229063719985004688e-01,-3.464604515228232318e-01
9.257621549535219319e-02,-5.828930826446164781e-01
-2.162957553849935710e-01,-3.332370021982625774e-01
-4.867106403003572668e-01,2.279270251376799283e-01
-3.144641489414128910e-01,4.079862307906662044e-01
1.363127194599835224e-01,-4.394358722087456093e-02
-2.008289229610920462e-02,-6.791709122616187422e-01
-2.898836971613916735e-01,-9.540268915590321974e-01
-3.809555166333747911e-01,-1.116212622941379351e+00
-3.211535274061746992e-01,-1.185479020933787986e+00
-2.132131972791711516e-01,-8.139058685759388290e-01
-1.250271566707779614e-01,-1.873054437473860911e+00
9.229484175505443810e-02,-3.095450194978240255e+00
7.444500706292753733e-01,-3.390886342844365853e+00
1.457637537998920596e+00,-2.455273482837969201e+00
1.541355358387428875e+00,-1.256720512072228679e+00
1.291822295902035123e+00,-2.993934291108075185e-01
1.134696429314712152e+00,-2.770886936573552783e-01
9.533500200201433517e-01,-8.033217145394437875e-01
5.184871105204984509e-01,-5.746646138680181481e-01
-9.746732169437740678e-01,2.628521510434124742e-01
-1.652938933244432418e+00,3.591250125210044830e-01
-1.201859515819387436e+00,1.607379991288341581e-01
-8.091756312588523903e-01,-9.076009237731816337e-02
-2.978679498424032217e-03,-2.959442880857976119e-02
8.586456704303742082e-01,4.421320251686021267e-03
8.872760808425048662e-01,-1.198031867790412680e-01
1.193879595468065880e+00,-2.948032345574574387e-01
1.117287793366009474e+00,-1.390649646639388892e-01
8.509672029769329571e-01,-1.313151083757927162e-01
1.068235147656877881e+00,-3.546476450119124268e-01
1.292618987089974913e+00,-4.690291539193326420e-01
9.124254291344309209e-01,-2.334711511429256869e-01
6.125268895701798666e-01,5.459655322472643790e-02
8.509672029769329571e-01,-1.313151083757931603e-01
7.716573746261885525e-01,6.274599464598931697e-02
7.765333460684779032e-01,7.300279735131316450e-01
4.160939199967552682e-01,6.442974918441026766e-01
-3.975474785212713136e-01,-1.124253793833122350e-01
-7.437326838963908004e-01,-3.102981658087128891e-01
-7.378968864992776489e-01,-3.674068849700949657e-02
-3.402681838551701032e-01,2.890779686698753403e-01
-8.699950965194552799e-02,-1.530299613843404405e-01
1.368975215215743058e-01,-4.072009138148936502e-01
1.490015820561565174e-01,-1.996335415365699806e-01
1.775941662108960206e-01,-2.719737001382144595e-02
-8.552290421214699123e-02,3.738869365332358474e-01
-2.726701694932122666e-01,4.133518066157898518e-01
-8.015787434167244430e-02,-4.863263355418202816e-02
8.598413454537691403e-02,-1.918568547314968287e-01
2.457335568116555125e-01,-3.119018404043423232e-01
9.433714937090062480e-02,-4.910735729194133370e-01
1.834195381419277335e-02,-3.291931189665911472e-01
1.765530371356603401e-01,-1.500005551388259584e-01
3.224710173561968346e-02,-6.970870430639020121e-01
1.533236631863684092e-02,-2.080467523950142006e+00
9.077332768424238585e-02,-2.356317274110661941e+00
-3.175034557944814151e-02,-1.232725921877426023e+00
1.834195381419277335e-02,-3.291931189665911472e-01
-2.912073389370983256e-01,4.006037573146687403e-01
-1.888279409510784379e-01,5.036963594023033952e-01
-4.640352740088274364e-02,-1.436041027801437898e-03
-5.806767735876131598e-01,-3.229009836827312352e-01
-6.310094100589561661e-01,-4.499218415941353966e-01
-8.587388143204809088e-02,-3.793488715392892563e-01
3.570878889037131798e-01,-5.198281126959759524e-01
3.613103266936097402e-01,-4.987666529650055525e-01
1.490015820561565174e-01,-1.996335415365699806e-01
-1.902183449895946954e-01,-1.240387959690309461e-01
-8.942317963661249036e-02,-4.229698524821203232e-01
1.042311121705517679e-01,-4.339784803984856887e-01
-2.472682567868429437e-01,-5.038742885105708114e-01
-7.362041188500507705e-01,-8.787255349124271087e-01
-1.321636363528087665e+00,-1.271813014348186277e+00
-1.297359915525463814e+00,-1.037039124086851949e+00
-7.614779207515449677e-01,-3.601215620112075966e-01
-5.959733358706663653e-01,-1.085837943232619701e-01
-9.181629042878602931e-01,-6.564270154585010175e-01
-8.520350181201253870e-01,-8.306644093839200549e-01
-4.709050607632236929e-01,-4.185802239885710874e-01
1.429476718634229981e-01,7.985042479532195037e-02
8.563188256354986594e-01,2.552664378837894987e-01
1.164834015866631267e+00,4.123160276242120448e-01
5.869383295896025698e-01,1.552675101798138002e-01
1.801534301007733929e-01,-3.029504322704266173e-01
2.753776725841743933e-01,-3.294697536398269455e-01
4.695810224291853685e-01,-3.693187921983489552e-01
7.398352749873715606e-01,-3.343174554065274084e-01
6.522382414976622966e-01,-2.261373921891861039e-01
5.979331960702081172e-01,2.123026463412953646e-01
7.156690009460447977e-01,1.105198999322444031e+00
1.122906739738710025e+00,1.634027279215018336e+00
7.247458437103383444e-01,1.551168575706433739e+00
5.804126919268238760e-01,1.713283242828213648e+00
1.029304667511418359e+00,1.967971641721713461e+00
8.438257001794956524e-01,1.452442187545531560e+00
5.312304029002802297e-01,8.055746070002733905e-01
6.333227187194141461e-01,6.980428707717037939e-01
5.722157200866468951e-01,9.286559404854615174e-01
8.827438882247086449e-02,7.461667427346576620e-01
8.827438882247086449e-02,7.461667427346576620e-01
2.817038944396321187e-01,6.097497915149102665e-01
1.640319480681265707e-01,1.717538920098184985e-01
2.329211057724616396e-01,2.329442117264281797e-01
5.521507605764800625e-02,2.853658752086791761e-01
-4.360858370893800351e-01,1.032808605300444160e+00
-7.727026135640069349e-01,1.708824060785752108e+00
-8.864502929926925123e-01,1.507943580942128436e+00
-1.219875676716233537e+00,1.585172371712905592e+00
-1.172129312835447079e+00,1.759186287840888152e+00
-6.690609568068022206e-01,1.370851227556952878e+00
-2.826092147504770669e-01,1.475884139996629152e+00
-4.670790453539975795e-01,1.899640677978945424e+00
-1.148610219606591487e+00,1.593133779485649493e+00
-1.647448870676856414e+00,1.604848868707306364e+00
-2.696083973091143893e+00,1.890313197363067799e+00
-3.726822779172078270e+00,1.741138839827816254e+00
-3.442373024074413479e+00,1.005253788608267973e+00
-1.955884702505140016e+00,-6.398998656642489458e-01
-8.175174226599839500e-01,-1.371590062083124062e+00
-3.909597424834638235e-01,-2.826082162414997878e-01
-1.225838844003915296e-02,1.199299036245612821e-01
-3.663754163946296161e-01,5.268935525364174532e-01
-9.009730088423802963e-01,1.580436946813235766e+00
-9.513980232113874447e-01,2.055606266022435236e+00
-8.656123151678074557e-01,1.987062251987415040e+00
-3.302217131118713733e-01,1.326424736995929887e+00
2.272760658739501893e-01,8.488944540752608736e-01
6.911201726559761394e-01,1.167640845329300348e+00
1.125848908367254486e+00,1.208024979550405664e+00
1.056411550257587484e+00,6.067517028555855507e-01
6.554579105111503212e-01,5.965303262012928293e-02
2.990675960291176994e-01,4.045731005721593665e-02
1.027965743312918012e-01,5.535582880515598214e-01
2.272760658739501893e-01,8.488944540752608736e-01
2.445750075731670248e-01,5.989347756036245141e-01
1.027965743312918012e-01,5.535582880515598214e-01
2.017510765137245365e-01,7.515486355842676547e-01
2.017510765137245365e-01,7.515486355842676547e-01
1.196658549747369876e-01,7.563713371330272883e-01
2.300386357665786807e-01,2.406087844291601996e-01
3.879595714448266230e-01,-1.639377466669050820e-01
3.822026959907137145e-01,-5.027347547617128792e-02
2.296753706550905827e-01,3.404562279470976782e-01
7.587735758183611345e-02,1.291876703276557459e+00
4.193429770734540818e-01,2.701987004734729858e+00
1.396436942957065774e+00,3.306763977615439387e+00
1.925464547092708756e+00,2.694993023144888866e+00
1.407485851395170462e+00,1.749964919386720164e+00
6.658901921029778403e-01,1.506830231600922998e+00
1.587111427522573948e-01,1.881802946243525287e+00
-4.670790453539975795e-01,1.899640677978945424e+00
-1.148610219606591487e+00,1.593133779485649493e+00
-1.647448870676856414e+00,1.604848868707306364e+00
-1.645452702875097817e+00,1.170748847977273854e+00
-1.032262309361982044e+00,6.191913121756870142e-01
-1.270311257557390272e+00,9.586838428560994219e-01
-2.343427050017103053e+00,7.468450440741158936e-01
-2.673040501997655305e+00,1.521399513230984324e-01
-2.008980557813917045e+00,9.842082068631861913e-02
-9.003266829496815449e-01,-3.934310275355994979e-01
1.741164629846739809e-01,-9.451940442821235022e-01
3.313450644690285607e-01,-1.315804494158173021e+00
-4.249802962616230917e-01,-1.255425674776688982e+00
-1.365309869851764946e+00,-3.797477711947955803e-01
-1.485132072963287087e+00,1.363475781117451380e-01
-1.046650291299523694e+00,2.590683553574883446e-01
-7.309550370511802564e-01,2.425927019650637659e-02
-9.629389888616427529e-01,1.910224533667477798e-01
-9.003266829496815449e-01,-3.934310275355994979e-01
-9.584110503097951206e-01,2.093885637288058210e-01
-1.647448870676856414e+00,1.604848868707306364e+00
1.903558679983320401e-01,2.859982086157475845e+00
3.478748520534806765e+00,4.772285981743809025e+00
5.743319215959627577e+00,6.537743570205429400e+00
6.379686717180875100e+00,7.663750630685848719e+00
5.744402368448348284e+00,7.825927064287691692e+00
4.270989837080149343e+00,6.620314679481374753e+00
2.372471990730121494e+00,4.084860115510982936e+00
4.097443250810893223e-01,1.646003636991339114e+00
-5.579355640375820435e-01,4.007405492128661706e-01
2.289472300044797792e-01,3.224041847334264271e-02
1.778434105351299088e+00,1.570498761316999892e-01
2.173871993069225184e+00,2.014305449681838278e-01
1.596692781194587685e+00,-4.308908356262834694e-02
5.918196351621681783e-01,-2.976997940541779575e-01
-4.870034895344065723e-02,-3.659692431607977081e-01
-5.133267973780507587e-01,-7.058539845610719565e-01
-1.459897750646766135e-01,-6.432900665636526183e-01
2.035337213235642040e-01,-2.496884319123074958e-01
1.174605537939008570e-01,-1.502415058220598898e-01
1.555503886915023115e-01,1.056995074723251701e-02
-1.272676695642750988e-01,-4.141192535608275715e-01
-6.203809252884886494e-01,-9.136809356160621176e-01
-9.456566716565421027e-01,-1.336787536000137555e+00
-7.037903720515877870e-01,-1.572026883930142560e+00
-1.613206660920430413e-01,-1.155389123517602368e+00
-2.754360461928012649e-02,-5.191089412039123774e-01
-2.904348383567412206e-01,6.907810623729278635e-03
-3.573178886362027851e-01,3.375380635759127612e-01
-3.506568372919067200e-01,9.276239237436953444e-02
-2.361619827329233257e-01,-3.374646543090927819e-01
2.781875935462798655e-01,-7.729854256139154778e-01
7.789320179090032381e-01,-1.045749834378152165e+00
7.443266399234995667e-01,-6.261246667913806796e-01
5.574159317265788838e-01,-9.747559812397660339e-02
3.609728324545275618e-02,4.680741752078848572e-01
-4.017650550227777617e-01,4.734754892877676147e-01
-5.959733358706663653e-01,-1.085837943232619701e-01
-1.012430774839493397e+00,-3.714525802905297991e-01
-9.277790797571575654e-01,-8.547972411235231494e-02
-4.348571648933024503e-01,5.040522244472547264e-01
-3.209459973261055699e-01,7.511443676528641866e-01
-7.951264484652184050e-01,7.450208469928135679e-01
-9.504461582682680598e-01,6.197477276003259261e-01
-4.819021868257533092e-01,4.113589214142793216e-01
-5.196479848279571961e-02,1.765872731078990954e-01
1.896121204141134331e-01,-1.995762317230450333e-01
5.115377841507572354e-01,-4.175385739111617950e-02
5.689889593732727624e-01,5.807282941194982229e-01
3.858607780840782320e-02,3.924217780922804044e-01
-6.779308967017453336e-01,-7.704879087256905068e-01
-1.145365114872582080e+00,-1.780297276002825724e+00
-9.509204042849802585e-01,-1.808068664240087609e+00
-2.416291820207095153e-01,-8.389540685459961900e-01
-7.504740271284424113e-02,-2.172782134280006605e-01
-7.321242675731473026e-01,-4.174184182026611234e-01
-1.169338261506588594e+00,6.717227597994414046e-01
-8.954248543645925151e-01,1.902885734083720637e+00
-5.542204832665746927e-01,1.487136828541093081e+00
-5.743191162145742101e-01,3.593316805512351553e-01
-7.012628188716980571e-01,8.396981546016882292e-02
-8.303780992495802815e-01,6.749618438409019650e-01
-3.962836630200716193e-01,4.775000556456272527e-01
1.650230614014642772e-01,-6.236321503625778112e-02
3.912124771907311560e-01,-6.614773595553783414e-01
8.382744402373728532e-01,-1.248524493127867618e+00
1.205518101700765898e+00,-1.129325293424916277e+00
1.050636370944159736e+00,-1.485291956695209414e+00
5.392893031096531731e-01,-2.123441654013036750e+00
-9.582259454048047687e-02,-1.494458185538951822e+00
-5.452679281791064092e-01,-3.104930113581528817e-01
-5.086862230600383006e-01,-3.388101851965948791e-02
-4.269949227611269937e-01,7.748219945855176760e-02
-5.959733358706663653e-01,-1.085837943232619701e-01
-7.616250878770312038e-01,-2.424349682781034299e-01
-6.519402012253996404e-01,-1.999596267557882390e-01
-4.913763152146596869e-01,6.175571476436962290e-03
-3.268326455029487154e-01,2.488089771324278054e-01
2.740436826362785665e-03,4.747480706061726341e-01
1.728094996386890236e-01,2.093631453162452527e-01
-2.777302286692912014e-01,-1.766670542192926574e-01
-4.066085029128103656e-01,-8.448032662844029428e-02
-1.309092958680857510e-01,4.203154718140952179e-02
1.026881087706534856e-01,1.689723347206656123e-01
-3.378457370324976922e-02,1.887555313724743888e-01
-5.320296708885065978e-02,2.097251317178755459e-01
4.212245968122098339e-02,2.038529955072398425e-01
-7.367215774827498564e-02,2.198727063066488463e-01
-3.018454030258682641e-01,1.862512145891083992e-01
-8.333176657330454429e-02,4.023980146525951707e-01
-8.333176657330454429e-02,4.023980146525951707e-01
-5.168401868293985846e-01,4.767134542297234434e-01
-3.636227072058785814e-01,5.626341199192727016e-01
1.194870875155759071e-01,2.358680162243406986e-01
7.358551014449373762e-01,2.314382803319361970e-01
7.372070959379525279e-01,7.550049969146517270e-01
6.261747652130896791e-01,1.003881410871578561e+00
5.643907560566169268e-01,7.675940054263583612e-01
3.934025248518360773e-01,8.842975956435480400e-01
1.832966415132231686e-01,1.286130617447642122e+00
5.759022993236971866e-01,1.764063343769308512e+00
1.543042589469356685e+00,2.482357563385574117e+00
1.832467375804496257e+00,3.137817754498311906e+00
1.484534925904715585e+00,3.368960198954167762e+00
7.498939885530165883e-01,3.282378956920870561e+00
-1.723882106991667384e-01,2.437765952986926443e+00
-8.792450130156407306e-01,1.262414024802960055e+00
-9.544535259502495705e-01,5.556661874974375692e-01
-5.624568887049420374e-01,3.873527058386839195e-01
-3.991510727182434048e-01,1.694435012999405965e-01
-4.339018541289478836e-01,3.177081452519834870e-01
-5.112074569291085169e-01,6.677585173793600948e-01
-3.739959685783492693e-01,4.268498423076033665e-01
-2.807379616940593459e-01,2.040456007523077167e-02
-1.508046018075644146e-01,9.326048523694609182e-02
3.519970627833127197e-01,1.385032593391295752e-01
7.239481954516867601e-01,-1.023007954606320741e-01
1.099057832063711659e+00,-1.966610827531655448e-01
1.196179438134281847e+00,-4.177631152054351454e-02
1.412517501469746195e+00,6.423501858840272583e-01
1.465201649207481527e+00,1.148197392389371796e+00
8.413893725441015103e-01,7.382148702859627765e-01
1.249686673631567740e-01,6.506932723658827022e-01
3.033043778264841658e-02,1.429519018935967445e+00
-9.781443281329653405e-02,1.396395134934518056e+00
-8.450603010246444946e-02,6.482803908402551274e-01
3.519970627833127197e-01,1.385032593391295752e-01
7.013983070816791621e-01,1.496183822198399460e-01
7.423260222780662110e-01,7.645864435765528655e-02
2.406407095972580568e-01,7.385113059191277321e-03
-2.807379616940593459e-01,2.040456007523077167e-02
-7.713114443864887981e-02,7.129711029257980101e-03
3.047453970570830339e-01,3.520412709975595522e-02
3.484793188915619178e-01,5.300160322363757504e-02
-6.985304610926484914e-02,1.014835563280705177e-01
-2.098187434035541088e-01,1.313417998770095019e-01
-9.970840041248030944e-03,-9.292526007617553374e-02
-1.457801580580595502e-01,-7.702448841087818909e-01
6.925643589790729526e-02,-5.804386396098517448e-02
-3.778388534624734785e-01,1.503784836954728199e+00
-1.172387441944509057e+00,1.477342265016743594e+00
-6.033735559271878879e-01,1.946463785849724681e-01
-1.975869220192878195e-01,-1.204499054143704125e-02
-2.098187434035541088e-01,1.313417998770095019e-01
6.146324279047384043e-02,-1.099618595470723131e-01
-4.616806407375792509e-01,-1.920189739712562516e-01
-1.428715829432343432e+00,-1.274097786422228318e-01
-1.984699437552605028e+00,-4.622501834938368970e-01
-1.690168842449140119e+00,-1.053441319162271128e+00
-8.740878932570442794e-01,-1.606347826017751723e+00
-4.747894015743763796e-01,-1.820994543810446009e+00
-6.121182280393614450e-01,-1.365786864076509399e+00
-6.951132415203349346e-01,-3.145067561375583520e-01
-6.912867456142322009e-01,3.236765151229844539e-01
-2.483180386134830053e-01,2.182360340759216255e-01
-8.322874729445106645e-02,3.658490117835032640e-01
-3.920980895417713330e-01,6.914438761886639861e-01
-5.603013077733685066e-01,7.809603568471449320e-01
-4.820120607677246816e-01,6.425561588166148752e-01
-3.199401446853846753e-01,5.508452437373854149e-01
-1.483198702234332089e-01,3.355420804959459713e-01
2.341189835028360533e-01,1.751282153211777548e-01
6.481061495849435028e-01,8.523723740512623159e-01
5.563055695505882969e-01,1.980479798092555255e+00
3.036990355311276479e-01,2.905945289185047908e+00
3.036990355311276479e-01,2.905945289185047908e+00
-1.326720954547954689e-01,2.180371393839173777e+00
-8.792450130156407306e-01,1.262414024802960055e+00
-9.544535259502495705e-01,5.556661874974375692e-01
-3.631101808541475351e-01,2.934949980647493795e-01
5.745016990050155065e-02,-9.036093983841626820e-02
4.345921038345832987e-01,-3.454723574092855576e-01
6.025799661986698252e-01,-3.055614796521841647e-01
3.403253250315404488e-01,-2.624220341104172016e-01
5.154750273647094039e-01,-3.014402716422187600e-01
9.628357433022731726e-01,-2.993647240150494881e-01
7.385893334092189511e-01,-1.073790236690589095e-01
-1.549857702399432269e-01,2.193686656070492902e-01
-6.146449182248467924e-01,9.632447829083693458e-01
-1.253522838549085694e-01,2.275344095875958761e+00
2.565445626665663337e-01,3.222037319066177297e+00
2.565445626665663337e-01,3.222037319066177297e+00
3.889886435677870624e-01,2.145131493815822576e+00
-3.926108797021092833e-01,8.136229788283116937e-01
-1.122861100938124856e+00,4.758105050525407442e-01
-5.277274088421358700e-01,2.694054025403773700e-01
1.442974676038535353e-01,1.417776372098133141e-02
4.892566403275238063e-01,1.645028768734147773e-01
3.784775176722269263e-01,2.241455856264722435e-01
-1.160440033333108162e-01,-1.424705657181766782e-01
-7.475310377697286235e-01,-8.031550210078810537e-01
-1.310311224050189516e+00,-1.541011320556391562e+00
-8.742323288614557431e-01,-1.968482458289694481e+00
4.449606037222849642e-01,-1.860542825845510784e+00
2.625368148217516406e+00,-1.971834520426262838e+00
4.562202690480847700e+00,-2.592312522621228688e+00
5.146007383157955140e+00,-3.263245857406447570e+00
4.064352008155206697e+00,-3.837946869656768456e+00
1.880681597546970396e+00,-2.706640022273223423e+00
2.641720387919605506e-01,-5.743029873825936660e-01
-6.105502159236962934e-01,-7.465561024801365964e-01
-1.080424828480145427e+00,-1.465231921096827872e+00
-9.917717915068943180e-01,-1.052575060222473935e+00
-6.555511646113495461e-01,-4.490932664014029574e-01
-5.959733358706663653e-01,-1.085837943232619701e-01
-5.153995651476347417e-01,-6.907900895972095556e-01
-1.269661901528864323e-01,-1.271169725231625636e+00
7.232331010273818084e-01,-1.606925843587506675e+00
1.144891396795162608e+00,-1.426653018139826035e+00
6.032849157464735823e-01,-1.040814987351475374e+00
3.749734439987690848e-01,-5.664368902875379641e-01
5.574159317265788838e-01,-9.747559812397660339e-02
1.584996400495713720e-01,5.032260284733958838e-02
-4.643549306174595270e-01,-6.927417540695862685e-02
-5.959733358706663653e-01,-1.085837943232619701e-01
4.648738407503049674e-01,3.174328933641033541e-03
1.813668370637355531e+00,2.203759521103149932e-01
2.584519302098856386e+00,6.695189199653357459e-01
2.496874237125602303e+00,1.199001492278748415e+00
1.455384342496147454e+00,1.461457425591588422e+00
2.383038776327150998e-01,1.362420672244266218e+00
-4.801659004075012338e-01,1.017390971489682050e+00
-5.908781094908622800e-01,6.021911054687837384e-01
-3.334181142927093999e-01,-2.329362989819867280e-01
6.279905564169675075e-03,-1.241859253751012027e+00
1.040935730835848838e-01,-1.693351532371730750e+00
9.031693355024826564e-02,-7.460496891809680342e-01
-5.124796346205362507e-01,2.397559213078127027e-01
-9.368819198441512563e-01,5.689595120916483006e-01
-4.835082665180160943e-01,6.015859895061222984e-01
3.168049353807499829e-02,6.349462194843467078e-01
3.587520834645652745e-01,7.313356155566475003e-01
9.017822913986829336e-01,1.355843567791283677e+00
2.066424377961765924e+00,2.378294246496536424e+00
2.802014953297421673e+00,2.674619990294132332e+00
2.440608919316130887e+00,1.611336080073856536e+00
1.040172796295811608e+00,3.705509011918338147e-01
-3.768651557645317784e-01,-3.085958485654425321e-01
-7.874769613419362324e-01,-5.334597251327483081e-01
-6.325463598963387835e-01,-3.416609961753642732e-01
-2.424883133129113189e-01,-8.136648151275459595e-01
-1.671260799230549488e-01,-1.426465114173794735e+00
8.871034820972584223e-02,-1.052401539425494637e+00
2.943094870062243906e-01,-3.862817225127471166e-01
2.867054013176777438e-01,-5.184431611579266852e-02
7.820564690400140517e-02,1.275211256591793907e-01
-3.596518137048643898e-02,-1.988919935182563714e-01
2.754424807590215019e-01,-8.486694201857366560e-01
2.251163861306074154e-01,-1.343974846386046806e+00
1.309452226359618943e-01,-1.197781317459715833e+00
2.820452838490472569e-01,-5.534010236344316658e-01
7.268762683978299277e-01,8.775945768462322105e-01
1.545420266348847660e+00,1.490251239900429070e+00
1.824326642875793381e+00,6.513459491117722377e-01
1.572385571082724587e+00,-3.235486676759974922e-01
1.158296573080533021e+00,-6.995208481106502951e-01
9.446990820252912924e-01,-2.779544693715014225e-01
7.376872286758848762e-01,1.325373457999006466e-01
7.699400086704429880e-01,-8.817814668535993439e-02
1.041248153616012972e+00,-5.605635091519973745e-01
1.275766439469753433e+00,-6.228397263397387196e-01
1.357240831236997458e+00,-9.650183579919913157e-01
1.144891396795163496e+00,-1.426653018139824258e+00
1.083368769395914422e+00,-6.550033112969212423e-01
1.053364951324808674e+00,3.275164660450629039e-01
7.947674088563110306e-01,7.082604843943702821e-01
5.712916173358960625e-01,7.179598695338836878e-01
5.967641272652678130e-02,3.559884570268314063e-01
-6.287307508315645999e-01,2.254892715725508468e-03
-7.986298263241964346e-01,-1.593338860732191054e-01
-5.117822330702161970e-01,-1.281258825042691230e-01
-1.632122765174107426e-01,2.260254523037301400e-02
5.635249664360442168e-01,2.002000573801571426e-01
9.627841071865085587e-02,8.754641145501148095e-03
-4.643549306174595270e-01,-6.927417540695862685e-02
-2.807379616940593459e-01,2.040456007523077167e-02
1.627541427173072874e-01,-1.389401709875189572e-01
5.574159317265788838e-01,-9.747559812397660339e-02
3.345199526939996448e-01,-2.447909941677028356e-01
5.687453514538230248e-04,-7.241377832062110276e-01
-2.891692280298821527e-01,-4.297109771766762232e-01
-1.077684136353283639e+00,1.137657588470426306e+00
-2.171765622055875866e+00,2.638114611329912762e+00
-2.750697184697730169e+00,3.415686292528871792e+00
-2.410410049560287593e+00,3.170010889742547189e+00
-1.349501539346310119e+00,2.276240995184800386e+00
-2.565546349406928051e-01,1.174354242859732222e+00
2.400561778649230316e-01,2.097917850477270807e-01
1.801534301007733929e-01,-3.029504322704266173e-01
6.588964791402607268e-02,-8.965578227339458806e-02
-4.832446066920163125e-02,4.555559337184638541e-02
-5.077964537700045966e-01,-3.046658664459778176e-01
-6.526986905235329095e-01,-4.767709673263028081e-01
-6.347418082921856275e-01,-6.562585161722750415e-01
-6.938849608984655193e-01,-8.550491187691068307e-01
-4.611862955113364415e-01,-6.178425773495679341e-01
-1.367368920115951403e-01,-1.411356444025459178e-01
1.351813504539870273e-02,4.157458414301515859e-01
-9.869482176066854406e-02,3.836590879771545337e-01
-7.548128680009216773e-02,-3.736924537265179369e-02
-2.811469993455553706e-01,-6.301174018636081231e-02
-7.582748835839400181e-01,6.122027846424548114e-01
-1.192352602394974426e+00,1.404210818639662239e+00
-1.449330463407751290e+00,1.893086227209200834e+00
-1.144714148561314815e+00,1.562997595389811645e+00
-4.923207712605158770e-01,5.411700094184599408e-01
3.179810536458267389e-01,9.846139962784065947e-02
4.481496430679973164e-01,4.482106601417492064e-01
7.634103505624549590e-02,2.959797552774493523e-01
1.943811177918687225e-02,1.926532701546525561e-01
7.280543708388698132e-01,4.441307064992948139e-01
1.576237101352298442e+00,4.872316434971917798e-01
1.166706166180591531e+00,9.024941251731505298e-02
-2.611361827262136809e-02,-2.812995152115551067e-01
-1.111493517272068438e-01,-1.818497419488753486e-01
-5.261314758128267099e-01,-1.068626859650269878e-01
1.473893571169329897e-01,-2.155548120042450611e-01
1.488500886122618105e+00,-4.433935422367974444e-01
1.850836040545274397e+00,-4.603831614181668197e-01
1.062665333733950446e+00,7.968923537521753475e-02
5.223637818667720145e-01,3.550646860043411013e-01
6.798357609619062325e-01,1.317377900992573181e-01
3.924219155207337439e-01,-5.737190897728093875e-01
-1.041264755050737428e-01,-1.834263993822771832e+00
-3.657933212923685229e-01,-2.734933356291155526e+00
-3.124222597255168488e-01,-2.781712451475521597e+00
-9.673925314973104428e-02,-2.776529144668162363e+00
1.356652261875695431e-01,-2.915599934748926980e+00
7.690932604266578210e-01,-3.230470430089088740e+00
1.157846692656698151e+00,-3.537917235552654471e+00
4.728830484659647948e-01,-3.044740727505295563e+00
-1.447543326950296860e-01,-1.283022515480805925e+00
-4.548351426276421583e-02,4.706862244691872865e-02
-7.413069631784932056e-01,2.100023170698728792e-01
-1.407783585427107242e+00,5.062557517621635306e-01
-1.407783585427107242e+00,5.062557517621635306e-01
-1.407783585427107242e+00,5.062557517621635306e-01
-1.083017075887701353e+00,-2.629440894703313769e-01
-9.756499847596845632e-01,-7.666717766155909386e-01
-5.866091754984436024e-01,-1.641690705102166303e+00
-7.087520833973030010e-01,-2.286833443833835133e+00
-1.161616821790236065e+00,-1.975412073886631648e+00
-1.071488925352494181e+00,-1.784461692640116892e+00
-1.033189505161088872e+00,-1.279128645235170003e+00
-1.036254043807843805e+00,-4.186326719634329008e-01
-9.649416846506274625e-01,8.057421294441143855e-01
-8.077161290101080304e-01,1.608659849995714097e+00
-5.719138770774329084e-01,1.524587195362620440e+00
-3.891749931473608148e-01,9.655594276227849049e-01
-2.341616258965170949e-01,4.434080757917068238e-01
5.524443765509509108e-01,6.868193988602939726e-01
9.844685858654497190e-01,1.389508814812005610e+00
3.109096206591613343e-01,1.412060923720773520e+00
-4.717219270125814767e-01,5.516952307070650541e-01
-3.706140442884493513e-01,-4.649971968854525461e-01
5.340800481929478538e-01,-1.331812387245640439e+00
1.242431578314107110e+00,-1.031300939653674975e+00
1.147129200730591325e+00,-1.648215275348122177e-01
1.007773731111354820e+00,1.801798196782948280e-01
5.475492920540611097e-01,1.128444101419441153e-01
1.089865430304617563e-02,2.391026324124052513e-02
3.697508158026133751e-01,-1.182581826869615327e-01
1.040437679183588093e+00,-2.772268548201449190e-01
7.476962610047924729e-01,-3.202839239773379032e-01
-6.200918817268465805e-02,4.273416500278602315e-01
-5.301109672648535165e-01,1.121848756709675543e+00
-4.045567809283494576e-01,9.877834533029734576e-01
2.226352161103208327e-01,8.931087744293494390e-01
5.712916173358960625e-01,7.179598695338836878e-01
3.657041066479659319e-01,1.160546993919741171e-01
-1.491570697307326721e-01,-6.988507392314313726e-01
-3.226807906974479279e-01,-5.988837364066227353e-01
2.061299570864855157e-01,2.620661586504395846e-01
-3.110823386044813676e-01,6.006458853766232231e-01
-8.353288537596915697e-01,4.452990204482533687e-01
-2.918226434951629589e-01,2.655070618188585807e-01
3.552388382324370153e-01,1.198071630587805581e-01
2.958587554622137961e-01,-9.625658771208772668e-02
2.882383070204299624e-01,1.838301901769904406e-02
3.400914500261875695e-01,2.262859702190456457e-01
2.121797506850458745e-02,1.468744804276443106e-01
2.121797506850458745e-02,1.468744804276443106e-01
8.854247487363258243e-03,1.455179154723215129e-01
8.854247487363532329e-03,1.455179154723220680e-01
5.586407761293821217e-02,1.484784465232569795e-01
5.586407761293821217e-02,1.484784465232569795e-01
-3.368813035677739043e-01,3.279712497682847894e-01
-7.347611758886904987e-01,3.372473706125974635e-01
-4.715994379149879845e-01,2.227212442308992568e-01
5.319827873698026455e-01,1.771458884319085381e-01
9.458379278779731614e-01,2.563024708626774339e-01
8.348147145112730927e-01,4.332991700157475812e-01
8.204684357107301373e-01,3.865481305745873120e-01
1.005554315098726503e+00,-1.159417286300983355e-02
5.578010461862998870e-01,-9.293643166227461005e-01
-2.481902241700297343e-02,-1.671135577681903905e+00
1.417799397368495369e-02,-1.271112366587049403e+00
4.758094038983807228e-01,-3.499746899648709664e-01
9.543721673965908092e-01,3.465534063380464325e-01
6.460616058117402138e-01,3.187815487221474231e-01
1.215596436914478384e-01,9.527750289075635759e-02
3.479249159686951254e-01,3.893643683538420830e-01
6.501349902506206035e-01,8.141022537064175335e-01
7.087029350458056154e-01,7.804149426068758277e-01
4.937824540568008236e-01,-3.320402915427925900e-02
1.512403827143198876e-01,-7.653215396398554971e-01
-1.023199834642920109e-01,-4.853137779999684986e-01
-2.947287444886336760e-01,3.819755202605916722e-01
-3.354512973613927862e-01,6.988309955482311375e-01
-3.702824133040563126e-01,3.571328656612539343e-02
-3.207076014144216169e-01,-6.117327591913741536e-01
-1.404777380702428580e-01,-1.443653337750063104e+00
1.437236444429411050e-02,-1.706517987936705172e+00
-2.082538417931893704e-01,-1.864074763239432553e+00
-8.188801433140157071e-01,-2.077487530749325018e+00
-7.878486895807974566e-01,-1.603252506920895160e+00
-1.826172619459753149e-02,-1.309850351000216628e+00
2.636315005249266763e-01,-1.446069369764105605e+00
2.847975716268915658e-01,-1.150408140797080758e+00
1.574645055951416905e-01,-5.976219810287699552e-01
3.335639917112393493e-01,-3.222489695823195777e-01
2.529733980068494259e-01,-2.509284353262083433e-01
-7.424649458601559338e-02,-1.811300435739683079e-01
-1.304856220971729319e-01,-1.632525056582492917e+00
-3.744353217845314274e-01,-3.441760420018490141e+00
-4.251118896589308749e-01,-3.911938686842511004e+00
-1.501035664492865462e-01,-2.780302571085672358e+00
2.649244173160875682e-01,-1.695605331365104940e+00
3.663912515827570937e-01,-1.153041758452337806e+00
-2.799276391220489879e-01,2.247327959088749882e-01
-1.099190999014673320e+00,1.934265092799884345e+00
-1.501471206402040126e+00,2.880475148426476562e+00
-1.450888644387443804e+00,2.746703675402604183e+00
-7.562958218403976751e-01,1.944257825792258476e+00
5.303815816105772463e-01,1.236173147124504990e+00
1.417910976045648530e+00,9.567380191612545604e-01
1.462494088259567171e+00,7.701457926710560953e-01
1.315557486371501827e+00,1.257334654351890402e+00
6.258757346772396701e-01,1.638129989803858599e+00
-6.297018483875657657e-02,9.011374099772343493e-01
1.140806862291273149e-01,1.067854023667024616e-01
1.304685809053866526e-03,-7.526036597927751592e-02
-3.440642875485349639e-01,2.010550962327731228e-01
-3.228652267457809977e-01,-2.667794580727606002e-02
-5.864868102692089025e-02,-8.118629953530724919e-01
-1.785405749362898586e-01,-1.381319257585477578e+00
-6.452283744029118084e-01,-1.465588915668211811e+00
-1.117070958875642450e+00,-1.794924949553917459e+00
-1.231549018459389355e+00,-1.645187760846074321e+00
-1.006967178432770504e+00,-9.225468817028251722e-01
-5.077964537700045966e-01,-3.046658664459778176e-01
-9.155534394715390822e-02,-8.383484221835272310e-01
1.262755934179386752e-01,-1.139113048146677354e+00
1.615666989215800153e-01,-6.686945126783269133e-01
-1.458554368363109144e-01,-3.048007990300064529e-01
-3.717490543379725065e-01,-1.823493466627774118e-01
-6.947973199858683557e-01,-2.884575170771475627e-01
-2.107421457321539293e+00,-1.859324602609710553e+00
-3.767833402850715885e+00,-4.064748027075602010e+00
-4.620145533487316492e+00,-5.836291130386420001e+00
-3.979592262161783189e+00,-6.145282265570775060e+00
-2.370626456344597788e+00,-4.901184729295975373e+00
-7.684477999729099063e-01,-2.732110304470714901e+00
3.956827537739333184e-02,-1.178282172817338713e+00
-1.113896669867895095e-01,-8.032024472851734265e-01
-6.108200229504401335e-01,-5.942467779058057120e-01
-6.048502370209016821e-01,-4.040825953136860660e-01
-2.131510718840440299e-01,-5.182768216098908587e-01
-2.163596400127904273e-01,-9.048221949014787491e-01
-3.031421599968965944e-02,-4.672246738627852114e-01
6.820229628843831049e-02,4.659485773659122199e-01
-2.746457160983640233e-01,7.516828652649600873e-01
1.288983306303834508e+00,-3.608457051609100241e-01
4.251635107752411713e+00,-2.526733320966676022e+00
6.537361159067324401e+00,-4.721551177160857371e+00
7.201459991143698502e+00,-6.278363543632659471e+00
6.448229947296872488e+00,-7.102828780050656654e+00
4.760085473058254024e+00,-6.995001710927454930e+00
2.552989083653838698e+00,-5.620719271952402174e+00
2.798848100107221848e-01,-3.252174158214452326e+00
-8.175174226599839500e-01,-1.371590062083124062e+00
-2.691042084535913426e-01,-6.708224018692644508e-01
-7.249241090544315813e-02,-7.661648656707705785e-01
-3.340795721481578107e-01,-1.010680224311954145e+00
-3.138173367586317708e-01,-5.920220025565707811e-01
-5.308164036854365886e-01,-3.647881337192182549e-01
-9.660453150184129534e-01,-5.679780082143903730e-01
-1.126843460755035053e+00,-2.424271813773756223e-01
-5.540503414748999544e-01,1.528132195093501698e-02
-2.444104575795870704e-01,2.136972873783643968e-03
-9.760163691113687978e-01,-1.879298239107410340e-01
-1.979020835623120478e+00,-3.743269930879114527e-01
-2.861395670266095426e+00,-6.852189360148755459e-02
-2.722810128182592937e+00,1.598082910193475981e-01
-1.651580777851752169e+00,1.594193426329402474e-01
-6.755382728029203365e-01,7.489357412282897641e-01
-3.598477020345976496e-01,7.355345378356835662e-01
-3.180967231799992634e-01,3.650330554031685354e-02
-7.342861836632259831e-02,-1.773169989179319839e-02
2.195868968191379278e-01,4.936258733185566044e-02
1.510831892878218286e-01,2.012301998499836653e-02
2.061299570864855157e-01,2.620661586504395846e-01
7.595153421912950176e-01,4.077298355520494466e-01
9.174196878922517007e-01,2.421760510552923851e-01
8.784841153999396468e-01,2.668521982298358575e-01
6.002599342263044147e-01,5.589960086111480653e-01
-2.246294278586413451e-01,9.407838929254539462e-01
-2.509598644320128358e+00,4.984169195847785172e-01
-5.373728098625692340e+00,-5.990423002184684931e-01
-6.951590734831381013e+00,-1.331605990259068228e+00
-5.614484495980476275e+00,-1.278812522900680815e+00
-2.402277116642356880e+00,-7.471164120091947636e-01
2.262908232819980103e-01,3.532399434007996945e-03
3.276798860146258874e-01,4.609505965188068211e-01
2.154850816643888722e-01,3.426100676821842161e-01
9.712537825788664092e-02,-1.505508435597810446e-01
3.429125950858741834e-01,-5.777963470672335955e-01
8.720305118873441508e-01,-3.993354669219106312e-01
3.647997061585243200e-02,4.805242898824494957e-01
-1.373894155247296078e+00,1.391209915137116226e+00
-1.836944175657492018e+00,2.407254917864744659e+00
-9.721469942875262671e-01,2.210845064975041740e+00
-8.141788192866396268e-02,8.651487376276395524e-01
3.003619455548482350e-02,9.081477128447013047e-02
1.979344614699682092e-01,-3.107655024976738733e-01
5.026515694665391054e-01,-1.465318601086555150e-01
2.646377889199488798e-01,-1.677799099011919592e-01
-7.590374982312599050e-02,-3.071384350457816437e-01
3.357333380931757927e-01,-1.506454536847790238e-01
7.985534103501698011e-01,3.298626646291573095e-01
7.148001434091413309e-01,5.351812329557033010e-01
3.499091403023367741e-01,7.717117585296953686e-02
2.606204596940299156e-01,1.372023489980935262e-01
4.384514362379983154e-01,1.797794945104432829e+00
2.867865859362180303e-01,3.695042116129856336e+00
-4.245528238298001411e-01,4.521487389068967744e+00
-1.273186801113237454e+00,3.785287304440465572e+00
-1.403543751027023445e+00,2.524201702551524651e+00
-1.333253008251739313e+00,2.117052346937019269e+00
-1.972390562654774415e+00,1.865915226767164370e+00
-2.244825830573583758e+00,1.200784938228347754e+00
-1.393968568495436156e+00,5.130383671531261180e-01
-7.573019956520521401e-01,4.525589519221229901e-02
-4.769786300199961304e-01,-2.003831110108757196e-01
-6.081965167850463816e-01,-1.277843214790470028e-01
-1.070925674035609676e+00,2.771641175103278232e-01
-8.534070344895504645e-01,3.072117319328591667e-01
5.696646830068485823e-02,-9.333280861901747938e-02
5.443794805538070269e-01,-4.036737902215570967e-02
-4.041837103557750499e-01,1.975312535666075980e-02
-7.580984713887997106e-01,-2.895595071298265877e-01
3.293489140841538987e-01,-2.425747269113336935e-01
5.747287404594643156e-01,-1.057957928615164550e-01
-1.567937433108778922e-01,-3.219227359128086774e-01
3.565890280428261061e-01,-8.998219873703313665e-01
1.586179196968403371e+00,-1.352090203686591607e+00
2.000492238563629233e+00,-1.241290957933335104e+00
1.456035404682161749e+00,-7.102955285698696608e-01
5.305059164692588203e-01,-7.104741231488589936e-02
-5.461289334196866435e-02,-1.031469774881450946e-01
6.840801290397706680e-01,-1.564319793130804159e+00
2.093573397170259476e+00,-3.125977120116959718e+00
2.945192375679176688e+00,-3.391339687206450293e+00
2.401374549650355128e+00,-2.169649208443722443e+00
1.096380885286783124e+00,-7.043629216564604167e-01
-2.690005196177612246e-01,5.646331267839740375e-01
-6.374727487621049127e-01,4.581461395269257331e-01
-9.323408925047002027e-01,-5.890124708621585076e-02
-1.048718738948230644e+00,-2.571716424345390495e-01
-4.024126514793242571e-01,-5.120777899199980832e-01
3.572113181585102049e-01,-9.372633772496381521e-01
-1.473026279357144974e-01,-8.037738073761724333e-01
-1.311305823171718066e+00,-3.150753233346090809e-01
-1.634376922690879974e+00,-2.629829249550907355e-01
-1.682952536855926606e+00,-4.951378734886190958e-01
-2.127269429531652545e+00,-5.160412147907966762e-01
-1.684848194214177974e+00,-2.018021986354658903e-01
-7.487925736519956965e-01,-1.798576953805083867e-02
-1.863268442275739789e-01,7.285237556984855978e-01
6.228145813454674662e-02,5.519271282323517935e-01
-3.587748788532141297e-01,-4.179532291178064130e-01
-4.016035446745346849e-01,-5.077486155058779094e-01
-1.676614825326043778e-01,-4.433644692483834082e-01
-9.827477835041561471e-01,-1.158531298337439841e+00
-2.324122068654215223e+00,-2.123766910229876181e+00
-2.742407358523457184e+00,-2.091893821319501967e+00
-1.725357929267798296e+00,-9.184416643792864265e-01
-9.134389612859460383e-01,-2.908044317475362295e-01
-1.586009735024751732e+00,2.522553435846130454e-01
-2.218051692145937892e+00,9.953161219072980126e-01
-2.128305731551899616e+00,7.665942727803828349e-01
-1.359161201284895037e+00,-3.384073889243881944e-02
-7.396683423590681983e-01,-1.217171977256137350e-01
-3.701515838282780635e-01,-1.019437196386522443e-01
3.202320683390170730e-01,-3.283043369036801606e-01
5.306759709570991745e-01,-1.976746384765985243e-01
1.031666212160380347e-01,-1.107654692166320370e-01
-4.697449607351023015e-01,6.577154846986993549e-03
-8.368953522956628088e-01,4.137286476629710164e-01
-7.072281439318882645e-01,9.242967615044893614e-01
-1.459639387755661266e-01,7.054789972154283939e-01
8.492246604876920735e-01,1.828541835768322243e-01
2.314959109121617953e+00,4.242381520224270952e-01
3.558111494674813358e+00,1.074003175694329348e+00
2.671842350126906851e+00,1.955672932148379672e+00
-1.260898115989065038e-01,1.452282501507752066e+00
-1.907190981307688826e+00,4.257739936249878981e-02
-1.907190981307688826e+00,4.257739936249878981e-02
-1.593206306323438293e+00,6.662067102337013158e-02
-1.188184827166430146e+00,-5.359330770158386992e-01
-3.986116705226458445e-01,-1.192399360438594957e+00
4.590680041093769259e-01,-1.287336165000580124e+00
8.301646331667437151e-01,-1.143096566439947948e+00
7.348816916921232512e-01,-9.936160761169849920e-01
7.301215173166288874e-01,-5.682333987475869375e-01
1.593865555844478990e-02,-9.223762620417103042e-02
-1.071896860276004393e+00,-3.136313449254338193e-01
-1.524493272815508060e+00,-8.204547054013895391e-01
-1.686391089846934088e+00,-8.951419825494855154e-01
-1.869670337172075536e+00,-4.704032228110380243e-01
-1.712787167887390272e+00,-1.740250498635086962e-01
-5.591472812913724777e-01,-2.183440854914478757e-01
4.628736174562042005e-01,-6.663755716221515524e-01
6.093618918277637908e-01,-1.116924245648299951e+00
7.454766943447778405e-02,-1.118114614200599100e+00
-9.701352729169706590e-01,-9.128097511731252389e-01
-1.334816718558169635e+00,-8.393833109704310624e-01
-8.488281577177199111e-01,-4.351609290695922505e-01
1.593865555844478990e-02,-9.223762620417103042e-02
3.942090914538932123e-01,-2.943612533816080123e-01
-7.590374982312599050e-02,-3.071384350457816437e-01
-3.415328056726557593e-01,1.198966645284870736e-01
-5.246450211408759667e-01,6.621269098727294855e-01
-5.403035409519593157e-01,6.408183157341575953e-01
-4.780116498304785577e-01,2.816359604237097525e-01
-4.988397008693210011e-01,-1.668808507828497822e-01
1.392403339984239763e-01,-4.161429994584121550e-01
1.013360138075816153e+00,-4.274403283118193286e-01
1.013360138075816153e+00,-4.274403283118193286e-01
2.249550161463560738e-02,6.481219604618863039e-01
-1.088192245468373232e+00,2.053855595870111905e+00
-1.788452904780445607e+00,2.221645992935639136e+00
-1.629878816946585873e+00,7.777772189860751029e-01
-7.577940699662067958e-01,-3.746164928375275149e-01
-7.060305973900901644e-02,-4.769164019675933286e-01
1.861765755535238487e-02,-2.713330711916035476e-01
1.861765755535238487e-02,-2.713330711916035476e-01
-5.234585249910561622e-02,-1.648335909355377327e-01
-1.258682750763483460e-01,-3.614652473703305197e-02
-7.147164205245161439e-02,-1.561734557540467860e-01
-7.054397833070213952e-02,-3.630105575452729494e-01
-4.339306831540241938e-02,-1.444397599973029078e-01
-4.339306831540241938e-02,-1.444397599973029078e-01
-1.046398721110554098e+00,1.259041481246796768e-01
-2.531665364950242303e+00,1.032070939542912180e+00
-3.409280863056249000e+00,1.654121488851952870e+00
-3.368383618346947994e+00,1.784874948722439569e+00
-2.833676252296009945e+00,1.658844468090814761e+00
-2.244825830573583758e+00,1.200784938228347754e+00
-1.319504661521471611e+00,2.092206301000285318e-01
-4.140521536433901528e-01,2.499408603068148937e-01
-5.589007398088570167e-01,1.466215583262205913e+00
-1.217590570464406996e+00,2.507759766270251323e+00
-1.844281376531788919e+00,2.534541770533422778e+00
-2.179958590330508983e+00,1.890538440514573315e+00
-2.244825830573583758e+00,1.200784938228347754e+00
-2.843743463215513856e+00,1.353387592712980370e+00
-3.366582902454244408e+00,1.782157275744967517e+00
-2.831798782168191586e+00,1.656010956234192477e+00
-2.244825830573583758e+00,1.200784938228347754e+00
-1.319504661521471611e+00,2.092206301000285318e-01
-3.587748788532146293e-01,-4.179532291178069126e-01
-7.590374982312599050e-02,-3.071384350457816437e-01
-2.075251371852440130e-01,-7.948544392897818889e-02
-1.106576473703214519e-01,-2.702496866954159360e-01
1.223781914782648750e+00,-1.096164899515974067e+00
3.326412773102513043e+00,-1.659652896250733312e+00
5.548719108053274063e+00,-1.522052149093431117e+00
7.540234450793280807e+00,-7.092067081867544642e-01
8.993063260783335622e+00,4.833085310357131403e-01
9.603731520935857802e+00,1.647054751750391732e+00
9.266555858320691286e+00,2.418817787239554651e+00
8.067367838638601185e+00,2.601985152725192041e+00
6.066386818114178681e+00,2.131207917736781088e+00
3.488873358633795441e+00,1.091902799067081764e+00
1.667099041693889561e+00,-2.828384730658787261e-01
8.710963721133526683e-01,-6.709034827676184642e-01
9.581540741674729467e-02,-1.281033627264198393e-01
-3.453874016355376608e-01,4.937783588706638471e-01
-1.912581345726094562e-01,1.442598036006488282e+00
4.199272131529610541e-01,2.747890501974235011e+00
7.265986947013192143e-01,4.056591508991216344e+00
5.485274242078123086e-01,4.199503192755865477e+00
4.377919755345164865e-01,2.611979281147952747e+00
2.401802150442979844e-01,1.050949132891953353e+00
8.623958734382713986e-02,5.771361157240406659e-01
-1.195091488798851603e-01,-5.480909237912420240e-01
-1.226430652731476528e-01,-3.131005350748992555e+00
4.265137294705098059e-01,-5.908490965014644658e+00
1.449613221113444261e+00,-6.880186382228901998e+00
2.536080362829958190e+00,-5.447396787622406755e+00
1.882556241414135245e+00,-2.872672724752031392e+00
9.381701960604674762e-01,-1.302950861754999634e+00
7.934154083215799735e-01,-1.184250565540352573e+00
2.704198505830397448e-01,-1.448505321960434689e+00
1.267488289437583571e-01,-1.132374608594058252e+00
3.818260388687795270e-01,-1.278927906364261402e-01
5.624495879409024957e-01,7.977306726076850429e-01
1.582833843936358731e-01,5.549126573642696458e-01
9.482710417610426545e-02,4.933523648314150356e-02
6.220904837744303251e-01,1.311348606196301170e-01
3.272007354206417640e-01,-5.378557569874179572e-02
-2.510712444132599530e-01,-1.034149155100868800e+00
2.607789823091648529e-01,-1.784592459682740495e+00
-1.235967073755126072e-01,-6.766813650286374049e-01
-5.830670967547669781e-01,1.122431240569644606e+00
-2.510049653030622108e-01,1.217941991140071289e+00
-3.168263454108667387e-01,3.678802317988104087e-01
-1.381279508489892949e-01,-4.889270506633815461e-01
-1.768158146922142182e-01,-1.260979272254623584e+00
-2.632052239374976788e-02,-1.161227340944740227e+00
-3.690120538672467254e-02,-2.199833807398681729e-01
-5.959733358706663653e-01,-1.085837943232619701e-01
-1.392447135935462210e+00,2.096686728699151316e-03
-2.036075364385371067e+00,1.716777027632798991e-01
-1.210695249680382002e+00,-5.015526353432922871e-03
-1.814301440733147031e-01,-8.574384154899349353e-01
-5.765866172926840116e-01,-1.414173870736062710e+00
-9.950286872603791855e-01,-1.075028862082350933e+00
-1.756084885030367637e+00,-9.395890565496796132e-01
-2.000655552079046107e+00,-1.129525580654581640e+00
-1.128509745186031754e+00,-5.458301793491259213e-01
-1.174623507293220265e-01,3.618214252615785387e-02
5.099664985254312444e-03,4.276912294818809718e-02
-1.116527108041011351e-01,6.567171838379195492e-01
9.452756349301749683e-02,1.320330059582768056e+00
6.502687807910958462e-01,1.597378571596035357e+00
9.916436813935584071e-01,1.053211016071854855e+00
6.966889308092831801e-01,6.003263925228093933e-01
-7.701823908186677947e-01,1.900135219076512616e+00
-2.107394236570595325e+00,2.681498446924996948e+00
-2.271324260618169166e+00,2.051817089874016897e+00
-1.413101548729829071e+00,1.128052685349336892e+00
-6.196281735049494893e-02,2.302394679866742178e-01
4.810378511098762355e-01,-9.468289339445546959e-01
-1.670887273071619827e-01,-1.477853410643693355e+00
-8.486002912875781901e-01,-1.105211391105888952e+00
-1.118095894111264421e+00,2.889923930083900250e-01
-1.170886337013916867e+00,1.576538896124326961e+00
-1.396092461417658637e+00,1.961321564330118949e+00
-1.030006228700328208e+00,1.025931881479393626e+00
-9.084269509175719737e-01,-1.123908180070763846e-01
-4.697016002406590451e-01,-5.093795271035669314e-01
4.635189701070368540e-01,-8.802498300150322086e-01
2.113397589304691349e-01,-1.579075754195526260e+00
-6.954517258215856534e-01,-2.298578880122509993e+00
-1.177111459450155051e+00,-2.397991092993450923e+00
-1.292431475596158785e+00,-1.453156411810458515e+00
-1.118095894111264421e+00,2.889923930083900250e-01
-1.170886337013916867e+00,1.576538896124326961e+00
-1.396092461417658637e+00,1.961321564330118949e+00
-1.115678952906931753e+00,1.049862232492144498e+00
-6.912867456142322009e-01,3.236765151229844539e-01
-1.731019025127579491e-01,-1.006723850046536556e-01
2.416566515099204671e-01,-3.820299580758922953e-01
1.234949935878528471e-01,-3.702031275253453990e-01
-3.860245906382629988e-01,-1.149302561490782137e+00
-6.530538791364420836e-01,-2.341671718590479401e+00
-2.278652295674286898e-01,-3.361077125355826922e+00
-4.072307461093081782e-02,-2.956918745711842877e+00
-8.703160659982623892e-01,-2.666318733225592652e+00
-1.570290626647737664e+00,-3.800468145995516966e+00
-1.496731593626520640e+00,-4.327753747525114214e+00
-5.313386639364564568e-01,-4.086506841200853835e+00
9.086592691142655331e-01,-3.929281777931054709e+00
1.673497409937411362e+00,-3.778114037841739936e+00
1.263377959945714446e+00,-2.737833673672331436e+00
2.744655494999804005e-02,-1.100163616955148527e+00
-4.104995470926247614e-01,-1.846627794657358934e-01
3.335639917112393493e-01,-3.222489695823195777e-01
4.516155723994962901e-01,-3.245975922191382534e-01
2.753776725841743933e-01,-3.294697536398269455e-01
7.587235932839223040e-02,-5.548798922699871294e-01
2.494809966073851248e-01,-5.444671625219261735e-01
4.677713416914812128e-01,1.147643492948835359e-01
4.325679503822845717e-01,8.668189470539520158e-01
8.061727755217467095e-01,1.505840247488647865e+00
1.138772616435004270e+00,1.993316874887843593e+00
1.081674275685488906e+00,1.202176766911425831e+00
2.936432322604337064e-01,1.608034637630724739e-01
-2.488636400291184270e-01,7.055373150122029591e-02
-1.290274398710678783e-01,-1.223628806002496489e-01
2.410809350968164122e-01,1.355352261398027058e-01
-1.956765052677352512e-01,3.381308812437642808e-01
-5.574668713201960113e-01,1.123403087838043130e-01
-1.681025827131299999e-01,3.697781641650244727e-02
6.372201189303122737e-02,1.373764238861261977e-01
2.723330642467390872e-01,2.004023915636629904e-01
5.212883002683901465e-03,3.678653074072099627e-01
-4.588872988003629416e-01,1.118796922196173327e+00
-5.990450157956264121e-01,1.857757311190597616e+00
