1.490599976279031580e+01,1.185965364634943731e+00
1.427692204517278185e+01,9.720178126712234468e-01
1.235664407752330618e+01,2.399573519697424939e-01
1.008051525545277016e+01,-8.305781619024610318e-01
7.865159576395647001e+00,-1.615958663866868816e+00
5.762390038364618938e+00,-1.709292307250230181e+00
3.512245840417813625e+00,-1.379162415072087144e+00
1.248476190374109729e+00,-1.188253380084614896e+00
-5.495538681453483731e-02,-1.462919915947923144e+00
1.057872256696051200e-01,-1.584127369674277697e+00
1.914994400169220956e-01,-1.077584906192299963e+00
4.787340799292030824e-02,-5.498433672569783548e-01
1.561402189121488260e-01,-1.797726142935991145e-01
4.466255801275477721e-01,1.943755126184609494e-01
5.530982687210789228e-01,7.167685772718201953e-01
-2.605480897241574043e-02,6.147233690266759032e-01
-9.659529999023209745e-01,1.098546045011227629e-01
-1.502162847009122615e+00,1.752382369398139128e-01
-1.109026880723521513e+00,5.126309221802205496e-01
-1.617081057479614337e-01,6.712757036904276609e-01
2.878012539297477024e-01,9.836681109133541545e-01
-9.499177060498126268e-02,1.266482079830590246e+00
-3.686366964982228794e-02,1.462342880110198973e+00
4.459576095518593131e-01,1.431660854879428735e+00
9.155979100103700530e-01,9.516918813231817209e-01
8.614338506229990422e-01,4.416125133572065264e-01
6.960518960219421736e-01,-6.622594036187588740e-02
8.451522099418922185e-01,-7.568197612143487962e-01
7.037917258917896213e-01,-1.105326824966435417e+00
2.768163778605591818e-01,-6.535177380734141783e-01
1.367561285976649256e-02,7.955616057019825049e-02
1.097489202821028548e-01,3.568591129574369414e-01
-2.324316503208114504e-01,6.524948248595801026e-01
-5.456040605450238612e-01,6.832315187043201954e-01
-3.341967226462631557e-01,6.375077727289178986e-01
-2.408970461244658856e-01,1.309589244584395074e+00
-4.270888645488367663e-01,1.831594636968314260e+00
-6.692037432959969667e-01,1.066057822154331314e+00
-9.780262747938499590e-01,-7.755841456801479405e-02
-1.000824087930550776e+00,-4.762582369190048737e-01
-7.325394250724290846e-01,-1.799314327244269929e-01
-4.313689859963256157e-01,3.711648630933386817e-01
-3.976837387159193327e-01,2.352321196028846206e-01
-9.170328842567552208e-01,-3.676029529370219429e-01
-1.000824087930550776e+00,-4.762582369190048737e-01
-2.730345600814420570e-01,-6.600220030162911033e-01
4.081157850703996393e-01,-1.654734451035985432e-01
2.878012539297477024e-01,9.836681109133541545e-01
-9.499177060498126268e-02,1.266482079830590246e+00
-3.686366964982042138e-02,1.462342880110200083e+00
4.459576095518593131e-01,1.431660854879428735e+00
9.155979100103700530e-01,9.516918813231817209e-01
5.300718406944641137e-01,5.994217497562220887e-01
1.013078936110635431e-01,8.998992964636642888e-02
8.943197286339797658e-02,-1.262060307692410011e-01
2.291353406437793561e-01,1.932765824913823538e-01
-2.261126570824157356e-01,3.662264492714346620e-01
-1.454894433249181107e+00,6.280018851024289361e-01
-1.143822287020132000e+00,2.267020470571074614e-02
1.986777013505813816e-01,-1.691113585674191455e+00
4.820983320922939686e-01,-1.577015065723500253e+00
1.028031469777926782e-01,5.709589810521190772e-02
7.687072207797346346e-02,6.303031675829818825e-01
3.802510030852109812e-01,6.346363222959883199e-01
5.573276961700492915e-01,4.690454688037138942e-01
-3.902914805737406345e-02,-2.474741273678505299e-02
-6.114135822714226176e-01,-1.551784469294747448e-01
-4.662749030272003159e-01,-2.017492582846551821e-02
6.433095916204282227e-01,3.077101047618547303e-01
1.108841413339590298e+00,6.862269617057077387e-01
3.992685546527285356e-01,8.507478241695820564e-01
-3.529097470655263025e-01,3.399272296887521638e-01
-5.472972751534633806e-01,-1.788567323386402175e-01
-8.224316035798477920e-01,-6.061525893406174426e-01
-9.659805181970320120e-01,-8.106763190949214382e-01
-6.659843129980811405e-01,-4.216207490979869132e-01
-5.287180711363709262e-01,-4.447321773730840699e-01
-6.078446415805169867e-01,-4.739607246633288917e-01
-5.472972751534633806e-01,-1.788567323386402175e-01
-1.815356969301426537e-01,-8.949222740061357761e-02
1.408523821334789830e-02,1.059605397345877859e-01
-3.542288604109566919e-01,2.317688234920833035e-01
-8.113143235184201441e-01,2.373037313348239363e-01
-1.083697222205080024e+00,-1.156913565421330420e-01
-1.122642536580576555e+00,-1.182384700483556594e+00
-1.013118659960026369e+00,-2.253737709764504604e+00
-9.356875511686808533e-01,-2.466828588687521417e+00
-1.126646018701933372e+00,-1.503823593264656200e+00
-1.553583515473879739e+00,1.092043268548693463e-01
-1.585994616307254690e+00,1.124447126652422302e+00
-1.585994616307254690e+00,1.124447126652422302e+00
-1.585994616307254690e+00,1.124447126652422302e+00
-9.395091462868550014e-01,9.525625188272364152e-01
-5.456040605450238612e-01,6.832315187043201954e-01
-4.142725169811858899e-01,3.274770765225125668e-01
-9.020129426053483668e-01,-1.509617048395992256e-01
-1.395073264055301410e+00,-4.002226361413113165e-01
-9.312248574486983177e-01,-6.412187359252650154e-01
-4.773542559180861677e-01,-5.626483921823571821e-01
-9.930865489220775943e-01,4.922733954243874721e-01
-8.302456925989836201e-01,9.990437981296721448e-01
-3.095688689246678948e-01,7.946317447294947156e-01
-9.776603126657636145e-02,1.305535672896326771e+00
9.817127795449498429e-02,1.920833408614755378e+00
3.160586745493784155e-01,1.510536869727199472e+00
3.402595694842163732e-01,1.405167036197531027e-01
1.620208910454051798e-01,-3.427025957302801684e-01
-1.278894652237325819e-02,4.205650003330977937e-01
-9.993025818529266413e-01,1.939172618124382075e-01
-2.374604426736150575e+00,-8.059039736306516932e-01
-3.594801109036700026e+00,-1.332483694482263781e+00
-2.846354677734567407e+00,-1.506268364359255818e+00
-1.531855970975359194e+00,-2.108327535647937623e+00
-1.440230807724328432e+00,-2.810882056433835263e+00
-1.074888481249036243e+00,-2.741836188222257942e+00
-6.732254573571643252e-01,-1.681912052862853058e+00
-5.421158351099576445e-01,-5.150383771453752590e-01
-5.421158351099576445e-01,-5.150383771453752590e-01
-1.752972986542335188e-01,-9.388209723445877231e-01
2.632371948047200205e-01,-9.357234321059652027e-01
1.458441307644891272e-01,-8.617587151921102251e-02
3.696483692142626953e-01,9.841097859279560045e-02
1.031289364569666356e+00,-7.176318652010462706e-01
1.131354414398539676e+00,-1.092349073476155841e+00
7.822482042952478842e-01,-1.037348623798943548e+00
-2.166812008317400007e-01,-7.518331583901095572e-01
-3.952641690481780157e-01,-8.863665459457842344e-01
-4.708265356260107892e-01,-1.238909151869419745e+00
-1.555578266781406871e+00,-1.158917918571933159e+00
-1.710859907947172687e+00,-8.940832099287940871e-01
-7.821458145399292627e-01,-6.874327287731950564e-01
1.455872277127500947e-01,-7.825999253460991234e-01
2.190339079245096632e-01,-1.102765360680723727e+00
-4.708265356260107892e-01,-1.238909151869419745e+00
-9.015448052696434234e-01,-1.023298671296491547e+00
-6.499052824980352527e-01,-8.036588011260119568e-01
-3.643440228357923694e-01,-3.868100941830784345e-01
-3.429218081264593931e-01,-1.477056402136794899e-02
-4.584437838602113402e-01,-1.191355924540880018e-01
-1.462160906227463197e+00,3.182904581734638527e-01
-1.811877568724956200e+00,9.111816979194290456e-01
-9.646238807060855125e-01,8.718922273120622846e-01
-3.134151678908377869e-01,8.142034026647615441e-01
-3.819530837339853435e-01,4.775462118669516753e-01
-5.846057941860609564e-01,-1.137451666067824663e-01
-6.132359603982596719e-01,-3.036881702263705129e-01
-1.110094248520749005e+00,-1.031359113218225376e+00
-1.112998247929013917e+00,-1.253536242664980982e+00
-3.957628116910179017e-01,-1.594213323195984744e+00
2.309812216056400525e-01,-2.476439649902192119e+00
4.351233344977021300e-01,-2.088127772492904377e+00
-9.751024731306671967e-02,-9.989378145195149106e-01
-7.007879659709168041e-02,-6.254231659894700091e-01
3.182755061472305469e-01,-3.325133066099064116e-01
6.152770712431544081e-02,4.319696998519776954e-01
-1.446514801829840713e-01,1.025744461841082478e+00
-1.446514801829840713e-01,1.025744461841082478e+00
-1.614440572337490568e-02,4.546593122471220272e-01
2.404660592149796550e-01,-3.390898950712032955e-01
4.566056492638230768e-01,-8.909766731405076579e-01
8.166530560300250263e-01,-1.004151309717391083e+00
1.118198492458640336e+00,-1.224548905032018409e+00
9.046533491696617801e-01,-1.222568443766262725e+00
4.997570928395497214e-01,-9.208760644687660202e-01
4.672794032540214526e-01,-8.757085387073195726e-01
4.295961750111680355e-01,-9.204273946897334469e-01
8.181111503534176377e-01,-1.207960102960388138e+00
1.251739115138395864e+00,-1.467874239185610330e+00
9.795984700715761884e-01,-1.146810280339430221e+00
5.685068185423299836e-01,-8.321363698889594485e-01
1.465012954218136709e-01,-1.085088135444138402e+00
-2.440866401295428423e-01,-1.505331647248335347e+00
-3.562691100528321275e-01,-2.068614604232216436e+00
-2.095165164930581636e-01,-2.399639526909728371e+00
1.686623493353140990e-01,-1.840880071755480962e+00
-3.496925850270632408e-02,1.130018858419066553e-02
-3.134151678908377869e-01,8.142034026647615441e-01
1.350318044053424593e-01,6.108458947768539149e-01
9.455584185806917286e-02,1.212434425464085225e-01
-2.711672791977542962e-01,-1.169502974039695331e-01
-7.698554800712111013e-02,-4.130587414241851940e-01
2.689722542452121501e-01,-8.012413297154685754e-01
5.775304746030645031e-01,-9.169649391451366593e-01
-2.688220642715841158e-02,-4.450927347727096639e-01
-4.008520014245554042e-01,-3.992944409390474236e-01
3.568260658935410584e-02,-7.392370344659241477e-01
7.480814068616643830e-02,-1.008645122248764681e+00
-4.181633334900597965e-01,-1.271592703484190290e+00
-3.426400996663490073e-01,-1.727614819265579138e+00
1.620194889871462707e-01,-2.155718066936246124e+00
3.354084436806192837e-01,-2.367839141506741019e+00
-4.209710936350476856e-02,-1.302134907428152300e+00
-1.531097176747103217e-01,-5.234726145831544164e-01
1.825247623908618499e-01,-1.137878769478914531e+00
4.075985619399679072e-01,-1.244951935993855452e+00
2.437133325648828119e-01,-6.253024984786788032e-01
-2.086619574988772263e-01,-3.499870853720010166e-01
-1.503861381153860470e-02,-1.276191047428618386e-01
4.068423035582454106e-01,5.416273612016017647e-02
7.148155233635526962e-01,3.516252437457259017e-01
1.180414394513539467e+00,6.116444333162101010e-01
6.034063974383876428e-01,1.853983800887911981e-01
-1.451911235074690998e-01,-4.718239031455984112e-01
-3.236227882326914718e-01,-4.424629217249729241e-01
-2.014599112499051714e-01,-5.772962049313443700e-01
1.676045565146994376e-01,-8.249785185054557823e-01
4.558514266051061914e-01,-7.629762118741785226e-01
5.694780713220712887e-01,-3.284994500255289940e-01
4.862893758503470387e-01,8.891169056068169707e-02
7.531787850748600244e-01,2.753800045995636325e-01
1.337279091778506679e+00,5.976210963349974925e-01
1.382074484549090654e+00,5.873389826378658807e-01
1.576246069698516328e+00,9.159560718507518962e-01
1.684060452562407217e+00,9.055524460375694584e-01
1.082578701914298058e+00,-1.339163725959512108e-02
1.325303535927621068e-01,-5.823792930823230574e-01
-2.615033973268926504e-01,-2.141075999964313081e-01
-1.773954829263109656e-01,5.061206870318335493e-01
7.771913648389482121e-02,1.228795733011138536e+00
7.771913648389482121e-02,1.228795733011138536e+00
-3.307824341392243128e-02,1.126568792170665967e+00
2.160801870161664640e-01,6.082938023390466187e-01
3.934616212171268557e-01,1.420389115615295073e-01
2.064531080444631517e-01,5.876393005157602711e-02
-2.753242731429714901e-03,-1.421655733042664297e-03
2.246999765709437880e-01,-8.204469524648223544e-01
1.553079706204924526e-01,-1.638021807344938408e+00
1.620194889871462707e-01,-2.155718066936246124e+00
3.354084436806192837e-01,-2.367839141506741019e+00
3.076586641479644446e-01,-2.457296710149814878e+00
-5.392803086131874035e-02,-2.614215246295599204e+00
-1.752478264393525498e-01,-2.848232532089588265e+00
1.546977844779053035e-01,-2.704192956022402505e+00
4.962684217985693924e-02,-1.769870236018122656e+00
-1.523804208208063615e+00,-1.275887880444316114e+00
-3.298281244760421060e+00,-1.501562713306956010e+00
-3.478483362315962335e+00,-1.311804293979491387e+00
-1.892719869088763884e+00,-6.896916266040588051e-01
-6.171836862529191808e-02,-1.042824507977879039e-01
3.421513884316882970e-01,-3.945197606547082292e-01
7.480814068616643830e-02,-1.008645122248764681e+00
-4.786187759057879965e-01,-1.255529755564763095e+00
-7.405487062302245072e-01,-1.363847893714896564e+00
-6.580012413673949068e-01,-9.004522530436566141e-01
-3.862426054009061860e-02,2.085912939295219426e-01
1.201533333281606941e+00,1.308690124284696665e+00
2.187852022479714442e+00,2.328428724034381503e+00
2.377898695765284121e+00,3.224660209926487831e+00
1.315857457707114708e+00,2.564791251034139741e+00
2.202709637922014296e-01,9.394797623938970776e-01
-3.159131189216594637e-01,-3.112002434297026499e-01
-1.060748963325900546e-01,-5.816487845194481254e-01
-3.900744179652342325e-01,-9.128896652773013098e-01
-1.091270701889045069e+00,-1.348926686726357183e+00
-1.478804894826815985e+00,-2.072588323146076217e+00
-1.389480799805596467e+00,-2.776693017319903145e+00
-7.930910714351804280e-01,-2.736372850571964666e+00
-3.255330602907210991e-01,-2.547755318803774482e+00
-2.389383326208624481e-01,-2.654190665111032299e+00
1.152022197091382566e-01,-2.498881026790574111e+00
3.194978959623437365e-01,-7.415045754807387812e-01
4.081522130435178974e-01,1.926984157826513444e+00
6.171562189230899165e-01,2.866434575762524251e+00
7.888777401327652372e-01,2.446960890599851002e+00
5.677262427580289650e-01,6.248246506683550194e-01
3.903441748880456807e-02,-1.302844812398621821e+00
8.755282694327269633e-02,-1.729047464791449329e+00
5.775304746030645031e-01,-9.169649391451366593e-01
5.461411815104144640e-01,-7.913508391205235082e-01
4.615331056455543313e-01,-9.358818750248573126e-01
4.769566788969662463e-01,-6.246514393126357811e-01
3.421818771844357676e-01,5.723644041879704519e-02
2.141875476927027067e-02,1.160187946089853428e-01
-3.773790809827651804e-01,-2.642724071016432363e-01
-3.773790809827651804e-01,-2.642724071016432363e-01
1.601150396864141623e-01,-5.658357681626697833e-01
1.328484270689591074e-01,-7.244570994077480508e-01
2.860449811910083240e-02,-9.303501313906529235e-01
2.583976773225531987e-01,-1.304971512619798935e+00
4.764908224587202090e-01,-1.631571891115922490e+00
6.886674851205368819e-01,-1.660689895958627593e+00
6.886674851205365488e-01,-1.660689895958626927e+00
4.850592432982624991e-01,-2.157850084461181872e+00
4.444519804728514489e-01,-2.413156405201926535e+00
5.749467529763412355e-01,-2.116293500953986939e+00
6.565604769788916384e-01,-1.124054707774516881e+00
6.188887973054902902e-01,-7.154830665990202787e-02
4.638140948803618491e-01,2.993543988255866206e-01
4.805333542988020068e-01,-9.298246705603725737e-02
4.239273415307069914e-01,-4.822332977141151611e-01
7.480814068616643830e-02,-1.008645122248764681e+00
-6.861371364889079505e-02,-4.800212963632742302e-01
-3.159811100662129890e-02,6.038187791041277341e-01
-1.003928442421802014e-01,1.022235020099132807e+00
-2.089092714576896159e-01,6.360911068918185807e-01
-2.235816110749555830e-01,-9.879148349528422968e-02
4.267687079352147639e-02,-6.602556140875169843e-01
3.606831441549432915e-01,-2.933190056824274139e-01
4.179289278448803935e-01,6.504965134157948414e-01
5.296095809150092731e-02,1.013363350325489298e+00
-2.881568561692647856e-01,9.446888765811509714e-01
-7.040387649383179902e-02,5.672381122533777242e-01
1.724917557524311418e-01,3.356953131706331972e-02
5.262296477181665350e-02,-3.830628219599517825e-01
9.980693350399451325e-02,-2.950482177922859606e-01
4.930660928896345441e-01,4.803136314327468570e-01
8.499418991702152315e-01,8.784228359792493057e-01
7.417865114744038868e-01,6.081831803724240260e-01
5.573276961700492915e-01,4.690454688037138942e-01
2.878012539297477024e-01,9.836681109133541545e-01
-9.499177060498126268e-02,1.266482079830590246e+00
-3.686366964982228794e-02,1.462342880110198973e+00
4.459576095518593131e-01,1.431660854879428735e+00
9.155979100103708301e-01,9.516918813231829422e-01
5.300718406944641137e-01,5.994217497562220887e-01
-4.606929014634894015e-01,7.957805163076886457e-01
-1.168346524328104596e+00,1.002934322804683864e+00
-1.113991797187445787e+00,3.652292388442851534e-01
-8.303781417466014891e-02,-1.257224640534663873e+00
1.103523167999161503e+00,-3.009148854091082903e+00
1.525683545744860536e+00,-3.415382539321533351e+00
9.870889445611049640e-01,-2.072959206796238796e+00
2.193351188835583609e-01,-3.183286610892762658e-01
-2.160028971619627758e-02,4.126673786113351783e-01
-3.695208409533321525e-01,8.906764759190703984e-01
-5.291971108994096840e-01,7.107761219990043067e-01
-2.989380942433699784e-01,3.798869469994378689e-01
-3.159811100662129890e-02,6.038187791041277341e-01
-4.741094662620917027e-02,1.630267903596045898e+00
1.988754915322009098e-01,1.736334001402253024e+00
5.127618924457283400e-01,7.294723108420464452e-01
5.985569296413078000e-01,1.516204375087472633e-01
6.729945036045466011e-01,1.858574920551540888e-01
9.197029226576801664e-01,3.591608226273803051e-01
1.337279091778506679e+00,5.976210963349974925e-01
1.382074484549090654e+00,5.873389826378658807e-01
6.034063974383876428e-01,1.853983800887911981e-01
-1.842922861530448264e-01,-7.213034576202491666e-01
-4.764807296883690618e-03,-1.123515520668884715e+00
2.583976773225531987e-01,-1.304971512619798935e+00
-1.510447371987286291e-02,-1.131313472869693859e+00
-1.217889826016131660e-02,-1.526961678970484071e+00
4.366908984078277101e-01,-1.936459631545583315e+00
4.104204956784762715e-01,-1.311083557814436418e+00
7.480814068616643830e-02,-1.008645122248764681e+00
1.021296677245921714e-01,-1.156662719540739293e+00
3.400936169434613521e-01,-9.896599378408521552e-01
3.338717211190398437e-01,-6.996522412364452048e-01
4.411117603295595102e-01,-1.068699306321088116e+00
4.162814906459589848e-01,-1.018072177522208133e+00
3.296374620010440043e-02,-5.620472782668665124e-01
2.105828104461682226e-01,-1.719717805559259682e+00
1.070720332488606763e+00,-3.213866715972161447e+00
1.433979085727868696e+00,-3.593423568266871371e+00
1.070013895594715825e+00,-3.211908295885322229e+00
9.058731638806132025e-02,-2.467261809475715939e+00
-2.916149786538715372e-01,-1.629546990470124301e+00
-1.705646523651198065e-01,-8.914982499041281816e-01
2.099795144928531462e-02,-4.507831597942713597e-01
1.843329045377953557e-01,-3.716063355463347095e-01
-9.002071138272883105e-03,-5.821284165980086245e-01
-1.360614030887948023e-01,-4.480664599712244067e-01
-2.957237877335289200e-01,2.598447051883251424e-01
-4.946739362797031858e-01,1.562160847141008946e-01
-3.410184649241098098e-01,-4.906374025663975957e-01
-3.086688613138867665e-01,-1.464598818280016035e+00
-1.376005695748082402e+00,-2.553307109992622337e+00
-3.138194231402549050e+00,-2.811535467653675013e+00
-4.274082935011808360e+00,-2.156521817417596409e+00
-3.904265851052390879e+00,-8.693614047566262659e-01
-2.230972753147139276e+00,3.464417357553468690e-01
-3.916213909203774546e-01,9.294332013430510742e-01
2.577635497822970967e-01,9.430527999895009783e-01
2.410000156349525746e-01,1.173827033915522122e+00
2.529511105518679193e-01,1.193723953371008895e+00
-1.142721360594675800e-01,1.003336453312713594e+00
-6.999323423054782944e-01,9.795337206718475187e-01
-2.691859663850523221e-01,9.996380544602002649e-01
5.670365290986325579e-01,8.793671198944229273e-02
4.787779600744124231e-01,-1.065645291239695425e+00
7.499629523740056203e-02,-1.121442899206780863e+00
-3.221179715322509129e-01,-5.474750916783706067e-01
-5.247668009184591753e-01,-8.573139520512308709e-02
-5.052401581527132812e-01,1.275260576144309280e-02
-3.262268738780126076e-02,-3.226591778748275074e-01
4.073367272355065682e-01,-6.886967590413801965e-03
4.182105816627901262e-01,4.453281003557419404e-01
3.746033940364044690e-01,-1.608746348234977586e-01
5.712100089221813226e-01,-8.275856799280066900e-01
8.987541502023953521e-01,-1.201183810027250276e+00
1.247695195362337639e+00,-8.940623219390574361e-01
1.459457986440632293e+00,-3.687130672452836738e-02
1.672342513122881735e+00,8.321501814515666062e-01
1.512358311957870960e+00,9.821301799701658286e-01
6.769941351470161184e-01,5.038955775874481846e-01
1.330436140817589930e-01,-1.634699144650383629e-01
2.493284306017609364e-01,-4.891615670718230668e-01
1.612082251033246094e-01,-6.089802954149371450e-01
-2.482917502403224619e-01,-4.211805034384134006e-01
-4.173974259260829212e-01,-1.635272150091270082e-01
-9.385862700110525481e-01,-2.429150083651074044e-01
-1.326360489638876317e+00,-2.855714908841641142e-01
-1.094043301694151094e+00,-4.522588102166597013e-01
-7.505855207254779060e-01,-4.490803740465973970e-01
-4.936295120748359078e-01,-3.032691791912860424e-01
-6.202716760069119234e-02,-1.152010852981332906e-01
-6.202716760069119234e-02,-1.152010852981332906e-01
-6.401679342081257884e-01,-7.856808481608252848e-01
-8.243518869271315719e-01,-1.925776782513815455e+00
-3.775422410362831993e-01,-2.569281645715370654e+00
-1.212770767453098114e-01,-1.603773688810071096e+00
-3.819116011809182976e-02,-5.760333335827697576e-01
1.306984707308027072e-01,-3.728827599840929263e-01
-5.365248178335612073e-01,-2.278268005722954709e-02
-2.183515057853373076e+00,5.842533036254799611e-02
-3.703295261122859117e+00,-3.410278537871230253e-01
-4.143238204316514128e+00,-1.009835507457508719e+00
-4.011293191412472758e+00,-7.001845262022885485e-01
-3.458757072073169514e+00,6.911111120832298393e-01
-1.491130597188109030e+00,1.069616172392976683e+00
3.098424842731754003e-01,3.379277075714247625e-01
1.072472672764754664e+00,-2.602801507880267984e-01
1.324645985555309435e+00,-5.711807311749442784e-01
7.070917687277685770e-01,-4.115927133944392025e-01
-1.037939265960886176e-02,-2.775282994049679819e-01
-1.109655168982080949e-02,-1.581816866807966848e-01
-5.479025217953128468e-01,8.281381270201794431e-02
-9.405561354023208587e-01,5.523731295190092289e-02
-9.774392781853972201e-01,-4.737480321969509411e-01
-1.325565798309872090e+00,-1.226901615581345917e+00
-1.042333124660024535e-01,-1.252842529774029545e+00
2.036205971454786656e+00,-4.892511401448725317e-01
3.228031961406387929e+00,6.131024017993544906e-01
3.112197757302292089e+00,2.079465205261544991e+00
2.377898695765285453e+00,3.224660209926487386e+00
1.301847845609270804e+00,3.626570143569701976e+00
3.268508620966916189e-01,3.212400712048173013e+00
-1.441364152852475100e-01,1.637529716444356964e+00
-2.193449781609518867e-01,5.659163725117642187e-03
-1.594836846486804571e-01,-1.795115867839887636e-01
-9.022906739379678298e-02,1.361555345715478094e+00
-6.554219061022144022e-01,2.508859564915445262e+00
-1.443882856934838088e+00,2.367647710569813047e+00
-1.494299956148220865e+00,1.284199742854233106e+00
-9.784713319336613147e-01,-4.993501272226417709e-01
-4.282640465319869083e-01,-1.536601371571050034e+00
-1.348582372440018107e-01,-1.229357044039898650e+00
2.561542161531753514e-01,-2.454408469926326053e-01
6.196129081891915691e-01,4.213394390999686961e-02
6.196129081891915691e-01,4.213394390999686961e-02
3.890898197048178742e-01,5.757403015706386712e-02
1.322409954772376106e-01,-5.780494660361212844e-02
2.731350305206666773e-01,-5.558909455642189190e-01
2.190339079245096632e-01,-1.102765360680723727e+00
-4.463938559933065819e-02,-7.850647110038164733e-01
-1.109655168982080949e-02,-1.581816866807966848e-01
1.867877211763481204e-01,-2.115506516513863122e-01
3.872660008864989845e-01,-7.086958854764696669e-01
2.801641899110600686e-01,-8.871957014683976572e-01
-1.388089223720044563e-02,-6.965090979609487309e-01
-2.193449781609518867e-01,5.659163725117642187e-03
-1.920105855191070743e-01,3.949631797539871481e-01
2.045932077683821071e-01,4.800823528227981529e-01
-2.329479266511056412e-01,7.961869301463124771e-01
-3.955286954653675635e-01,7.209051097566866462e-01
-3.782289480279930061e-01,4.946155428259713105e-01
-1.169628526013079650e+00,6.151627505254381179e-01
-1.465741333243993694e+00,7.221847232002526207e-01
-1.042181526811795100e+00,3.431341169325372031e-01
-1.036124673989281680e-01,3.562605272184660860e-02
3.416314596545330651e-01,1.787857730375318199e-01
3.258915357159161696e-01,-1.365812074264242948e-01
3.857251631080301779e-01,-7.129955807923131772e-01
2.378825684786455702e-02,-5.600440983394064931e-01
-4.584809027618175770e-01,-1.287957305140522701e-01
-2.697152714931621009e-01,-1.541083867474526969e-01
3.593652359281164776e-01,-4.729632299131437123e-01
5.674730428907710511e-01,-5.641606786640349647e-01
4.260945251261059052e-01,-1.222731362157876978e-01
3.053667819459141564e-01,6.152340276367477268e-01
3.958224933866628104e-01,1.081972814912576242e-01
5.685068185423299836e-01,-8.321363698889594485e-01
2.905200004909538891e-01,3.525022254654845331e-04
-3.491594777170970998e-01,9.718876784156443849e-01
-6.626180728989665702e-01,9.351203982377148671e-01
-8.139249228129812330e-01,8.842891391804637014e-01
-6.253576866566512571e-01,8.403801139025515177e-01
-5.733009196902941751e-01,3.287934931588045173e-01
-1.554300674913408065e+00,3.868939189478596413e-02
-2.679157179278489398e+00,2.059681198244145764e-02
-2.590952522915123790e+00,-5.827548391357701973e-01
-1.601698122221534515e+00,-1.109099802136010116e+00
-6.606761649210494136e-01,5.559753883235809754e-03
-3.031757842959677540e-01,8.367196334211469688e-01
-2.586262279379726858e-01,1.394243685214935358e-01
-4.672955620000086852e-02,3.287008049326146236e-02
2.292514544863040737e-01,4.382010880665189734e-01
1.063567061120403556e+00,4.098258483131903551e-01
1.332570742168779354e+00,4.038252091180186826e-02
6.293173555524803620e-01,-2.423658247311410718e-01
-8.385820081694279615e-01,-1.387934270648088497e-01
-1.626048696653478842e+00,2.685879577757886993e-01
-1.362459908703847589e+00,6.641827287622644738e-01
-6.678349791649347278e-01,8.290226764099881684e-01
-2.744472269622555416e-02,9.090810151193542410e-01
6.758466041062156648e-01,1.783695866089874738e+00
8.180506500596400610e-01,2.667784489113770530e+00
6.021189461930936959e-01,2.426998223033649538e+00
3.152081314596136274e-01,1.332570300670764762e+00
5.364599321706899904e-01,7.497431096774841430e-01
1.388865738926564175e+00,2.185212031494156548e+00
1.947769169056338789e+00,3.568345979341831065e+00
1.820183939981854682e+00,3.671950725417633343e+00
2.555328739045069408e+00,4.226655812951825908e+00
3.481894901711276802e+00,4.584880696217604523e+00
3.055566207182605076e+00,3.616231688496915453e+00
1.528711211016195781e+00,1.670782150098570895e+00
3.791340600353748091e-01,5.271038706051658362e-01
1.729604365336187277e-01,1.236890008072725339e-01
1.129569798028725452e-01,-4.234286766861887208e-01
2.326262531228946995e-01,-7.480411411643732578e-01
4.458257240705767455e-01,2.968166656814935078e-01
4.610114547206397018e-01,1.852038884148318187e+00
3.365799795436625885e-01,2.371470992167981073e+00
7.233180059460714295e-02,1.695556831990483015e+00
-1.949224983717338100e-01,-1.787059645613052472e-01
-4.836157754883897014e-02,-1.389366968259708734e+00
6.967060477056995216e-02,-1.498030618753497079e+00
-3.232000830884217135e-02,-8.970862799237571128e-01
-1.625652293664946735e-01,-4.718816870621549420e-01
4.267687079352147639e-02,-6.602556140875169843e-01
4.793384271571841659e-01,-1.113741709564259441e+00
6.383671841957876403e-01,-1.086895891053642149e+00
3.891245182577680040e-01,-1.691304651347449450e-01
1.729604365336187277e-01,1.236890008072725339e-01
3.110572872242728382e-01,-5.147556545623589441e-01
8.252389399945685433e-01,-3.370885958528933024e-01
1.227994729912998073e+00,3.423774828335538478e-01
1.169636694215091310e+00,5.519139097890577439e-01
3.576261936406903708e-01,2.776371071371788735e-01
-1.878397740082860673e-02,2.170943308191345955e-01
3.425864872539654549e-01,4.963620941429936484e-01
7.578963912513686507e-01,5.759279133007657592e-01
7.453623734475232077e-01,3.036158630615081178e-01
1.369763869574104342e-01,3.831073479769252915e-02
-5.631048133857308180e-01,1.300347758635953310e+00
-1.432963400347717853e+00,4.256298266514090933e+00
-2.679049854208828574e+00,7.178942351440686487e+00
-3.340581339976153252e+00,9.007238550076314354e+00
-3.145872359781312078e+00,9.558838292748554011e+00
-2.184640522056501499e+00,9.013751040315202800e+00
-6.958292856249100877e-01,7.362321890295383753e+00
8.742131373379669057e-01,5.070463013097671556e+00
1.285991984660778797e+00,2.758538772014559104e+00
7.581461326577190185e-01,7.151377825906468644e-01
4.368059289685848334e-01,-7.463850754024446699e-02
8.686578663726615690e-02,4.745057359057965884e-01
7.078263133198439694e-02,9.477013151603207453e-01
4.547641165425246323e-01,3.517297897394894846e-01
6.686242705485612170e-01,-3.114062587429022866e-01
7.716642499265820021e-01,2.006018543981230029e-01
5.457655568491840414e-01,7.823921401859800229e-01
9.062757409778847417e-02,6.727501842613248240e-01
-9.992489096233120316e-01,9.644719397292249585e-01
-2.231535394821205998e+00,1.340757494492078150e+00
-2.970956330798811162e+00,2.259955331837388837e+00
-2.368168880901299289e+00,2.907271882619054448e+00
-7.304571529662422513e-01,2.337370710597549195e+00
1.812836691431207181e-01,2.008302924195470851e+00
-5.166020188295002979e-01,2.999852392197709605e+00
-1.324652424870455869e+00,3.786231464037201455e+00
-1.933129464151406962e+00,3.363945421648773415e+00
-2.124728565522252755e+00,1.836891091366890549e+00
-3.527916283091643290e+00,7.058643933579232810e-01
-5.124145285012072115e+00,5.445772059360388662e-01
-4.475666934268329733e+00,3.211034044898150031e-01
-2.117492734976391677e+00,6.930666735481647023e-02
-1.891109061745262498e-01,-1.285685447366701761e-01
7.488829512420308587e-01,3.947250717307140278e-01
1.385062963650025125e+00,1.166137789133183222e+00
1.000306676285042995e+00,1.584596902220458459e+00
-7.968467758610590923e-02,1.230192355233008517e+00
-3.871332094544719937e-01,9.973512345653754232e-03
-1.808128711015694334e-01,1.521392204166805220e-02
-2.090441328757400574e-01,6.118123894515915540e-01
-2.238504677622812633e-01,-9.847776336383259888e-02
-1.594836846486804571e-01,-1.795115867839887636e-01
-1.954468150235319779e-01,3.054870217996172310e-01
-2.238504677622812633e-01,-9.847776336383259888e-02
-1.594836846486804571e-01,-1.795115867839887636e-01
7.008347462727641808e-02,6.062629684259532858e-01
3.609378490082324475e-01,9.807910183991829234e-01
3.569766126765286374e-01,2.716775887772014397e-01
2.213347545924585213e-01,-3.291261201482976739e-01
1.788292381962463817e-01,1.567202247217722444e-01
2.580821147089561451e-01,8.252882790624248566e-01
2.741966709894518295e-01,1.140366007729518794e+00
7.735026782031892423e-02,1.118201015866208792e+00
-5.771161248745165090e-02,8.329471823034287903e-01
-5.244293345809152712e-02,5.451880531716334355e-01
-3.807397703871279182e-01,1.110533931567217053e-01
-6.668217183763619493e-01,-1.427373886289037309e-02
-4.985079352866924052e-01,4.082714549159026096e-01
-2.090441328757400574e-01,6.118123894515915540e-01
-1.954468150235319779e-01,3.054870217996172310e-01
-3.807397703871279182e-01,1.110533931567217053e-01
-6.668217183763619493e-01,-1.427373886289037309e-02
-8.988023785429093138e-02,2.630604353896747738e-01
4.466023209706955210e-01,1.568181533188212906e-01
1.145017295298379478e-01,1.981454576328748884e-01
-1.527611466586515088e-01,6.296066570391870565e-01
-1.284655224746868163e-01,6.260311954380229915e-01
-1.324694874684242130e-01,7.846776461106055311e-01
-7.997316327850079176e-01,1.086690123997186674e+00
-8.930791717708278510e-01,8.336567072970455516e-01
-2.921633192006294344e-01,2.510615883233056067e-01
-3.556384250219090520e-02,3.584863637497410216e-01
-3.974521402421817839e-01,3.064585630895585999e-01
-4.381264089827967556e-01,1.904775792797976791e-02
-2.494006154080115889e-01,5.139535348250274804e-01
7.078263133198439694e-02,9.477013151603207453e-01
1.936572437060137819e-01,9.360564532898338896e-01
-9.018845928237435861e-02,9.769038857957622612e-01
-6.367871177201245292e-01,9.653144542324249011e-01
-4.945793056709710256e-01,1.965558480799858010e-01
2.368446696735848067e-01,-1.027414503660923684e+00
3.360641048868568403e-01,-1.246333360341644436e+00
6.358752819831972602e-02,-6.137307514325653912e-01
3.601414118915393092e-01,-1.173604649827800328e+00
5.798395113576941817e-01,-1.433620378995150935e+00
1.325303535927621068e-01,-5.823792930823230574e-01
-2.472691817930889047e-01,2.562188851446601245e-01
-1.861512929776025504e-01,1.002710407520486013e+00
3.121276643145020624e-01,9.840246573538250496e-01
9.528272584429784420e-01,2.877454541349748207e-01
1.290624648804264751e+00,-4.412881760880218440e-01
1.009027342257037496e+00,-7.472191562801137055e-01
3.789432474867743261e-01,-5.024436822093909516e-01
1.195105947316471434e-01,-6.014021516601964629e-02
1.691785458552842458e-01,-6.922197472646886285e-02
-1.046566180852657596e-01,-5.216315790898150562e-01
6.093434150523577980e-02,-9.303737967765776107e-01
4.184444665146535014e-01,-6.082464121714333816e-01
2.012977079322836593e-01,-2.878226720754688550e-01
5.523795980428069380e-02,-2.790430186730438744e-01
-1.418801792547362384e+00,-5.153947489005649141e-01
-3.199591004184727971e+00,-9.259212817818429642e-01
-3.163943141787240343e+00,-9.407520351420697313e-01
-1.354803738857469630e+00,-6.801084677130859735e-01
1.306984707308027904e-01,-3.728827599840918161e-01
2.809253648320011315e-02,2.893446894246174891e-02
4.078256667234305133e-01,1.087718095385131756e+00
6.913750754722912673e-01,1.421258014324868757e+00
3.448297332852321428e-01,3.966227857747980923e-01
3.033920615451840552e-01,4.587683087838446971e-02
2.608340062882834043e-01,7.043593173019359055e-01
-1.947711833689201311e-01,6.721206367419405581e-01
-4.419683343727144886e-01,6.848000585669569151e-01
-2.905014866032979981e-01,8.300936784063192020e-01
-2.408912736796855331e-02,7.061152495413114405e-01
1.083424381607340364e-01,2.230377825516309254e-01
3.071019424552542398e-01,-5.130448385132986289e-01
1.658899749648035937e-01,-5.763613647089611547e-01
-2.571434427145943835e-01,-4.413030776497823271e-01
-4.668422214383076141e-01,-9.530048862258569953e-01
-4.601106533709425905e-01,-2.043953574889752378e+00
-6.489377082751143222e-01,-2.034008380272174676e+00
-5.539069069696291869e-01,-5.719736575528902023e-01
-2.847455712623050278e-02,-8.401509078840903311e-02
-2.460095356474914230e-01,-6.565060262832023152e-01
-7.015656110933613521e-01,-9.515284007425710566e-01
-7.417572163927861340e-01,-7.356986546036764496e-01
-4.199325652406554754e-01,-3.452471396347659982e-01
-4.849920762562394683e-01,-4.766851051191252631e-01
-1.773819601762486875e-01,-4.906149512747837727e-01
3.601414118915393092e-01,-1.173604649827800328e+00
4.520000862810740760e-01,-1.699099151763101112e+00
1.709333924917711134e-01,-1.241393920360494452e+00
-3.735285488623304312e-02,-3.772390137546528521e-01
-3.708306678700521580e-02,-2.381596809722270613e-01
6.358752819831972602e-02,-6.137307514325653912e-01
3.087865635315048540e-01,-6.685668271422681164e-01
5.955440544005898840e-01,-6.811390206290260929e-01
4.723425679277369893e-01,-3.996645572166535598e-01
4.723425679277369893e-01,-3.996645572166535598e-01
7.853933944869210260e-01,-6.579003762328521354e-01
8.272714165353644011e-01,-5.352174487733624142e-01
1.016133925599206789e+00,1.397327346039398954e-01
8.253437712975587592e-01,1.153413886441723379e+00
3.357801800823390082e-01,1.314793669772861273e+00
3.360123798426746800e-01,6.659359355421656801e-02
3.707668842812326671e-01,-9.872538750195436474e-01
4.333236459679510877e-01,-1.083216088877551941e+00
5.912658401729188329e-01,-7.065598401640563742e-01
4.590292044732110499e-01,3.363729347234897249e-01
4.360320989276059156e-02,9.448040508034866169e-01
-1.401673975431033392e-01,1.003279965147582997e+00
8.101536486899614531e-02,1.044807208669611853e+00
6.303564554988250190e-01,1.606970426987233358e+00
9.929348687110473026e-01,2.116728132425125253e+00
8.131583896567569081e-01,1.629390154077523301e+00
1.818688870962235915e-01,8.691280671979595418e-01
-1.088206801851619859e-01,2.867198039019578926e-01
4.106689071617971032e-01,-2.228657073823564483e-01
5.063652678059253898e-01,-2.137393384737156232e-01
8.577621966216696092e-02,-2.042109477613034407e-01
2.141875476927027067e-02,1.160187946089853428e-01
7.118005482185894850e-02,2.458518237890534308e-01
2.295448876902390911e-01,1.140039420985039520e-01
4.246249752824489687e-01,-5.315064492018576336e-01
3.259955068440710813e-01,-1.705919584966386182e+00
2.743269465897275050e-01,-1.363384029935274189e+00
8.387263652393738000e-02,-2.925512588482858667e-01
8.387263652393738000e-02,-2.925512588482858667e-01
1.977159910083226557e-01,-3.287464501019511931e-01
-3.612794900873361748e-02,-6.679527325595515652e-01
-2.105051048368896394e-01,-8.737944272046272998e-01
6.912993472083096835e-02,-1.621733455881236852e+00
3.866958533752022920e-01,-2.091159888039995085e+00
5.641834697474019666e-01,-1.120092028334963574e+00
6.430186590214259645e-01,-4.463688525927884676e-01
5.980392012197508489e-01,-3.877227770188630407e-01
5.538798150605193094e-01,-4.493476643027896622e-02
9.119244433303635988e-01,1.090681187283749409e+00
1.426388345221992537e+00,2.648025300444563968e+00
1.023493106987328760e+00,2.298603007314889091e+00
3.564140373782819643e-02,3.168616481256656403e-01
-2.235137405779558384e-01,6.162994442035440307e-02
-6.900989151103017472e-01,-1.327429441129533427e-01
-8.677434738388196678e-01,-2.574924100669707117e-01
-5.620779362891955566e-01,-4.549619104643881085e-01
-3.057722957323448787e-01,-7.278117892287639945e-01
-2.884574960457352844e-01,-8.044785878655836830e-01
1.347947983292062113e-01,-3.583253819721117228e-01
3.146411958655417895e-01,1.089918341818769086e-02
3.713583815461838494e-02,-2.051967123695341011e-01
2.141875476927027067e-02,1.160187946089853428e-01
1.929757089508838952e-01,1.500865826941293335e-01
2.099438357132754618e-01,-2.604653490095593660e-01
8.387263652393738000e-02,-2.925512588482858667e-01
-1.088206801851619859e-01,2.867198039019578926e-01
-7.259669844445999498e-01,5.579040794069913822e-01
-1.069442842734811050e+00,6.612662977667169706e-01
-7.002080800910585046e-01,6.224779153818706945e-01
-3.378332546422885274e-01,1.773674682193016605e-01
-4.004356786350604658e-02,-9.436585508063448369e-02
-2.939277020063810197e-01,1.529801859667208608e-01
-5.214862105545995385e-01,5.417914364390583604e-01
-5.504650813945226595e-01,4.826558387655359161e-01
-5.603574708345105959e-01,3.910106765912418902e-02
-7.234483796723023552e-01,3.247750909459842100e-02
-7.677761146621278066e-01,-2.820857055578543937e-01
-4.150352483767958955e-01,-5.248272516235394924e-01
-1.073771189375449797e-01,-3.852598187082745818e-01
5.676976401010579848e-02,-3.606806911122956705e-01
3.557443177648146326e-01,-4.069243785323488072e-01
5.277396294113684272e-01,-1.111467694869871403e+00
7.388643622859091264e-01,-2.481286285719068285e+00
8.417855395619475711e-01,-3.423520897258965245e+00
5.534072600613952897e-01,-3.024799379898675866e+00
2.694585265596527446e-01,-1.093838886308666325e+00
2.995365779997686828e-01,-1.123049836750961705e-01
2.995365779997686828e-01,-1.123049836750961705e-01
5.098489905927067189e-02,4.980687866215930959e-01
-1.200331516473996663e-01,6.452865476770395237e-01
-1.200331516473996663e-01,6.452865476770395237e-01
-1.208802797420629451e-03,2.556129536288619386e-01
2.215907742276661818e-01,6.508754044434640618e-02
7.999950459222335275e-02,6.032663251377291536e-01
2.263229373461897731e-01,1.030642488373271215e+00
4.880307422971987275e-01,1.058261293403141234e+00
4.449969977686611955e-01,1.377995611801574372e+00
3.392960741886868470e-01,1.005733764030317445e+00
1.002832401467894929e-01,1.308108043141876342e+00
-1.057831540875647375e-01,2.399285519183810056e+00
-3.998347266899151542e-01,2.478690929244359076e+00
-4.540378954933603772e-01,1.681367848133240139e+00
-4.304772534343456192e-01,7.348688658390479800e-01
-7.935096591626574769e-01,8.435637643570248478e-01
-1.355382456213528597e+00,1.021170830745255387e+00
-1.736785305460408990e+00,1.089077426475946186e+00
-1.732768339814737102e+00,1.155449358480483024e+00
-1.489780032711159885e+00,1.181856874517414280e+00
-7.257277462583655581e-01,9.858332293734987095e-01
6.836180412821697694e-02,7.806351111297991086e-01
