-5.552308742240280592e-01,-3.200404805580983059e-01
-6.750900580978517196e-01,-4.999876578253198423e-01
-8.316935234788360720e-01,-8.165759914777926953e-01
-7.463003176649436465e-01,-8.800447158197463038e-01
-1.320335655819977250e+00,-1.057410979058776679e+00
-1.186322935433441472e+00,-6.740961960208715631e-01
-1.204866588058072896e+00,-5.591018775677438768e-01
-1.029056873582606668e+00,-6.436788531240414946e-01
-9.933841463960267903e-01,-8.931683525772367016e-01
-8.371952134102058629e-01,-9.957562816125664629e-01
-6.424030098202906380e-01,-6.912842871564798264e-01
-5.262893943916097106e-01,-4.032523334344153554e-01
-4.766991489325942966e-01,-1.679054884035086626e-01
-5.371809359970612929e-01,-2.870492459720302425e-01
-7.534137627454620123e-01,-6.603725806023035272e-01
-7.463003176649388726e-01,-8.800447158197516329e-01
-9.482440044464582884e-01,-1.049249464744177907e+00
-9.840979380294997414e-01,-1.211670588308672469e+00
-1.229129339972963697e+00,-1.156573498081783002e+00
-1.267688210848942010e+00,-1.025942677564787298e+00
-1.077089454345806274e+00,-6.846091954996911255e-01
-7.199194110202868924e-01,-5.672953215483999001e-01
-5.262893943916101547e-01,-4.032523334344125243e-01
-5.696254380029092124e-01,-3.035518081075455066e-01
-5.689036272703112962e-01,-3.259258486643610842e-01
-5.111767364387005408e-01,-5.957356347779249051e-01
-1.794376706960497114e-01,-5.652612869195978718e-01
1.027092540587082325e-01,-6.794361147933125622e-01
6.194446521273174952e-03,-4.548676323116828124e-01
-4.341645886191553561e-01,-4.361460457607342911e-01
-9.871549674451463030e-01,-4.286380294676205294e-01
-9.844788848912019441e-01,-4.719994680035594081e-01
-6.229168255400936438e-01,-7.033932236856268450e-01
-2.584064168179001642e-01,-5.719774062083813337e-01
-3.700480171650483707e-01,-6.087924812844872635e-01
-9.218885053120424722e-01,-5.965767140711077943e-01
-9.386406966107626593e-01,-9.173605382765344096e-01
-9.669664348574626977e-01,-8.956279948073783137e-01
-7.886648707922221391e-01,-8.310146980523692717e-01
-7.560447788704536265e-01,-3.221370965086234328e-01
-7.259241153601161400e-01,-6.282457719727654322e-01
-7.259241153601161400e-01,-6.282457719727654322e-01
-9.487609274322280628e-01,-1.458036811784040765e+00
-1.168272954950843490e+00,-1.997764236977722430e+00
-1.262602836924023642e+00,-3.044645858270206507e+00
-1.124424615746038469e+00,-3.193156232560277807e+00
-7.574893232623597372e-01,-2.535772496244609986e+00
-4.205195790753755158e-01,-1.451104059599088725e+00
-4.520879228795793292e-01,-9.616555935893165152e-01
-6.949490556222223114e-01,-1.038785962702286847e+00
-7.405310713995025829e-01,-9.036808423448613459e-01
-5.746164978476751006e-01,-7.294952873530472504e-01
-6.447898642163580885e-01,-7.963840676192912582e-01
-7.546719566589599193e-01,-1.145524998894539959e+00
-7.451628736265294428e-01,-1.196128546506955104e+00
-7.451628736265294428e-01,-1.196128546506955104e+00
-8.094806475209302965e-01,-1.057990065073506125e+00
-8.962986274231484751e-01,-1.036923846080922251e+00
-1.119721673682668728e+00,-1.211030080604716064e+00
-1.220067342285929834e+00,-1.030853070203345601e+00
-9.768550013412290456e-01,-7.446618242052733816e-01
-9.605713481776227969e-01,-7.751956165698404844e-01
-8.718121065201830389e-01,-9.041689032432034256e-01
-8.185252738095224467e-01,-1.015652342634811411e+00
-6.235558078826674011e-01,-7.106295079011973881e-01
-5.774484177241254734e-01,-5.264362916821758720e-01
-6.283877416281987704e-01,-4.112008134813088800e-01
-8.158719236538207742e-01,-6.750368494082377158e-01
-7.321999216190093751e-01,-6.338480999894720025e-01
-5.362996406578922626e-01,-6.219746800459443614e-01
-5.362996406578922626e-01,-6.219746800459443614e-01
-5.337728625049530384e-01,-8.397920799925214785e-01
-6.751443624456691106e-01,-1.056175138047613427e+00
-6.751443624456691106e-01,-1.056175138047613427e+00
-7.996968284355300272e-01,-1.285964281780747509e+00
-8.135358693527655616e-01,-1.181728245196723037e+00
-9.896820820732581403e-01,-1.343433831961427849e+00
-1.007553564308649063e+00,-1.076032159041764746e+00
-9.411252527119021716e-01,-9.469481854645738217e-01
-9.327952853925742804e-01,-8.979754235936399098e-01
-7.404605603477797393e-01,-6.213828702365619128e-01
-6.033867045335513657e-01,-4.263920945562332809e-01
-6.283877416281987704e-01,-4.112008134813088800e-01
-6.315414660585942919e-01,-3.927224530632674737e-01
-6.521735309406985204e-01,-4.848517325396779487e-01
-5.105582798371328668e-01,-3.646755012244765615e-01
-4.473421948069561394e-01,-4.716965578857316155e-01
-1.824706271721048823e-01,-2.446269258768503929e-01
9.789768625128436597e-02,-2.266203151775129099e-01
1.682453397883901525e-01,-7.085237508145413032e-02
1.635872339843510992e-01,-9.090799425504286421e-03
-1.119816345577568234e-01,-2.348288187204062172e-03
-1.263724828318016913e-01,5.574603428440547126e-02
-2.408760818525443326e-01,-1.674498439124124868e-02
-4.928695552082843490e-01,-3.501538299522019559e-01
-7.389415524828925053e-01,-7.689804736350055459e-01
-9.972535961326416398e-01,-1.154303326183416800e+00
-8.456725896746526416e-01,-8.616193678935520905e-01
-9.317753201411197450e-01,-9.390714416902982142e-01
-1.024162522065382719e+00,-9.638686235015241355e-01
-1.116976779673993336e+00,-1.196010461241802325e+00
-1.116976779673993336e+00,-1.196010461241802325e+00
-1.116976779673993336e+00,-1.196010461241802325e+00
-7.281720875426686002e-01,-1.016484674325032422e+00
-5.285625354631584560e-01,-9.241189028013856444e-01
-4.562764911949471203e-01,-8.978274669692302146e-01
-7.243549211946685995e-01,-1.039366650939839376e+00
-9.904865788305594609e-01,-1.109862202303820267e+00
-1.116976779673993336e+00,-1.196010461241802325e+00
-1.116976779673993336e+00,-1.196010461241802325e+00
-1.116976779673993336e+00,-1.196010461241802325e+00
-9.904865788305594609e-01,-1.109862202303820267e+00
-9.911525270352579131e-01,-8.928042196489168747e-01
-8.363498606426594817e-01,-8.982890660826861051e-01
-8.231691111110859271e-01,-7.894375206548849278e-01
-7.684391536111253584e-01,-9.319273438680495403e-01
-7.912300252176025506e-01,-7.497712402813446753e-01
-6.801110806363830363e-01,-7.067427090822506752e-01
-7.146071514574657835e-01,-7.389746546664816007e-01
-7.405310713995025829e-01,-9.036808423448613459e-01
-7.358159715214132035e-01,-1.046696180129749409e+00
-7.358159715214132035e-01,-1.046696180129749409e+00
-7.358159715214132035e-01,-1.046696180129749409e+00
-7.308455519627348185e-01,-9.546925123875232844e-01
-4.649292604580624877e-01,-8.007208418227337310e-01
-4.169166361173446411e-01,-7.370638701877119114e-01
-1.974395792494754720e-01,-6.983763047661072365e-01
1.327747925552865034e-02,-5.679321970365844852e-01
1.287098663236719287e-01,-4.030282278580782362e-01
2.579187896489699150e-01,-8.851163090493210581e-03
4.334720218634022793e-01,6.560751812795263538e-01
3.336563201185235306e-01,4.553724352536901998e-01
1.871520866396827187e-01,7.142598750283793430e-02
-2.357882240178336142e-01,-8.787042743156601166e-01
-3.082257929511358352e-01,-1.169758015122347672e+00
-4.842331612047581779e-01,-1.202316280471380505e+00
-5.188593785941878478e-01,-9.977511183235118208e-01
-5.994698787203540657e-01,-8.782005659108914619e-01
-7.383716908284062574e-01,-9.606960202743610733e-01
-8.057680102021765878e-01,-1.196461602373466437e+00
-7.423189015355438070e-01,-1.264051992978606931e+00
-8.167322997466472945e-01,-1.347729115603359062e+00
-9.993583066935955994e-01,-1.255477276397491293e+00
-8.842605907717029368e-01,-1.122151407239290855e+00
-6.823835132236072409e-01,-1.176448837783474088e+00
-4.943819528241407135e-01,-1.167618115698993764e+00
-5.318565427959414116e-01,-1.196359857710115326e+00
-6.959326699511304559e-01,-1.138900377681763887e+00
-9.959968713103851679e-01,-1.188982664118395371e+00
-7.281720875426686002e-01,-1.016484674325032422e+00
-5.230225912660337872e-01,-8.494411150619179951e-01
-4.783572633403296859e-01,-8.436505922476947861e-01
-6.445779646019395015e-01,-7.840083232009993353e-01
-7.311586779308487660e-01,-7.367437118077342362e-01
-7.656342100829949260e-01,-7.673779749662980043e-01
-9.846793775842281882e-01,-9.944869646101871519e-01
-9.140475902689768617e-01,-3.670314809546509349e-01
-8.825235347744045944e-01,7.234845952207829001e-01
-1.169636707995626690e+00,2.102352379040346442e+00
-1.148561348019647044e+00,2.536431820284164029e+00
-1.129666276556619220e+00,2.563328312174498080e+00
-7.796253558195914701e-01,1.641610784855306981e+00
-9.132206351751074314e-01,8.894579530629910247e-01
-9.183285716846205649e-01,6.118723826148216027e-02
-1.023766537633077567e+00,-6.406312675910484922e-01
-1.265361804011253533e+00,-1.028077101916609282e+00
-1.516434473364741908e+00,-9.153093783865130506e-01
-1.848072315525363551e+00,-7.894848975339582298e-01
-1.983724934326023037e+00,-7.863075799188556925e-01
-1.770024587033298236e+00,-7.829241572684132455e-01
-1.437995769612333774e+00,-9.183284922496183222e-01
-1.233989230057673803e+00,-1.033987236236123097e+00
-9.676864055387358610e-01,-1.034422169153768278e+00
-9.676864055387358610e-01,-1.034422169153768278e+00
-9.676864055387358610e-01,-1.034422169153768278e+00
-9.749821156938807132e-01,-4.008603524272054686e-01
-9.363905159949059698e-01,1.904232354355789303e-01
-1.078216492464701526e+00,5.732830872876806261e-01
-1.529001427111714273e+00,2.201330978921772763e-01
-1.778237292595535646e+00,-1.681737140688502330e-01
-2.045981194617284782e+00,-5.132971233855678772e-01
-2.067330280464757752e+00,-6.127423443110415757e-01
-2.001786303214221796e+00,-5.875655513771071980e-01
-1.708385813206810822e+00,-4.122061938339930953e-01
-1.390004014090879148e+00,-4.180848978622677681e-01
-1.229465567831109940e+00,-4.895220499385835589e-01
-1.137416211369752128e+00,-8.158504939917162746e-01
-9.749821156938807132e-01,-4.008603524272054686e-01
-9.363905159949059698e-01,1.904232354355789303e-01
-5.520376743241894868e-01,1.224966503081167835e+00
-2.314985744514712340e-01,1.526169352855660577e+00
3.143290399006389846e-01,1.970119360473584713e+00
6.890503039569171317e-01,2.029175405732365434e+00
8.453659418979138085e-01,2.131493982654503405e+00
8.638094246344937277e-01,2.150581136473380450e+00
7.034775460197919550e-01,2.076727280294856648e+00
4.897728409196388522e-01,1.732811931489217416e+00
1.047368707894153483e-01,1.108354986778892215e+00
-3.277763851614568513e-01,2.787362919630047009e-01
-7.755321013286819998e-01,-5.268128989469507140e-01
-1.544821263937280920e+00,-1.619282946086632702e+00
-2.173880166156717753e+00,-2.155841217303091639e+00
-2.895541801547627525e+00,-2.702080500451585987e+00
-3.376822071297030270e+00,-2.819109324270098416e+00
-3.247049026454582599e+00,-2.371705587781852920e+00
-2.675644477027729007e+00,-1.684102076440642914e+00
-1.933223865438716382e+00,-1.050427846835611856e+00
-1.336400117328775616e+00,-2.846206388012582633e-01
-1.050503808361085811e+00,2.744879058882563339e-01
-9.528035196844468757e-01,7.210547639704317779e-01
-7.881998989218688134e-01,8.502878294063728193e-01
-1.025014358976038986e+00,7.363642167761017543e-01
-1.517678454601602445e+00,3.620594138186572497e-01
-2.206233366316626920e+00,-2.482719651104595415e-01
-2.602264649452583622e+00,-9.398116820330929544e-01
-2.603306086622281690e+00,-1.523937918721162799e+00
-2.052639105469627800e+00,-1.693597578889948885e+00
-1.441307885351138740e+00,-1.740101375738600797e+00
-9.059180399127068073e-01,-1.515795795400051826e+00
-7.968326153112672561e-01,-1.388128539354985147e+00
-5.407695985506228986e-01,-8.666317359420427913e-01
-7.555472119561690292e-02,-4.226802419290900392e-01
5.493107899242548608e-01,-4.705444431988042159e-03
7.843112114412579272e-01,2.554516423160831107e-02
1.016957489116798063e+00,9.687596336407172659e-02
6.062901762331136535e-01,-1.917272240280755713e-01
7.938960757848467775e-01,5.575392599694599383e-02
7.972678270831620173e-01,7.402117199046655271e-02
1.200958937835941986e+00,3.396022861720951469e-01
1.009322267310315713e+00,1.376109256935539871e-01
6.162744941124039810e-01,1.204852204432584756e-01
1.461269268062677651e-01,4.822709379873513919e-02
-2.491251285395506554e-01,4.716808056817267669e-02
-3.022508220325074713e-01,-4.100981147809933391e-01
-3.022508220325074713e-01,-4.100981147809933391e-01
-3.926965292690846043e-01,-7.048178344981362864e-01
-5.181408680555614765e-01,-6.763383065603142397e-01
-7.427369769435965274e-01,-8.107050236686688116e-01
-9.583841744784202810e-01,-4.255789777235643445e-01
-1.050503808361085811e+00,2.744879058882563339e-01
-9.528035196844465426e-01,7.210547639704320000e-01
-7.881998989218688134e-01,8.502878294063728193e-01
-3.525612746276162723e-01,8.567537032228290661e-01
3.603271861640155449e-01,7.832524764276352913e-01
1.083687740542437439e+00,8.798854412609545816e-01
1.945933488093212871e+00,1.679781512497658280e+00
2.586462897084129686e+00,2.871156728458297724e+00
3.021856882962153268e+00,4.216969963479296979e+00
2.849099989308485625e+00,5.106302672605420589e+00
2.322830700768043766e+00,5.868373490475003784e+00
1.563890857117834932e+00,5.165772671354628365e+00
7.469454145999839811e-01,3.477693386912986462e+00
4.345802545745587331e-01,1.479082893446561409e+00
4.819645438435539719e-01,4.854799922819023061e-01
1.042534221668751870e+00,8.664089186424390743e-01
1.083602952865561964e+00,5.851200798164682970e-01
6.349770555196879718e-01,1.553118330880997322e-01
-2.340656819404865752e-01,-6.525449950174080360e-01
-8.185252738095224467e-01,-1.015652342634811411e+00
-5.400388790783227089e-01,-1.026143002782632818e+00
-4.053752844973600999e-01,-1.088203577128084465e+00
-1.465050286669429269e-01,-1.065773059104151210e+00
-3.002943549387302458e-01,-9.783695347046535984e-01
-2.626669589793044768e-01,-1.004032325388105162e+00
-4.454949227655323751e-01,-1.169588912652879120e+00
-2.790975975246306473e-01,-1.516288890894774477e+00
-2.339596010933429615e-01,-1.708246692657962251e+00
-4.124215078263001044e-01,-1.897420680904016832e+00
-4.857950367257451441e-01,-1.697314628421824123e+00
-6.606045916446335875e-01,-1.327217121243089881e+00
-7.586966140543215387e-01,-1.203814644420046598e+00
-8.187047390747811404e-01,-1.207512143059870313e+00
-7.444678134304709705e-01,-1.200319867535725171e+00
-3.471614320072440862e-01,-8.750566715737090329e-01
-1.625006556382230516e-01,-5.055681493728768627e-01
-1.149070311596729482e-01,-2.739514370735369742e-01
-1.670980332275452396e-01,-1.087075496442485578e-01
-3.153860931911286469e-01,-4.905359276257261758e-01
-3.931811445612057310e-01,-8.610599729986652129e-01
-5.171130153324400291e-01,-1.148543780987751450e+00
-6.797607922539130598e-01,-1.086451888225683504e+00
-8.279465400632468608e-01,-1.054776461198175364e+00
-1.007553564308649063e+00,-1.076032159041764746e+00
-5.063996136722809238e-01,-8.111616804920009915e-01
-3.967966582272237641e-01,-5.089676418537194547e-01
-4.349051171484501488e-01,-3.362017693465108592e-01
-9.305368671505328537e-01,-4.086146195459879338e-01
-1.017737490760189045e+00,-3.749545398170773258e-01
-8.240090303098501767e-01,-2.904580551932844368e-01
-5.223683004454716672e-01,-1.806082992651233399e-01
-3.252971326344406555e-01,-2.150622399667773132e-01
-5.401265652865218092e-01,-5.202640113136316469e-01
-6.173520818169145885e-01,-6.525457223203213752e-01
-7.485856693700722042e-01,-8.343947659029288255e-01
-6.053560015583245857e-01,-6.147993541360294856e-01
-4.888153911176660316e-01,-3.546176425278338984e-01
-2.408760818525436109e-01,-1.674498439124090174e-02
-3.237078198868721390e-01,-2.002332394875119270e-01
-3.399673976267052478e-01,-6.454864962906023962e-01
-1.506760914767500403e-01,-6.000139403295886575e-01
4.742976573756322867e-01,-5.572329535143759616e-01
7.144937583873858244e-01,-2.046487714354459087e-01
3.493840780185690220e-01,-3.692049683862060339e-01
-5.144145252794695145e-01,-5.990181974708118362e-02
-1.050503808361085811e+00,2.744879058882563339e-01
-9.528035196844465426e-01,7.210547639704320000e-01
-7.881998989218688134e-01,8.502878294063728193e-01
-3.525612746276162723e-01,8.567537032228290661e-01
9.351234013525525079e-02,7.431382554783534378e-01
4.840358980855695159e-01,4.708580114865925093e-01
4.978506862150829382e-01,2.118506998218120385e-01
4.322265472155146782e-01,6.384821127728377947e-03
4.445763818402180823e-01,1.025377746112722394e-01
2.298012102176685834e-01,2.315821558452425544e-01
2.744850583681880951e-01,1.896454977521496998e-01
-5.233461568449015305e-03,3.883945102147168815e-01
-1.076567787470247700e-01,1.322061324906230809e-02
4.124922163189321256e-01,-2.712703553488116093e-01
1.269313705440810569e+00,-8.958246991217666544e-01
1.777326766853139839e+00,-7.948082498057174039e-01
1.896262115741453647e+00,-7.769547210713422247e-01
1.862764965529922767e+00,-6.799547524205272753e-01
1.637238217075102975e+00,-7.473589993717094648e-01
1.037716898937935284e+00,-5.023602123598674973e-01
3.718418438453666708e-01,-4.951007667131966383e-01
1.345626650055080364e-01,-6.274499079282314096e-01
-1.234774484350361634e-01,-1.016349566347843014e+00
-3.548510112082767787e-01,-1.246529422198196846e+00
-1.887593922298989590e-01,-1.528528681246305254e+00
1.600546997710216857e-01,-1.552229066851650741e+00
5.225159582768199584e-01,-1.314080385258486583e+00
3.237111505071476603e-01,-9.895883665301277166e-01
-3.703126494573665828e-01,-4.284368806116917172e-01
-8.454506370257042214e-01,-3.947838954375913478e-01
-1.444537696743884325e+00,1.135874322524820790e-01
-1.919405097907089797e+00,5.082503160210448678e-01
-2.489707454930805142e+00,9.699683684948605666e-01
-2.602429865308781842e+00,9.979139722035001991e-01
-2.189554942175538255e+00,6.560153338567994430e-01
-1.824392201980410633e+00,5.851191555715742898e-02
-1.133108738029423135e+00,-4.802374115955532208e-01
-9.062892112789587840e-01,-4.219026696069931304e-01
-8.804845404448488067e-01,-1.162670045214296705e-01
-1.303001364157340802e+00,1.988020004195577839e-01
-1.503138656925158356e+00,1.982454073461265287e-01
-1.244165293295804275e+00,5.653454338418320568e-02
-7.689130044407358477e-01,5.129074359574053305e-02
-6.205407579882583624e-01,-1.956210525142841883e-01
-5.602687522489728789e-01,9.092470316639749209e-03
-7.761245207932699897e-01,-4.162853805999185974e-01
-5.170717204481276585e-01,-2.181187146000361232e-01
-7.159661014262070911e-01,-4.902344620361683836e-01
-8.604159831082729415e-01,-5.045203372640147954e-01
-1.136671536998772769e+00,-7.448074148717179765e-01
-1.226118234881594216e+00,-9.465565893318725887e-01
-1.226118234881594216e+00,-9.465565893318725887e-01
-1.226118234881594216e+00,-9.465565893318725887e-01
-1.226118234881594216e+00,-9.465565893318725887e-01
-1.226118234881594216e+00,-9.465565893318725887e-01
-1.226118234881594216e+00,-9.465565893318725887e-01
-1.145847286056410397e+00,-9.739439726930063657e-01
-9.798954781513508072e-01,-1.041784264555208894e+00
-7.759463209750955270e-01,-1.482157446663385780e+00
-6.031114599694644696e-01,-1.483021109651640579e+00
-7.415427604993177768e-01,-1.639893912630890682e+00
-1.144454814861317393e+00,-1.250506885088007003e+00
-1.325969438595593131e+00,-1.144784635078253343e+00
-1.180204825755050146e+00,-7.191537550614626184e-01
-6.873278950719898805e-01,-3.688884383203491213e-01
-4.195312339893736420e-01,7.098637163461590793e-02
-3.588554461400286222e-01,2.406930926401078807e-01
-4.358127757186615048e-01,4.239985749749645150e-01
-6.218869269415977508e-01,6.144975972776807183e-01
-5.311432104317916902e-01,8.166441991754029850e-01
-3.784392710421364825e-01,6.561993687871716663e-01
-1.144432784684794174e-01,4.392364731846112313e-01
1.703513937170183234e-01,3.666350260799012828e-01
5.253212490645580574e-02,7.156272085079901091e-02
6.155027334422335378e-02,-2.516541336800220963e-01
-1.409290454664192671e-01,-4.850189648467180259e-01
5.346379021241072227e-01,-8.881770300706445798e-02
5.309642770173543802e-01,1.696360596144486643e-01
4.597845136584665648e-01,7.860518420965391384e-02
5.694881086382357765e-02,-2.712108188823733612e-01
2.216250907964182060e-01,-1.452377269702488372e-01
-9.378839273637995522e-02,-4.581613374531131599e-01
-2.348183875384419195e-01,-6.089017632702954375e-01
-8.047921830198895288e-01,-1.362768734344146360e+00
-8.047921830198895288e-01,-1.362768734344146360e+00
-9.588791635706350736e-01,-1.432433933955878702e+00
-8.962986274231484751e-01,-1.036923846080922251e+00
-1.119721673682668728e+00,-1.211030080604716064e+00
-1.109886570013944196e+00,-1.115936404027630946e+00
-1.114431685198764566e+00,-1.001289433375537996e+00
-1.062198508591646995e+00,-7.427370934715410433e-01
-8.151650546514448425e-01,-3.682828293125797736e-01
-9.184484407072746048e-01,-3.137633448577449857e-01
-1.385476615905942399e+00,-5.811850347230768099e-01
-1.795670446901217687e+00,-1.344186532886061380e+00
-2.092983793792660308e+00,-2.305964962330864676e+00
-2.251413354971220304e+00,-3.308306769237092659e+00
-2.120341608001433009e+00,-3.874938506221298873e+00
-1.714781430162774623e+00,-3.859388270306805424e+00
-1.022184164007921003e+00,-3.043469066005927814e+00
-4.233133141676540534e-01,-2.124762662702404103e+00
9.118849673242447607e-02,-1.153232952342504447e+00
2.282048403851736351e-01,-7.295645435491430186e-01
7.061496337924025868e-01,7.051451565315379477e-02
9.883219885558252038e-01,4.372994306583614099e-01
1.115992784412649597e+00,6.836301812932298327e-01
7.036788059537624207e-01,4.250230997453425252e-01
3.450583539580949211e-01,4.169281076940482555e-01
2.880259952894493325e-01,3.378796842698258973e-01
5.792140192585043534e-01,3.880961870645955325e-01
8.843487720963083554e-01,1.311717832516700599e-01
8.617382744715681442e-01,-2.058939363408844314e-01
4.843561140527789521e-01,-6.319174407703710417e-01
3.070327610432083687e-01,-3.637452332897345153e-01
3.034522119079066660e-01,-2.415001367369280227e-01
3.736259828228578050e-01,-2.601939856438640897e-01
2.603221999435717526e-01,-6.337464091965964164e-01
6.341648490224126300e-02,-9.717703710554002061e-01
-4.092374364830703715e-01,-1.262342277741301366e+00
-8.055850990926459732e-01,-1.248224761057723287e+00
-8.576450009319457335e-01,-7.585780637220838063e-01
-7.761245207932699897e-01,-4.162853805999185974e-01
-6.275202585132003685e-01,-1.418331085162321537e-01
-6.610856801832214469e-01,-1.737732049742312102e-01
-4.463646831275960292e-01,3.600500057320263347e-02
-4.463646831275960292e-01,3.600500057320263347e-02
9.407932316333378342e-02,1.456407319305538794e-01
3.557909231002524125e-02,2.002747015375613560e-01
1.792289024216630056e-01,-9.002990612092381939e-02
-3.207967479265670940e-01,-3.933106608546605987e-01
-5.937718877593515243e-01,-6.255459973277114338e-01
-9.758162324734096504e-01,-1.081110373303668881e+00
-1.428948464929328477e+00,-1.936945929148314427e+00
-1.646959214580792974e+00,-2.751687946430767973e+00
-1.765967164119554456e+00,-3.158151166498759821e+00
-1.554266625591167905e+00,-2.796443989649240347e+00
-1.320401928476313547e+00,-2.061728628598395119e+00
-1.109157177848120845e+00,-1.242347516399102680e+00
-1.115121719106952014e+00,-5.299022497573908641e-01
-9.415837394306683095e-01,2.152821914912007584e-01
-8.466504157549158416e-01,6.633530895652528514e-01
-7.060613092216251330e-01,6.379735216979639523e-01
-8.391761298173715522e-01,3.259317693333189103e-01
-5.103087592112912629e-01,-2.247979010623764595e-01
-2.524424272134110359e-01,-7.547522173121786748e-01
4.420484429785379588e-01,-4.604501746255847405e-01
8.244477520185856667e-01,1.660841804160546331e-01
1.150474379416416282e+00,5.260756513733596540e-01
1.040024249302592185e+00,4.637714451971190477e-01
5.963143760651424818e-01,-2.875020195177117044e-01
7.235700328673809745e-01,-1.003111531131532397e+00
7.228792078176804470e-01,-1.200822930916071618e+00
1.244335984160886532e+00,-9.375900493410227465e-01
1.439996654973164647e+00,-2.130642611204190129e-01
1.890331406373461309e+00,2.270149751076590283e-01
1.853568342368571598e+00,6.836791453869770496e-01
1.608306584273725193e+00,7.715487583749162104e-01
1.020941139846404111e+00,5.740171327190916051e-01
4.790878119569851323e-01,-1.198157525571010885e-02
-1.408437912023513712e-02,-9.266385736818739949e-02
-3.187009551263139118e-01,3.273899984779905792e-02
-2.885440295625293361e-01,4.399742907279849957e-01
-3.529105174850859228e-02,5.314515176371615857e-01
1.006222472691556402e-01,7.437620974756651293e-01
5.763333996957327177e-01,2.032498175697468046e+00
8.359256082771114871e-01,3.873291471068931902e+00
1.296170963391773512e+00,3.849090881695768740e+00
1.335218611009823864e+00,2.693604633542121540e+00
1.907591434725401935e+00,7.165462349309735801e-01
2.273784316575360176e+00,6.504258915136528207e-01
2.601164202825065441e+00,8.165646690901591231e-01
2.253017900706599352e+00,9.592115515190494657e-01
1.623060583793195288e+00,8.141030505845705534e-01
1.240123292093747498e+00,7.105858937573418244e-01
1.185979337457311988e+00,6.122080110566963107e-01
1.628984835330578029e+00,6.788789559318252342e-01
2.123054253146538617e+00,6.046312818258834376e-01
1.942254734917472803e+00,4.943264822232413258e-01
1.667584608882778374e+00,3.547132742085697399e-01
9.901083974252669062e-01,1.788768160509598693e-01
8.108601192716360373e-01,-1.445655436556545770e-01
3.192540238650353746e-01,-8.472990639045585581e-01
-4.342545948783791548e-02,-1.147310328149343528e+00
1.671145615693815992e-02,-9.336504241684038252e-01
2.067696475293887282e-01,-3.344859343052766776e-01
2.376453202104182594e-01,1.265879970398929577e-01
2.090293263131222656e-01,5.180097966047731983e-01
4.507118900448096876e-02,6.876020096745060206e-01
8.609094017084159556e-02,-2.448228292935180073e-01
-9.029358165639135569e-02,-7.475382091895469427e-01
1.185056599557122309e-01,-1.143494179593554039e+00
3.914620429275940672e-01,-6.816627759624611649e-01
7.099377775197857066e-01,-4.625208896994472685e-01
7.979415201950579295e-01,-2.018592065373154554e-01
6.319026337730849763e-01,8.288048228648337012e-02
4.550895303864322949e-01,-1.043333900282580329e-01
9.330941753562581320e-02,-5.905300063486190049e-02
-2.549456926099141207e-01,-1.594687587743095769e-01
-6.876296445699369153e-01,-1.662772811793860050e-01
-8.306925146199124477e-01,-9.951838397579911011e-02
-7.243750485959272734e-01,-6.422625089247757657e-02
-4.928376354562697959e-01,7.983413435256467294e-02
-3.018319811040303113e-01,1.101977769837495236e-01
-1.765878443048043700e-01,2.250287474771235363e-01
-2.177716315386085122e-01,3.263514233225521810e-01
-3.256641534270672267e-01,1.253583935623747980e-01
-9.515789841387830572e-01,-3.303899283237880513e-01
-1.509098765602357339e+00,-6.468588643563322194e-01
-1.928710340945502422e+00,-7.554103578210054071e-01
-1.604767381466628118e+00,-6.584992618720020285e-01
-1.207643466028518242e+00,-5.145882813509587983e-01
-6.642260852659456205e-01,-3.133905078903282959e-01
-6.048623673152301317e-01,-2.903663617558624455e-01
-5.975578294408296909e-01,-3.209503229300713634e-01
-7.575522347923522304e-01,-4.802097391603706855e-01
-6.912724690114899762e-01,-5.062843611077034733e-01
-4.636988272895965491e-01,-6.066116257870738382e-01
-1.708099739269715034e-01,-7.074110865573681739e-01
3.027557496617292593e-02,-7.508312616271183293e-01
1.663303241379969488e-02,-5.669235352453271259e-01
-3.252669334289650660e-01,-4.581570042953315713e-01
-5.459002376323600636e-01,-3.515501552497629634e-01
-5.633440758204423249e-01,-4.034569140602461412e-01
-1.977009765923843365e-01,-3.056595850153998595e-01
9.212541451027208561e-01,3.567653075440846422e-02
9.649188918910613921e-01,8.476742916974676356e-02
6.378542579716813821e-01,7.008704867622598256e-01
-5.186922194986022250e-01,1.481254382685613491e+00
-5.239912738503937906e-01,2.387173098660508419e+00
-5.085728897623497113e-01,2.373672347159066387e+00
-5.622745844225049971e-01,1.540566896761655702e+00
-6.405991357034934719e-01,4.480440528935903943e-01
-6.912724690114899762e-01,-5.062843611077034733e-01
-5.593756863345134001e-01,-5.317775708745369201e-01
-5.069259569538743238e-01,-5.918263397130644199e-01
-5.509608132227191701e-01,-5.117098702230706841e-01
-4.076390375576170455e-01,-3.856090254182522048e-01
-1.648093227466132515e-01,-1.488386655756329113e-01
-1.470249629365037725e-02,-7.993977247162230293e-02
1.083837432585487426e-01,-1.572795717486726863e-01
2.258788272623644122e-01,-2.011525847953475332e-01
2.258788272623644122e-01,-2.011525847953475332e-01
2.790689731313608993e-02,-1.949142859031904873e-01
-3.405918091471274445e-01,-2.271758915913513199e-01
-5.147047872732964935e-01,-3.542471312910538406e-01
-6.912724690114899762e-01,-5.062843611077034733e-01
-6.630247270944050753e-01,-4.294741367459941617e-01
-4.621655640803457588e-01,2.246751097406320119e-01
-2.577975216814809012e-01,1.126244907989219612e+00
3.161368991922867133e-01,2.549990067220022638e+00
1.042440115351209728e+00,4.546728620069143467e+00
1.786183673632191216e+00,6.679783420832584362e+00
2.166916866480913306e+00,8.347585768688938757e+00
2.191614773409382710e+00,9.019883098256078924e+00
1.946160873664318336e+00,8.361810713196048184e+00
1.483466135101141115e+00,7.119344450464185847e+00
9.154272273940355920e-01,4.722489627089434094e+00
3.902892732554782973e-01,2.470300177831583621e+00
1.533547752484523963e-01,1.014574074940963966e+00
1.970252261413381889e-01,8.477649344825128885e-01
7.470009686249953762e-02,3.287153092696267764e-01
7.471293651403376757e-02,4.533913664461461934e-01
-2.207354330889197691e-01,9.239616578183542650e-01
-2.698044097288687659e-01,1.064727849620092259e+00
-3.596039400380839912e-01,9.218289517087162599e-01
-1.377202916273616295e-01,2.293335979686336179e-01
4.484773198395719529e-02,-3.643442060873765542e-01
1.234693158587849976e-01,-5.614094457607512467e-01
-2.048647896447466921e-01,-9.923974619511741757e-01
-6.016055776318205428e-01,-1.034842267351089751e+00
-9.200332974160385646e-01,-8.743873592869007005e-01
-7.759538461064457993e-01,-6.182763242062245812e-01
-6.912724690114899762e-01,-5.062843611077034733e-01
-6.481399774516705126e-01,-6.552613063389732817e-01
-7.465858075158783302e-01,-8.677797953370222084e-01
-9.499119212935280832e-01,-1.049695486888816642e+00
-7.642301707198063676e-01,-5.890153292742474900e-01
-3.613368417449188685e-01,2.451702200989906363e-02
3.555833182771614420e-02,7.889938302885877996e-02
3.083098082770626691e-01,-3.204077091711397124e-02
7.048299827774223703e-01,-3.295941916212498657e-01
9.180013881331329229e-01,-1.239835895794521303e-01
9.714647582109010582e-01,-3.219544002448661013e-01
7.320123284483526227e-01,-4.677377408165604988e-01
4.764727758483835451e-01,-7.126022839446586321e-01
-3.134504581963060144e-01,-1.091423046162876220e+00
-7.063157799191062125e-01,-1.204884940655852610e+00
-1.126185217637452718e+00,-1.345222249204087728e+00
-9.537599013977186013e-01,-7.703151201284236249e-01
-8.301650421866241247e-01,-5.040905100203079137e-01
-7.079341061610816555e-01,-3.485976705416322652e-01
-6.912724690114899762e-01,-5.062843611077034733e-01
-3.734643358220911535e-01,-6.786029850112645923e-01
2.178880248705965805e-01,-6.309743296036380844e-01
7.113522787740538256e-01,-5.284953362894964091e-01
1.418852051953818139e+00,-3.029114279461457837e-01
2.123772802703876028e+00,1.103766881144914620e-02
3.003523451098662811e+00,-5.286582154381659973e-03
3.353535586114778422e+00,-1.859230827381079809e-01
2.913494428398805347e+00,-4.984171228266147113e-01
2.473447854969479831e+00,-7.618414294779087825e-01
1.882606575092262480e+00,-8.767105902932108563e-01
1.725517727815225610e+00,-8.509925379857020689e-01
1.051498129072200083e+00,-4.083817347914898144e-01
3.528925201881544793e-01,1.947333161721551131e-01
-4.115850582809229552e-01,2.845882599252186895e-01
-9.220714102965893444e-01,3.509636401150768026e-01
-9.415837394306683095e-01,2.152821914912007584e-01
-8.466504157549158416e-01,6.633530895652528514e-01
-7.060613092216251330e-01,6.379735216979639523e-01
-6.614208796261928924e-01,7.865641891174839362e-01
-4.329334161505961065e-01,6.053070087683047884e-01
-1.832467455487048202e-01,6.472951646402121950e-01
2.458141305393090059e-01,6.890991574582783219e-01
5.998339817364015669e-01,9.193609105447001495e-01
8.160139334091216501e-01,9.667897209816788129e-01
8.555663500125705312e-01,7.889752088595773927e-01
8.130999737818325190e-01,6.521561744654273962e-01
8.130999737818325190e-01,6.521561744654273962e-01
5.098420230022837618e-01,5.090503426295379663e-01
-9.832450583079879909e-04,1.210202522360353389e-01
-8.640021741992108539e-02,-1.803095580940198006e-01
3.156269995654781280e-01,-2.698232444139631037e-01
7.578754004438367220e-01,-3.203026150093525315e-01
6.593872665955512469e-01,-5.620683769465032453e-01
4.212246466845020465e-01,-8.729857491000782010e-01
2.185162005168218846e-01,-1.052553599434910225e+00
2.185162005168218846e-01,-1.052553599434910225e+00
2.195174995990052669e-01,-9.151093763397137870e-01
6.729064005310134156e-02,-8.610443362976074599e-01
-2.892750359897647283e-01,-9.564781449974302241e-01
-2.507727282186402173e-01,-1.093010073824346895e+00
-3.272086613994860671e-01,-1.113181192205595194e+00
-1.743491841624972283e-01,-1.026571740994807636e+00
-2.667011649204515389e-01,-1.074978168761983044e+00
-2.269313036178405851e-01,-1.156172594232594664e+00
-2.916927836957331974e-02,-1.158891758345723888e+00
-7.735071262819065430e-02,-8.284798481807954529e-01
-1.056470585367991488e-01,-6.691804217901107243e-01
-3.366966644156257349e-01,-6.660035641711110621e-01
-3.940562696854680302e-01,-6.448225881223377254e-01
-5.274489907304955594e-01,-5.768953848599740475e-01
-6.695189361639438674e-01,5.709082443938402751e-02
-7.206068707952862917e-01,5.436913842856386792e-01
-5.466822229527367183e-01,8.854531066454461863e-01
-3.959583811654232566e-01,6.513401315471029074e-01
3.546319358044278669e-01,9.537501729950931262e-02
2.842175681589284575e-01,-5.168944689309645790e-01
3.154040053025854440e-01,-4.502339082241448853e-01
-4.103457230790488741e-01,-2.922045299109840011e-01
-1.026943051823239472e-01,3.270795464113855355e-01
-7.918362898097880409e-02,4.555186823130120688e-01
-1.021218359106208229e-01,4.740067745330244220e-01
-3.185030448812646853e-01,1.384975443037216314e-01
-4.775073682405834297e-01,-1.792141531106875851e-01
-6.563296256022421726e-01,-6.616622291666003353e-01
-7.553733441017652650e-01,-1.286132174329595035e+00
-9.399518610783352823e-01,-1.634949306959523563e+00
-7.530610196995803918e-01,-1.477423572119158868e+00
-1.139034573655603122e+00,-2.569344883068527707e+00
-1.213392231649921493e+00,-3.393785260313828545e+00
-1.411568991090547565e+00,-4.171975354365165423e+00
-1.382433241851175110e+00,-4.058566304282916093e+00
-1.207890476186287643e+00,-3.074338212988195984e+00
-9.232242811843257568e-01,-2.252583011246656941e+00
-6.826087880875386649e-01,-1.710718479526809332e+00
-6.430087081291603335e-01,-1.915125484430584279e+00
-2.285993880550627744e-01,-2.095835943139410684e+00
2.252205512347458249e-01,-2.239663553858353584e+00
6.254796580277283136e-01,-2.354755543826489550e+00
5.206821678542570275e-01,-1.534445229594595617e+00
2.972615351044879950e-01,-6.267792338629701865e-01
-5.051251059128218646e-02,1.294364696116511171e-01
-4.305335005317365710e-02,1.570681450485808817e-01
-1.446332856949503753e-01,1.242347056902256969e-01
-2.437845094454585138e-01,-9.525036151973399756e-02
-2.917123699047221019e-01,-1.702427754866387144e-01
-4.010060695933329589e-01,-3.888853638716142647e-01
-3.101915741509898017e-01,-3.815648561216185564e-01
-3.318912055900044011e-01,-5.212858023784894268e-01
-2.257258381931689650e-01,-3.191077550412035335e-01
-9.610434729466564574e-02,-1.165365904087117266e-01
-7.610549725398953452e-04,8.724088113513102372e-02
-5.455021723001205608e-02,7.792184723472508900e-02
-2.764288119248934500e-02,1.365008482458859029e-01
-5.486243737857022379e-02,9.098959434230205479e-02
-1.011039477960402611e-01,1.755943251480695244e-01
-2.059907531806546288e-01,8.657120106912249979e-02
-4.395906108615577068e-01,-8.920687315215612700e-02
-1.105656073577626186e+00,-9.499538098695431421e-01
-1.914451122911960734e+00,-2.023279323843679034e+00
-2.411978985028394362e+00,-3.012602718379612465e+00
-2.345961750256486233e+00,-3.744523036005525274e+00
-1.512793911627403842e+00,-3.338739344654187757e+00
-6.242942762884774455e-01,-3.336502055393533173e+00
8.257275784612878866e-02,-3.086731524307938290e+00
1.729400001893864613e-01,-3.258239875248241102e+00
6.911090628028028482e-02,-2.201653310514430473e+00
1.833269998705828741e-01,-1.245881281474435109e+00
1.897235409001135631e-01,-5.749990049195671249e-01
3.814924925415368318e-01,-7.137736015510075527e-01
4.544489157563164072e-02,-5.724920498826379101e-01
-3.239919594374063294e-01,-1.448571925636296664e-01
-6.515713805167260286e-01,2.370370566994087491e-01
-7.980005536752861062e-01,4.144412203101294767e-01
-6.224482701034754761e-01,2.885400521413857278e-01
-4.429000980299073187e-01,1.436758048362846152e-01
-3.651614963345040099e-01,-9.506605178053996463e-02
-2.917123699047221019e-01,-1.702427754866387144e-01
-4.010060695933329589e-01,-3.888853638716142647e-01
-1.099989316218447227e-01,-7.630617136574080472e-01
4.739052337951475402e-01,-1.247983517530617537e+00
1.339052268026095227e+00,-1.567834827268365316e+00
2.209184689230434540e+00,-1.466352760971962876e+00
2.590715095951203306e+00,-1.106775085377606382e+00
2.919822379261416412e+00,-8.629647091121640523e-01
2.919822379261416412e+00,-8.629647091121640523e-01
2.919822379261416412e+00,-8.629647091121640523e-01
1.968288585906812660e+00,-6.224567997473434700e-01
6.906535492716754376e-01,-2.946518600031750590e-01
-3.333236753561512611e-01,-3.235917964480840014e-01
-3.333236753561512611e-01,-3.235917964480840014e-01
-8.834124036774041455e-01,-5.396620812288803748e-01
-1.157630220415935218e+00,-4.606742192542699899e-01
-1.259121656811331258e+00,-4.389741408283360236e-01
-8.620572753926899479e-01,6.225507237791957915e-02
-3.528225934267048003e-01,1.615443194730937504e-01
-2.269219318499079707e-01,4.425103272986285474e-01
-2.882865762079701577e-01,6.517466084971303975e-01
-7.985674901227570732e-01,1.264422336608243214e+00
-1.040422210773528144e+00,1.645106237103544755e+00
-1.258492271706840526e+00,1.699913251942839265e+00
-1.090258732253071017e+00,1.404670756478065829e+00
-1.207840348120044593e+00,1.082605177203386004e+00
-1.306376654689599626e+00,8.771609223052577731e-01
-1.527408082434619452e+00,9.348720439982158847e-01
-1.203248028705050432e+00,1.194155129169759633e+00
-7.437774200783426881e-01,9.907371669914664114e-01
-3.398113895747854052e-01,6.915537180372882675e-01
-1.026943051823239472e-01,3.270795464113855355e-01
7.086774919828382757e-02,7.605718327687617242e-01
2.251421455677331540e-01,1.100276864008447708e+00
3.222270919437408843e-02,1.111596071412490838e+00
1.358501513876383127e-01,5.184611088261289469e-01
4.679393954212676676e-02,3.610040629316725869e-01
1.349758561220971986e-01,4.424275922861826693e-01
-3.026346232158240168e-01,7.911056531000824066e-01
-6.115590772069139369e-01,7.657762814690793896e-01
-6.748881570645164363e-01,3.605322337383211617e-01
-6.174903307501612426e-01,2.568739880329981018e-01
-4.854207506355712187e-01,1.992001133281603997e-02
-4.633095800420914401e-01,1.738953262924710086e-01
-3.392798079626610508e-01,1.485714034172506692e-01
-2.895211090099891194e-01,3.098677162370239158e-01
-3.592359669618699902e-01,5.330396433853270555e-01
-3.460322881524512395e-01,6.135679222328053184e-01
-3.658833611676503006e-01,5.801919041058417603e-01
-2.269947467109481587e-01,3.522099076115150496e-01
-3.967628384242462558e-01,3.872105988559936818e-01
-3.061373371738028148e-01,4.235412027606980101e-01
-2.372283290170432712e-01,7.572423714135806394e-01
-8.269012414213143536e-02,7.165696918607677990e-01
-9.784709200915500671e-02,5.233035777372029296e-01
-2.232137755259341050e-01,-9.481250023302481567e-02
-2.263618112824254958e-01,-2.956995499465119859e-01
-3.324738847448700518e-01,-2.050577253245803588e-01
-2.689313463782795899e-01,3.567266430227116203e-01
-1.630780157327930968e-01,4.194003845816395293e-01
-1.547865616828980329e-01,1.149559600007841409e+00
1.442395885268011879e-01,1.533079207179389725e+00
3.641812096636772855e-01,2.263772847403374922e+00
5.533853965111603657e-01,1.212432029778691689e+00
3.629492574064225874e-01,1.792595495575205755e-01
1.418170771241781258e-01,-9.015895662109365549e-01
1.805305308711461360e-02,-1.064578458354704660e+00
2.261787879194936384e-03,-1.053430198415074015e+00
4.913561051700703758e-02,-9.205173415446515905e-01
2.882525911224954607e-01,-4.167210545551686129e-01
3.640189220308400753e-01,-6.012362398393976681e-01
4.757032143181947337e-01,-9.047054142935161414e-01
4.829822886073793509e-01,-1.550759182598626440e+00
4.849499782193415487e-01,-1.693800831234685278e+00
4.425096572786044735e-01,-1.579809986816477885e+00
2.672415353140714656e-01,-1.024889543398636027e+00
2.124853542470322709e-01,-4.554851656992099929e-01
2.285535950438932762e-01,2.972124805073573031e-02
4.583277019995621870e-01,9.640637684433413235e-02
6.442026655274117886e-01,6.186575416507677887e-03
5.961188732913501598e-01,-1.799138795869910656e-01
7.652213473191874504e-01,-5.867101484279838575e-01
1.045513138435567813e+00,-1.110287899797109512e+00
1.273583035711612022e+00,-1.639105432916495353e+00
8.946330975470966340e-01,-1.893044364397660662e+00
4.316556631429334101e-01,-1.772605942431797255e+00
-1.320173931104519638e-01,-1.288991917167177093e+00
-3.825841048432284119e-01,-1.008772395445580949e+00
-7.602091965926958128e-01,-6.846044911984918713e-01
-5.157435949907096528e-01,-5.141499492916646874e-01
-9.629249785261534411e-02,-7.646508507117756592e-02
7.680476987990493554e-02,1.633646086027916999e-01
-8.735977991353099936e-02,3.669505225665974923e-01
-3.446165900314139274e-01,5.166752956403747321e-01
-2.550982730137685284e-01,8.563411283501183302e-01
-1.744635826892893260e-01,1.009618398118595328e+00
1.019930656400479529e-01,9.319483437109621349e-01
-3.260251288498699357e-02,1.311922424031257695e+00
1.615159060676829017e-01,2.238426596983890349e+00
-9.128220329800820210e-01,3.739639985271872913e+00
-2.249875695437866252e+00,5.341785875710994169e+00
-3.826004573899534300e+00,6.392538945443218878e+00
-4.585130196857793550e+00,6.992665106719156753e+00
-4.493318444493227481e+00,6.696858707162627766e+00
-3.513527086497864271e+00,5.455808937731659647e+00
-2.120827603311795873e+00,3.995455599744921926e+00
-1.125739699596834287e+00,2.331398505359218110e+00
-7.944182603465115289e-01,1.116234795613773700e+00
-1.003966012320527623e+00,2.499462636121965731e-01
-9.723653051161306182e-01,5.812726812945844673e-02
-6.859914082558351556e-01,3.257602255192782459e-01
-2.167948099486096403e-01,5.982715282176155336e-01
2.956881303001192007e-01,4.406450933985314733e-01
1.003411817431307140e+00,2.112609300286273084e-01
1.731599790260954563e+00,-1.050351347449222650e-01
2.096980547840876064e+00,-6.481370455171319156e-01
2.060459165647849034e+00,-1.208567335993987468e+00
1.633016260682715881e+00,-1.670423945092297302e+00
1.123783478611979358e+00,-1.789347619199071371e+00
6.462505681691584902e-01,-1.583096538119414420e+00
1.839643439241584189e-01,-1.133076316087754831e+00
-2.650408676523035578e-01,-6.612296520116335286e-01
-5.677119233931012809e-01,-1.823859464728653512e-01
-7.291752996985676472e-01,1.883480244304279738e-01
-7.980005536752861062e-01,4.144412203101294767e-01
-7.221513073144993911e-01,5.371747409016127683e-01
-6.535205956180427656e-01,1.587488825605479770e-01
-4.327521212651659899e-01,-1.209881732321241299e-01
-2.951406332995548110e-01,-9.303191638266252728e-01
-1.065758865038336084e-01,-6.791836155332285907e-01
-1.065758865038336084e-01,-6.791836155332285907e-01
6.828150153327786076e-03,-2.878447753782392149e-01
2.388278143827822150e-02,-2.545991882842258414e-01
1.617003402266505852e-01,-1.603998805569279706e-01
7.644515688911880658e-02,-1.828773323045037869e-01
7.644515688911880658e-02,-1.828773323045037869e-01
7.644515688911880658e-02,-1.828773323045037869e-01
2.431219212328722401e-01,-2.218093594365827537e-01
6.840433111452162152e-01,-4.718851083090553900e-01
8.535519261482581443e-01,-4.496902189145208784e-01
1.194215050896535013e+00,-7.709650002212041775e-01
1.478730330145541005e+00,-1.160508050938059865e+00
1.598318847402374177e+00,-1.368966971801356625e+00
2.096531077993605496e+00,-1.666780994432701446e+00
2.718356483586119143e+00,-1.773251676679695521e+00
3.064754889024804196e+00,-1.956551127720465022e+00
2.395963012907780687e+00,-1.400766006128294050e+00
1.656891518535726027e+00,-1.133357009462881315e+00
1.390493528528474299e+00,-1.244649645426462836e+00
1.662257687939057815e+00,-1.679010061064589943e+00
1.786518839682914583e+00,-1.850607762818750279e+00
2.024404185214036200e+00,-1.974831483211046068e+00
2.455852159185443195e+00,-2.091186037398228503e+00
2.422495528572030654e+00,-1.814422844441000215e+00
2.095131064513456653e+00,-1.240631293218265041e+00
1.456176530031916272e+00,-5.465596174254040429e-01
8.552178576834865709e-01,5.422299378247159504e-03
3.755480680010660488e-01,2.561035237218334260e-01
5.253816549487577703e-02,-8.684706705767115953e-02
-8.351320372885159132e-03,-2.423371464996291746e-01
1.230218770853026694e-01,-3.515671947819676291e-01
4.456896861682915767e-01,-7.331782124614171642e-03
6.559732395186991250e-01,3.839697944422974796e-02
3.417253843118489565e-01,4.154532844152478144e-01
1.421168979206564875e-01,2.872785485320222265e-01
-3.361746564108979429e-01,1.959106361724486101e-01
-2.770725023853731761e-01,-2.674307090777927609e-01
-3.844075798603636684e-01,-5.088721621065335210e-01
-3.378758144489586446e-01,-7.283556885207799203e-01
-4.306004469192542539e-01,-9.809486966470765124e-01
-5.235589442413887129e-01,-1.152323378324630720e+00
-6.725723096658612343e-01,-1.141881001953311658e+00
-7.588991853631700257e-01,-9.239125108458636770e-01
-8.870810777049569218e-01,-1.523367170936262005e-01
-7.761422533864705819e-01,6.982543646475449783e-01
-9.195563031029948542e-01,1.539406282200685538e+00
-9.197854585401593619e-01,1.964065034997587667e+00
-8.977735172058893820e-01,1.745927349106196846e+00
-4.654419247511154545e-01,1.824225059155625717e+00
-5.852975575596582047e-02,1.428258031790853755e+00
3.657757215286441266e-01,1.023520277166450665e+00
5.486797408182680913e-01,2.513741469570078269e-01
1.241211989230408763e+00,-3.666068952729701902e-01
2.029873440707332666e+00,-8.177084742591514965e-01
3.064752183540908614e+00,-1.533016026930436260e+00
4.470476569024167013e+00,-2.447892373372891228e+00
5.790198858764335377e+00,-3.394785449517996323e+00
5.116814517676402829e+00,-2.936099105044891466e+00
8.435432829058344240e+00,-4.232854746850763128e+00
1.116443746330120312e+01,-4.363964344637814463e+00
1.487389792107705944e+01,-4.544352150101657273e+00
1.717233206351298236e+01,-3.961096861885212039e+00
1.824476395285702424e+01,-3.162059966123953014e+00
1.773364684708593586e+01,-2.302441682830665748e+00
1.566593163807829114e+01,-1.524295691910805939e+00
1.230523097088295259e+01,-7.884881156752168163e-01
7.950415786440033550e+00,-1.226925774671785985e-01
4.166809049855892511e+00,7.271500552826785091e-01
1.636914173279140350e+00,1.521885968169917946e+00
8.279290894068691564e-01,1.559298869638800822e+00
9.885590612485545270e-01,2.071854204595444227e+00
7.325404980260182830e-01,1.574345164075166226e+00
7.304144744490203012e-01,2.279552797919617291e+00
6.159723900862948964e-01,1.755457835017872892e+00
1.070659157098732273e-01,3.373830938375375510e+00
-6.681535800213869170e-01,4.767233581089694638e+00
-1.636976491318750782e+00,6.475561405867821030e+00
-1.933939210869549008e+00,6.957497161763438243e+00
-1.670431854205377098e+00,6.317697385526914289e+00
-8.988882032254127408e-01,5.231474656414234481e+00
-1.179862508588679637e-01,3.332338662786597627e+00
4.766788850523128174e-01,1.608337458535200382e+00
5.428167638597487521e-01,-2.186495050696593556e-02
1.530905354718455347e-01,-5.489976520496449020e-01
-3.579659418589704600e-01,-1.195227289669610560e+00
-1.405764649926070309e+00,-1.278668344761672016e+00
-2.195458087964821114e+00,-1.142759044621564302e+00
-2.604579667029750745e+00,-7.921018651097845309e-01
-2.302878838340991496e+00,-3.599179137255466565e-01
-1.301319463644820429e+00,-1.004004105742811737e-01
-4.225802864747710795e-03,-1.091888649543862333e-01
7.144937583873844922e-01,-2.046487714354432164e-01
9.456542967198917626e-01,4.951427889513469460e-01
7.731988883790168465e-01,1.576597400126650950e+00
8.571951331989448031e-01,2.575796394504050291e+00
7.227806419793358916e-01,3.206719321214374752e+00
8.448810876319865493e-01,3.012625041272726900e+00
9.114201415911641346e-01,2.583644687790596972e+00
1.548605008975634911e+00,1.237005419674831685e+00
1.363316966274340070e+00,9.885285895813229751e-02
1.188635280442152498e+00,-1.174625908378295058e+00
3.431002754653516007e-01,-1.644466580008675072e+00
3.504240359013872930e-03,-1.664335610053824466e+00
-5.006920174988070960e-01,-9.737741518021663101e-01
-4.682311248189627295e-01,-3.175801434829016341e-03
-6.411939208139443291e-01,7.786942226566163638e-01
-3.067020183759473495e-01,7.552833479333636024e-01
-4.528577225534141659e-01,8.080772305042124293e-01
-4.528577225534141659e-01,8.080772305042124293e-01
-3.290178908913455880e-01,7.361038419477493600e-01
-6.437839083188598432e-02,6.427891334319922878e-01
3.357134861408054283e-01,5.040361162014628249e-01
2.605081290095634938e-01,5.061963117820099667e-01
2.328288581995384063e-02,2.507967416694831253e-01
-9.193978819139467240e-02,4.983564904717479593e-01
7.097015214311198916e-03,5.382152944467630817e-01
2.845719518734645126e-01,6.259012812304831641e-01
1.368999234748872751e-01,2.803962231013409356e-01
1.602047205347345571e-01,1.497248196849560120e+00
-1.654446391341760081e-01,1.646814147003780704e+00
-1.562387456539807706e-01,2.514492381241731689e+00
-3.199827801283634116e-02,1.969888386893750232e+00
3.641812096636772855e-01,2.263772847403374922e+00
7.290304946211706438e-01,1.467864600316702850e+00
3.991101015469201152e-01,3.812803682845722908e-01
-4.303018457716394768e-02,-5.498636732321389164e-01
-3.970422100806503818e-01,-2.787387332655675842e-01
-5.873208847634846519e-01,8.791514312029949374e-02
-4.237021540840796296e-01,7.514708363403546088e-01
-2.584967404310528072e-01,8.829274219401436197e-01
9.132197562557352322e-02,1.975619135893165179e+00
1.747296154849422301e-01,1.853140127628860379e+00
1.545347127559796585e-01,1.263310126009041801e+00
1.574023224783057673e-01,5.196893083634078758e-01
1.829174198475378224e-02,3.863550978059651086e-01
-1.685625072110849554e-01,1.017844808333649431e-01
-2.527319898713254465e-01,2.489956872503585328e-01
2.749220758688433394e-02,4.212289401164746594e-01
3.449346882635598299e-01,1.695849835453522747e+00
9.176081014949061254e-01,3.234654104616135228e+00
7.190416987758213585e-01,3.398178207318582000e+00
1.287544991419114382e+00,4.354548217543995570e+00
1.460635090944597758e+00,4.435047783545693179e+00
1.928910567199466408e+00,4.857122227041470452e+00
1.883682386314588841e+00,4.901985508618148302e+00
1.817122012776644757e+00,5.063435343687883616e+00
1.596188391990700506e+00,4.802023705176207358e+00
1.523466454682070648e+00,4.387729573993335741e+00
1.221643103977586575e+00,2.927724683233692726e+00
1.096645106034936479e+00,1.933118465628796079e+00
1.050116166791641881e+00,1.316504589176362483e+00
1.144469266451583866e+00,1.734599669024193158e+00
1.031854228338767943e+00,1.888813119620307068e+00
8.814238147487445385e-01,2.036608994510830328e+00
6.645401215348848423e-01,2.712908811163631473e+00
6.354446153674966347e-01,5.077676948446510075e+00
5.209180190925135623e-01,7.547344656108230687e+00
5.396320714132240015e-01,9.185413516790038813e+00
5.396320714132240015e-01,9.185413516790038813e+00
8.261318476614759598e-01,8.132956381892995523e+00
1.109966834861125795e+00,7.378952051528601785e+00
1.307243324752215052e+00,6.867652605814632771e+00
1.210773914628508141e+00,6.932700709956201024e+00
9.639670809123656037e-01,6.023123453062155797e+00
7.101662995223008146e-01,5.047060308223168867e+00
3.334597797984172329e-01,3.634499935835938444e+00
4.432156913268518045e-02,2.420510790755701525e+00
-2.157137531668526786e-01,1.665374987499795623e+00
-1.798954922291298719e-01,1.061555238229550113e+00
4.224376320782791561e-04,6.963549601509634313e-01
2.658172105483179171e-01,5.529608895104783928e-01
5.255841704369086376e-01,4.687279565268324677e-01
1.352822828099484509e+00,4.369414965496840053e-01
2.275505572291472323e+00,5.237502912584716119e-01
3.217597628771188045e+00,7.506191680859012338e-01
3.566899066738872914e+00,1.197163194315121304e+00
3.240899429732903680e+00,1.684889734023814922e+00
2.258182716444415927e+00,2.457750030133210029e+00
1.339579862957664069e+00,2.375563478337156642e+00
6.715543380399690010e-01,2.304231837092657553e+00
5.770936899324610181e-01,1.630340378222332909e+00
2.089897508502829848e-01,1.524164978155303274e+00
-3.559400631431349216e-01,1.052836474935950895e+00
-6.533894487760298908e-01,9.761360157795591075e-01
-5.429261799199558425e-01,6.958626759193881073e-01
-2.973542936980642093e-01,5.354637035496155884e-01
-1.026943051823239472e-01,3.270795464113855355e-01
-3.071030022820495087e-02,7.504571703136372340e-01
-8.502120306462107591e-03,9.869367531737514021e-01
-8.084903512618049626e-02,1.087298012807191627e+00
-6.850117093266555601e-02,1.163439775859312242e+00
-1.535885733871374115e-01,1.645465203179573566e+00
1.280971474658592069e-01,2.017338902382683763e+00
3.641812096636772855e-01,2.263772847403374922e+00
6.243148153742882345e-01,1.592244289597831264e+00
3.057893092450440498e-01,8.757519748249018576e-01
-1.508679496300064926e-01,5.204652565454465779e-02
-5.975578294408296909e-01,-3.209503229300713634e-01
-7.575522347923522304e-01,-4.802097391603706855e-01
-6.912724690114899762e-01,-5.062843611077034733e-01
-5.961466483967707841e-01,-8.103614838631827411e-01
-1.022860069864402477e-01,-4.902822982034061305e-01
1.637240758050866329e-01,-5.610612391460784165e-01
4.086604200518761387e-01,-3.629445886617226336e-01
-2.535014485076648172e-01,-7.115243591911176724e-01
-4.761494681522181471e-01,-5.377687426544637272e-01
-7.216414254581537957e-01,-3.833814167919062377e-01
-5.171335618484849128e-01,-2.270461079329403331e-01
-6.048623673152301317e-01,-2.903663617558624455e-01
-5.975578294408296909e-01,-3.209503229300713634e-01
-7.575522347923522304e-01,-4.802097391603706855e-01
-6.912724690114899762e-01,-5.062843611077034733e-01
-4.614504449460289925e-01,-4.183649457070327538e-01
-7.285806526006688433e-02,-1.246106505416532534e-01
7.561336488005152012e-02,3.294660796980300455e-02
4.866952089160777040e-01,-3.631393839744766899e-02
4.387148100519449034e-01,-3.483593398340400493e-01
5.714823861034352692e-01,-4.919580690397613032e-01
4.564492472636670906e-01,-5.631326105532679094e-01
4.924589763225044048e-01,-3.150354599875606065e-01
9.464353251263426525e-01,-3.494677659204016296e-01
1.551477812595370098e+00,-4.053528526809335730e-01
2.043861617273943221e+00,-6.124011334311222354e-01
2.187591436515077259e+00,-3.921363920354020149e-01
1.685587638998035986e+00,8.316334875059075427e-02
8.737135420511357164e-01,3.811680520165939279e-01
3.525641412909734096e-01,9.034969976422665416e-01
1.864753669751831044e-01,1.538858793419387139e+00
-1.696405127001735513e-01,1.728777485445877060e+00
-3.259685303144578272e-01,1.544911611139336394e+00
-4.279810874549035415e-01,1.266895960212210737e+00
-3.235997606334158894e-01,1.125361292839105687e+00
-2.295109306141017991e-01,8.713797886507934631e-01
-2.295109306141017991e-01,8.713797886507934631e-01
-8.685377808916719400e-02,6.932378865293020720e-01
9.923670103487200467e-02,5.879503972425236258e-01
6.609358272849356064e-01,-8.394006434921429463e-03
6.800024791227380350e-01,-4.205963645255138966e-02
8.688526011119126480e-01,-1.672798574795612003e-01
8.688526011119126480e-01,-1.672798574795612003e-01
6.498950359537274402e-01,-8.993139148856760245e-01
6.022107741965739836e-01,-8.432765655580394260e-01
1.140520945942737757e-01,-4.246345807351198931e-01
1.328857462474691831e-01,4.756745913184937669e-01
3.973752956157559080e-01,2.889005813272371714e-01
6.263404038250014461e-01,1.146029798773855746e-01
9.446514351378449970e-01,-1.201042965014179065e-01
1.567401692374262634e+00,-4.428029890725905249e-01
1.780614599467336134e+00,-7.400837205537499353e-01
2.014164183459668855e+00,-9.373828983068304144e-01
1.978586779878360291e+00,-8.964952791336675553e-01
1.773486394870190219e+00,-6.100802255254018647e-01
1.815365321866870607e+00,-1.513327306952948481e-01
1.966207787609744351e+00,2.492281224577737042e-01
2.378983464733888553e+00,4.006937517022862161e-01
2.478482138015071445e+00,1.794522414311048308e-01
2.038541827666128903e+00,1.979663472143507186e-01
1.136503024139238871e+00,1.432216236938967657e-01
1.931192144324764826e-01,8.345978450891506917e-01
-4.186130082075484315e-01,9.999010513017341228e-01
-5.337322018956938141e-01,1.767073401536998434e+00
-5.337322018956938141e-01,1.767073401536998434e+00
-5.810855468854423389e-01,2.338704549630720386e+00
-4.512830724791872528e-01,1.679303837449621861e+00
-5.810855468854410066e-01,2.338704549630723051e+00
