8.435658772895902047e-01,-2.714748518458080517e-01
5.790583589958117061e-01,1.864025794539210523e-01
2.136974448539298577e-02,9.235480627490142425e-01
-5.135020021480499741e-01,1.381214759667606984e+00
-1.020038298762434792e+00,1.347362289429332449e+00
-1.184800976770285175e+00,1.138004085857037717e+00
-1.034897990344989749e+00,7.720405328787982580e-01
-9.206468272984328349e-01,2.851099496503365360e-01
-1.017927744174653037e+00,-2.729601521306135870e-01
-9.266098002442179071e-01,-2.375806267139799755e-01
-7.132455564113514557e-01,-1.967985235557291879e-01
-2.716936436047349135e-01,9.248608738960537035e-02
-2.664710864688889513e-01,5.658815643222237651e-02
-3.841500303458570409e-01,1.165424055501552564e-01
-3.955764829722045461e-01,-9.259461926050216452e-02
-5.219511981200221085e-01,-5.129679378864081957e-02
-8.575176702210564050e-01,2.694918517778308598e-01
-1.795603201865818344e+00,6.407361312349652005e-01
-2.795695722008288975e+00,6.946339027157365509e-01
-3.389568018203329203e+00,3.340002558464546523e-01
-3.076460703751703107e+00,-7.348946980623867475e-02
-2.427970440493099957e+00,-3.370672653831115473e-01
-1.504800411978530539e+00,-3.078137339997985555e-01
-1.072139221685963095e+00,-8.389041934127014488e-02
-6.581825718217826360e-01,1.147342959274380847e-01
-6.724160127940731480e-01,1.812627210610633366e-01
-3.772920677983012672e-01,2.126997671141500623e-01
-2.345677709966126068e-01,-8.166572270885939094e-03
1.435036977271977043e-01,-2.904550674671262933e-01
2.253802539313529141e-02,-5.246352710579220702e-01
-1.294241906105597362e-01,-2.848476500328327443e-01
-3.108810786000416604e-01,2.593236231734990030e-02
-5.494161504734746959e-01,4.056206364726236968e-01
-8.032478024603204592e-01,6.887443439697719105e-01
-1.054584178573702458e+00,6.700572278424181683e-01
-8.651105506201224316e-01,3.204420563042748582e-01
-5.962598699799203095e-01,3.034704138604620710e-02
-4.253749912291655555e-01,-2.832128123365588723e-01
-4.252398145839591526e-01,-2.503979916891421187e-01
-2.557491489884063385e-01,-2.964926456068894822e-01
-2.379232542770577663e-01,-5.754135601026966890e-02
-1.175934912554967571e-01,1.263223136176575834e-01
-7.418930099530476885e-02,3.027814565014128045e-01
-3.504945795977793682e-02,-2.139166805863190746e-02
-5.686802509508345205e-01,-1.595926164497538102e-01
-1.167044241090499090e+00,-4.488454734552516645e-01
-1.608618684916359953e+00,-3.974791243727519574e-01
-1.616782922199710759e+00,-4.150012008275451580e-01
-1.185455478796535678e+00,-3.916370010149337055e-01
-5.573617634249552477e-01,-2.362734323427480576e-01
2.019821465067846433e-01,-5.777799658388533821e-01
6.983675102949924440e-01,-6.948064712095732842e-01
1.146769860803539043e+00,-8.928072071292477707e-01
1.788122055227242768e+00,-2.410837048990863707e-01
2.440086809289852887e+00,3.513349070507810201e-01
2.763266650584450979e+00,7.971562966261971361e-01
2.679332337255276197e+00,7.905052743793129499e-01
2.076074260657152504e+00,2.658234773720271615e-01
1.481843124727391769e+00,-1.579421693633035750e-01
1.091782908528375673e+00,-3.671514329245555985e-01
9.104990723856748458e-01,-2.830752092573035963e-02
6.354739472605477335e-01,3.725523195410461730e-01
2.838044745655863288e-01,8.303609188750614711e-01
-3.711118667209792419e-03,1.188863393464689056e+00
-3.809264949707513170e-01,1.224582180259218722e+00
-8.635767266490775862e-01,8.355379908657872834e-01
-1.375663236270604717e+00,5.629450631673291183e-02
-1.871706931091443149e+00,-8.228223830246143011e-01
-2.065278756967567020e+00,-1.406735574570540104e+00
-1.924766219660642985e+00,-1.476386120014502756e+00
-1.422825720859142606e+00,-1.138118709796932526e+00
-1.096550331762995434e+00,-9.216503016078112509e-01
-6.415889315383020985e-01,-3.760328887982952728e-01
-4.847388927715963747e-01,-6.372982498101613380e-02
-1.453024389331726007e-01,4.751753107846811708e-01
-1.519514795248925187e-01,2.266246401330817284e-01
-2.078630065409047545e-01,-6.716800422147271854e-02
-4.369451665963451914e-01,-3.648500268163666349e-01
-6.108360953033619145e-01,-2.281949179027401298e-01
-6.108360953033619145e-01,-2.281949179027401298e-01
-5.245464105508694796e-01,-3.243877162342708176e-01
-3.245692237334490970e-01,-2.731663617761437846e-01
-3.233948730647213665e-01,-2.283212514333665122e-01
-2.924579499622365075e-01,-2.751765839386544066e-01
-4.484024215371729682e-01,-2.911864994723054045e-01
-9.310264232727081257e-01,-4.426715738707730496e-01
-1.455615057993119965e+00,-6.209842988440649192e-01
-1.782245105762891413e+00,-9.176045349681859475e-01
-1.442090459377871836e+00,-9.549487575089823377e-01
-1.454971074356584237e+00,-1.165948336550774123e+00
-1.228841668265109099e+00,-1.122114641566668292e+00
-1.294344129752554418e+00,-9.120316799260562712e-01
-7.856750913506446166e-01,-2.829959198014390109e-01
-5.764250291961215966e-01,1.957528104504088484e-01
-4.824282231266469601e-01,2.763307788047789648e-01
-2.425452084164533839e-01,3.693181977014154405e-01
1.783008744058870720e-01,2.953313501679394326e-01
3.704561140619777593e-01,1.147766922305034076e-01
4.737233080023145471e-01,-1.529909688597891060e-01
1.244661109073199462e-01,-2.704345411380331687e-01
-1.393168037798464542e-01,-2.309120872015614501e-01
-2.240217868707738702e-01,-1.910504747352181204e-02
2.089886151782168258e-02,1.759307336503195540e-01
3.184526725682854664e-01,1.222077518552042164e-01
3.585643831825432448e-01,-1.901426325860837777e-02
6.080861818059141166e-01,-2.678688958802535325e-01
7.034415533872395709e-01,-3.297714988154384352e-01
9.314882393402855731e-01,-1.773536808108353291e-01
8.224488550583683999e-01,4.395336226226875809e-02
4.784209748839713394e-01,1.700719358350334942e-01
1.124550618640208111e+00,4.444601200580683420e-01
2.319323148206191121e+00,7.901312943295776270e-01
3.875858296363283717e+00,1.108548911056725261e+00
4.840396077870757097e+00,1.239738409792910723e+00
5.118831921365946336e+00,1.134392106842500025e+00
4.535849665322619018e+00,7.751041628275969764e-01
3.387076065167182293e+00,3.092542359457778889e-01
2.030517183138676351e+00,-1.886826370812959286e-01
7.829240627977546163e-01,-4.083187439204970515e-01
-1.397111010941740339e-01,-3.532564050859898774e-01
-3.691235855329524362e-01,-1.441424376372557326e-01
-3.370504906434681480e-01,-2.556499527642281389e-01
-3.370504906434681480e-01,-2.556499527642281389e-01
1.123361592982358437e-01,-1.410493350001169599e-01
3.884055426225159480e-02,-1.734579272158867091e-01
1.014910401790844047e-01,-4.177567913398037569e-01
-2.746270852644238092e-01,-1.141980537400442586e+00
-3.339100150629264463e-01,-1.715348235529098986e+00
-6.215638152301350416e-01,-2.136545306822597023e+00
-1.145505194906058621e+00,-2.017167421797441129e+00
-1.753210637347622392e+00,-1.440226314032502453e+00
-2.167043002373489902e+00,-6.922198317728353034e-01
-2.167595906533174688e+00,-1.453791131235982470e-01
-1.750048707556012051e+00,-1.808363847632457264e-02
-1.099649792498456513e+00,-1.148620406293512503e-01
-8.385858602764055814e-01,2.145101517614437792e-01
-1.330667528659885246e+00,1.023129943536500885e+00
-1.706369322445931092e+00,1.684188715530620550e+00
-1.914806938324371544e+00,2.030846123933713443e+00
-1.659315231102881150e+00,1.717518275738165068e+00
-1.243516625647280049e+00,1.084583548409597142e+00
-8.568283448729492324e-01,5.150393098102991063e-01
-9.063501784333432010e-01,5.801608846454553436e-01
-1.465381530208924810e+00,1.153541279982952972e+00
-2.132547789221431955e+00,1.909277256834557956e+00
-2.235082505277695031e+00,2.202594910927617278e+00
-2.045068028767397017e+00,2.042865366380777203e+00
-1.441751115522058813e+00,1.268238828185278333e+00
-1.045859541704549533e+00,6.301660671702608019e-01
-8.965668135514353043e-01,-1.457424135014615853e-02
-9.906371877713410212e-01,-5.233169807817839025e-01
-1.298767263038090425e+00,-6.589900130080270646e-01
-1.585255099101365195e+00,-1.035042477706607622e+00
-2.283006385370787150e+00,-1.546290270779828502e+00
-3.253522372008931907e+00,-2.055128647589044455e+00
-4.262900108545919053e+00,-2.138095174917013619e+00
-4.875082263950878847e+00,-1.724561230313975679e+00
-5.059949800332346648e+00,-9.625639378925199274e-01
-4.346137358606283918e+00,-1.493565139317367674e-01
-3.938293533402004609e+00,7.506930672951576122e-01
-3.441221220856985230e+00,1.492561585350082654e+00
-3.273751286661010340e+00,1.956830910353750452e+00
-2.560210154583938191e+00,2.081373634137415163e+00
-1.683556056780958654e+00,1.777546908453708330e+00
-1.269634826631094837e+00,1.409436774372905488e+00
-9.772351399106888881e-01,1.248352056306152980e+00
-8.225336813946200198e-01,9.200451862569203332e-01
-9.326892547884566564e-01,1.005185861433252947e+00
-3.804308336644384725e-01,2.808646866314300494e-01
3.742102331316982666e-01,-2.776015328962911366e-01
8.772234776286143010e-01,-7.939333180632788256e-01
1.361950206930210516e+00,-9.357440792732921730e-01
1.708685991767617596e+00,-1.004011353959058495e+00
1.909926030957378229e+00,-6.267573094113942922e-01
1.807617920378724818e+00,-4.743942865249897167e-01
1.272967317337090565e+00,-1.715781277545891381e-01
6.630413906972312255e-01,1.742263769533474727e-01
-7.797413745101429774e-03,2.146040953468956181e-01
-3.815477474844220507e-01,3.617600886997595633e-01
-7.734762775369209420e-01,3.941280567526724843e-01
-1.045340884258211034e+00,7.286775063068137159e-01
-1.065414003767316986e+00,4.953809343822054845e-01
-7.953026593188381455e-01,1.559804635449894006e-01
-1.094633788992843554e-01,-4.166815774363089031e-01
3.514851201520698964e-01,-6.464925979322366789e-01
7.652868762846684048e-01,-8.885761334966021385e-01
8.025849452085964675e-01,-8.893533597653264788e-01
7.313170418907715131e-01,-7.409906149868920044e-01
4.535702074916120319e-01,-3.463830531297869553e-01
2.599512759635146456e-02,1.301225026849104627e-01
-4.966388535304234186e-01,7.928791730969960705e-01
-6.756491949133222041e-01,8.144012324429270588e-01
-9.807757739177439538e-01,4.089961769122703039e-01
-1.341570445299939962e+00,-7.554699836455402995e-01
-1.326334014974262621e+00,-1.007859338624341072e+00
-1.082514152048031697e+00,-1.134265663102498767e+00
-5.613256383115399206e-01,-7.467587483413221650e-01
-5.182505013927322102e-01,-5.555046742339054822e-01
-1.021373080050925086e+00,-8.540795754967476228e-01
-1.554288385010491380e+00,-1.241688660209612660e+00
-2.685557905168790338e+00,-2.267397901523968695e+00
-3.790566554191602044e+00,-3.248580622228897319e+00
-4.735250433627746780e+00,-4.165570224316972769e+00
-4.740108926701854131e+00,-4.359032478168759717e+00
-3.982228513129079328e+00,-3.913371912258122531e+00
-2.571083498287387137e+00,-2.955195730049377634e+00
-1.335089798328053634e+00,-1.806830039993926329e+00
-1.812365928202591681e-01,-1.005038204538585056e+00
2.791236315291846237e-01,-1.580580313890843636e+00
6.691127072739089243e-01,-2.809762765379172578e+00
8.515059250243042221e-01,-3.981302761030147241e+00
9.457022454509749210e-01,-4.289742606326360175e+00
9.167135886325462613e-01,-3.803770178043532013e+00
7.086723932577284613e-01,-2.484206167062946058e+00
6.683526958169394572e-01,-1.612746736663881242e+00
6.815399993956930969e-01,-1.132877200688126251e+00
8.275263924101622370e-01,-1.470727210511392213e+00
7.588824298632683707e-01,-1.357889296847516469e+00
6.175314885795337716e-01,-1.110422130672254148e+00
4.259469611058404048e-01,-8.438925105913870350e-01
6.967330543204060603e-03,-6.434249617752878514e-01
-1.689104959669215644e-01,-6.660469569490945485e-01
-3.862298884348626116e-01,-5.548590702909049766e-01
-1.477724413811949411e-01,-3.243124161778498382e-01
3.196923781667972836e-02,-3.760821861663222743e-01
9.181672086668174471e-02,-4.975226788038979442e-01
-1.412411849650688778e-01,-7.355704014477535413e-01
-3.884308518543667654e-01,-6.853926680576363228e-01
-6.536134249179886835e-01,-5.227698060323261453e-01
-9.569939386985112373e-01,-3.676952924275146972e-01
-1.165598851280418291e+00,-3.257987581296621915e-01
-1.111016545347374596e+00,-3.263049896401999939e-01
-6.235685016611275389e-01,-8.213193536904053182e-01
-1.084207474135728960e-01,-1.193532730814236276e+00
2.376456080309212737e-01,-1.346018947138863497e+00
5.340049255831204045e-01,-1.031050888874755600e+00
8.951313938812422988e-01,-8.605139371618630850e-01
1.316408052172425514e+00,-8.557427889178461644e-01
1.325306487444606329e+00,-7.418497187715037411e-01
1.027270038090229320e+00,-5.225953819138405843e-01
5.771830702768903087e-01,-3.193756822079774627e-01
3.280639615224130723e-01,-3.348416657531771978e-01
9.552525617827993532e-02,-3.080880820651779040e-01
-8.077681789712827520e-02,-2.219285721852360116e-01
-3.774862661350432136e-01,2.834424174543736519e-01
-3.868125293138113818e-01,3.913729067280239393e-01
-2.978354860194600273e-01,3.204415390732897467e-02
-2.560404185207509897e-01,-3.432766948744289670e-01
-2.752635465079630306e-01,-5.112619153174935427e-01
-5.811227937617069461e-01,-1.781760105608290179e-01
-4.600405626335945519e-01,-2.074278500802651248e-01
-2.715835167120319582e-01,-8.614184358068924796e-01
8.834414864813461277e-02,-1.492298330778442539e+00
1.479067344680746188e-01,-1.819204185080051550e+00
2.994576181514781998e-01,-1.392908204740857192e+00
4.182481864312405095e-01,-7.118452334367582068e-01
4.048205317665745651e-01,-2.476879286805924174e-01
4.297009664290737940e-01,1.263742725776149989e+00
4.423276165874419075e-01,2.846114691294272969e+00
5.368600793903177681e-01,4.201453059499574039e+00
4.813913405726701344e-01,4.306007338723928157e+00
3.550337978815049089e-01,3.354872495126167031e+00
2.190007814338310876e-01,2.131924500408621803e+00
9.790794460390236931e-02,9.640531932126389369e-01
1.698551384118762997e-01,-1.473098108726816069e-01
4.325738163614735732e-01,1.853293582286698049e-01
6.795919380339197069e-01,4.332118303755217448e-01
8.105969365205506483e-01,6.458558076402912684e-01
6.710154822833143129e-01,3.368554149667598030e-01
2.916143531838866210e-01,-1.551669446795639340e-01
-1.149939076157224793e-01,-3.619336667636168237e-01
-3.524831296813129566e-01,-1.913102723513323000e-01
-4.376237059981488153e-01,1.542262698457198822e-01
-4.450933831167867560e-01,1.909156226766395292e-01
-5.027840431420249612e-01,2.709866561993894418e-01
-5.191780610004044227e-01,2.729316466234525396e-01
-5.692981901762660391e-01,1.702191812529139092e-01
-6.751945816018278812e-01,-3.746737242361970754e-02
-6.744044464661436145e-01,-1.379111969716706187e-01
-7.685936941076939588e-01,-4.410698185661173221e-01
-1.148248476055395928e+00,-7.030634397052487605e-01
-1.693809936769824720e+00,-1.144441220096668710e+00
-2.023253050228324135e+00,-1.506888097308686447e+00
-2.176255346842565164e+00,-1.940115194512795460e+00
-2.059118836368081684e+00,-2.047574633896259488e+00
-1.925863256619681607e+00,-1.852862983605120917e+00
-1.245318150024627535e+00,-1.284416572765322284e+00
-8.639819451595907029e-01,-3.546061614749814184e-01
-8.399417090404804886e-01,4.946086383207169979e-01
-1.080413596111741370e+00,6.889879703221425400e-01
-1.005463933143847299e+00,4.045425782540096882e-01
-5.509640596851436145e-01,-9.551718187507341959e-03
-1.890744814176783528e-01,-6.685331540569115771e-02
1.171501391914691187e-01,2.083214381869957776e-01
7.138537522463390961e-02,4.071234532430356712e-01
3.510743354454885501e-01,2.265274927283478512e-01
5.500982374560170474e-01,-4.227919079828953292e-02
6.761807328959955621e-01,-1.449988291673807161e-01
3.177449823657816363e-01,1.175190211104812782e-01
9.026916577814725340e-02,4.015692593757445028e-01
-8.183138877299452885e-01,6.107485526812401755e-01
-1.978479193923424528e+00,7.315166534726642578e-01
-3.075103120256732492e+00,7.726792944533579233e-01
-3.160807786398707631e+00,6.947367733056218908e-01
-2.306611255154216611e+00,5.592056277925345764e-01
-1.297335418994529421e+00,4.157991448216334929e-01
-2.631531449425640323e-01,1.423780800672246605e-01
-8.558054208409196506e-02,1.125442498050908124e-01
4.896631516373446680e-02,4.855252533213531146e-02
-1.634652286465816118e-01,7.693240734654205326e-02
-1.159624087385763835e-01,-1.603453671966604266e-01
-3.013295595238130523e-02,-2.155987314980502001e-01
-7.587600326819297913e-02,1.561826450862610349e-01
-4.253900729019626237e-01,9.718735063439738475e-01
-8.870573772187608785e-01,1.760830736469276347e+00
-1.079063611523011224e+00,2.008544778903693206e+00
-1.115732452754093273e+00,2.070343184602349229e+00
-9.491289613378053325e-01,1.808070518296998941e+00
-6.683289901964368784e-01,1.415667514025573448e+00
-3.376098752354409482e-01,8.903565173666163624e-01
-1.249525522836713448e-01,6.064933730717687599e-01
5.248030905022656178e-02,2.624993516146121308e-01
1.226221057190762659e-01,-7.602493437658301711e-02
2.531633303690723480e-01,-3.242022279771674675e-01
1.763560252517627491e-01,-1.757665763191570973e-02
1.983585241975014124e-01,3.000002242884173831e-01
1.474223995502758067e-01,4.194098990535363169e-01
1.177692050377561334e-01,3.214833484561332999e-01
7.965751479126483015e-02,-1.653919382499108859e-01
-6.657388298375728486e-02,-2.445502774245748301e-01
1.604598793785414271e-02,-1.879818582264007332e-01
5.542984692182063577e-01,-1.248209950208367947e-01
8.800862613489195407e-01,2.792855794615206610e-01
8.956906936122558394e-01,9.858336369031007740e-01
4.158947471318460987e-01,1.678955971268635272e+00
1.627040238523125293e-01,1.421667019580754809e+00
-1.033106093490710337e-01,8.455633832829394514e-01
-1.517351095637583247e-01,1.296814014349719768e-01
-1.120904402330942518e-01,-1.267114800728978974e-01
-1.831227681464676904e-01,-5.155768046443905961e-01
-3.337486850324095644e-01,-5.932901068359877073e-01
-4.402961724520827458e-01,-4.390467185201689659e-01
-1.264266712500533851e-01,-2.924351270513713130e-01
2.104230366864763557e-01,-4.962914717891317995e-01
5.118217604195373083e-01,-4.671253815943480214e-01
5.841346197492689463e-01,-4.928174360671194187e-01
5.650165589016412637e-01,-4.684498316804268647e-01
4.106654578780467579e-01,-4.998750376410232565e-01
2.722731958105296668e-01,-3.093165321314913507e-01
2.649948943872780238e-01,-2.829825063051603085e-01
3.806205313070543661e-01,-4.227725993201740806e-01
3.979678256633766287e-01,-4.915433620646286195e-01
9.616274440085781361e-02,-2.844144956930284573e-01
-1.789734774039487830e-01,-8.090766826532079514e-02
-4.732071963973085715e-01,-1.245658887808316906e-01
-5.966054062669078339e-01,-3.723855257429739551e-01
-7.302864038172163230e-01,-5.397657829757631642e-01
-7.575559432342926502e-01,-4.317425539647187782e-01
-6.732954505943022916e-01,-2.624923561560038032e-01
-5.810979231780936116e-01,-6.382169889027450305e-02
-2.645500806731210242e-01,-1.525809948953872897e-01
5.644839920590665611e-02,-3.132449848725616937e-01
4.632603618078103280e-01,-3.791042300346367244e-01
3.330522430044559612e-01,-1.078214502213950196e-02
-9.881889212727926197e-02,6.088290546508186019e-01
-6.524003292236714158e-01,1.102306185119030113e+00
-1.053115007271147929e+00,1.421791541662757119e+00
-1.167729905869493878e+00,1.369997923677027885e+00
-9.196305571380547494e-01,8.980360137336703685e-01
-6.282917940613760299e-01,4.328673135125124527e-01
-4.271484470954666768e-01,5.991764426012783328e-03
-3.778539268503897652e-01,-8.180649545257803745e-02
-6.641693584238747561e-02,-1.341444968261554238e-01
7.830496116304894727e-01,4.662122253669415683e-01
1.963653209455486381e+00,1.454390117446847208e+00
2.497931546404212000e+00,2.190538403988516514e+00
2.704572107555396787e+00,2.476754001073762979e+00
2.008894800983489937e+00,1.727364565000311769e+00
1.459518677684585430e+00,1.118977669538664399e+00
8.584914424515701636e-01,2.844497797433751529e-01
6.747522462680449751e-01,5.779654680663165456e-01
2.870642837252466717e-01,9.210689415790102030e-01
3.605868868301567720e-01,1.635248336604739672e+00
4.376180962419926046e-01,1.894010711716897166e+00
7.372350519413065628e-01,1.820910532121231107e+00
6.137039369102245123e-01,1.375845805618938877e+00
1.025093732280943248e+00,9.843435664284690967e-01
1.561515091473010042e+00,6.001758096459226532e-01
2.366188559739807573e+00,4.359599557406923509e-01
2.534853739911013815e+00,8.300822434212720702e-02
2.349147829762749939e+00,-2.638740963127987338e-01
1.674180850063444081e+00,-4.597839285316315805e-01
8.929321989714458230e-01,-3.868461093509867332e-01
2.962365385052837530e-01,-9.513322050402717167e-02
1.971496058463476087e-01,8.125037385035643878e-02
2.005110866197540309e-01,1.345116439115845441e-01
9.466730290696588612e-02,1.898812177725316130e-01
-2.253875892142972737e-01,8.070665419852626754e-02
-4.342554912222748031e-01,1.036932257382013195e-01
-5.633311276967257752e-01,-2.828509389445751920e-01
-5.611478124485218544e-01,-9.871014967909034210e-01
-6.257898156691824587e-01,-2.042923148668799538e+00
-5.636669142346432126e-01,-2.660049441369343182e+00
-3.201363124454680853e-01,-2.640791229690593767e+00
-1.044158040004379041e-02,-1.956964701574078980e+00
3.881520529678771370e-01,-1.495514286040850349e+00
6.827697379614614537e-01,-1.049289881454812168e+00
7.605207458913583185e-01,-1.067503287025753478e+00
6.839647042979519753e-01,-7.324524528336504581e-01
4.123623801962650326e-01,-6.791142899063934424e-01
1.130273628145433140e-01,-5.884301583464409680e-01
-4.873664964597296256e-02,-5.840237492439230849e-01
-9.509215271658094659e-02,-5.001266486954497603e-01
-3.928857035913127516e-01,-3.326760314622600467e-01
-1.244663924130418486e+00,6.732256466243763393e-01
-2.435905327769738893e+00,2.385630270016390497e+00
-3.711689943653768253e+00,4.861415960503923550e+00
-4.711600868328597258e+00,7.497619680909172857e+00
-5.377485896293860534e+00,9.868422740249611635e+00
-5.651129976927812493e+00,1.144270168810831123e+01
-5.492568391784875992e+00,1.187010377848457132e+01
-4.807977170051561444e+00,1.088323809065444969e+01
-3.679394315630879042e+00,8.795064389668919347e+00
-2.162896804370506132e+00,5.552932233526281181e+00
-9.164633514428186523e-01,3.139173724706180391e+00
-8.188492967818072898e-02,1.371772334379059322e+00
-2.193681151943848162e-01,1.203431838461959336e+00
-5.553752312086401854e-02,4.090083946257853098e-01
1.102766177150393684e-01,-2.716747913728744801e-01
5.958625930807475157e-01,-7.173256255357559619e-01
7.703991534695373566e-01,-8.297247653891495212e-01
9.732262774950434236e-01,-7.608256858663348110e-01
1.089938997848620472e+00,-4.834938931577008603e-01
1.889184669698703134e+00,5.090776683832344551e-02
1.594631118337724862e+00,6.935453620029319310e-01
1.073364672248498630e+00,1.128620523365202466e+00
-4.314177593156444113e-01,1.543510358318917364e+00
-1.095118233664124752e+00,1.576931356411658047e+00
-1.113234875494775844e+00,1.312057587995483887e+00
-1.655872646094716627e+00,8.744835993830727405e-01
-1.135837155334310955e+00,2.039382405875468651e-01
-1.082660211486863977e+00,7.938895191030193033e-02
-1.507266311471510967e-01,-1.892216377458475762e-01
-1.971103203534909920e-01,-4.222708867054075776e-02
9.763896673709519802e-02,-1.731546927484944598e-01
5.503231047011606369e-01,-5.755987763608942306e-03
5.272548515207646780e-01,-1.259443888659726729e-01
1.378932190994111850e-01,-2.840938204435114467e-01
-4.146254937317809253e-01,-7.822154074656076927e-01
-1.038132971974108587e+00,-1.264443716902125203e+00
-1.196549742793802995e+00,-1.288177181212683875e+00
-1.191291794075487909e+00,-1.186332720578308741e+00
-7.937931303582563825e-01,-6.009472764104002440e-01
-5.574058375591373071e-01,-1.975286068188445709e-01
-4.075780910890376973e-01,8.137030211581901262e-02
-2.848233166463249866e-01,5.613008329042429301e-01
-2.747555623679270864e-01,1.170428354936960957e+00
-1.794238900859685126e-01,1.499721921859303420e+00
-2.067010203459156148e-01,1.060400654724730218e+00
-1.900393519532062869e-01,5.241431997468256609e-01
-5.545792614173180451e-02,-8.672394436228676728e-02
-2.304383387655067617e-01,-3.964381193622789068e-01
-4.137571253893310708e-01,-7.456950899183263370e-01
-6.900844172907137919e-01,-8.815274967424749919e-01
-4.968040909798980276e-01,-1.046507875091766460e+00
-3.374011272496919567e-01,-1.180094771768546380e+00
-1.483766311144529004e-01,-1.094604224502938150e+00
6.115905807546723541e-03,-1.294895169096042187e+00
1.707629235163029835e-01,-1.625438777615170860e+00
3.140267032216221277e-01,-2.115458968282979857e+00
4.878893497208566798e-01,-2.041918251086030978e+00
6.284318939538428017e-01,-1.711293882534165922e+00
6.134258543755775062e-01,-1.188891783824015613e+00
6.758221447811511018e-01,-7.309317117372913231e-01
7.319588051554913877e-01,-3.901589298622784030e-01
6.502351151366243531e-01,-3.071842685404807538e-01
1.801867755774226310e-01,-1.219789952932818083e-01
-1.741801915530107048e-01,1.930299439755854682e-03
-2.595452684677166943e-01,6.260455461457366255e-02
-3.745882545552231546e-01,-1.166906344476777158e-01
-3.124854492834777675e-01,-1.941467769814951283e-01
-3.848942817552881979e-02,-2.053342068406067145e-01
2.930401126905225473e-01,-2.201465280983268546e-01
3.965773929656131180e-01,-2.763380488080978692e-01
1.980196085108307247e-01,-3.447543046840956804e-01
-4.381809523461314623e-03,-3.620111466907307007e-01
-3.758614721231199329e-01,-3.653317858422578945e-01
-5.372518815044436957e-01,-9.317570615048330340e-02
-5.221612872645470249e-01,3.846456690614854512e-01
-1.880432551711647138e-01,3.384174729310427954e-01
1.104532988063697957e-01,3.438352867445117894e-02
5.000692148332115394e-01,-3.980952663034092454e-01
7.422353143491629002e-01,-3.473879363157800770e-01
6.600083569932782002e-01,-9.833238940307272025e-02
4.595395994762209169e-01,-5.830453660620966982e-02
3.150259979542366362e-01,-1.216763094327505124e-01
2.441445730530384939e-01,-5.383270362760975702e-01
2.527450781764634113e-01,-6.035178924597783823e-01
1.787639135077180030e-01,-6.215367166109916353e-01
2.313812968535143288e-01,-3.433239518814563129e-01
1.440367498232920061e-02,-1.305540169164361164e-01
-5.227103246842371501e-03,9.893971412362552453e-02
-1.802647539174514202e-01,4.346185263977266899e-01
-2.467480772281916424e-01,3.624774620376555179e-01
-2.996895662403067928e-01,5.746415936629613030e-01
-3.960414583478139711e-02,5.051056607451636093e-01
9.306872566506363409e-01,2.466434493386737425e-01
1.154691163085331596e+00,-1.586103994189567712e-01
1.084281588131224217e+00,-5.226287636977599016e-01
1.083169087966142918e-01,-4.300160945808646495e-01
-2.467340266960948644e-02,-5.119396555756278167e-01
-2.961258500095493296e-01,-6.599231018227587064e-01
-2.785476169235103772e-01,-7.249601176883347931e-01
-4.792202462494601911e-01,-5.960339775344212221e-01
-3.752186832017482820e-01,-3.699329813272151379e-01
-3.374132704351202605e-01,-1.333708473315788068e-01
-2.187717598825875964e-01,-9.222278314326608217e-02
-9.213656318596821770e-02,-2.167311472126360605e-01
9.370305874098554255e-02,-2.972982130638840981e-01
5.783642255647565567e-02,-3.158573984515236077e-01
-8.694127411940169581e-02,-1.944009697745248400e-01
-1.233790965621570784e-01,-1.126139288814128059e-01
3.198976355463915844e-02,-8.972937520633796071e-02
3.198976355463915844e-02,-8.972937520633796071e-02
5.895828037295814950e-01,2.075205853831924019e-01
1.438128975983086200e+00,7.850056354623226040e-01
2.463888956191803370e+00,1.541078281890704060e+00
3.021775352440919882e+00,2.210394156588468828e+00
3.414955338147198649e+00,2.704500087833311639e+00
3.425886731570129129e+00,2.904493385044766729e+00
3.425886731570129129e+00,2.904493385044766729e+00
2.648010220620241828e+00,2.509954298222583535e+00
1.699516351890867805e+00,2.178274705750979479e+00
8.471418814420264010e-01,1.737484656544298289e+00
8.471418814420264010e-01,1.737484656544298289e+00
8.432559522871682089e-01,1.113580667810317060e+00
7.198244245285471132e-01,4.187519880960765550e-01
3.623072682074397477e-01,-3.073014144291503214e-01
9.365816124208188598e-02,-2.461811026990579077e-01
1.698790586897852561e-01,-1.197794248185978377e-01
4.839377261089418125e-01,7.015780047270506747e-01
5.781819353089128199e-01,6.622030277489864281e-01
2.360868979002050949e-01,6.827394779282044412e-01
-2.708683300294352225e-01,7.620292174506444749e-02
-2.695361135866874980e-01,6.436319070180788193e-01
-2.560560354754346513e-01,1.497987761532803219e+00
-1.732698356681310337e-01,2.193789265559398682e+00
2.894118128894566239e-03,2.243030581432289061e+00
2.326880042439093410e-01,1.392603028933621978e+00
4.047306721301788812e-01,2.775747113329978810e-01
2.411289407703402776e-01,-6.622142527163173975e-01
4.959151259195567207e-01,-6.985716377552800838e-01
6.410399624603814184e-01,-7.313125414242258593e-01
1.123009038393193881e+00,-7.172431994003970468e-01
9.481899797793467144e-01,-8.313740428644258440e-01
8.562266928566329982e-01,-8.386802661687666749e-01
2.605773248119648278e-01,-8.639994011762451853e-01
-3.252874939239377289e-02,-6.909270801378829541e-01
-2.689413855519510732e-01,-5.194491632439659501e-01
-5.976588253793243544e-01,-7.144607825375612897e-01
-6.747462956032254100e-01,-8.035699069202736355e-01
-5.561689359758843487e-01,-9.001499356575752842e-01
-2.627986398160516712e-01,-7.403081548649717014e-01
1.033593522138131215e-01,-9.391808924968485517e-01
3.361767769926432559e-01,-1.138941785347818314e+00
6.862619347926406377e-01,-1.536262006729473883e+00
1.018048090431860286e+00,-1.617065356352415550e+00
9.665225362333017545e-01,-1.596227276345671076e+00
7.925875972784455215e-01,-1.327632703833722116e+00
3.470115411292462593e-01,-9.978056186437291863e-01
2.084818338042757346e-01,-8.352879911322290685e-01
-2.142569145955825274e-02,-5.853920037915261165e-01
-8.684416009271286874e-02,-5.385213644193729277e-01
-1.463190271102745854e-01,-3.604862445503325685e-01
-1.440178781375687500e-01,-8.451096512812966699e-02
-1.319437153126648554e-01,-1.248714505142687753e-01
-2.216401894250438209e-01,-2.214144617197355558e-01
-1.489376737304139720e-01,-3.839239213832834063e-01
-1.008125664336062405e-01,5.329799396200204237e-02
8.223372648330326551e-02,3.833381804898405160e-02
2.709384759491944017e-01,-1.020457084971784500e-01
3.730223035925758213e-01,-8.179485060739584146e-01
3.880755790198272548e-01,-1.052580488809357284e+00
2.438292457680844016e-01,-1.092935819655872498e+00
4.005115257569779041e-01,-9.796940729545761117e-01
3.881814265010418707e-01,-7.192678311549194348e-01
4.361672979187287136e-01,-7.255037060623565903e-01
2.119303463584888692e-01,-9.870397620548418960e-01
4.674950695591995609e-01,-9.854353988083659477e-01
5.715501246564665960e-01,-1.102101900930858136e+00
5.715501246564665960e-01,-1.102101900930858136e+00
1.497002907565041785e-01,-1.144197572102015226e+00
-4.749146781511298654e-02,-1.395904824440622694e+00
-5.530137969257413466e-02,-1.528360348830451354e+00
-5.826470328878903537e-03,-1.677454787738654973e+00
-3.331650747373420263e-01,-1.828771996328098171e+00
-7.763811540698297708e-01,-1.791948459186800680e+00
-1.088470208854345200e+00,-1.735938635655631668e+00
-1.204319692432476163e+00,-1.313653067561348475e+00
-9.793768111325567016e-01,-6.623839743040441652e-01
-6.729551243403349980e-01,-7.707174119680332280e-01
-1.602667104345952276e-01,-7.202216611047748129e-01
3.463125905837541874e-01,-9.113644088519740061e-01
6.681283102423218878e-01,-5.551375116348035155e-01
1.118456251980821881e+00,-5.151989907856713291e-01
1.394657588278798821e+00,-5.637467988176724232e-01
1.407986495709546038e+00,-6.045841675234528978e-01
8.582939749856440814e-01,-5.119893373707429252e-01
3.150792710070599023e-01,-3.850034838757339650e-01
-1.440178781375687500e-01,-8.451096512812966699e-02
-1.319437153126648554e-01,-1.248714505142687753e-01
-1.517314334804979736e-01,-4.855674276475724915e-01
-8.465769130258482544e-02,-6.324297430317245006e-01
-3.826339373186390946e-02,-2.109324252207544492e-01
8.223372648330326551e-02,3.833381804898405160e-02
2.709384759491946237e-01,-1.020457084971790745e-01
1.195228317436999532e+00,-6.780102124600903002e-01
1.153887246282943702e+00,-9.256875606300127846e-01
1.036035083253786571e+00,-1.260777236229462694e+00
-1.980756541690394945e-01,-2.110891780586235722e+00
-8.200476550423755340e-01,-2.990615951688929464e+00
-1.192479557840095739e+00,-3.590852500222824872e+00
-1.214593291772294581e+00,-3.506604727371767094e+00
-8.432366144684247944e-01,-2.880176683982031527e+00
-5.002329301303964915e-01,-1.830035896064694523e+00
-1.702670254749858725e-01,-9.301429744385543152e-01
-1.508191266327043589e-01,-5.472661373434024590e-01
1.031125679093591457e-01,-4.420524429776496178e-01
2.092741689501740332e-01,-2.345962774247357385e-01
2.947395046257421103e-01,-1.948654981352941074e-01
1.034293739070062806e-01,1.183853712261002111e-01
2.681843828804957985e-03,3.333683249665247983e-01
-1.670957434481410223e-02,4.675813538165441430e-01
3.915589459656807630e-02,2.103105453014036674e-01
8.078558102201052749e-02,-5.162238169693635914e-01
-7.178254741541721488e-04,-1.068965868605796787e+00
-2.864509775641741959e-02,-1.025715182095434663e+00
-2.677170587711164007e-01,-1.476250061320418250e-01
-7.912605445167343599e-02,2.363294022264302296e-01
2.322557115067277744e-01,2.062299108815073279e-01
8.573621814480103520e-01,-3.604483144920990756e-01
6.482379468222094765e-01,-3.897052349507198477e-01
2.856583852344607988e-01,-1.231255288855591518e-01
-6.909944492809920458e-02,-1.655434475942458017e-01
-1.705813177225572186e-01,-3.565053254898947060e-02
-2.222834233902877266e-01,-1.366239802429075889e-01
-2.707257315146736620e-01,2.362673889060899479e-01
-2.288957448612928824e-01,3.965814841629594079e-01
-2.016716840417960011e-01,4.927001299762069908e-01
-2.367091550112081499e-01,1.720328432502399862e-01
-5.271658063308251041e-01,-9.275685101087238760e-02
-5.937018028965473926e-01,-1.536754081308223108e-01
-5.556409073118059316e-01,7.553738326030230710e-02
-2.767121854361149769e-01,2.259477965730153082e-01
-1.217772725665725309e-01,1.947857535608163437e-01
-8.912118291212625665e-02,5.627025327305586883e-02
-9.394032774201956093e-03,-2.624065676517843559e-02
-1.435171626261672051e-01,-6.683594452022164623e-01
-3.778260085170134230e-01,-6.672656658780327099e-01
-5.656307644755346198e-01,-6.263530464301270140e-01
-4.617686904813554372e-01,-2.309869037142469328e-01
-3.873712680290278820e-01,-1.721028911329159361e-01
-3.944463684806735482e-01,-2.503437965040685720e-01
-3.365471096990912403e-01,-2.720432028589246931e-01
-6.208138161310697983e-02,-4.144306435690215951e-01
2.453124622083541762e-01,-4.979487583687426389e-01
4.286748080206274625e-01,-5.453702962933401066e-01
3.418314647099219283e-01,-4.967733229293117558e-01
4.065310635063301148e-01,-7.512027944016715919e-01
3.742504472143266536e-01,-7.698893428364667058e-01
3.220964089644008932e-01,-8.124530063213321052e-01
2.778342436606335425e-02,-5.298332304202361120e-01
-1.053404514955314369e-01,-4.955902918759634845e-01
-1.699642160118990941e-01,-3.033434321290326974e-01
-2.796918161438806394e-02,-1.679327161702865723e-01
-1.391422031579794272e-01,6.767610770639644058e-02
-7.028631061414923609e-02,-1.067265668810348372e-01
-2.315009695132294321e-01,-2.046896876910754004e-01
-3.276258723067926315e-01,-5.652274625914668338e-01
-3.373286773075288569e-01,-6.716599740815643038e-01
-4.213935968940628052e-01,-8.247091217181140577e-01
-1.883578629226335677e-01,-8.951124698999481932e-01
-2.007441788927333270e-01,-9.217573899349463806e-01
-3.173890628720017759e-02,-1.204233346695836371e+00
-3.130329171179124098e-02,-1.201122153748936938e+00
6.605494072094431068e-02,-1.264833732167867320e+00
9.729591167307430344e-02,-1.032432604791442943e+00
1.966305437642413834e-01,-9.825215599485597195e-01
1.856160756711441526e-02,-6.038857325990707459e-01
5.202137430398669909e-02,-4.226769619387780730e-01
-4.540847361836426906e-03,-3.099563678794381438e-01
2.181477313919648608e-01,-4.795792532413237219e-01
1.897683959034885126e-01,-4.277077560076298912e-01
2.403562557246821940e-01,-2.705056175634954485e-01
2.160039329963923116e-01,-2.676253412891736461e-01
2.147655240324014003e-01,-3.760538145388318543e-01
6.208673821625496775e-02,-5.675166621768056308e-01
-5.762016779647554515e-02,-9.809195028451453968e-01
-9.063428306440664273e-02,-1.197960587011244638e+00
1.997741311205925852e-01,-1.263981859245031147e+00
7.237614958191561643e-01,-8.337218075779873061e-01
6.497334029483479156e-01,-5.207898224684072153e-01
6.363142274034206958e-01,-3.424846674963714088e-01
-4.381809523461314623e-03,-3.620111466907307007e-01
3.330689138389074655e-01,-4.999025928808029096e-01
4.962112111723689933e-01,-6.572823870860000639e-01
6.681851609072739784e-01,-8.314659021409428474e-01
1.040402177771708514e+00,-9.589256772585826871e-01
1.384430553084782467e+00,-8.615472186542573185e-01
1.680985173402901545e+00,-7.417057732737817322e-01
1.508306332761284674e+00,-5.421378518387846013e-01
1.052687713730827923e+00,-4.927227972116693389e-01
4.588143254568031182e-01,-4.771537400833760212e-01
9.324682039249966581e-02,-5.220765115750342078e-01
3.060697423951685286e-02,-5.131089032216635815e-01
-2.480828716388968572e-04,-4.257532882256576112e-01
-8.697726595257004867e-02,-2.257075675741723741e-01
-1.370578721434234926e-01,4.308395795565662934e-02
-1.682707764171484377e-01,1.751212117404054858e-01
-4.720649563121181308e-02,2.367615560163919830e-01
5.896407268314775296e-02,1.940580460033185795e-01
2.193655296424399104e-01,1.934886199162720033e-01
3.282298852434429315e-01,1.424006553799854746e-01
5.163466840231387689e-01,1.355518240605712299e-01
6.870706123882985850e-01,5.527937713423758392e-02
7.196300340890057212e-01,3.499730637207660866e-01
5.643070890622722269e-01,6.554802809250765971e-01
4.476450147370468757e-01,8.882728147110348083e-01
1.499070259145355299e-01,6.071281618199056984e-01
1.449293377321476117e-01,1.523062187249884236e-01
1.131323197651245005e-01,-2.737319076055566569e-01
3.373685052765976744e-01,-8.661234960538792826e-01
2.562267774826563205e-01,-7.364350184149263123e-01
6.186037129675539536e-02,-9.934058255929467673e-01
-2.210073456638797507e-01,-4.005490445651732068e-01
-3.678525398533566415e-01,-3.179489843195131837e-01
-4.335358846199534044e-01,-1.156295943666116322e-01
-6.801664824408519827e-01,1.149296537905154653e-01
-8.960537317819096126e-01,4.025424059088534290e-01
-7.783128264081800030e-01,5.410278935778731757e-01
-1.543177644912670843e+00,1.576889812224859133e+00
-2.529840622317023335e+00,2.600539897030378800e+00
-3.631555635240478974e+00,3.694380454192739638e+00
-3.630598704111523745e+00,3.661886468895739544e+00
-2.941576641088583521e+00,3.000203645670699082e+00
-1.587701667086828472e+00,1.764367439917307934e+00
-6.897706840023423158e-01,9.849086047894133333e-01
-4.550912854348079795e-02,4.356320750569824263e-01
-1.357830427901414450e-01,4.431138795546981646e-01
9.546182207452335103e-03,5.517103436631455304e-01
9.601082880341615944e-01,1.253561042049010865e+00
2.068292475816298825e+00,1.992683843039976033e+00
3.449424884827524185e+00,2.561852407687076116e+00
4.182523560790795791e+00,2.578475188961964371e+00
4.006940209257788155e+00,2.026617851452705565e+00
2.853756679867801793e+00,1.151746008524912490e+00
1.532876110580871698e+00,4.123196305267048389e-01
2.326198355747246260e-01,-7.309739423144226422e-02
-2.420057269537406464e-01,-1.680133673251643089e-01
-6.731272819566584964e-01,-1.212078383643184348e-01
-2.206638212567786916e-01,7.040744138487460557e-02
-1.610656214981711493e-02,3.217247239816997118e-01
1.306087650702014991e-01,5.702649629518226349e-02
1.781035270018954397e-01,-1.713097591856801161e-01
1.374839774779165746e-01,-5.007140192733912087e-01
2.177888339816825558e-01,-5.458440270630615654e-01
1.629648390565663612e-03,-5.502990855510003776e-01
-8.419474939973947691e-02,-6.224626645060846730e-01
-9.311351935905279875e-01,-5.377798609674303565e-01
-1.052395445021956366e+00,-6.086354294426458145e-01
-1.026507802523540569e+00,-5.907122651592180418e-01
-1.211138520050187434e-01,-3.847967671495959308e-01
2.409815032740815766e-01,-1.474029560034731123e-01
5.235575106139627177e-01,1.508138077865020521e-01
3.444190930380434668e-01,3.943613366954774047e-01
4.637010198575889364e-01,5.736654892394580374e-01
5.549625159903640581e-01,5.593693940657472607e-01
6.240483554652732634e-01,8.153213148688746859e-02
6.708075840882535834e-01,-1.954671782123386103e-01
4.243125471397709014e-01,-5.038851150164461723e-01
2.021350150264610568e-01,-2.801416739299270042e-01
-1.834809890394132892e-01,-1.063504968975250431e-01
-3.915059008701178289e-01,1.983546076707539407e-01
-5.455153805362824571e-01,2.273661301166360338e-01
-8.315364198305928989e-01,3.152745695044409935e-01
-1.087399515814030604e+00,3.474999074099220930e-01
-1.089961115384587842e+00,5.133348720430984669e-01
-1.123371142717059179e+00,4.227798804837548108e-01
-9.923131274338327090e-01,2.332364659240976634e-01
-8.279732281119002169e-01,4.363435776335735511e-02
-4.782647044128909841e-01,-1.527673463117034669e-01
-2.657206926176867295e-02,-2.435560589996981218e-01
-2.657206926176867295e-02,-2.435560589996981218e-01
-2.657206926176867295e-02,-2.435560589996981218e-01
-2.665627768563385014e-01,-2.273029240364909109e-01
-1.836520319235767640e-01,-2.550630126417619548e-01
-1.122315039760904409e-01,-1.643886462826335826e-01
-8.655024267375063807e-02,-2.423004337214614001e-01
-1.404940918363185853e-01,-1.671591920821588195e-01
-2.398998382160604306e-02,-1.921677425457231914e-01
1.092904471416712708e-02,-1.282059863692633084e-01
-9.216031036676272659e-02,-2.264432591013096074e-01
-2.585611627035143134e-01,-2.798039436887464482e-01
-3.490638160657206224e-01,-1.886525329222396019e-01
-1.614992728583610204e-01,-1.397726250756269328e-01
-9.993366804013589788e-02,1.773516823792095076e-01
4.682955905642192246e-02,3.984142739944244727e-01
-2.561599259532669759e-01,8.391459002926564548e-01
-8.231636738683797416e-01,1.357012585740882349e+00
-1.343559862825032925e+00,1.422324081249694450e+00
-1.473671319487454445e+00,1.576304309937408332e+00
-8.076762002187617417e-01,1.151514680720252093e+00
-2.796881683053717982e-01,9.607004314808915701e-01
6.652391171999760822e-02,4.957599873538138802e-01
6.652391171999760822e-02,4.957599873538138802e-01
3.955298944535657335e-01,9.823705181435137268e-01
1.080410330609460567e+00,1.109051414168841676e+00
1.863100084242667265e+00,1.095401135338110121e+00
2.315167344527818916e+00,7.491141843400586087e-01
2.417280770703322812e+00,5.706915718622821432e-01
1.918228707211572237e+00,3.539230528561533862e-01
1.856589931524539550e+00,4.175186686864200691e-01
1.947534623902750006e+00,6.286354318822577891e-01
2.389269087668362435e+00,1.012516197690301656e+00
2.148653959192952989e+00,1.275763007311708552e+00
1.449915811685905664e+00,1.363823890712180242e+00
6.027106827735571049e-01,1.378475740532622451e+00
-1.433083337903383048e-01,1.223654886477404835e+00
-4.156750926775003574e-01,8.490817975287694441e-01
-5.824564325062056014e-01,4.518584124852806361e-01
-5.586349299260524592e-01,1.506231910393813489e-01
-4.913015230815387380e-01,5.229105275737130909e-02
-3.996234965963336994e-02,-3.044689138170195153e-01
2.595355408525670815e-01,-5.233333034113341053e-01
3.785267098806440189e-01,-6.099399239892006053e-01
2.060733953298545668e-02,-5.231073305902186332e-01
-2.032150416652873937e-01,-4.736346321572839080e-01
-3.672433298705119475e-01,-4.001419607389695154e-01
6.820748791519674892e-02,-5.913100466190547300e-01
1.372728884099129743e-01,-6.377210054563978714e-01
1.335998362302024123e-01,-6.693436007795154907e-01
-3.204650880284821146e-01,-4.737084793628268953e-01
-4.412920181813071996e-01,-2.887884055432726055e-02
-3.751076512811546970e-01,3.185112293300785269e-01
-7.103420653699538123e-02,7.446418991428594980e-01
9.811488744722640654e-02,6.180261160304104662e-01
2.122544223159813226e-01,8.325174410147566650e-01
1.795927561732401923e-01,1.124492046337208118e+00
2.095160717821729218e-02,1.207984613892856052e+00
5.022449484186519708e-01,3.002371631897957194e+00
1.528783024956089864e+00,6.292940886596684713e+00
2.608395679539831313e+00,9.616874570718570325e+00
3.456335645267068379e+00,1.222032902635030993e+01
3.740201763574496407e+00,1.310649724702981267e+01
3.813741469956552610e+00,1.326109588879105061e+01
3.541601049759107056e+00,1.240095085678172282e+01
3.075735701397770416e+00,1.058365139417676737e+01
2.459505357956027538e+00,8.111616956414296808e+00
1.842151257511749352e+00,5.279521524821968015e+00
1.062244065780816760e+00,2.595615071250078287e+00
4.100634365132135306e-01,7.974238086960671046e-01
-2.164271598638516092e-02,3.590156143824618784e-01
-2.767333672605727379e-01,3.179549962677937214e-01
-5.055976010226829187e-01,2.139765833458945610e-01
-5.834887535235846467e-01,1.070786434320139952e-01
-5.207517848809286587e-01,-2.860471922504580558e-02
-5.565744924875828392e-01,-2.183173979911906537e-01
-8.870902552334947178e-01,-8.020582585548737820e-01
-1.494560583515803120e+00,-1.646474628553577402e+00
-1.902995742695184234e+00,-2.475372477765043211e+00
-1.914782785830833056e+00,-2.827290663296115003e+00
-1.549294963644482825e+00,-2.644234637593069870e+00
-1.219660458363512223e+00,-1.961892948010842908e+00
-4.898070781107756178e-01,-1.273465612518762669e+00
1.442285391924216231e-01,-8.299546934352456384e-01
8.341800533289341901e-01,-6.950229874076953029e-01
9.336124790536785012e-01,-7.785663497964171453e-01
9.516958258338507060e-01,-4.188482820218928926e-01
8.216028142061478912e-01,-1.899390318917419107e-01
7.435037964180222225e-01,1.996521641209281217e-01
5.211934243197633432e-01,1.105162143441750927e-01
1.537207450701573996e-01,-6.355966609881830154e-02
9.111299339009018561e-02,-3.531002513094324557e-01
2.481285199327767921e-01,-6.310696145250587197e-01
5.642621414950489411e-01,-7.710890755882119363e-01
5.967224113060216606e-01,-8.780442483246988505e-01
4.974503748631362576e-01,-8.009530799893763708e-01
3.707342903624277763e-01,-7.589449875793309319e-01
3.201660448349048504e-01,-7.506460661670133483e-01
2.302544613825840414e-01,-7.231873549202766371e-01
-3.348446353588886704e-02,-4.027519289497493160e-01
-8.855870135073955207e-02,-1.155471542004437302e-01
9.781993108730085984e-02,-2.650164083956576544e-01
6.305447458691141316e-01,-6.473469243641455373e-01
7.721579176067101535e-01,-9.173295900395693758e-01
6.688438593379504304e-01,-1.078074467415268911e+00
4.277791885036991149e-01,-1.381991960240912531e+00
5.384298587611324738e-02,-1.593388467412478748e+00
1.094409338807643545e-01,-1.471036874486482793e+00
1.435955173757658410e-01,-1.722618554465392693e+00
4.359640100285154252e-01,-2.042889624110401758e+00
3.169759420105280334e-01,-2.352771052361006809e+00
2.226272834758730723e-01,-1.934887470031499523e+00
3.299005563765589066e-01,-1.468495793208932865e+00
4.565152547232405600e-01,-7.752453986844652922e-01
6.731071377013222445e-01,-5.388431309440421257e-01
5.838873799061814474e-01,-2.905786237125490001e-01
7.902673030337141746e-01,-3.613213503802940596e-01
1.504960605708776766e+00,-4.542894156685399198e-01
2.145233505968901611e+00,-5.925851677756267533e-01
4.900792302041634407e+00,-1.152580675185140624e+00
8.618877911407377468e+00,-1.803148155769810579e+00
1.303237295596780498e+01,-2.333003185162009441e+00
1.580604301691347757e+01,-2.299003835251046013e+00
1.677607346314133352e+01,-1.757296568821360871e+00
1.555287836738902563e+01,-9.024814584968916531e-01
1.264762348616149978e+01,-1.234397070707306115e-01
8.494950175496985167e+00,3.823477326800072684e-01
4.696778170208349756e+00,2.794080435426182230e-01
2.029897276710908027e+00,1.562222652444581958e-02
1.138614883213811435e+00,-3.469006251235794425e-01
7.499000217528747347e-01,-4.492486542750098732e-01
4.591289026476270685e-01,-1.093459017818155576e+00
4.727729874697875756e-01,-2.357369036067450629e+00
3.936713167061930418e-01,-3.835205861758737900e+00
2.218614149579487549e-01,-4.730520144694684070e+00
-2.272187538105319843e-02,-4.380403285550087844e+00
-1.718420400407491000e-01,-2.982599417710455114e+00
-3.027951440354628154e-01,-1.466222986658069605e+00
-3.920432476906830499e-01,-2.411775684474595505e-01
-4.170280764535591600e-01,-1.283576584274025989e-01
-1.578642897439916370e-01,-3.753933116575526308e-01
6.801748081141979763e-02,-3.358704258494789596e-01
1.042472656209568194e-01,-4.232532970870087063e-01
-3.504945795977793682e-02,-2.139166805863190746e-02
1.179415759964740421e-02,-9.677570497314108566e-02
1.737554365814770185e-01,-1.169848907117801429e-01
1.958762457859519190e-01,-3.651683540350523782e-01
-9.965388051475050288e-03,-3.021690223237043504e-01
-1.869134327208185065e-01,-2.927547822160870283e-01
-3.342952015332496529e-01,-1.059791378534404999e-01
-2.134183475397374574e-01,-1.312749265128924925e-01
-8.875308778679456834e-02,3.319211197476418795e-01
1.582366500739645077e-01,9.716687157482726839e-04
2.803347782091061835e-01,-6.740043737359456555e-02
3.399121478587578959e-01,-5.527946119331502706e-01
2.267279088899790962e-01,-4.066593785599037503e-01
-1.647494304274464347e-02,-8.637163766398871234e-02
-3.850103308517253131e-01,5.905296733005226395e-01
-7.343368395112078728e-01,1.231391136701135425e+00
-9.606425248605436895e-01,1.498568436245242053e+00
-9.649699922927092999e-01,1.334799399311479506e+00
-7.274215540251818268e-01,7.292673076539798460e-01
-5.041018761753945920e-01,1.424092309822773683e-01
-4.381506137039558602e-01,-4.389025910509808392e-01
-4.471769702680106762e-01,-2.964885274873191312e-01
-6.065488695191714186e-01,-3.193471145891563778e-01
-5.666183329081202480e-01,-8.357476282664789979e-02
-1.716709434619870578e+00,-4.203057664702192220e-01
-3.019168489746273831e+00,-6.714376612749343165e-01
-4.346577581754151431e+00,-9.657004790243113312e-01
-4.817570364453985121e+00,-1.148724672759857013e+00
-4.303690725816903928e+00,-1.152673005069356327e+00
-2.970560038915285528e+00,-1.046309118856360909e+00
-1.679849654739529630e+00,-8.245897482088531127e-01
-8.236512376323409379e-01,-4.325069565990021792e-01
-7.628100547727409975e-01,-7.152476641405099145e-02
-7.989050978229066402e-01,2.106927856433396876e-02
-7.643202094621990295e-01,-3.415642490337474080e-02
-6.145917203219878333e-01,-8.764714000157167173e-02
-1.817980659236219931e-01,-5.995143681081913090e-02
1.713816977878577716e-02,-8.986326241980430174e-02
-5.260317102625550884e-02,-2.222368550370476536e-01
-4.739730950985207580e-01,-2.711375807269102434e-01
-8.108905061479760867e-01,-4.444551118958061098e-01
-1.044519170238776162e+00,-6.152091926611557016e-01
-9.754177048286241103e-01,-7.538071855476511374e-01
-8.987349285624348649e-01,-6.902861789544429971e-01
-6.711352121092436507e-01,-4.577629514981180203e-01
-6.091014311192523012e-01,-2.383053850037266108e-01
-2.908496597326062916e-01,2.271583955293705603e-01
-1.300881176868783073e-01,3.657415621852770915e-01
-3.280702167679500764e-02,3.628959232445491678e-01
-1.293895365781566609e-01,-1.358684465526133200e-01
-1.599683749287618972e-01,-2.726997689337941622e-01
9.838401105828710469e-03,-1.177396662308561881e-01
1.330893032774734253e-01,2.198698287922310757e-01
2.063031271454617566e-01,1.316519019185265760e-01
5.382123895650198914e-03,-2.170923211998891655e-01
2.319124660576708241e-01,-3.379549580949828824e-01
4.575658219163795115e-01,-1.878924410833705816e-01
8.750346259090725498e-01,1.858712038674780742e-01
7.171433100346805700e-01,2.450439312487637245e-01
3.185181191005346246e-01,2.881696211967152976e-01
-2.822433770307167800e-01,3.324425976063353216e-01
6.436500451808159495e-02,3.909467781936079023e-01
3.917384561089323203e-01,2.543091696588742345e-01
9.703431418028635180e-01,-9.738306019906048383e-02
1.013493103437673293e+00,-3.325773556921762242e-01
8.859697734165227212e-01,-3.223103225569602936e-01
5.012990946869381181e-01,-6.168393653379821567e-02
8.031084922989155384e-02,2.859331416374696344e-01
-2.358631883196222745e-01,2.913655600127699197e-01
-4.452652805465734942e-01,1.419688765184180246e-01
-3.057494815943657129e-01,-5.746193944633241069e-01
-4.064824715104790875e-02,-9.851548343609201064e-01
3.539908261978674253e-01,-1.009539747941021304e+00
3.554918532709196444e-01,-5.061378467449559881e-01
2.998898210691028909e-01,-2.222124208392636802e-01
2.606149260674652246e-01,-5.502774703588318023e-02
4.642848600149944716e-01,-1.621080363699569649e-01
6.337591334649336217e-01,-6.777238473330027269e-02
8.342419193666382737e-01,-2.433808401948774347e-01
9.036645286514000119e-01,-5.031479273853549650e-01
6.707807248029070690e-01,-9.899954942386393064e-01
