-1.083125852171231140e-01,8.596604396192654152e-01
-6.616454377602088988e-01,9.844123253987497879e-01
-1.283167118440971866e+00,8.325733661867537050e-01
-1.283167118440961429e+00,8.325733661867171786e-01
-1.283167118440956767e+00,8.325733661867165125e-01
-4.704229503647430755e-01,3.215692179487621843e-02
9.829120628630254597e-01,-1.034652742639230905e+00
1.842753748865443741e+00,-1.490801539615275395e+00
1.746250805149974772e+00,-1.402891950470686711e+00
6.270585264359513911e-01,-1.181494082036854909e+00
-3.130885635528202204e-01,-1.368067329834978585e+00
-4.029950773361031247e-01,-1.521749863197726427e+00
-6.178681685448973449e-01,-1.121606484193866216e+00
-6.831241311076857725e-01,-3.715764146426088210e-01
-3.808934948662950348e-01,6.149158948978884487e-01
-5.318958383277562207e-01,1.192334878760240580e+00
-1.042439454882536420e+00,8.566161445843500921e-01
-1.176477423092269436e+00,1.572850001890644112e-01
-9.483825012754698580e-01,-9.511584464283843188e-01
-3.178246808567922743e-01,-1.041711770808118720e+00
1.167289098480029236e-01,-5.726503707134577015e-01
1.864340803622787091e-01,-2.851753976569432192e-01
2.979782276620846493e-01,-3.467959423035660849e-01
2.506679921464676775e-01,-7.406227754804695085e-01
1.367173649389767098e-01,-7.186588895491232698e-01
1.715983626821849239e-01,-2.006580592670818841e-02
-3.053334172510349109e-01,4.654638230048357972e-01
-6.610074927088198660e-01,6.828724703326051193e-01
-3.010951075305120517e-01,7.775966209813603980e-01
-6.248683498893485844e-01,2.136523145711133054e-01
-9.483825012754698580e-01,-9.511584464283843188e-01
-2.968121941694018551e-01,-2.181861771208855050e+00
2.442968098519671394e-01,-2.559148301492134792e+00
3.200219342503258235e-01,-1.520058914873690270e+00
1.864340803622787091e-01,-2.851753976569432192e-01
-5.518017311001047198e-02,4.564351594019366853e-01
-3.953498841417052989e-01,1.039919724926690714e+00
-7.572671740200643820e-01,1.244030240182966818e+00
-9.044538425731882825e-01,9.103377828768376423e-01
-3.110806387359450476e-01,2.507650299675102668e-01
-1.543189099405838267e-02,1.023719644044600724e-01
-2.745259088904627998e-01,4.150962474837636140e-01
-4.586142280268963867e-01,9.134105566264030251e-01
-9.648428853516344272e-01,9.469842583552627868e-01
-1.464270688899138362e+00,1.786392405623392632e-01
-1.250099097718779362e+00,-5.565013034287522586e-01
-6.219450676059078420e-01,-4.396819275046904840e-01
-2.566415517898357757e-01,-7.442258101055890251e-02
-2.036292802870473262e-01,3.394264974224781017e-01
-2.036292802870473262e-01,3.394264974224781017e-01
-1.437075851451866393e-01,6.162439337653158322e-01
-4.327248103288766079e-01,1.257604008975299115e+00
-4.327248103288766079e-01,1.257604008975299115e+00
-4.327248103288766079e-01,1.257604008975299115e+00
-6.753758801091686026e-01,1.126118313338751342e+00
-6.659881992857252797e-01,8.589976483046372069e-01
-4.227962264654273605e-01,6.684630246374840823e-01
2.566968105225307314e-02,8.433368720272717001e-01
2.191933646638521138e-01,3.257812294219785132e-01
1.528594942578060112e-01,-6.453425482087512544e-01
2.877789239499821683e-01,-7.921730519721277286e-01
-3.117321518053867146e-01,-2.537697452423560707e-01
-1.230949630710156839e+00,9.020680748062646914e-02
-1.401355319846181224e+00,-6.996314917252999255e-02
-7.903737291287192823e-01,3.904007494970903047e-01
-4.327248103288766079e-01,1.257604008975299115e+00
-1.632514394839309768e-01,8.328832806075755490e-01
3.423940450020354631e-01,2.107669114276697619e-01
9.986204438720903687e-01,-5.856555128695988266e-01
9.986204438720903687e-01,-5.856555128695988266e-01
3.488707247384505994e-01,6.047339021626709638e-02
-2.364868339020555904e-02,3.607077018478229147e-01
-4.945366484404654095e-01,4.502411642556686244e-01
-8.636215737129933068e-01,4.983604677427265761e-01
-9.079472275939491910e-01,5.330987588428132140e-01
-1.911347192790840310e+00,-9.537378241259819589e-01
-3.176338373455652953e+00,-3.123850972107780954e+00
-3.343640589171950062e+00,-4.491405492404056510e+00
-2.415362854316517982e+00,-4.056867725488049636e+00
-1.315809957965576205e+00,-2.151979171113191036e+00
-7.040159819589504320e-01,7.109484283324490894e-02
-7.300951067083624180e-01,1.737961049555519333e+00
-9.221230375088831366e-01,1.908064350188675817e+00
-9.282304421204466971e-01,1.237283447829215621e+00
-4.269980158791847891e-01,-1.059122964180703313e-01
1.837105805038715123e-01,-9.962108382348378033e-01
1.336780750013762287e+00,-2.549963739228465531e+00
2.568825373544289636e+00,-4.237188972586801938e+00
3.116399313819417483e+00,-4.921030921346037701e+00
2.943097361325514250e+00,-4.198755849134085061e+00
3.212034199873402773e+00,-3.379524849599518710e+00
3.451127706095773462e+00,-2.758794310391420090e+00
2.210590454120584081e+00,-1.394065375805481732e+00
3.570840774334892442e-01,-1.365610525983830537e-01
-5.417648457781171212e-01,5.758040071375127023e-02
1.168757295472486191e-01,-7.047877266861911627e-01
7.479881131519895421e-01,-1.229701015077041770e+00
1.065902436864941238e+00,-1.183415669671719961e+00
1.996618531586402900e+00,-2.274330368542110570e+00
1.691308011385789900e+00,-2.353709835705663611e+00
6.028824459782146095e-01,-1.176512585349562379e+00
2.748525112965373163e-01,-4.043718413618770935e-01
-9.471982369691886450e-02,4.389221758826165054e-01
-4.893973518008984391e-01,4.937222125489392210e-01
-6.204996032998940647e-01,-4.517200761977614026e-02
-3.926250737959535719e-01,-2.800902998429951052e-01
-1.947838557379927837e-01,-3.370666719640471598e-01
-8.637542248401355871e-02,7.437859963857205992e-02
-4.431959908187638186e-01,4.928396462664625943e-01
-4.227962264654273605e-01,6.684630246374840823e-01
1.196155922451373615e-01,2.781798567523753318e-01
4.601615043271544692e-01,-4.208425394545305953e-01
4.159287311627704598e-01,-8.012803724173810371e-01
4.356594193720728647e-01,-8.741770719104277054e-01
-3.050318633183917404e-03,-3.000665552213882536e-01
-3.184766617717211812e-01,2.535021268421755458e-01
-3.430966092001490053e-01,8.074696927364085619e-01
-4.327248103288766079e-01,1.257604008975299115e+00
4.240609735817101045e-02,5.803795340465146557e-01
-3.851813310607394431e-02,2.888698647662191754e-01
-5.100443132890987163e-01,7.165760072999979302e-01
-5.064742648391362678e-01,9.986930660314309316e-01
-1.078422865004670800e-01,2.888149383050074293e-01
-8.736623359085993190e-02,-1.694612787447017654e-01
-3.391961280204059959e-01,1.629808040971430783e-01
6.101765330846955354e-02,2.690546898596068992e-01
6.722073280519178518e-01,3.306226848348431946e-01
1.421007094831951978e+00,1.700825202930943691e-01
1.608476346465309792e+00,-3.046418990306236640e-01
1.383636961155987999e+00,-6.113761220783079375e-01
1.033001581551454162e+00,-2.725858664231563533e-01
4.060460560909757155e-01,2.359644327768859184e-01
1.655662140582110087e-01,2.003207505099373897e-01
-5.041415757436152889e-01,4.632843341367520740e-01
-1.534018612184502972e+00,1.104512039932673106e+00
-2.051078411041462601e+00,1.226306119874868816e+00
-1.844493960917309661e+00,8.117502653100637788e-01
-1.120600880934204291e+00,1.358385095443541413e-01
-6.440989781724766328e-01,-5.604688583027264137e-01
-6.147306337630378259e-01,-5.974503485583958495e-01
-7.479810934995532179e-01,-3.089824876194081082e-01
-1.152877331294297925e+00,3.962025063711130946e-01
-1.283167118440961874e+00,8.325733661867171786e-01
-1.112962506265706031e+00,2.366528208158187319e-01
-7.742341042092750758e-01,-5.641048000021040565e-01
-3.313086469024087433e-01,-6.366195164549819374e-01
1.594389621670430938e-03,4.266896123990876477e-01
-2.587335040558772503e-01,1.369048766154594254e+00
-3.016998819002976728e-01,8.534616377266573961e-01
-8.354917797176897309e-02,3.905114707935350427e-01
-7.178552579038809112e-02,8.830761772930812575e-03
-2.629075453562103037e-01,3.967811735974728915e-01
-4.925909384960548421e-01,8.264224339070392888e-01
-4.925909384960548421e-01,8.264224339070392888e-01
-3.281461865815216150e-01,6.184371172112281823e-01
-4.878983644285388999e-01,8.301341017747922990e-01
-4.878983644285388999e-01,8.301341017747922990e-01
-2.594718309658278765e-01,7.182748142781890666e-01
-4.929152369510881870e-01,2.328567339158411076e-01
-8.579369260824510901e-01,3.925013382060529160e-02
-8.151290188255069236e-01,4.057745811977408468e-01
-1.015824553468498204e+00,6.165434201248233270e-01
-1.283167118440961874e+00,8.325733661867171786e-01
-6.373146214258983422e-01,8.522937640736130138e-01
4.724877591652336395e-02,3.411151028152695219e-01
4.315378225904804022e-01,-1.881150158999141120e-01
-2.234073082778268160e-01,-2.441276518887254277e-01
-5.976395929422607667e-01,9.379223769039772562e-02
-2.491989118161384298e-01,3.183329323950371270e-01
-4.024392879563847836e-01,7.520660347485099706e-01
-2.449263955040978935e+00,1.236774561638627201e+00
-5.108497082402767120e+00,9.953004686030670900e-01
-6.632396631695842260e+00,3.848875803769754023e-01
-6.076537486335295668e+00,-3.788246025326401645e-01
-4.230422182602589842e+00,-7.828465356491156601e-01
-2.288787784958732807e+00,-6.091346432005323441e-01
-1.293540465293973485e+00,-7.338444419014207298e-01
-1.249867299690007316e+00,-9.180007677311466940e-01
-5.373878955943091063e-01,-2.510440228684018282e-01
1.178171897848728916e-01,3.432621330729989650e-01
-7.712991806179379795e-02,7.606780198068425758e-01
-4.161230167548715109e-01,1.149455808190646522e+00
-4.197872355148302703e-01,8.343289447247442814e-01
-5.248499007040910991e-01,4.370252560900400596e-01
-3.584969457435614459e-01,5.200908786281168705e-01
3.626144798690524862e-01,4.725541233247576578e-01
7.668526953670562474e-01,2.089383128016574498e-01
7.622221604317109822e-01,-1.185901667283175698e-01
-2.474745067618313032e-01,1.974409636982699390e-01
-6.598244427324843064e-01,-6.949117335327438527e-02
-5.422966243675093612e-01,-8.655444511511027894e-01
-6.769899430477303026e-01,-8.061111177014846918e-01
-6.565272162362449926e-01,-2.859135967541537870e-01
-4.634773390136938676e-01,4.082391881331724481e-01
-2.097045444088100896e-01,5.980313512596125980e-01
-1.653505280990103243e-01,2.989313156172472841e-01
-2.025558044602700503e-01,1.521015463782302291e-01
-5.124462507245886728e-02,-2.827012164782895520e-01
-1.348945290908937222e-01,-6.610515259280752565e-01
-1.583867493837260720e-01,-7.696706413318876727e-01
1.367173649389767098e-01,-7.186588895491232698e-01
-3.426568451138538585e-01,-6.411927612881277438e-01
-7.535871363842375770e-01,-7.517927151571239808e-01
-8.193325242890699966e-01,-5.089776015890314920e-01
-1.074101796673373466e+00,-5.168277638605804913e-01
-1.183426696748839158e+00,-6.651238714764801108e-01
-9.544238010575524234e-01,-2.822547136633538623e-01
-5.063193840967868953e-01,-1.170622386077966592e-01
-3.734774175782937800e-01,-6.278289044788852857e-01
-5.322710693824465045e-01,-5.058298302579261607e-01
-4.535750451365173075e-01,2.493486440862978382e-01
-2.127713234691299693e-01,4.335184105565879076e-01
3.168310588136259431e-01,4.680781919423212534e-01
3.871424556480748680e-01,4.846492436526959047e-01
-1.876261159849273996e-01,5.997127274113387418e-01
-1.243459062218378458e-01,3.231273274768423076e-01
-1.919443425935518643e-02,1.252685214811011527e-01
-1.635087231203813385e-01,3.390673114174879710e-01
-7.891477845832332860e-02,2.886300905634844316e-01
9.751393764319236934e-02,4.299999515303724873e-02
1.559892509350869760e-01,-3.726424424410685332e-01
1.115963609014073987e-01,-3.598412718201512983e-01
-4.823480161394582549e-02,1.726226278222898758e-01
-2.321547481269024271e-01,5.205312583048699038e-01
-4.148434653472841682e-01,9.089396187425369256e-01
-3.057781925738132789e-01,9.228191233669863491e-01
5.211090800166547909e-01,1.373148980009232245e-01
1.033996641625565927e+00,-3.950352453866712299e-01
5.640813347757981377e-01,-4.889891710920372114e-01
6.203614860745239046e-01,-1.795673538702594607e-01
2.238878176187129032e+00,1.469242630027229435e+00
3.538720968471838813e+00,3.294766462972588794e+00
3.730610624880999815e+00,3.797714053863920025e+00
2.617656459087630783e+00,2.743573284325296235e+00
1.016710526097610368e+00,1.086241157999302098e+00
7.907449606317930313e-02,-2.503630419442046118e-02
-5.267198517350405451e-01,-5.245288293710131944e-01
-9.506431576033919084e-01,-4.399980820869225928e-01
-8.148534750332562249e-01,-4.305221236231642212e-01
-1.384273184850098315e-01,-2.466293956218420375e-02
-3.775076541226621840e-01,5.123780487551808926e-01
-5.421885218969251241e-01,6.312644721463545050e-01
-5.013806698244424043e-01,1.356589405292525086e-01
-6.717139368259298360e-01,-4.854111932303956656e-01
-6.172103031750793001e-01,-4.409275247739640191e-01
-7.689055922043993574e-01,6.037531213174150702e-02
-7.679013139341485106e-01,4.758853507689086992e-01
-2.837685636438173065e-01,9.483187015481145954e-01
1.885535337776835518e-01,8.633458985757598292e-01
-9.405754524347294254e-02,9.406419009035577039e-02
-6.539906510765733927e-01,1.949542552726692135e-01
-7.237947768852375230e-01,8.236176992849337797e-01
-8.035122398311926872e-01,8.520919624337157661e-01
-8.386225539506861892e-01,-1.562605795247712648e-01
-1.212655435375400881e+00,-1.043442795609977214e+00
-1.374972925463764151e+00,-1.146083783826709945e+00
-5.982522531829994605e-01,-5.510044780664630215e-01
1.959658372221018963e-01,1.494033853690193980e-01
3.673224571513654113e-01,1.023205990235788621e+00
4.919051450723145313e-01,1.919022680165204164e+00
4.919051450723145313e-01,1.919022680165204164e+00
5.764693793517124965e-01,8.240476291529497122e-01
7.815547562918606639e-01,7.920878523494961909e-01
6.864678085421590525e-01,1.597750955649578586e+00
-5.081842287714778417e-01,1.068166911628336768e+00
-2.068993695534450783e+00,1.906415224738323977e-01
-2.605773281243948691e+00,-4.611846610898391874e-01
-1.632989398298170469e+00,-5.038713273537137605e-01
-3.285960679612409119e-01,7.863000409800703985e-03
-1.668245481512786732e-01,5.084043243179849902e-01
-7.432480203999316994e-04,6.549924387829054728e-01
2.980130886603409301e-01,5.206157806418876266e-01
2.346447898242091379e-01,4.734116777163703826e-01
1.655662140582110087e-01,2.003207505099373897e-01
-2.270492558831402330e-01,-1.676916345029109690e-01
-3.285960679612409119e-01,7.863000409800703985e-03
-1.668245481512786732e-01,5.084043243179849902e-01
-3.244654475881812994e-01,9.531827714722238554e-01
-5.006079755721493108e-01,1.161650154288321524e+00
-4.744312797451059605e-01,4.855749411655434500e-01
2.742647633127565099e-02,-1.195235393050456230e+00
3.153446533612187519e-01,-1.777799484172037037e+00
4.996601418681021478e-01,-1.574459255304703209e+00
3.182914576636628468e-01,-1.676106868781351178e+00
5.415760116607899050e-02,-1.734672378386209690e+00
1.346095141383300553e-01,-1.490911757015428662e+00
5.269949604731147819e-01,-8.299200278945197962e-01
3.526414955830552422e-01,5.551127694530881840e-01
-1.627723956502747926e-01,1.095858332455956097e+00
-1.946802527439892294e-01,1.172514311837822953e+00
-1.007148831216943263e-01,1.244582720065579018e+00
-1.379494878407857839e-01,1.166862150104772233e+00
-4.327248103288766079e-01,1.257604008975299115e+00
-3.743451889503540131e-01,1.163627846074842820e+00
-1.946802527439892294e-01,1.172514311837822953e+00
-1.007148831216943263e-01,1.244582720065579018e+00
1.153636100989905572e-01,8.897303884691983855e-01
-2.793934248457297445e-02,-2.942551145075937291e-01
-2.699941971624803157e-03,-3.248431808418046352e-01
1.496830096325386106e-01,5.094614680181052124e-01
-3.077132456039024522e-01,2.374361560318591635e-01
-5.118145224970458429e-01,-4.268238113384413834e-01
-5.118145224970458429e-01,-4.268238113384413834e-01
-4.519043713513911098e-01,-4.033041352520230216e-01
4.077635420877981365e-01,-2.507667965151636480e-01
1.053299055664975059e+00,2.942746659137985069e-02
1.161815400860342296e+00,-2.013087319637897055e-01
1.033996641625565927e+00,-3.950352453866712299e-01
4.872592135499487220e-01,-9.169445078163614149e-02
2.920956053440766365e-01,-3.047171188515733140e-02
5.236334392350107114e-01,-3.207020412561507050e-01
4.696135795781820610e-01,-7.223363930283016598e-01
1.013769323479225992e+00,-8.807670913097345178e-01
9.488505992626370400e-01,-2.775423692611666548e-01
5.799686587081878120e-01,-3.908665946592728563e-02
5.294624403862968620e-01,2.007114965252002337e-01
2.601343900229393657e-01,3.912478641965990156e-01
3.390024619814109297e-01,5.225027123640031690e-02
4.442786564079814760e-01,-4.227071629583280532e-01
-2.909065994006265407e-02,-2.000096127143848046e-01
-3.247383942327081163e-02,3.812244750829275886e-02
3.487041957666472403e-01,-1.192393523772413977e-01
2.676090632656468182e-01,-4.321649027495625406e-01
-2.387053521913974352e-01,-8.005329634348953838e-02
6.486975573238815129e-02,1.740880560036766611e-01
3.178269730352580869e-01,1.028323286631637745e-01
6.466377499091897907e-02,1.757302314315317415e-01
-2.469279972921838706e-01,1.964801121799683303e-01
3.970086630968800434e-01,-1.608820702433161288e-03
1.225305841662669648e+00,-4.203556268520786121e-01
1.457461064183446453e+00,-1.066195051051583853e+00
9.758808392278055521e-01,-1.394270163711394783e+00
4.044787987359254600e-01,-1.012987190275084659e+00
1.864340803622787091e-01,-2.851753976569432192e-01
6.290680921117567381e-01,-6.438339603138590883e-01
8.968543438880274277e-01,-7.960808556881133757e-01
3.700153361896882376e-01,-6.339696085932211567e-01
-3.977144951160114239e-01,-7.488596729680939701e-01
-6.161515811884877847e-01,-5.879872235514751466e-01
-2.351384657637948794e-01,-2.140607312751415525e-01
-4.566217815501589783e-01,4.103132956585195390e-01
-7.686377825218104753e-01,6.824179841690095616e-01
-7.875569109706589410e-01,9.191019111913779627e-01
-8.624896471478153970e-01,8.772848230066601083e-01
-1.031705694520413497e+00,2.016046481034831084e-01
-3.548355721680942487e-01,-5.444667795043474368e-02
1.370617895058047209e-01,5.771798562319508941e-01
-2.730282667061316726e-01,9.273515909234237853e-01
-6.262354539876506809e-01,1.005939986401088726e+00
-5.269463332977011305e-01,1.060691233531931399e+00
-1.043124304575166333e-01,5.526434512775260099e-01
4.314364051239985010e-01,9.985394009162989679e-03
4.046540554816652757e-01,-2.831470475657795194e-01
2.841832201583013515e-02,-5.837009783310015409e-01
-3.246984500037879834e-02,-5.146780464060534133e-01
7.414735274111773633e-02,-5.070388907006209145e-01
1.864340803622787091e-01,-2.851753976569432192e-01
1.563017662695340426e-01,-3.647143130065132466e-01
1.092603197660329539e-01,-7.812374078294053170e-01
3.491597623490449998e-01,-1.168876071235180669e+00
5.017247196376367624e-01,-1.226932059400435149e+00
3.925688942133505055e-01,-5.843498772937855135e-01
5.225273395796997677e-01,-1.100467635117133441e-01
4.220635073538769877e-01,-1.200050237012981469e-01
2.349228067453010826e-01,2.642399210886282046e-01
1.446377128004289192e-01,6.422354788710129547e-01
-5.908812014429862952e-02,9.600346396736868515e-01
-1.870378298544331241e-01,1.153274457628311156e+00
-4.327248103288766079e-01,1.257604008975299115e+00
-3.399947295164479355e-01,1.682603496371615215e+00
3.187626690655830423e-04,2.045500062158021048e+00
3.340282635271329403e-01,1.839702270398567041e+00
2.803245411522450325e-01,1.091777992764995320e+00
1.206406306549398511e-01,4.813187389963836660e-01
-6.003927502668819638e-02,3.758111263426416326e-01
-4.705615365079593992e-01,5.719813486549256698e-01
-9.549130060437495127e-01,2.309273514785064596e-01
-1.131581841542060207e+00,-4.894248662866715893e-01
-9.255150876447996167e-01,-7.234075793312162439e-01
-5.655180284848086991e-01,-7.171400281108297747e-01
-2.242126075733956170e-01,-2.869880125064712129e-01
-2.351604756670883090e-01,-2.888461308341167336e-02
-1.080489470096892335e+00,5.635491220378612276e-01
-1.671276105237741172e+00,1.075482834270248933e+00
-1.461929250055339358e+00,1.112553768308080837e+00
-1.283167118440961874e+00,8.325733661867171786e-01
-1.112962506265706031e+00,2.366528208158187319e-01
-5.745447221879987909e-01,-2.759480995205029208e-01
1.037519584314752080e-01,-3.083734667207468361e-01
1.238301937587792834e+00,-1.906165726013277217e-01
1.308781974087175337e+00,-6.289590396420745577e-01
1.022094275512013928e+00,-1.765923022487142946e+00
6.644643513276125013e-01,-2.017628093897824826e+00
-2.681280957088322259e-01,-1.237815350513737034e+00
-7.766975201891850311e-01,-3.101789483555591476e-01
-6.384647303531225671e-01,2.852043436816928401e-03
-4.622842772900556674e-01,-4.953332185836826218e-01
-1.718716791931846066e-01,-1.229254195109388714e+00
9.038065851671787942e-02,-9.949705323815104530e-01
9.038065851671787942e-02,-9.949705323815104530e-01
-1.806694157804661638e-01,-1.297697106956833490e+00
-2.988537258319635681e-01,-1.005968191667825140e+00
-4.098772048796968659e-01,-1.129205349140392611e+00
-7.964027625899346985e-01,-1.782894488719128034e+00
-9.314288927395667494e-01,-1.872136511124128155e+00
-6.333141340934171915e-01,-1.480623275771615122e+00
-4.650787781862068537e-01,-1.369004387361324238e+00
-2.768002675766772502e-01,-1.806662382101437592e+00
3.601132496559560359e-01,-2.048139591551620953e+00
1.179157531772805578e+00,-1.705905834515148323e+00
1.432863703839557301e+00,-1.079593589609467497e+00
7.593855160452699371e-01,-7.066118999055366334e-01
1.020634251504926704e+00,-9.942468372139340316e-01
1.186287867217655556e+00,-9.229446353186347984e-01
5.385824454683867391e-01,-2.024393073349287087e-01
4.069325561801365732e-01,-4.675759306404397297e-01
8.001094106149486684e-01,-1.771184411567476635e+00
6.981042346200385662e-01,-2.468046704962594706e+00
-3.166294540693818105e-01,-2.289553788803092349e+00
-1.215613917199389382e+00,-1.980941814093355013e+00
-1.211502367904040200e+00,-1.953495222820682997e+00
-1.428499975837441927e+00,-1.155508306753360692e+00
-1.789200090228182161e+00,-2.723036639249733493e-01
-7.036593463971518858e-01,1.475218387763405949e-02
4.281244663429485953e-01,1.687337184194856454e-01
3.102146135701307483e-01,2.477847480277877157e-01
2.865881182779116410e-01,1.631095158700197612e-01
-1.215665703689714772e-01,-1.062953378644407726e-01
-1.983858373416936272e-01,5.193084540929846643e-03
1.206406306549398511e-01,4.813187389963836660e-01
2.145464271197079775e-02,6.812045875928974814e-01
-9.270639517284615105e-02,1.040799756236462592e+00
-4.092644401487640637e-01,1.266624962725927839e+00
-4.744312797451059605e-01,4.855749411655434500e-01
-4.271283965457674525e-01,4.570290256484549896e-01
-6.706674333967035384e-01,3.213256985125998444e-01
-5.729353209277610048e-01,-8.002512341655009243e-01
-8.002906675506222811e-01,-1.199341459725756120e+00
-1.673252660636284084e+00,-1.362584349657568472e+00
-2.491105349916169942e+00,-1.374715086804309427e+00
-2.649245668115159269e+00,-1.004740977676854996e+00
-1.938274046440754406e+00,-4.532837397555521952e-01
-9.189162941858814992e-01,-8.881641393003146534e-02
6.476154059670043150e-02,1.951127236620536498e-01
4.858361373167887076e-01,3.817773206188728174e-01
5.542792360153401265e-01,3.218515320999312812e-01
4.319878186014597943e-01,8.771015523480904519e-02
1.848170556225056105e-01,-2.440703521909679818e-01
-6.140796217867852125e-01,-5.031021618994260258e-01
-1.834451689258909113e+00,-5.664453778768216985e-01
-1.397392963423788048e+00,-2.209305813991703782e-01
-2.338228167745913244e-01,-7.501325556840079956e-02
3.001308537492538078e-02,-2.966661353829549985e-01
3.001308537492538078e-02,-2.966661353829549985e-01
-2.600102748843257650e-01,-4.565013172726328783e-01
-1.824070231083737836e-01,-4.768363552235266867e-01
-1.429194043476014475e-01,-7.124071555613742390e-01
-1.961334858020963301e-01,-7.406980646585141770e-01
-2.600102748843257650e-01,-4.565013172726328783e-01
-2.600102748843257650e-01,-4.565013172726328783e-01
-5.227997412564621138e-01,-5.115803288362961165e-01
-1.239291255785104129e+00,-4.817625573052011778e-01
-1.789200090228182161e+00,-2.723036639249733493e-01
-2.167081979426399130e+00,-3.839838505655196466e-01
-2.758691230242547920e+00,-1.125628969460364726e+00
-2.451858716373607638e+00,-1.501481840264607737e+00
-1.291326722778443514e+00,-1.360649896824614791e+00
-3.249003339122423228e-01,-1.347047187275634661e+00
-3.215609561542364103e-01,-1.413035118185404615e+00
-3.915769633113213577e-01,-8.268062813980612269e-01
-2.608180047550260339e-01,-4.263189636331066734e-01
-5.845259615169312584e-02,-8.402138222648514176e-01
-1.806694157804661638e-01,-1.297697106956833490e+00
-4.177712026956797997e-01,-1.202117480110799663e+00
-3.750476005008717695e-01,-8.727419098402755537e-01
-2.131359263815084115e-01,-5.389965327950521079e-01
-2.131359263815084115e-01,-5.389965327950521079e-01
-1.170337327683708795e+00,-9.326611905416750670e-01
-2.468552094923526674e+00,-8.184760277996542266e-01
-4.053319877422494777e+00,-6.587882618826889081e-01
-4.839080462681380368e+00,-9.436614625295328684e-01
-3.599310751267014830e+00,-1.060303974375420788e+00
-2.124129279555496019e+00,-1.141093912283402956e+00
-1.494977809234292243e+00,-1.154725262785978090e+00
-1.019397320259931128e+00,-7.928962544291994208e-01
-1.071992277250460646e+00,-5.597164904931501983e-01
-1.498173504675016421e+00,-8.564508516119485604e-01
-1.494977809234292243e+00,-1.154725262785978090e+00
-1.207032039213083996e+00,-1.229537575454734188e+00
-1.529129115395987393e+00,-1.281238282746137269e+00
-1.494977809234292243e+00,-1.154725262785978090e+00
-5.476835793994826451e-01,-3.479534388388872412e-01
5.747828535531369631e-01,6.907289372444921360e-01
1.422017162101022247e+00,7.408160357505957361e-01
2.886864492895766077e+00,4.895550070668551190e-01
4.322678272506894182e+00,1.276688667196709814e-01
4.500550494361369225e+00,-6.739528412342991048e-01
3.589537316034868919e+00,-1.324661739228495172e+00
2.339784254192470048e+00,-1.444107071875105897e+00
2.013027406187452240e+00,-7.327782845474045681e-01
1.749319358107709554e+00,-9.218335812681893726e-02
5.935728275222694750e-01,-1.426688894982096889e-01
-3.776780957542633099e-02,-3.357454671033078264e-01
4.718003671635691565e-01,-3.706044210599332978e-01
1.111173659196140084e+00,-1.233173418272828503e-01
7.185474716646266247e-01,-1.124720664201448936e-02
3.766928774895820370e-02,-2.842520059105676511e-01
-3.127262348291949268e-01,-4.763477665197467514e-01
-2.396858447067727049e-01,-3.700958790233566664e-01
-2.550672399763991016e-02,4.693935442264858537e-02
5.406762071970001859e-02,5.048063645222345963e-01
-1.386449860164761828e-02,3.488032191209418098e-01
-1.697721852839298995e-01,1.661008719160198543e-01
-7.680904550369261896e-01,-2.849050101782703570e-01
-1.504790830416226965e+00,-8.026531437195669749e-01
-1.780015667812464564e+00,-6.915369394539916392e-01
-8.558173747840389645e-01,-1.164822034964959202e-01
-6.933230231751720263e-01,-1.859192430107377669e+00
-1.742686907700989662e+00,-3.648724732186439557e+00
-2.075712855065032336e+00,-3.618600043919356857e+00
-1.829869663492335707e+00,-3.286300350704684181e+00
-1.321967175391612459e+00,-2.500357966487711803e+00
-4.375862993252822020e-01,-1.915377923011179151e+00
4.831502012250638578e-01,-3.436204214720185224e+00
7.309893646905067932e-01,-4.829007230088823377e+00
4.044472621407138035e-01,-3.627716537969993826e+00
3.544481385228297476e-01,-1.387062615038167301e+00
6.936251980165235587e-01,-7.413455141194690012e-02
1.328807937355951152e+00,1.090606293331953358e+00
2.316000521224499842e+00,2.286247363934864829e+00
2.699470507533024310e+00,1.872473264985093921e+00
1.896576628310153056e+00,5.494826897129330145e-01
6.936251980165235587e-01,-7.413455141194690012e-02
2.919421093258749988e-01,-4.561164113401836584e-01
-1.421452604613907822e-01,-1.082449786754021703e+00
-1.179766033490931426e-01,-1.236568374548121740e+00
-9.461049430856768860e-02,-8.775682292798809847e-01
-3.341489043973528417e-01,-6.690435915821149049e-01
-6.154352338012686330e-01,-1.081478832262902090e+00
-6.446327058783389574e-02,-8.607820246231722150e-01
1.152086348653420078e+00,5.864012102826095252e-02
9.246307821984266484e-01,-2.040772106360372318e-01
-1.660489356654928639e-01,-8.701215034034524010e-01
-4.897231012405153239e-01,-7.885944788011186590e-01
-7.535871363842375770e-01,-7.517927151571239808e-01
-8.107249024403716531e-01,-5.947132308331650741e-01
-8.884478878135273483e-01,-4.031139738088018731e-01
-1.073209672680300208e+00,-3.821822717299463990e-01
-9.711702623662411549e-01,-4.632902707587812086e-01
-9.044481559376140734e-01,-1.147809470030200618e+00
-5.180277729989194446e-01,-1.369239105754432861e+00
-8.671245754085141200e-02,-7.496794567646168916e-01
-1.971664481689431037e-01,-3.402376850230879324e-01
-1.456281687025964000e-01,-1.688255282281505565e-01
-4.523673622164690600e-01,-3.539664612917479136e-01
-5.729353209277610048e-01,-8.002512341655009243e-01
-6.190609131916120500e-01,-9.466774326336583334e-01
-1.223151746236938342e+00,1.780401230332083473e-01
-1.819687013525387753e+00,1.494895093521234397e+00
-1.966831492351628796e+00,1.835462936520138477e+00
-1.474340336156141351e+00,7.209514350235277647e-01
-7.026083558478929403e-01,-3.414623979280400068e-01
-2.027051755525251520e-01,3.841083877032225313e-01
-1.734258786832865717e-01,6.103774724794512885e-01
1.155362410729030148e-01,-6.252564607568163180e-02
9.229623300857475732e-02,-6.207116468534301656e-01
-5.937846600711104150e-01,-1.322929443029504437e+00
-3.820795919949592223e-01,-1.768530558100272376e+00
-2.872766774427993122e-02,-1.463109191114188024e+00
-1.718716791931846066e-01,-1.229254195109388714e+00
1.784183617215800155e-01,-4.612099291369670673e-01
1.917694775539705368e-02,-5.570490109566591519e-01
-5.759197073988348015e-01,-1.678850038898575425e+00
-9.192229881150189019e-01,-1.790922801427765165e+00
-6.498303222785414279e-01,-1.004829022970960439e+00
-1.921772798187419695e-01,2.394719894913547031e-01
-6.274977940484864625e-02,1.010553720517005649e+00
2.611456600041357490e-01,1.596667922391210359e+00
6.027929459891900876e-01,1.707873396605410710e+00
5.464837668350132072e-01,8.969367254277175183e-01
1.737225012819431647e-01,3.146551904269684341e-01
5.406762071970001859e-02,5.048063645222345963e-01
3.320383946799245201e-01,1.083188471048305512e+00
4.786208635519442756e-01,1.053989913538111001e+00
1.988057910578137355e-01,-1.086887754631111758e-01
-3.977593351697639168e-01,-1.950105148335111505e+00
-1.048208356720397250e+00,-3.172631384819077471e+00
-1.470739729171732346e+00,-3.304477114492793355e+00
-1.156076380256132463e+00,-2.282600657097050068e+00
-9.129703296856689354e-01,-1.644923765710750274e+00
-1.103215593769045100e+00,-3.553741098001959586e-01
-1.340436346144884272e+00,7.934963752842040252e-01
-9.751654629522110707e-01,1.329892170534358042e-01
-2.131359263815084115e-01,-5.389965327950521079e-01
-9.806945418393492320e-02,1.867334955193230006e-01
-4.059201483874100291e-01,5.991606888967405675e-01
-7.438194905478200392e-01,2.489912834002677711e-01
-5.271910174583709363e-01,-1.893166982037835233e-01
-5.892708535274036180e-02,1.340601064003262566e-01
-5.355960353246815853e-01,7.637580104924008850e-01
-1.105378546181897015e+00,9.437440684307538685e-01
-1.498871290048845006e+00,1.498184507305846402e+00
-1.786852822642714722e+00,2.232453732019099135e+00
-1.177320589298688658e+00,2.401585356275016014e+00
-9.499868965250315295e-03,1.996870847871720089e+00
7.979646386853278539e-01,1.179189566506688269e+00
6.025717857388602772e-01,4.903552032328430399e-01
5.351344085889189750e-02,7.511829604555503304e-02
-2.392378471832828091e-01,-1.786441559229586806e-01
1.177861703139539418e-01,3.189106644925449041e-02
9.083559512807061198e-01,6.548524540238875868e-01
1.444619145031414753e+00,7.823760618379685949e-01
9.251069944332424022e-01,5.150509587896174857e-01
9.251069944332424022e-01,5.150509587896174857e-01
1.900285325206625187e+00,2.597271071680055110e-01
2.349679345007905873e+00,-3.074371567746824185e-01
1.786244344467329048e+00,-5.304099751035870058e-01
6.523154350211718411e-01,-5.583538158128159568e-01
-7.262662468198902710e-01,-8.384170916126025830e-01
-9.071982309640747033e-01,-1.077831695527224021e+00
-7.067923707178445092e-01,-8.821697810423915209e-01
-7.830694621007292522e-01,-5.315257115972543689e-01
-6.813852815788788986e-01,-1.669696960342394176e-01
-4.481450047870152997e-01,2.888162144140756782e-01
-3.189873929090726312e-01,3.349928814622852857e-01
-2.392378471832828091e-01,-1.786441559229586806e-01
2.676090632656468182e-01,-4.321649027495625406e-01
4.442786564079814760e-01,-4.227071629583280532e-01
1.367531428329115673e-01,-3.731928191721530785e-01
2.972169468767500433e-01,5.442844248378474470e-01
5.782325607393469236e-01,1.134124400571687952e+00
8.116252698062996762e-01,1.380748654030698130e+00
8.823833038984946198e-01,1.015008988555527791e+00
9.340832628350572708e-01,1.359096101135877310e+00
8.677675028931999268e-01,1.734940691889701903e+00
3.461991868124225658e-01,6.589658474298467628e-01
-1.565852324891754965e-01,-8.260729508463887649e-02
-2.969046061517612370e-02,1.877019412770945805e-01
3.800366446141898447e-01,4.285200972648060824e-02
4.991552657489783940e-01,-6.328770386776903789e-02
1.622313792531900889e+00,-2.979603793270325651e-01
2.852496406069255475e+00,-5.896572208906883938e-01
2.682368718277067021e+00,-6.039433050413153259e-01
1.592382961424705146e+00,-4.267853624198637563e-01
2.676090632656468182e-01,-4.321649027495625406e-01
-7.013539553126360016e-01,-6.662279222034599435e-01
-4.021669834477575867e-01,-3.986040832693580893e-01
5.729525027942580229e-01,8.318921820412823465e-01
5.262839536525426576e-01,1.014613207658950023e+00
2.040230041390066890e-02,-8.464124457523741762e-02
-2.131359263815084115e-01,-5.389965327950521079e-01
4.077635420877981365e-01,-2.507667965151636480e-01
6.545355518166305897e-01,-5.794045332632217216e-01
4.027732263613792441e-01,-1.119853977595965056e+00
2.322550198517560616e-01,-8.140816342436151265e-01
-1.704283203884545683e-01,2.914742893790741030e-01
1.999467570809808359e-01,8.329657347841509241e-01
1.141080890763804589e+00,2.051313029756435258e-01
2.133674003163267496e+00,4.812939381219196178e-01
1.428761122875625844e+00,9.470014743264947299e-01
4.127669071554797009e-01,6.087073035385389685e-01
1.960168902465850405e+00,6.449457859189382525e-01
4.002142828330134350e+00,1.101364770650910430e+00
5.221932423346525631e+00,1.420430702583811655e+00
5.221932423346525631e+00,1.420430702583811655e+00
3.682823259254284665e+00,1.506565014177688511e+00
1.649820774830184522e+00,1.595547633703958246e+00
5.567426882872140714e-01,1.605502021661538770e+00
4.592326605521863669e-01,1.899283642050430654e+00
6.513708024101936278e-01,1.942385080858062940e+00
3.461991868124225658e-01,6.589658474298467628e-01
-4.709106740945895320e-01,-8.255149066313048900e-01
-8.720997054495553957e-01,-1.462432285819860844e+00
-1.404205783375825911e+00,-1.235287532825036338e+00
-1.162701049958022370e+00,-3.866514990574803079e-01
-1.507998529951752320e-01,-2.996564857034433871e-01
8.754023579388030551e-01,-3.235191610944103124e-01
1.078878666959804278e+00,-3.084718439946798063e-01
9.088536153118468297e-01,1.498017197805956435e-02
2.575861311659796149e-01,6.449703172186375122e-01
1.953429724239425236e-01,1.023401067293682409e+00
1.006758390494706390e+00,9.653451965811994384e-01
1.202334971120444074e+00,1.000551667085173291e+00
4.539056300186655180e-01,1.054537534466828408e+00
-6.863856759786722828e-01,-1.218249629262504241e+00
-1.236005798611804707e+00,-3.962490656634702457e+00
-1.443756973655520026e+00,-4.309346093574507819e+00
-1.233872731016745661e+00,-1.852742010866859967e+00
-6.470189543459222703e-01,5.456180441711102613e-01
3.372549814071068575e-01,1.594806937798103119e+00
1.610222033680553277e+00,1.749048675614624404e+00
2.083629755332830680e+00,8.102535312948274671e-01
1.478624322950238046e+00,-1.522646122820361103e-01
9.835735501245558288e-01,-3.154999343249512700e-01
4.220635073538769877e-01,-1.200050237012981469e-01
2.390367352492216158e-01,-5.325247296106448355e-03
4.498445821644558307e-01,-1.153371195651416714e-01
7.817619299351600270e-01,5.924827598114054128e-01
6.612838818743714819e-01,1.348173191825858819e+00
4.443662240760681836e-01,1.205297948509236772e+00
3.193000867917085150e-01,6.608068358230342332e-01
4.069325561801365732e-01,-4.675759306404397297e-01
2.379425682534465625e-01,-8.263931384435144745e-01
-1.839464592175505953e-01,-8.219308737375390361e-01
-1.468969568239425039e+00,-1.119796787722700415e+00
-1.663190035639714237e+00,-9.044849355094716215e-01
-7.422076343289936151e-01,-7.283734599496182183e-01
-2.439681156593025146e-02,-5.359013570754500577e-01
4.601615043271544692e-01,-4.208425394545305953e-01
8.545599116177793331e-02,-5.227487386985495421e-01
2.256333392706356272e-03,-2.332993180716441961e-01
7.183533973891550461e-01,5.583416821636892624e-02
7.769055623968326163e-01,1.999045539498277291e-01
-5.982394414084667433e-01,6.765245356054616632e-01
-1.446640196842407855e+00,7.844652323238429092e-01
-1.659598377108041367e+00,-2.115073412626574875e-02
-1.450199614300263562e+00,-1.123395603058558123e+00
-4.625315049672129586e-01,-2.012291179471048519e+00
-2.621925258097504777e-02,-1.450632552799600017e+00
-2.131359263815084115e-01,-5.389965327950521079e-01
6.319790527151163406e-01,-6.301108570015399868e-02
-2.528066340625065855e-01,2.676229742694967051e+00
-2.734676937371920413e+00,7.089925586195191975e+00
-4.823507282784355255e+00,1.133526759821445395e+01
-5.872755746486273409e+00,1.359082702340287874e+01
-5.584894756737501353e+00,1.289663622271235610e+01
-3.996883838297740521e+00,9.179587324181841979e+00
-1.874554587817975460e+00,4.150012395002582899e+00
-8.495884835455729256e-01,7.596492572432695933e-01
-1.145735531854763734e+00,5.496496421183956205e-01
-1.110912775106511763e+00,9.684535347800985461e-01
-7.241803369213841712e-01,1.062456624830760976e+00
1.333244161942959694e-01,4.346747694554007335e-01
9.360131717576395394e-01,7.960838748213387717e-02
7.911674485833373183e-01,3.125943427477521075e-01
-4.685585488935407605e-01,7.762583050811743268e-01
-3.942682975786977462e-01,1.595097872105960546e+00
8.319752207566770696e-01,2.302490041486306982e+00
2.679807258665085623e+00,3.605057987629007421e+00
4.994517196927565017e+00,5.055427294390009152e+00
7.093176229985536096e+00,5.131532767220721603e+00
8.203045487537156788e+00,4.036282381588655710e+00
7.608866915535820397e+00,2.436929559215260443e+00
5.627278977299551066e+00,1.010312548370980279e+00
2.841946441128173184e+00,3.216625945406847431e-01
8.075202498439337795e-01,5.878132065318359550e-02
3.359830278707985340e-01,-2.952554829343750908e-01
-3.218868080416045219e-01,-1.307665044818349769e-02
-6.551952375547912544e-01,3.340982813318174038e-01
-2.369984533984316744e-01,-1.729638615425615200e-01
3.533142574754442600e-01,-2.912536127200394120e-01
5.653141668320185165e-01,2.058455015165917279e-01
4.664252645633360506e-01,4.596212009908857143e-01
3.146583157868967362e-01,8.071317828491770818e-01
9.023949850254983085e-01,1.762321171047523949e+00
1.180276599926112002e+00,1.285628330089926719e+00
1.330422642189563076e+00,2.813162328678900925e-01
2.082778848285165463e+00,8.524010058143223212e-01
2.557038355929130535e+00,1.139640644383653756e+00
4.464267953336874761e+00,8.238189353571883089e-01
5.259975656280992951e+00,4.318418501113331365e-01
2.841946441128173184e+00,3.216625945406847431e-01
2.352131749355161339e-01,-2.178353758669972218e-01
-7.378940709619218330e-01,-1.076658512463294803e+00
-4.714720898126422699e-01,-8.599211221570807195e-01
-4.182337793592436764e-02,-7.404435518903509927e-02
1.049974752201351835e+00,1.034435326788333720e+00
2.569893303458405498e+00,1.694691108974930138e+00
4.858205078846983049e+00,1.201962839667851002e+00
6.416425071953490544e+00,2.538508549428648009e-01
6.642529870435899042e+00,-6.168924331128266408e-02
6.450342018993262094e+00,1.756636318767689775e-01
6.416425071953490544e+00,2.538508549428648009e-01
5.486844200180308384e+00,1.703555674695773348e-01
2.841946441128173184e+00,3.216625945406847431e-01
1.157557002541593105e+00,1.920103649677024626e-01
1.152725007794120682e+00,1.061540190325066108e-01
1.467623647304200141e+00,-3.879268212756882273e-01
1.709912562412010617e+00,-8.928569264566194041e-01
1.496816907140767094e+00,-8.923961481497072468e-01
1.430022796373229266e+00,-8.034183997495611962e-01
1.147814433732867512e+00,-7.815660735155132155e-01
1.897728915616510303e-01,-6.342271926279138272e-01
-2.729823056644638535e-01,-3.471701421273601373e-01
-1.746049116182248451e+00,-4.832089211603197709e-01
-2.399073313189882040e+00,9.771942823999084371e-02
-1.321043385221583932e+00,8.988578858159980145e-01
-3.944430639331847344e-01,7.386270617898710311e-01
4.162795214943335598e-01,1.388491145074764344e+00
9.507847996659616330e-01,3.075384880295340739e+00
6.846362457572249260e-01,3.408132144336659231e+00
2.667781931706242338e-01,2.335232506865195568e+00
-1.861133475698631690e-01,9.609636159322700877e-01
-1.467037470727824977e-01,5.054771279578235132e-01
1.510438677051212097e-01,5.024851257633181634e-01
-2.793934248457297445e-02,-2.942551145075937291e-01
-2.003756167701910285e-01,-8.059938737762734062e-01
1.171701496439423174e-01,-2.782758234250953810e-01
-4.089039451169341338e-02,-2.451137192770091733e-01
-2.221074610720723819e-01,-5.137264415407429841e-01
-1.185876125119238317e-01,-5.165967608250986443e-01
-3.013503423007937720e-01,-4.945987510942775889e-01
3.343159837609927659e-02,-5.911384078523866936e-01
7.129426972757935133e-01,-5.855772114428616781e-01
1.009071113710996004e+00,-8.112524922940569372e-01
5.978960046259099714e-01,-9.224439555835566296e-01
1.092603197660329539e-01,-7.812374078294053170e-01
-1.508299782856233895e-01,-4.040386927507229609e-01
-1.508299782856233895e-01,-4.040386927507229609e-01
1.142119385292910128e-01,-1.462733642207439289e+00
1.377041588221238622e-01,-1.354114526803626317e+00
-1.348945290908937222e-01,-6.610515259280752565e-01
-4.516184186405230450e-01,-5.202735742845348010e-01
-5.117591928833322701e-01,-1.715294545887868227e-01
-1.461482029201688349e-01,2.789359562284184357e-01
1.161856905858450695e+00,1.159152279455685441e+00
2.665275588569009368e+00,1.742769821037263300e+00
3.018425356777060919e+00,1.419798653141818745e+00
1.498076295851565654e+00,5.535031753592238868e-01
6.130908482444139690e-02,-1.896214787600354890e-01
-1.784540780763709811e-01,-4.215856419146570278e-01
-1.784540780763709811e-01,-4.215856419146570278e-01
-2.221541950538402921e-01,-3.738705957236527766e-01
5.124529386234111250e-01,-3.179859724367527923e-02
8.044419835585995271e-01,-3.855721444385145497e-02
3.089798232616852713e-01,-2.085428331971991012e-01
6.364676611640250614e-02,-2.488452058319369220e-01
-2.131359263815084115e-01,-5.389965327950521079e-01
-2.600102748843257650e-01,-4.565013172726328783e-01
-1.928098425434859042e-01,2.699069038210683558e-01
1.084470393645851627e-01,1.159515920106864106e+00
3.099683120338667663e-01,7.633230027782043070e-01
2.754580994971688179e-01,-4.423650497208680421e-01
2.070410866615001733e-01,-5.239358381891179306e-01
2.322550198517560616e-01,-8.140816342436151265e-01
4.027732263613792441e-01,-1.119853977595965056e+00
3.692820108000093859e-01,-7.117733462321184090e-01
4.278093131573305896e-02,-3.801850426099928071e-01
2.839965798784193640e-01,-9.060543233742568425e-01
4.777353341273894993e-01,-4.073545473387257254e-01
2.644235309509770371e-01,1.939433579603771218e-01
2.070805706453620332e-01,1.983572559796869736e-02
-1.363638962782734616e-02,1.784611778140197946e-01
-1.340634093588136642e-02,1.592232783001562568e-02
-3.232005308431754736e-02,-5.539199993285481155e-02
-3.029967979340826290e-01,1.270212376831270362e-01
-2.471127960674096014e-01,1.008305070891785948e-01
-7.178552579038809112e-02,8.830761772930812575e-03
-1.366403155789332469e-01,-1.966823558479140754e-01
4.278093131573305896e-02,-3.801850426099928071e-01
3.426437620566146758e-01,-4.973095153264139312e-01
7.129426972757935133e-01,-5.855772114428616781e-01
1.380161611498981644e+00,6.865316844158522169e-01
1.384026235693060825e+00,2.136049903950532514e+00
6.724532739303894502e-01,1.686962246587257575e+00
-1.413994921106017932e-01,2.199359068663841732e-01
-1.526249423379935966e+00,-8.775765547889895490e-01
-2.464483360364477349e+00,-4.537771020760227314e-01
-2.173955620369776742e+00,4.754000754799969086e-01
-1.557880983937771857e+00,9.549363178585503764e-01
-1.283167118440961874e+00,8.325733661867171786e-01
-1.112962506265706031e+00,2.366528208158187319e-01
-8.885997885054501833e-01,-4.728199108076473478e-01
-6.871788874884653398e-01,-4.055032930513527978e-01
-4.271838278342002249e-01,4.037365874306326763e-01
1.953429724239425236e-01,1.023401067293682409e+00
3.855023730324667608e-01,5.054281815724018800e-01
2.992034296607599120e-01,-1.143601578361578275e-01
5.159219907001775240e-01,-2.350835074775411149e-01
9.986204438720903687e-01,-5.856555128695988266e-01
9.986204438720903687e-01,-5.856555128695988266e-01
3.488707247384505994e-01,6.047339021626709638e-02
-3.212059387630883944e-01,6.941474084005058165e-01
-8.604210789660805547e-01,8.411675664970785782e-01
-9.079472275939491910e-01,5.330987588428132140e-01
-6.255514190945530295e-01,6.427842057099523165e-01
-3.705572857762753913e-01,9.290682138695768311e-01
-4.327248103288766079e-01,1.257604008975299115e+00
-4.149609349799675551e-01,8.797176581494591252e-01
4.283733022129725121e-02,-5.121698922845861410e-03
1.339432759200637202e+00,-1.026974398080689355e+00
2.107989606831437435e+00,-1.295508801705657076e+00
1.524617127036997255e+00,-8.323482107528883400e-01
2.661146456831811058e-01,-4.084166249152595962e-01
-2.131359263815084115e-01,-5.389965327950521079e-01
-2.131359263815084115e-01,-5.389965327950521079e-01
-1.700221647896121013e-01,-4.497857064146866812e-01
-1.818149607238775944e-01,-4.637588715944712670e-01
-2.338228167745913244e-01,-7.501325556840079956e-02
-2.338228167745913244e-01,-7.501325556840079956e-02
-2.441878888387360724e-01,-4.470115218652205291e-01
-2.699837118349016629e-01,-3.885948176284128031e-01
1.620412136729049435e-01,-9.794319737626654421e-01
2.634695247134923868e-01,-9.055198953968776054e-01
-1.880031676111530992e-01,1.606074612434961746e-01
-4.878983644285388999e-01,8.301341017747922990e-01
-4.878983644285388999e-01,8.301341017747922990e-01
-2.594718309658278765e-01,7.182748142781890666e-01
7.386192077610254092e-01,7.048079347926975435e-01
1.965243932241779623e+00,8.925385265556251557e-01
2.232401950833001525e+00,8.115231086534085980e-01
1.240751156091104423e+00,4.205691048711718283e-01
6.355674646852413345e-02,-4.029559628640911328e-01
-8.733741666975962381e-02,-1.618165896902512113e+00
2.165893157095741539e-01,-1.325329556417210508e+00
1.200193150039770978e-03,-2.167244445681791587e-01
-2.742379980014470475e-01,3.358811250592099173e-01
-3.369365658280060738e-01,5.464199629769506128e-01
-6.762895937149432379e-01,5.390766897858162432e-01
-1.263727390212413315e+00,5.731201951125995953e-01
-1.323559054300038174e+00,7.500209338482368704e-01
-7.433248485515895343e-01,5.394745426633490437e-01
-3.553801656863422864e-01,-6.225946623883878844e-02
-2.000546056203450496e-01,-1.640997409646118843e-01
7.006096573836499697e-02,1.147346034151797665e-02
3.644008884725094544e-01,1.255008668567281216e-01
2.704392865658462597e-01,1.452490944095276570e-01
-3.049255093131553740e-01,-2.295291456554474918e-01
-1.462692633227857253e-01,-4.651019417614608853e-02
-1.462692633227857253e-01,-4.651019417614608853e-02
-1.381533760364879626e+00,-6.898463966793588753e-01
-2.124129279555496019e+00,-1.141093912283402956e+00
-1.252506180115606327e+00,-7.749097098401935835e-01
-3.642695010397067890e-01,-1.268016641173508874e-01
1.074345239116958339e-01,8.960390373278320775e-01
-9.256441797538397104e-03,1.259452667741104648e+00
-1.309713413893697775e-01,7.368850357035754417e-01
-3.490769449511534894e-01,6.434693479316544451e-01
-6.235936907590974299e-01,7.792668902723618451e-01
7.850833824361082292e-02,2.155440861417554366e-01
1.540758700043399987e+00,-9.522305375227434199e-03
2.102345330850081684e+00,3.919958940007198800e-01
1.383202472099239744e+00,1.135389896000076337e+00
4.167019222716836224e-01,1.677156988936447268e+00
1.245445506403402569e-01,1.480224317114421595e+00
1.815031530809509130e-01,6.003596155159334202e-01
8.198900037041221278e-01,-4.853915946049045527e-01
1.119934336968297917e+00,-1.283645604734931500e-01
6.305281889316050048e-01,3.576236729409776327e-01
3.439290144299174123e-01,-2.908321107646510417e-01
3.439290144299174123e-01,-2.908321107646510417e-01
4.047374723601369628e-01,-1.205811139214625127e+00
6.200344012940748328e-01,-2.328309499359025203e+00
6.470388770456835248e-01,-2.291287073899143767e+00
4.356261030021002512e-01,-1.163463639636457936e+00
9.791496913821585990e-02,2.882446688001603641e-01
-2.250855305101627790e-01,8.570014443928045678e-01
-3.957259802896588852e-01,4.878749256811352741e-01
-5.638733201208953050e-01,2.289077344923200197e-01
-5.188200126641407950e-01,3.019872740682860157e-01
-6.592214845180720262e-02,-2.235053179864638154e-02
9.791496913821556847e-02,2.882446688001604751e-01
-2.250855305101627790e-01,8.570014443928047898e-01
-4.964389472931393099e-01,1.113831662642098985e+00
