-2.179115091035915275e-01,-1.079417491975669940e-01
-2.467459349771008725e-01,-4.658692598981368366e-02
-2.307365364828030674e-01,-6.376036996887739228e-02
-2.480405481058872152e-01,-4.290728153082183638e-02
-4.048104420362541034e-01,1.412200174203694092e-02
-3.741396186632697241e-01,3.221016262134105412e-01
-2.999039440029813708e-01,6.499615431566367896e-01
-1.842701690867893372e-01,8.733991815954598170e-01
-1.304450842363987784e-01,8.390127057540230915e-01
-2.889662414235498744e-01,5.905609171852806982e-01
-5.135741634105656095e-01,1.358537247381728930e-01
-7.351209827309971301e-01,-2.401271277965239537e-01
-7.559649293246858415e-01,-8.055703307184181039e-01
-7.136448243984652162e-01,-9.466415185717793612e-01
-6.987113907303537097e-01,-6.811319525290855381e-01
-8.340907003550002141e-01,-1.838696027195045046e-01
-8.575633544226818339e-01,-3.490220663973346293e-01
-1.034107724470051393e+00,-1.518331161599203172e-01
-9.936717322154712262e-01,3.998363713607310660e-02
-1.066613297737647015e+00,3.652651756547753426e-01
-9.284633440983400821e-01,1.313387347991571419e-01
-7.856685680958198637e-01,-6.719088555684514796e-01
-7.367152541704973245e-01,-9.046693344261546033e-01
-7.359558677257520554e-01,-9.507249767162143650e-01
-9.094287699606209419e-01,-6.220822951430922121e-01
-1.054047648003117343e+00,-7.385628657924491192e-01
-9.390062008895175838e-01,-9.948129158233396385e-01
-7.331468891380726882e-01,-1.021977562114765758e+00
-5.889197976040843052e-01,-1.014417241394554248e+00
-8.177606000567148037e-01,-3.955935738033178883e-01
-1.301527015790835851e+00,4.424300304617789226e-01
-1.562370361926338713e+00,1.246807928366314933e+00
-1.466868079305403416e+00,1.069201440372784973e+00
-1.215293862260515612e+00,5.484722898905750599e-01
-1.025995965512303654e+00,4.684411936156225760e-03
-1.136295193410868709e+00,-3.685718746518052563e-02
-1.091348505982121075e+00,5.717170729888112340e-03
-1.111919952316178239e+00,-4.332022845892673502e-01
-7.316854515402453352e-01,-5.992638927367565094e-01
-4.106182331861101820e-01,-1.047121826989946491e+00
4.692461308383761437e-02,-1.041423320319804668e+00
1.382200187720731832e-01,-1.173869043695781489e+00
4.268188722104881427e-01,-1.225612168020921544e+00
6.051136556234516517e-01,-1.069177315880472490e+00
7.646531578236636095e-01,-1.279206311436452026e+00
8.821858320265238973e-01,-1.555594951352252675e+00
8.089890215114764471e-01,-1.799062286570257685e+00
7.279464321684963046e-01,-1.742225870664380727e+00
4.189938801749069075e-01,-1.216276701962202500e+00
3.147825725293064703e-01,-1.393537858551136654e+00
2.085480812987358934e-01,-1.270270542195764518e+00
-5.853931922464074983e-02,-7.968557036730480325e-01
3.802548436402965193e-02,-9.033578733286392604e-01
2.985678153006670055e-01,-1.087894815426021067e+00
5.903093033731029449e-01,-1.200442152139973295e+00
8.586926991055011671e-01,-1.271214030251789362e+00
1.179768889979136537e+00,-1.398700255943170934e+00
1.174861934737704505e+00,-1.782040106782033728e+00
8.613911461576614359e-01,-2.145825837693243088e+00
2.020408759530961662e-01,-2.190475532767242939e+00
-3.480250175269524737e-01,-2.060749658620374181e+00
-6.941642584621012801e-01,-1.740512524723129228e+00
-7.578058121496972221e-01,-1.651770828451153639e+00
-5.922949454806237801e-01,-1.296516636190783389e+00
-2.654328200053810427e-01,-1.165126464607596279e+00
4.464932576945346981e-02,-8.945259350706571411e-01
4.734476132242185914e-02,-9.129327644192904989e-01
5.677131919038682153e-03,-4.002411584920652632e-01
-1.030375226642366027e-01,-3.739971592330141315e-01
-4.816677500848917659e-02,-6.509895769540003929e-01
-1.849098881913998627e-01,-1.563429426862914529e+00
-1.798944655411437998e-01,-1.912934625050550563e+00
-2.300905850451574197e-01,-2.109471123650953128e+00
-4.603592939972323550e-01,-1.856275718644934347e+00
-6.505853733023660990e-01,-2.438606261655841934e+00
-7.759012211659224167e-01,-3.430032752900801007e+00
-5.105544964824935139e-01,-4.468330561554753722e+00
-2.902695362139572355e-01,-4.593667869122810998e+00
-8.404769476201252865e-02,-3.843454661286000995e+00
5.612656711632101059e-02,-2.701079659461910421e+00
1.211383954936891133e-01,-1.748786116475560037e+00
1.346424506163506618e-01,-1.341995940376609298e+00
-2.216065257863180371e-01,-1.369916014996412690e+00
-6.804119294385557737e-02,-6.417715550401612568e-01
1.878523354438112747e-01,2.978587966471751280e-01
9.811139898508988155e-01,1.630084609617040714e+00
1.152764758349133389e+00,2.793531146198401149e+00
8.793342969072311943e-01,3.591256496123865549e+00
-1.576114498314579726e-01,3.462878612966141745e+00
-1.302524164517002037e+00,3.104085326172706161e+00
-2.218584453978596827e+00,2.311852085879849916e+00
-2.481878624689349611e+00,1.644931665791907971e+00
-2.223716119744232333e+00,4.725900558429448339e-01
-2.080314716139121334e+00,-2.163352082413140809e-01
-1.783802880102840716e+00,-3.175139128564281044e-01
-2.135940434981646874e+00,3.935963990346094676e-01
-2.091763439150792436e+00,1.015015543936940601e+00
-2.086616998471181983e+00,1.714874165843191856e+00
-1.855346296885787227e+00,1.554653175124207642e+00
-1.339327914356396754e+00,1.169434450223689526e+00
-8.848688321503076493e-01,2.348161342814163999e-01
-3.154178095904043855e-01,-8.437004492110163067e-02
-1.939123936063979203e-01,-2.011321916817179201e-01
-6.194884791702428770e-03,-2.458041384449109468e-01
-6.346314441013384267e-03,-6.857997329708370726e-02
-2.176451641649927715e-01,-4.427781580255681082e-02
-1.337258258429370739e-01,-2.870369560174251822e-01
1.064462266265693430e-01,-6.940318391326908420e-01
7.406954945309174310e-01,-1.103630506979702108e+00
6.435054728627995768e-01,-1.260917521709413736e+00
3.945638667025793134e-01,-8.930108247755289552e-01
-1.724493311272666252e-01,-2.860218220052783145e-01
-2.905666028843407189e-01,3.246565597792316904e-02
-3.470613094558002154e-01,1.906126244686285817e-02
-1.768938616089431592e-01,-2.926790040131699855e-01
-6.394957395398576105e-02,-5.872975020791776357e-01
1.128163259378190536e-02,-8.767430221442733540e-01
-8.178608253623145807e-02,-1.086014653354950621e+00
3.051903786574133859e-01,-1.203033937723379188e+00
1.281754963865089081e-01,-1.208728828068082795e+00
2.292602518480856555e-01,-1.266209222115095345e+00
-2.477843972083441926e-01,-7.735976104565146505e-01
-2.862591965344314371e-01,-5.293948342619982927e-01
-4.165653964470431014e-01,-5.336880646275335982e-01
-4.171813952322501184e-01,-1.523197447981499364e+00
-4.889433482155403077e-01,-2.398905832927001658e+00
-5.603204545486699661e-01,-2.959278325188675396e+00
-4.758068008019381012e-01,-2.642980765909621610e+00
-4.682229947343873877e-01,-2.083324025028462145e+00
-4.886309031196207631e-01,-1.186177664174645763e+00
-6.972892919931914513e-01,-8.954483332142252339e-01
-8.436792386519958997e-01,-3.761230117080306967e-01
-4.467099967102828306e-01,-1.738515051652703702e-01
4.073255522382947524e-01,3.809285095628075490e-01
1.255812006732175190e+00,6.480993897068180187e-01
1.638252696316151891e+00,7.490341094499096686e-01
1.462308715674560444e+00,3.625016539390238379e-01
1.032120777089956087e+00,7.001891114103485358e-02
4.358923347498277479e-01,-1.725585776733237209e-01
1.819913637420446095e-01,-6.552142381858303000e-02
-1.576282816049741908e-01,-1.179450442411142663e-01
-2.964545937160531497e-01,-1.073277887836195238e-01
-2.964545937160531497e-01,-1.073277887836195238e-01
-1.400201638878474930e-01,-1.317414068226811508e-01
1.213959271614653210e-02,-1.439572958376152401e-01
2.442001181983249197e-02,-1.141002933477489462e-01
2.953592492524375127e-02,-3.957265549215474576e-01
3.510778360119014459e-03,-5.124052084064748547e-01
8.513694797332169162e-02,-5.852884254478232240e-01
-4.165685420630189234e-03,-1.223591198481860653e-01
8.858536576879443014e-02,3.206440882182182706e-01
2.101957202766316368e-01,4.753882990799417341e-01
2.833108907739068094e-01,5.458409155935111112e-01
2.833108907739068094e-01,5.458409155935111112e-01
3.778282163287537410e-01,7.185353806536003418e-01
3.778282163287537410e-01,7.185353806536003418e-01
5.005832240795408117e-01,1.098899269846480120e+00
1.860771833042700607e-01,6.658315746212101205e-01
-1.163197361165417137e-01,6.426979779633120726e-01
-4.844127065874588856e-01,3.388262757533515579e-01
-5.041295026779396560e-01,3.755490979918141292e-01
-4.332092026563474918e-01,1.238407597709284824e-01
-2.831617046721183750e-01,-1.214800692366954649e-01
-2.775619234296614057e-01,-2.187631802388528279e-01
-2.664147084307841307e-01,-4.450536924865562405e-01
-2.800344046391584629e-01,-4.701018382184015132e-01
-4.393172294616383700e-01,-4.419099772810531901e-01
-7.143370546740974714e-01,-2.558484763508108717e-01
-6.064570950735876931e-01,-5.613310647070766102e-01
1.078645079378836302e-01,-1.467326982856909545e+00
1.086942397242479652e+00,-2.675697733180874227e+00
1.587924707972241833e+00,-3.646982953707086139e+00
1.735168429531994905e+00,-4.203786588020136605e+00
1.356998171007025578e+00,-4.095991161865159214e+00
5.719498836118360741e-01,-3.139670020443776632e+00
-1.971344398839673939e-01,-2.407814022508758089e+00
-7.185861197400074118e-01,-1.779761793079452925e+00
-7.156170750830802563e-01,-1.736057570306154485e+00
-8.118860639103205878e-01,-1.240636302966844351e+00
-9.442126292249836128e-01,-8.193079375778238305e-01
-1.144704890185378465e+00,-4.993948532451124578e-01
-1.078335471333194517e+00,-3.659717633880781307e-01
-1.088108879220362812e+00,-5.640555269224417634e-01
-1.067356615261864761e+00,-7.709536498086884126e-01
-1.184006547427262523e+00,-9.301942093251155397e-01
-1.060616617794879479e+00,-7.209899725573550855e-01
-7.851533759940408919e-01,-7.420857105909384188e-01
-4.224026778193880616e-01,-1.139931589087487929e+00
-2.038975465222276073e-01,-1.468299305840312874e+00
6.685465751573603510e-02,-1.112332538634649204e+00
1.680865881531254380e-01,-9.336628508642311752e-01
6.169482177302783310e-02,-9.839725006788809791e-01
-1.137833251249178029e-01,-1.144955825313201059e+00
-3.133289593509477888e-01,-1.465210554460090853e+00
-2.226476740370583463e-01,-1.448355703801145200e+00
-3.275861726080123160e-01,-1.636382932167814941e+00
-5.695783722963767559e-01,-1.205177984730148477e+00
-5.604220544942725146e-01,-1.144286679209975066e+00
-7.142674386512785079e-01,-1.066723916050653198e+00
-6.453049358902734900e-01,-8.597223776194319322e-01
-4.685587074127984253e-01,-2.662774852183469321e-01
3.660336586687026189e-02,2.480374904541473580e-01
2.328392131434538492e-01,2.407899425431762885e-01
-1.559560309088626195e-01,-4.826466057022766876e-01
-6.730426904280139011e-01,-1.348925528875783986e+00
-7.686437343110231746e-01,-1.727964430342328717e+00
-6.998105683240786190e-01,-1.542032458998284339e+00
-4.580851189188031025e-01,-8.507441189854225705e-01
-4.580851189188031025e-01,-8.507441189854225705e-01
-3.856489693646169004e-01,-8.807640018786504488e-01
-4.623334320218832061e-01,-1.687839495457760908e+00
-5.545274459812332690e-01,-1.919884712795873138e+00
-6.362037457321093603e-01,-2.069644527152198155e+00
-6.064292462144685869e-01,-1.778327094354195337e+00
-4.281959045505913664e-01,-1.178451405914223260e+00
-4.378144912563910474e-01,-6.361773755975804745e-01
-4.033579127642077933e-01,-3.930864191028658472e-01
-1.989210237059119701e-01,-3.503803436205481514e-01
-8.908016365114371227e-02,-9.564064859621740355e-02
-3.218147113896639433e-01,2.555592108626114634e-01
-6.917890113856282053e-01,3.238293965256215934e-01
-8.554339003745879966e-01,8.810128753816859337e-02
-5.652241830648362386e-01,1.083632027159855821e-01
-5.713848538786241160e-02,5.070696598395131316e-01
1.414566790376722005e-01,6.045809217465895058e-01
3.636991006741531751e-01,3.306049915692585994e-01
2.719884662784416984e-01,-1.474619190254869983e-01
2.757329636524358252e-01,-1.679928921263704467e-01
2.081870636442888500e-01,-6.970687881215564818e-02
-2.456816235066312457e-02,8.727712247145259783e-02
1.267194077408146345e-02,1.798305607984131416e-01
-1.544013921815058470e-02,2.932454484967308983e-01
1.952416855116674843e-01,3.554041005921614316e-01
2.433985515057311422e-01,2.526168864376695522e-01
1.798931398878820531e-01,1.521323816146703811e-01
-1.303442172472372151e-01,-1.060061104552726674e-01
-3.989323019917700441e-01,-5.176709669525927371e-01
-3.989323019917700441e-01,-5.176709669525927371e-01
-3.638999094951507751e-01,-6.401656910785232801e-01
-1.462118314806880037e-01,-7.873829017528470864e-01
6.825082090480369401e-02,-1.234405642747445464e+00
3.392742516735102742e-01,-1.284877257898206393e+00
4.855934625101590019e-01,-5.283351675182296203e-01
3.037568094158829002e-01,2.594601094883869363e-01
2.600014260776655206e-01,1.000071518973976614e+00
1.255533490544807063e-01,1.207920623329841403e+00
8.322740613384202457e-02,9.541322482430319996e-01
-9.794269386784736076e-02,2.562197676224178267e-01
8.955130933485550004e-02,-2.677706105598296471e-01
1.068543774104825234e-01,-5.286616343172643173e-01
6.934574297736366411e-02,-7.701605781584066612e-01
-4.461636996842998637e-01,-9.811099360487040011e-01
-3.460653462472013109e-01,-6.247522111448875481e-01
-2.333266967036899397e-01,-5.097401006158653880e-01
1.182297393239795519e-01,-3.083116276504352937e-01
-1.212361386119745373e-02,-5.938236073940292847e-01
-1.208508203175741175e-01,-2.941283652952688121e-01
-3.144071822882810729e-01,-1.046117762133538659e-01
-4.456440681561168460e-01,1.313954537367792996e-01
-3.583337751709536612e-01,-6.170602078764382895e-03
-4.175159515020454015e-01,-2.265845596765132530e-01
-3.850475452309833901e-01,-2.819839178389009215e-01
-4.998916748704790303e-01,-2.132050069764717393e-01
4.886509176959216716e-02,-5.468227901544269187e-01
7.802676914627005855e-01,-1.122897002283554269e+00
1.771057934336622175e+00,-1.582525456921390683e+00
1.709909952629038887e+00,-1.296396406227997788e+00
1.198533590961251560e+00,-7.107499201092727370e-01
3.122828218646506726e-01,-4.484417906487050964e-01
1.179437951233972964e-01,-4.683369810726216720e-01
-2.099442036112762200e-01,-5.539507309546874980e-01
-5.295677730904738700e-01,-5.920058375053239841e-01
-8.015505258819153322e-01,-4.262981252060601967e-01
-4.395812314013687327e-01,-4.534676129482443363e-01
1.378735780608586134e-02,-2.725950021453782957e-01
3.122828218646506726e-01,-4.484417906487050964e-01
2.435375082836935823e-01,-8.208343436939016802e-02
3.802303122229421795e-01,3.756258236032770093e-01
3.477264338003707156e-01,6.195847840967206865e-01
1.629778742672112757e-01,7.920844743531341159e-01
-2.063361049110516154e-01,6.039709368942375312e-01
-2.715327804690000901e-01,6.444618832808067799e-01
-5.036229485793831673e-01,3.100767319951498457e-01
-6.975014917131934222e-01,4.981635434744852153e-01
-6.967719942773411557e-01,4.426427694727534945e-01
-7.140600657891901237e-01,2.810437285531994789e-01
-6.449229057605775361e-01,-3.391818567373415805e-01
-6.481826149445950591e-01,-4.990218455967326827e-01
-4.420246681924537291e-01,-3.671433062578999817e-01
-2.981354683282851359e-01,-2.677433946873669091e-01
-2.016241035279046911e-01,-4.334778470532658634e-01
-9.807905529482792428e-02,-7.714205542490575329e-01
-2.002429084004530568e-01,-7.852679529902562017e-01
-1.984193006453224550e-01,-5.075176687417515264e-01
-2.981354683282851359e-01,-2.677433946873669091e-01
-1.451387609721503935e-01,-3.527324884553128537e-01
-1.015595992716347568e-01,-1.746317691928842841e-01
2.129896242505495071e-02,-4.655875489334311557e-02
-7.662853356522857096e-02,-1.044447505100235818e-01
1.368804646535313752e-01,-4.190771954289493340e-01
3.048928473343605061e-01,-9.132267455276981138e-01
4.776306245119058547e-01,-6.742950712772224353e-01
3.717941570435036591e-01,-7.099033940280797816e-01
3.202767288431687120e-01,-1.095002020204253329e-01
1.906245599858329975e-01,8.194038353583585343e-02
3.763967494235859190e-01,-9.116548045287942159e-03
3.885561032248558977e-01,-1.704489829627443831e-01
4.816763397726157581e-01,-6.620457718160339677e-01
3.171892282550876074e-01,-9.396893372803151179e-01
6.906944596370637179e-02,-1.062558113760101453e+00
-2.984174063993752513e-01,-4.032465045949942262e-01
-3.128799247977102627e-01,-6.972439115640159946e-01
-1.294780620566666762e-01,-7.375568156276330889e-01
-4.982945245435772136e-02,-1.135777231107039320e+00
-1.040137547040510292e-02,-8.780472492128638118e-01
-3.721649863976675965e-01,-1.047354868756765089e+00
-3.721649863976675965e-01,-1.047354868756765089e+00
-6.540641864894516377e-01,-8.270630759138249966e-01
-5.228223782231848915e-01,-7.892884209339684487e-01
-4.324655712319068757e-01,-6.377346166242172654e-01
-2.198048880117975112e-01,-8.685563088136923904e-01
-1.925010601343534467e-01,-5.270709629520439199e-01
-5.927995129473759839e-01,-4.242998779947542709e-01
-8.939460736250361972e-01,-4.550307351719228011e-02
-1.131587862488426799e+00,-6.854641574298715734e-02
-1.131587862488426799e+00,-6.854641574298715734e-02
-8.894956375824445427e-01,-4.552486990836395742e-01
-1.126919642105741914e+00,-5.449370432496595251e-01
-1.550728306786048227e+00,-4.127591716823681978e-01
-2.113501308724971661e+00,-1.860133110498934927e-02
-2.067907675532721257e+00,9.138318215905530395e-02
-1.678223408245766990e+00,5.442122372933731744e-02
-1.201533882155716659e+00,-5.111415190281561050e-02
-7.424401862915093187e-01,-2.484128582126599871e-01
-5.324686391593390633e-01,-4.778862446789022278e-01
-4.849006699794133346e-01,-7.759986038712433087e-01
-2.058469820719392718e-02,-1.294298586636385417e+00
2.214308186886269070e-01,-1.367087529199797258e+00
6.252012178782394569e-01,-1.557640459154777446e+00
3.478851576866340833e-01,-1.570322035371446656e+00
1.456148064266787334e-01,-1.672522950908826855e+00
-1.044592394066093666e-01,-1.779012603133341974e+00
-1.044592394066093666e-01,-1.779012603133341974e+00
-2.845406680553328460e-01,-1.689337026817137710e+00
-2.882976614708085972e-01,-9.667194042973250578e-01
-3.254527812070995840e-01,-3.172768473971416259e-01
-2.679017050888547399e-02,2.555437093707423335e-01
-3.320693139753692902e-02,-9.694443031454855197e-02
-1.369674716325097741e-01,-1.526828638928461879e-01
-5.019891434112264683e-01,-3.752126316152107899e-01
-6.361719774220301327e-01,-1.853380980277762047e-01
-9.049850895983871935e-01,-4.218231520358819431e-01
-9.442478946777655979e-01,-2.969034393428129914e-01
-1.074834900841307173e+00,-5.603519915360791886e-02
-1.020130679727743184e+00,1.414532177738202501e-01
-9.867976321557333508e-01,7.387433801319781557e-02
-1.035408609533065238e+00,-3.793476141329853446e-01
-9.755235007236826572e-01,-6.308778770905885125e-01
-1.201850353375693903e+00,-5.493923126209024899e-01
-1.091416421447139795e+00,-2.507681771539654325e-01
-9.587587472296920099e-01,1.284060029532236302e-01
-5.294638984727711994e-01,-1.208431278295861860e-01
-2.383496389480000699e-01,-4.031626356950762102e-01
-1.254456584246324280e-01,-7.789705985739622252e-01
-1.566359233502965242e-01,-7.141212958058132942e-01
-3.328737976548240551e-01,-6.794899458137612092e-01
-3.954680813224068503e-01,-7.697166515644288109e-01
-2.623402733520604491e-01,-9.044324824744884861e-01
-3.567991034882047607e-01,-1.162985475234339150e+00
-6.562527810372553727e-01,-1.224371195804455192e+00
-9.076681199556919655e-01,-9.770161937328403212e-01
-6.937390990502756427e-01,-5.470939944714123815e-01
-4.533402323567137238e-01,4.838051787250259236e-03
-2.908980804424963207e-01,-3.458005965229387635e-01
-2.765588163715544945e-01,-9.226188888464501581e-01
-3.838281386671115736e-01,-1.405348505527695080e+00
-2.815403149745673850e-01,-1.494929329709261401e+00
-2.383314195887250575e-01,-1.750129127064690593e+00
-9.539377613051235050e-02,-1.460884511912451167e+00
-5.277130517951638539e-02,-1.195113442656186464e+00
-1.711046009342114538e-01,-7.393696651430429201e-01
-1.046257768234226809e-01,-7.150635785361026953e-01
-1.520488111265250186e-01,-5.122204623781304589e-01
-1.434701994365562283e-01,-2.223267648275716046e-01
-2.527582644549983826e-01,-1.858036801299849106e-01
-2.964545937160531497e-01,-1.073277887836195238e-01
-1.855218133264347757e-01,-2.678285306552760647e-01
-1.429000256846733874e-01,-5.281992897651883734e-01
8.242316243020815503e-02,-8.013665141243411227e-01
-4.625338579177394605e-02,-8.100073508802029254e-01
-4.475326905800803418e-02,-5.836058452794193885e-01
-3.233035710766456461e-01,-2.047234656695935962e-01
-1.199969317071998554e-01,3.493102030364154259e-02
2.535262379978339524e-03,2.284627184548773948e-01
1.679981196216981387e-01,3.195670028505417370e-01
7.257684547258801133e-02,3.728397646539100552e-01
-2.673765530241235533e-01,7.516856500790164430e-01
-5.655803574995108551e-01,1.105814896812280068e+00
-6.402267687219905801e-01,1.084396544849553168e+00
-6.916874226309743801e-01,1.322867493242509296e+00
-5.783375328182740471e-01,1.004281132525860265e+00
-7.808387272550693092e-01,1.095882807330298414e+00
-1.041903012246468307e+00,1.140860780522864992e+00
-1.286939953116150281e+00,1.488087532803388902e+00
-9.405288065492766192e-01,1.201771536526768935e+00
-9.710857681414828413e-01,1.256983244570408775e+00
-1.111073516777978387e+00,1.494622546742744307e+00
-1.496610016380292452e+00,2.024314309777689669e+00
-1.405852007139606119e+00,2.714265603272806082e+00
-8.916939487769088846e-01,2.221818614808960035e+00
-5.509266077285918106e-01,1.537036824087966380e+00
-5.509266077285918106e-01,1.537036824087966380e+00
-7.589105119470723748e-01,1.868479452557533005e+00
-7.012772352220651984e-01,2.014654461997141155e+00
-4.959810112855840281e-01,8.301171651003054208e-01
-3.275497574273822932e-01,5.894548263445356096e-01
-2.425007705248976297e-01,7.298341890428747814e-01
-9.575011402266027372e-02,7.423809924790004677e-01
4.329759403253716221e-02,4.929522355734812789e-01
1.116369447708357027e-01,1.237051980935116452e-01
3.453534208198901223e-01,-2.352548984320252390e-01
7.919741752528759449e-01,-6.166617887630773120e-01
8.476893921280337363e-01,-7.691828376775995402e-01
5.461751737874780410e-01,-4.757906323074153065e-01
-6.829143737035078994e-03,-7.097662008661975719e-02
-2.306278548983384802e-01,3.283324934092065606e-01
-2.167411034195473873e-01,6.072936742816784639e-01
-2.167411034195473873e-01,6.072936742816784639e-01
-1.450237702980944066e-01,4.777469497255696917e-01
-2.416538322348412704e-01,-9.788541023532257301e-02
-1.925364889155332382e-01,-2.788402734760200286e-01
8.637680172033304626e-02,1.279848289403520134e-01
1.357218885133710806e-01,4.119850115808343372e-01
2.895183482486591298e-01,1.301945748333912800e-01
3.035923929198262594e-01,-3.825774435123304729e-01
3.346518120145335895e-01,-2.108406006973078395e-01
1.387756314143218983e+00,6.680734148542594175e-02
2.562695271797441610e+00,-1.890802819109844157e-01
3.777666311807645005e+00,-6.916690043978299673e-01
3.754627469946356655e+00,-1.065311606934235655e+00
2.985700698833676281e+00,-1.291847524496941624e+00
1.504545828494470605e+00,-1.285615023133016122e+00
3.497490251046508902e-01,-8.152374502933136258e-01
-4.090015801984451804e-01,-5.428380323604673485e-01
-2.042235163580760349e-01,-4.388653519854464613e-01
4.332454141463416564e-01,-5.861948522392568250e-01
7.902525910608145798e-01,-3.414043996429667605e-01
1.361312467646439650e+00,-2.519389998415871856e-01
1.886266994396518015e+00,-5.287300981111807685e-01
1.743703826756039854e+00,-7.224459071202766758e-01
1.073379600658092459e+00,-6.419852946225824697e-01
-2.988693403122284070e-02,-2.611271662789143577e-01
-2.220683074289497294e-01,-9.488477162935214648e-02
-4.054021527642081568e-01,-7.853868675316047487e-02
-5.107662426534498312e-01,1.109296325692979424e-01
-5.914423316293642152e-01,5.506443516465785171e-02
-4.909699821388575636e-01,3.465920619062054508e-02
-4.936848365600478572e-01,9.704626642952676394e-03
-3.186165028910524777e-01,6.014232997495209954e-02
1.503035496296744461e-02,5.038634042270068863e-02
5.212507830155425070e-01,-2.507701503653793074e-01
9.979866246451903899e-01,-5.321293298077639511e-01
1.612478778223260578e+00,-9.755827453003769190e-01
1.994950032220071057e+00,-9.706525304978920188e-01
2.008354611766982156e+00,-7.507225138642664719e-01
1.283830036760956972e+00,-2.409360223112914923e-01
5.813148795246612099e-01,3.633984596006391010e-01
-1.437581835235453298e-01,9.176262182955332580e-01
-1.523269584952247346e-01,1.079925668406986006e+00
-3.795050875570150084e-01,1.269994496521068550e+00
-4.684720225872548993e-01,1.287945735170090700e+00
-6.167337957122692726e-01,1.353913024578488278e+00
-6.013113054409658931e-01,1.107426920343876464e+00
-4.219352012557621712e-01,7.617859979789739500e-01
-4.303409773603377175e-01,4.719941999614731820e-01
-2.998710749007420517e-01,1.604936554845365348e-01
-1.835614012284319529e-01,2.032430577646167080e+00
4.619826958775513637e-01,2.816019446721234054e+00
9.873064105715139149e-01,3.958830817433782290e+00
1.328396074796449167e+00,3.848351928179404524e+00
1.214632867778601133e+00,3.712832984272227410e+00
8.046629802942313336e-01,3.762302059603173543e+00
2.774265369837805029e-01,3.974840937338844249e+00
-6.061397775110826704e-03,4.892205538693594313e+00
-9.498835653110213051e-02,5.089670380259368798e+00
-1.040383081545844662e-02,5.047127380172492295e+00
-6.074896797096639330e-03,4.892200780327909726e+00
1.783470336406666953e-02,4.688205761837982877e+00
1.783470336406666953e-02,4.688205761837982877e+00
1.783470336406666953e-02,4.688205761837982877e+00
-2.851326427401378316e-01,4.066404182278928303e+00
-2.823339068008777208e-01,5.317133812585205455e+00
-1.659920639500469782e-03,6.723731036059931832e+00
4.727803623998083626e-01,1.058433070819169686e+01
5.398515477102441285e-01,1.333887632521445532e+01
2.202462035779287897e-01,1.502898691195207981e+01
-2.491078689633226262e-01,1.374742563357384917e+01
-6.835544311814727436e-01,9.984171082413979548e+00
-1.146452138711769653e+00,6.223671549024047067e+00
-1.218576812736778869e+00,3.050189651458620421e+00
-1.115893880919080372e+00,2.127722283200644604e+00
-5.552052862935669131e-01,9.806861987137538428e-01
-6.738773500105983694e-02,2.028387715861071361e-01
2.787474110251807469e-01,-1.316303541253351639e-01
1.319816225957875788e-01,-2.197885692603684937e-01
-2.050838997211654746e-01,3.400411072646317666e-03
-5.367129899793156023e-01,1.756378137587116806e-01
-6.801751832913418561e-01,6.161757667296774432e-01
-7.696212448227681691e-01,1.345066947247949063e+00
-9.959286657943267063e-01,1.536868745193348484e+00
-1.205567445456232623e+00,1.327644243272086300e+00
-1.267573788864893247e+00,3.651904241270082507e-01
-9.974697871799652615e-01,1.402720772706068410e-02
-5.470987113271521540e-01,-2.035302375692129850e-01
-9.108829077680034858e-03,-3.186024607035369272e-01
1.241998246314999776e-01,-1.684412929542117021e-01
3.499067242838778402e-02,-1.278474345612362617e-01
-4.635068383496741551e-01,-3.313524783549148811e-01
-5.341321850833671281e-01,-8.989312922407082240e-01
-5.103351153468858037e-01,-1.058949359185164862e+00
-2.977436547901893271e-01,-8.003642345257561130e-01
-3.712860957565642384e-01,-5.888509070779800458e-01
-7.515652674923825050e-01,-7.832772344738904158e-01
-1.170818301773507875e+00,-1.020848864811731760e+00
-1.142374354363304922e+00,-8.001385187527149112e-01
-8.444546124333019987e-01,-7.040462018852705617e-01
-3.611844620453075749e-01,-2.757970616417121934e-01
1.717942993859928880e-01,-3.920400029920556029e-01
5.142384960341448430e-01,-3.677939469459199362e-01
1.027611723429280977e+00,-7.422657210592474852e-01
8.765041855013998573e-01,-9.173498701916535936e-01
4.890981203534700006e-01,-6.561255898574650525e-01
-4.344345011909664933e-01,2.946327174505617430e-01
-7.282503922433617438e-01,1.191315525438787715e+00
-9.771287947972919774e-01,1.613867050680015680e+00
-9.223154722307442821e-01,2.279414655903325038e+00
-5.824901882441420042e-01,2.816246329553647509e+00
-1.393778861785214540e-01,2.967276926082247801e+00
3.568494388630634728e-01,3.749955683857668642e+00
6.859467568802525284e-01,5.549661292705985183e+00
5.856221822703244761e-01,5.571304675528770289e+00
6.569655244250218740e-01,4.571539552921385585e+00
6.051941691567507275e-01,1.755738675042057162e+00
6.085403228836863132e-01,1.229918237019425264e+00
1.031868085799334089e+00,2.921974328546173005e-01
1.639543055927176196e+00,8.055832954165322024e-02
2.159598277540498490e+00,-1.410923465923987208e-01
1.786975034469853174e+00,-1.760589877528901392e-01
1.056261541344380328e+00,-2.324236786936719756e-01
3.960471875628683858e-01,6.549170199324463315e-01
-2.302659640181718356e-02,8.458854812263068013e-01
-1.874338090983767094e-02,9.790795117939385950e-01
-6.934319080233183885e-02,2.787561136237549642e-01
2.132388836643704377e-01,1.868970709708186462e-01
2.697349318853017874e-01,2.786210575925974764e-01
3.670846281614723594e-01,2.600561135004560431e-01
-1.235471437936945388e-01,1.031300780766887470e+00
-4.163707328366730853e-01,1.684719359620872492e+00
-8.140830887628467405e-01,2.233002556705947939e+00
-9.263194087762519624e-01,1.827246181735389108e+00
-8.548381981643702332e-01,1.211164454066930629e+00
-6.545913986203562018e-01,2.528302197456011591e-01
-6.495815391539118133e-01,-1.779528357127405647e-01
-5.152815341241575586e-01,-4.755394728928809545e-01
-5.382896494382090058e-01,-3.949250908089066425e-01
-2.455813503763392969e-01,-3.148405770020210048e-01
-3.360893524532818089e-01,-5.047715578580051765e-02
-1.660464931733527105e-01,1.365279139350943916e-01
-4.888112155480191512e-01,6.803580153266959307e-01
-6.415958503097622945e-01,6.403965656465469003e-01
-1.344605913989978196e+00,4.112394474083762019e-01
-1.833032871412024312e+00,-7.748247512258144010e-02
-2.211953518367509641e+00,-1.526280384619725927e-01
-1.806203179708562701e+00,-1.235144161062977641e-01
-1.298259708595062900e+00,-6.399199209027139901e-02
-6.308688888346688506e-01,-2.008933304215506851e-02
-6.087290430831261423e-01,-9.933964653344638795e-02
-4.282344061494733900e-01,-8.392637840131793314e-02
-6.461849191755837385e-01,-3.926414805176246803e-02
-7.749290500871802712e-01,1.019748067132132396e+00
-1.045341956918074633e+00,1.257555351412271927e+00
-9.823546130316250791e-01,1.291334190414371141e+00
-8.106098139520944157e-01,5.862572414885693917e-01
-2.837338937510897607e-01,9.546299506014174208e-01
-1.081014186156345619e-01,1.008584033568118432e+00
-6.810756016295241300e-02,7.892586992026242587e-01
-2.647329937952029311e-01,-7.328317200692531508e-02
-2.091740975235985289e-02,4.140261572697767622e-01
1.315938556521330238e-01,3.812357904758761351e-01
8.402073928182389739e-01,8.266780736248227068e-01
6.801292358371995306e-01,-3.754772851129360711e-02
5.260811249582122429e-01,1.632512518722017136e-01
-1.793609012864619823e-01,-5.019633201492778446e-02
-3.870610471653922469e-01,-1.430888427044223754e-01
-2.827169857579734935e-01,-4.510501857694025896e-01
-3.184608962581071401e-01,-5.218206518323319498e-01
-3.932773785163047875e-01,-2.113850433961527719e-01
-3.288943873609730950e-01,-8.137133292521405922e-03
-2.525657872849348257e-02,2.317888755302106307e-01
7.094036389594802205e-01,2.956355750284868633e-01
1.640772858486091446e+00,1.098660320151620517e+00
2.347164989678743652e+00,1.854504622272640901e+00
2.423270740118016242e+00,2.264474390544987781e+00
1.575417093235112587e+00,1.638290047689539453e+00
7.031653512392255223e-01,8.379541346122219014e-01
-1.270900537665707319e-01,2.473528031898620805e-01
-7.513721595704243861e-02,-8.954106669187053558e-02
-2.901446285868452546e-01,-2.569850873279868053e-01
-1.996987162849862552e-01,-4.489969052586986198e-01
-2.274218450995027785e-01,3.024929693428814528e-02
-3.955688377093903307e-01,3.417304572233227922e-01
-4.843423947533692653e-01,5.668773588553260856e-01
-4.660103997860741143e-01,6.371064931888963390e-01
-9.432649781066707595e-01,1.752860102678321486e+00
-1.446730427215527470e+00,2.378117657469870139e+00
-1.746429613208871690e+00,2.936833194301482042e+00
-1.509366524479935245e+00,2.138766474272494555e+00
-8.584998426810357408e-01,2.802970774264356812e+00
1.435100608963827372e-02,1.717458366099654965e+00
7.522417583763509885e-01,1.590560399744080033e+00
1.235739250863128635e+00,-2.875038534496833220e-01
1.308393433450370180e+00,-6.904268671206642560e-01
9.202221948543524155e-01,-1.308765276434870506e+00
3.594944618611705112e-01,-1.395017718413106067e+00
1.874133697949845537e-02,-1.010611148161432604e+00
-2.651200748419238473e-01,-7.713939612676937729e-01
-5.215908837613278948e-01,-3.814332585887732496e-01
-5.274972692362768223e-01,-4.632009705544805622e-01
-4.791371581284382675e-01,-5.302202326816179284e-02
-3.206333334657942569e-01,1.713646226515253912e-03
-4.598299222063663705e-01,8.991155058056086872e-04
-7.355387235023066461e-01,2.803464319848301134e-01
-7.403250465264895608e-01,4.043464373925264588e-01
-7.190951514995151950e-01,4.270818645760159904e-01
-5.490663883418201996e-01,2.959820338548362906e-01
-6.605006965855302337e-01,-7.037010740516354279e-02
-9.470159618484058628e-01,-4.201180860652395932e-01
-1.245064170965958228e+00,-8.811145516668207334e-01
-1.161671345370199226e+00,-8.648543517713486173e-01
-1.753870402967722564e+00,-1.293361373872656150e+00
-2.779266415611676422e+00,-2.051979497740679559e+00
-2.931681607780284526e+00,-2.190905653664600994e+00
-2.059668306707573837e+00,-1.758011270988183883e+00
-1.077224021610289517e+00,-1.011752459888553446e+00
-9.394645686794209083e-02,-6.236408379187339396e-02
-1.316664146670550872e-01,3.402331658634467071e-01
-2.163980184898343928e-01,3.056063252647525097e-01
-3.892183397576010062e-01,2.989031849981520494e-01
-4.947302552051319746e-01,3.150223674651919104e-01
-4.192375989381282864e-01,3.645929162495113451e-01
-9.004865897379034367e-02,2.405055156706757680e-01
-3.987411440208799007e-01,4.688410405279031523e-01
-7.943773697382928711e-01,7.637686393032039334e-01
-1.290972711593523226e+00,8.995833521383579390e-01
-9.205800514214033115e-01,3.078671120289411811e-01
-2.654978638087605036e-01,-4.025286961336773106e-01
2.924567712036235667e-01,-9.923594041782943798e-01
7.239414647382526047e-01,-1.000834116109854399e+00
5.861256233573538532e-01,-9.950673900656784587e-01
1.350380614674376867e-01,-1.439864179614518180e+00
-1.033729319134443436e+00,-1.923550200032566826e+00
-1.434424367790928523e+00,-2.365406415982414856e+00
-1.862645054789150656e+00,-2.610736409085203213e+00
-1.428559446175663439e+00,-1.985976125359711020e+00
-1.664102815951946868e+00,-2.640380327747434031e+00
-1.128838811872093340e+00,-1.767453791523501794e+00
-8.847217795581228117e-01,-1.144841273542741344e+00
-7.243915873432954511e-01,-3.406756367218480297e-01
-7.243915873432954511e-01,-3.406756367218480297e-01
-6.013394201517412441e-01,-3.355275788914330315e-02
-3.924006008123553380e-01,2.017800454240132046e-01
-2.057362793108940824e-01,3.332831160451716901e-01
1.832769860754792923e-01,-3.332858866784287749e-03
3.449157099956199901e-01,-9.472542660166258233e-02
3.130006893277236246e-01,-5.054614538441591920e-01
-8.812458248899392166e-02,5.559699741467347134e-02
-3.770552785098895132e-01,4.401378817795547627e-01
-4.571184924477843525e-01,8.206682296308361879e-01
-4.257493733593659679e-01,3.760870458293220087e-01
-3.665605432159428911e-01,-6.927385021404205978e-02
-3.385600231425229256e-01,-3.659519849164723504e-01
-4.099310774172994498e-01,-7.732206398862884189e-02
-3.713589795079457190e-01,-2.286064114010170900e-01
-3.400474353496096280e-01,-6.664551439042365466e-02
-3.331917219133317398e-01,8.820800889733347583e-02
-3.826996548047624236e-01,2.891070488901249513e-01
-5.439152576879983103e-01,3.760663377237123961e-01
-6.609212749051915914e-01,-2.368933047295271044e-01
-7.895987844128523614e-01,-9.580117040544180451e-01
-8.787268897728579553e-01,-1.980713630778724976e+00
-8.236158423403119322e-01,-2.640911320366110537e+00
-6.399108573014186119e-01,-2.605739485626831442e+00
-3.615277550497500436e-01,-2.201493918052489285e+00
-2.226700345511752055e-01,-1.361246545413841158e+00
-1.459946755682000608e-01,-7.114228529028613357e-01
-1.459946755682000608e-01,-7.114228529028613357e-01
-2.991305115434947370e-01,-4.510290233179580222e-01
-5.941259678529728916e-01,-3.918437333907651698e-01
-6.994493263176692066e-01,-8.748839864108649833e-02
-6.453301199336364258e-01,3.334430341904287554e-02
-5.092593610770869139e-01,2.789690589278882027e-01
1.264256620768458295e-01,2.918171941520638635e-01
2.102117837482328222e-01,2.979098074979996125e-01
5.941985883908050825e-01,1.049400028609521751e+00
2.600173040985648276e-01,1.181141993530563594e+00
3.430200739936118959e-01,1.015468691443173865e+00
8.428523371674097320e-02,5.339707715935660542e-02
9.099978689826504485e-02,-2.328181135031384130e-01
-8.575618141052936128e-02,-4.114835543282202579e-01
-7.555288669468560037e-02,-3.578689068628655989e-01
-2.579789197017296615e-02,-2.539801348984596086e-01
-7.258742839028373139e-02,-1.016954241763748656e-01
-1.083911909195505036e-01,1.130671106690511879e-01
-1.260028492172356740e-01,-7.477026112951548620e-02
-4.617259499925278898e-02,-4.188160446662433367e-01
5.591917521301426053e-02,-4.545293639975990785e-01
-2.470099629894518256e-01,-3.356196899262123279e-01
-4.323231830455588343e-01,1.640053053888026460e-03
-5.696071200160622849e-01,1.029881749363728421e-01
8.404425404515136755e-01,3.166356344655543026e-02
2.565523473583131153e+00,1.200172746955133318e+00
4.512152491617901440e+00,3.013276192515100593e+00
6.031224807338410265e+00,5.334735591202401039e+00
7.193812409346929115e+00,6.832395035320853793e+00
7.135969403090299146e+00,7.129991904900619737e+00
5.957097854389705738e+00,6.282213410051339153e+00
3.839129663320070662e+00,4.338615360377930941e+00
1.851819719971346867e+00,2.739826027596446778e+00
3.613260192130905435e-01,1.525503099040690369e+00
-1.152035948467045878e-01,1.162505110596352420e+00
-1.781881475706393880e-01,7.818675391686398246e-01
-4.053422559380306378e-01,1.356092499300330378e-01
-3.841545827379980876e-02,1.030699418670665418e-01
-1.450912614533892697e-01,-3.216988656011955938e-01
7.152224708516132790e-01,1.909439063199391134e-02
2.527220730544835536e+00,1.153415226517408819e-02
4.492101375660864981e+00,3.277790452021559636e-02
8.905317830472187168e+00,-4.550642128440658407e-01
1.380935212275258550e+01,-9.774848980620945982e-01
1.856932707086140155e+01,-1.539923507519821655e+00
1.988530736778172425e+01,-2.064956852225512840e+00
1.791957880319581164e+01,-2.295953557508766618e+00
1.292942678271057133e+01,-2.147952240574355187e+00
7.638272342550031624e+00,-1.478500262191240866e+00
2.890670050342568409e+00,-8.762221851861334843e-01
9.395998831215290892e-01,-4.067437589630121808e-01
-2.682232400104915260e-01,-6.961123229519865507e-01
-1.202621569834190218e+00,-7.148846116877112244e-01
-1.257774825389429196e+00,-9.193289805637246959e-01
-1.396392010284986496e+00,-7.389706816614575180e-01
-1.284037579036121590e+00,-7.895079391628483378e-01
-9.783362148758425469e-01,-7.223045093042034237e-01
1.712081402004578534e-01,-9.945819296277548238e-01
2.901699977914181439e+00,-8.634542901581506724e-01
2.930588034592001456e+00,-6.014102017221424346e-01
3.322167521301397031e+00,-1.227794693175072033e-01
2.035410063315764351e+00,-1.675206949572370096e-01
2.369600211344524254e+00,-5.740193521292946688e-01
2.457773735343157906e+00,-1.161145041823375301e+00
3.404972518224292255e+00,-1.577281209760164060e+00
3.817238016476140139e+00,-1.321045359888661119e+00
3.325816014401376641e+00,-5.307299446765215700e-01
1.692044867225095173e+00,7.280894375348875291e-01
9.801266824761548646e-01,9.727843030594544027e-01
3.569744710764735096e-01,1.033314532802336982e+00
4.087957453981131417e-01,1.785289267306738870e-01
5.117024150027225105e-01,-2.170883358286672393e-01
1.556579830802113262e+00,-9.069691153740863099e-01
2.414233748932167689e+00,-1.447900267932497043e+00
3.031793425693082522e+00,-1.952290397933993393e+00
3.031793425693082522e+00,-1.952290397933993393e+00
3.031793425693082522e+00,-1.952290397933993393e+00
3.915720710181248343e+00,-1.841558045746416239e+00
3.787443234134437731e+00,-1.359290232896270600e+00
3.197925327169176768e+00,-7.781545741842547104e-01
1.583028057552988699e+00,-2.516872739628764344e-01
9.688092400244530111e-01,1.114253155459955374e-01
5.687806745969358202e-01,4.730878903829062732e-01
4.918217768749396090e-01,5.732361801342559238e-01
4.918217768749396090e-01,5.732361801342559238e-01
5.228490778799338434e-01,8.002735572095969196e-01
6.093098842339436105e-01,1.051985655006854037e+00
3.683521462270967217e-01,9.498301632806187556e-01
4.740249308071110002e-01,1.440037246608659727e+00
8.004908503759217142e-01,1.752161014823899521e+00
7.948267462064856348e-01,1.177703769404332190e+00
5.440997172870357668e-01,-2.323284904499751599e-02
5.588197871855435928e-01,-4.556336592484730441e-01
6.423701385378924877e-01,-1.620456990849123424e-01
6.230556053945430772e-01,-1.674218771777472858e-01
2.720682444012034185e-01,-2.083371782964005825e-01
2.362294501920251533e-01,-6.578370304730886131e-01
1.205004363536671258e-01,-8.199132287078472192e-01
1.896208178334932992e-01,-9.963513255533655855e-01
2.186584889300732804e-02,-3.704523250773323340e-01
-3.245204309425872569e-02,3.011479063279789425e-01
-1.334152217403717644e-01,6.248951019239676885e-01
-1.154544912341095870e-03,8.416257229602566170e-01
-1.154544912341095870e-03,8.416257229602566170e-01
-6.569537319451961010e-02,8.778095732189061806e-01
-6.569537319451961010e-02,8.778095732189061806e-01
-6.501384070757278144e-02,7.261694300514824896e-01
1.254157860171958017e-01,6.371460559800795620e-01
-9.665474480416340330e-02,1.077488402457054961e-01
-4.333885851558779700e-01,-3.214355336332962443e-01
-7.614737737422393460e-01,-7.506257477721524074e-01
-1.081417910567221030e+00,-9.983621186968029138e-01
-7.703456442069414045e-01,-8.048339917163914725e-01
-9.808027964571112145e-01,-9.893821147447160458e-01
-9.312721940496990758e-01,-8.893642515558580763e-01
-7.334958212056937876e-01,-1.037728174297369854e+00
-3.534589852955324907e-01,-1.203317137857968566e+00
2.351663816059040846e-01,-1.357775607893302539e+00
3.261883243353573825e-01,-1.153860400310456447e+00
4.082825525661978316e-01,-8.324210435417271903e-01
4.528383367338639220e-01,-5.335093583888180779e-01
4.964762066988305800e-01,-1.252894705273968103e-02
3.083619384537968355e-01,2.919275535035312230e-01
-9.448324066350813344e-02,5.748354837312558141e-01
-3.630013323054980812e-01,3.745289063447582723e-01
-2.412942036579037164e-01,2.449604571880327764e-01
-4.644804758485723273e-01,2.800077566202335277e-01
5.966386304584443412e-01,3.861590175366440281e-02
6.342027150716066375e-01,-2.941336419784676415e-01
5.868490166312750889e-01,-4.803475732588852742e-01
-4.342696015028442713e-01,-2.824926036929871764e-01
-4.701435409274584143e-01,-5.915503118869182286e-02
-5.194335855747789221e-01,2.128913914295688381e-01
-6.433647835625162514e-01,-4.488236305713685231e-02
-8.489806848344064738e-01,-2.477236913834426346e-01
-9.733841880636404653e-01,-2.911525119869770584e-01
-8.824979275021074265e-01,-1.738805824394558663e-01
-9.705907454838924586e-01,2.999724732375046998e-01
-1.099718838618671812e+00,6.546612259047552840e-01
-1.290972711593523226e+00,8.995833521383579390e-01
-1.261895303528138834e+00,7.212562278387124604e-01
-1.020475595455589080e+00,5.219184541908745700e-01
-1.209556352187168615e+00,2.848607499991673841e-01
-8.493161917428769803e-01,8.636893009966446766e-02
-7.816465868599630218e-01,-2.193964310623860714e-01
-3.727318813943061859e-01,-5.773366152628144343e-01
-2.417806326909293646e-01,-5.118886055271334445e-01
-3.768448946755596496e-01,-3.852364987111236427e-01
-2.303003393574619972e-01,-4.164797383973978806e-01
-3.711937703230680508e-01,-3.839893303147128845e-01
-8.799650325869022571e-02,-4.218372960531235338e-01
-6.724620634277557463e-02,-8.796180110451291834e-02
-2.416276015329700266e-01,2.164978764036015468e-01
-5.473480258937086784e-01,1.704942841685644361e-01
-5.340325408229709137e-01,3.145143455140150812e-01
-2.791413196932855389e-01,2.649505222323279563e-01
2.000660353926057566e-01,3.819032399783012788e-01
5.392763953300643287e-01,2.351959805620356392e-01
9.852658150402433535e-01,3.568466702771111998e-01
1.379643124860713055e+00,3.678750080448217052e-01
1.316252140389542635e+00,1.133318888330594243e+00
9.810492109779613834e-01,1.161781028539124572e+00
4.004938050215241518e-01,9.536652757574375361e-01
1.127459650310700251e-01,1.767121315358420042e-01
-1.958157920299391785e-01,-1.044205468610765186e-01
-2.964545937160531497e-01,-1.073277887836195238e-01
-3.414391005667324896e-01,-1.845057468300848325e-01
-3.614889729648624872e-01,-3.085110216410216766e-01
-3.426535207897872803e-01,-5.010348540620331859e-01
-3.237934391610279294e-01,-4.970664717479040817e-01
-2.428045006116271165e-01,-6.074689130662502823e-01
-1.559849458645741760e-01,-4.776971862531652624e-01
-9.893378655830761814e-02,-6.838869226075825480e-01
-3.618552329005665646e-02,-3.240662158506655843e-01
-1.030375226642366027e-01,-3.739971592330141315e-01
-4.816677500848917659e-02,-6.509895769540003929e-01
-1.388527089205302545e-01,-1.090510693576628221e+00
-1.214605721095907004e-01,-1.375122012242787406e+00
-4.928325363967218653e-01,-1.383529313335030597e+00
-5.040625599995592898e-01,-1.515809629903097200e+00
-5.396818883797590560e-01,-1.189413968441943137e+00
-1.107689481980418666e-01,-1.156450186029871485e+00
2.652489412380393957e-02,-1.231950831044334782e+00
-9.384940590311754982e-02,-1.447036049078776143e+00
-1.783816753863363136e-01,-1.478020335994976620e+00
-2.736714393492427067e-01,-1.289992505174923476e+00
-1.885119492420176956e-01,-1.106752777914895791e+00
-3.266419505647382149e-01,-5.494264418656731319e-01
-3.836890772221598911e-01,-1.594573206054473447e-01
-3.970776762456151299e-01,2.703513607904937111e-01
-3.444351519137775486e-01,1.841890929423587175e-01
-3.444351519137775486e-01,1.841890929423587175e-01
-2.111531163713708040e-02,-8.650124550508382637e-02
2.909520914674367659e-02,-1.158364526305224323e-01
4.653264460899712157e-02,-1.512766442344746706e-02
-2.909013385578956834e-01,1.594430593832410759e-01
8.019404481864025880e-02,6.167060312366273722e-01
3.749973433244807031e-01,9.401835843845640639e-01
6.411808672974559364e-01,1.106098437365162113e+00
5.966027139854942485e-01,1.033437489171123325e+00
3.778282163287537410e-01,7.185353806536003418e-01
5.005832240795408117e-01,1.098899269846480120e+00
4.045186226551366615e-01,1.275529563490082730e+00
3.673859061051145680e-01,1.344574823095499472e+00
2.480596541543275135e-01,1.300052915813442400e+00
3.697156130740599650e-02,7.938331466132929615e-01
-5.241824235124850628e-02,6.422509085767588166e-01
-3.858712241811655952e-01,-1.035656193753411169e-01
-5.315086096501796531e-01,-1.095625197217690167e-01
-5.116180613431592361e-01,-5.012896230508238071e-01
-1.888223119204058831e-01,-7.208198214764292011e-01
1.344848704007287066e-01,-1.253003841821013431e+00
1.396960820531669423e-01,-1.657531566082623309e+00
1.718001559586792848e-01,-1.324635311282744476e+00
1.736139204123506308e-01,-7.072286783470914662e-01
8.767083287388929835e-02,-3.033211965924592635e-01
-1.540265247320210251e-01,-1.157422797394505737e-01
-5.296125108619977873e-01,-1.535748037331148563e-01
-5.275333884656506767e-01,1.868311912654694873e-01
-3.442815740053157825e-01,1.894148406652453320e-01
-1.477394630257194419e-01,2.107916571711613840e-01
-7.012666980646155290e-02,5.004540368588766830e-01
-1.701524835460422602e-01,6.949025649442626129e-01
-1.257816129805374716e-01,7.063906648655565723e-01
1.160168480749592806e-01,1.428342396577118034e+00
2.685179434728892089e-01,2.694366162195125813e+00
2.955493560663549069e-01,2.928380304156988245e+00
-2.179948333237745339e-02,2.407868506195504743e+00
-1.529149620580713131e-01,9.033644183048507026e-01
-7.004166347220077693e-01,4.070804344776964290e-01
-9.205753360824016074e-01,1.530921053161158896e-01
-1.306879732069224698e+00,-1.078264427270795855e-01
-1.262687310650422834e+00,-8.020242490372270217e-01
-7.368068530854712250e-01,-6.194740640991512892e-01
-5.436712874347124913e-01,-1.275912961845976079e-01
-5.831287528951890620e-01,4.692638644803504011e-01
-9.016763095013113904e-01,4.559138265183427241e-01
-1.125696301663664300e+00,6.690626820256350138e-01
-1.208663690074393671e+00,6.729934433382258607e-01
-1.568942211186380886e+00,1.152672472960345473e+00
-1.767142589981686829e+00,1.328338943156270879e+00
-1.673917768482889423e+00,1.341685155695185427e+00
-1.450612248693628592e+00,8.401693753066440395e-01
-1.027945688131289170e+00,3.840221503851439233e-01
-8.342293933757800595e-01,8.966909988277349530e-02
-9.569915857274593485e-01,2.138611452906681032e-01
-9.318656720642630731e-01,1.912775951230342997e-01
-9.162757459147105044e-01,1.964393283830499493e-01
-9.601624116767983885e-01,9.852735332395227974e-02
-1.161301603250965098e+00,-2.656569588828433526e-01
-1.331685697764969145e+00,-5.839114953717339240e-01
-1.375795534455046099e+00,-9.261374036151254208e-01
-1.307915448286403048e+00,-1.087085666746715917e+00
-1.225875393228481824e+00,-1.087787729737498488e+00
-1.171508570135745053e+00,-7.485858349193119654e-01
-1.250044031128639377e+00,-6.112500525439804600e-01
-1.331685697764969145e+00,-5.839114953717339240e-01
-1.425319351818755687e+00,-8.794946117727876489e-01
