1.193639248544847015e-01,7.730969109301436548e-01
-8.779767572557429373e-03,5.862336401015798559e-01
-1.419911128664605449e-01,5.904279491481504438e-01
-4.165475237064533154e-01,-2.333193625702114915e-01
-6.864049664277073193e-01,-4.856960534319185174e-01
-5.667099719375668920e-01,-9.516652707366926034e-01
-4.387423694218830494e-01,-1.065696856604431142e+00
-1.630495115259831262e-01,-1.137029772201445743e+00
-3.517164761564572917e-01,-9.227175517090691059e-01
-4.187194404675939063e-01,-8.849275747406413206e-01
-6.948547624650560639e-01,-1.069358511992506866e+00
-8.724158525094777294e-01,-1.028361383716153155e+00
-1.113105244106276759e+00,-1.065641617594870860e+00
-8.566716354452670323e-01,-4.967779305622123664e-01
-4.864866498014316920e-01,-3.184793543805765625e-01
-1.762522836079953303e-01,-3.252804685880408275e-01
-8.927124805304140209e-02,-8.140402502617928304e-01
-3.625543443036027269e-01,-1.224611538099757757e+00
-3.619065322876964808e-01,-1.204526405217191565e+00
-6.851541958074274241e-01,-8.494604962687979377e-01
-6.572248863210918834e-01,-4.444569452743912241e-01
-8.262661506506802089e-01,-6.332582413475974503e-01
-7.852719848397797797e-01,-1.061371037384048588e+00
-8.337578180048406118e-01,-1.621019497226523942e+00
-7.043093040894626844e-01,-1.562272593622777705e+00
-5.397942019218878729e-01,-1.417049348058008418e+00
-2.450069955720534098e-01,-1.164709434628399487e+00
-1.518418370051958233e-01,-1.132922841211158271e+00
6.509903176891204679e-02,-9.228374282529080430e-01
8.807558133738843664e-02,-5.750317809181064721e-01
2.521833228847841224e-01,-4.986722539130311049e-01
3.385792704942011122e-01,-3.556304058008529223e-01
3.295855541275903855e-01,-6.835482628909392844e-01
1.554484074878209887e-01,-7.814753184877200054e-01
-1.067458120857063888e-02,-9.375171348662457715e-01
-1.067458120857063888e-02,-9.375171348662457715e-01
-1.960363175674731048e-02,-8.381233990432173098e-01
-2.719667594166765290e-01,-7.603614821922983769e-01
-5.236685371560471092e-01,-3.730378648064523461e-01
-4.772014310077934418e-01,-7.362650032141182521e-02
-6.710880156469424540e-02,4.047362110552407133e-01
2.784282201180200977e-01,8.814521338833476438e-01
3.870211760343569840e-01,1.360775202033959186e+00
1.503557158147716122e-01,1.221776392122562616e+00
5.577774655776389368e-02,5.190465359011821045e-01
-1.211621834713114410e-01,-2.605037093774204560e-01
-1.723776940894056753e-01,-6.745318600886186511e-01
-3.915810352373706449e-01,-5.586380060068623088e-01
-3.541809178965057980e-01,-4.098098392530935552e-01
3.163080151805420237e-01,-3.454077647657497474e-01
1.478540751574990708e-01,-7.066311991965508188e-01
-8.012955154992701390e-02,-1.041275657544747713e+00
-4.503250292513069630e-01,-8.782575833219415928e-01
-6.756377250996773443e-01,-1.312866018423443526e+00
-7.409281215283357591e-01,-1.606877065001637961e+00
-8.440257065963385763e-01,-2.170989534558592116e+00
-7.205692476034460947e-01,-2.544762807736024701e+00
-5.412522657806053683e-01,-2.466031613097563024e+00
1.245416800708991217e-01,-2.499665872983578563e+00
9.772652656266568316e-01,-2.389704669147471705e+00
1.812725594621543257e+00,-2.396997964946843140e+00
2.213616870152895988e+00,-1.796308143412986613e+00
2.001741354865390399e+00,-9.937564486453038803e-01
1.517239377423355462e+00,-1.200531483727502458e-01
7.579611588447651149e-01,2.754510894828629541e-01
2.939954348333997380e-01,1.715610502683294347e-01
-1.766625089381978486e-01,-2.739332667963958468e-01
1.213053375133767015e-01,-8.204462242510184300e-01
2.575623506285616426e-01,-1.243534699375107300e+00
5.452511041665032421e-01,-1.480427805071383718e+00
5.272966587229970248e-01,-1.033437136594084871e+00
5.430961356026077214e-01,-7.094390534564244399e-01
4.336019679945029570e-01,-4.060245552878418152e-01
2.370991287101014144e-01,-4.343988885484074691e-01
1.841276369676319580e-01,-5.835689056666629737e-01
-3.576246919176971628e-02,-5.034236682666229923e-01
-2.700362939055408334e-02,-4.408670007559791770e-01
-1.373029419685878605e-01,-1.444855799858522361e-01
-1.203599195591666393e-01,-3.688672254997603372e-02
-6.299699572206210463e-02,-2.139616559867977275e-01
1.175224064630798343e-02,-3.741917984237234096e-01
2.935824104379454735e-01,-5.248836535597568576e-01
4.085612292958295533e-01,-4.833695085113385859e-01
8.211945295096574338e-01,3.173653714361384659e-01
7.223387235539322493e-01,5.583921238624154348e-01
5.909139129680013314e-01,8.455165205042916021e-01
-3.542330030130961399e-02,3.563113601928934449e-01
-1.989534938524032404e-01,4.407054536991687477e-01
-3.067922209972833159e-01,2.687199070329359674e-01
-4.963945738951566211e-01,2.657812891575922487e-01
-5.566680115489093250e-01,5.369385005825962065e-02
-4.939714808488021580e-01,1.766888799384755127e-01
-1.613318549852420514e-01,-1.683593644289501853e-02
-1.754825481149117072e-01,2.970331910925603364e-02
-1.185064858202587446e-01,5.486075447698906399e-02
-2.741071618168393620e-01,2.267619571579826132e-01
-2.624963562507826031e-01,2.021320705543954432e-01
-5.161739248504558786e-01,6.171587693961667898e-02
-5.029556545764016784e-01,-7.118552368006897391e-02
-1.765617783512617001e+00,-4.808179204926720796e-01
-3.441587689029210306e+00,-8.629703940734494427e-01
-4.950810012432756757e+00,-9.822735068790474644e-01
-5.782818454798680285e+00,-5.054360058344903317e-01
-5.466430649758800442e+00,4.750084593666532573e-01
-4.684658453369442199e+00,1.420077041084266467e+00
-3.539123304183042773e+00,1.947292237504030243e+00
-2.708514336972222658e+00,1.676927057385411812e+00
-1.698777219073080769e+00,1.183868674472207783e+00
-8.521059249865514662e-01,5.316882026900396907e-01
-1.762076813625368943e-01,-3.261983982402987814e-01
7.028303824459063154e-02,-5.657430938238896534e-01
2.204928832938406469e-01,-7.491094371535124141e-01
1.057743746493973180e-01,-6.864144264355745984e-01
3.687402604345327295e-01,-1.889642745192322282e-01
7.531078418366952132e-01,8.799120181693443898e-01
1.477897698289357686e+00,1.826891565003071705e+00
1.593658262614459309e+00,2.359162606421651986e+00
1.362140795518952174e+00,2.340921952210560431e+00
7.466887424050052680e-01,2.021992918066619183e+00
1.589889825327293338e-01,1.467015613015958397e+00
-1.992215200575499223e-01,7.816140908431506995e-01
-1.000285359594135226e+00,1.264646634431819128e-01
-2.031238947486020852e+00,-3.009486167831162962e-01
-2.831949036275724918e+00,-8.338720392790339719e-01
-2.988000815185778869e+00,-1.117002982754835338e+00
-2.595115889650075669e+00,-1.129709614049991817e+00
-1.743772474257314853e+00,-9.368267163394540242e-01
-7.593651717650200528e-01,-4.880168287636097446e-01
2.847675047773857299e-02,7.446179944906346215e-02
2.731657441562502231e-01,4.474297891593418397e-01
4.459568531762614918e-01,2.812952948131331454e-01
6.455345425404136472e-01,3.457194701097590639e-01
8.102315379712889953e-01,4.005312024473362542e-01
8.073090927073939271e-01,8.659559598386308288e-01
8.425173601460100858e-01,8.331552927330920788e-01
7.853505250713406216e-01,6.491866099913906618e-01
6.030816471552074010e-01,3.422693204817279233e-01
4.155514635472776219e-01,4.327732922682176603e-02
2.021701441519933862e-01,-1.422960917545905146e-01
1.627989145527710124e-01,-1.146074100812152635e-01
-5.895238229375484446e-02,-8.159482312054888720e-02
7.248336387676063142e-02,-6.473788275093840527e-02
4.346828383515579097e-01,-1.489795150974152493e-01
7.296662233771896711e-01,-2.395046031503263451e-01
5.675717431184414963e-01,-2.072940030044077564e-01
1.438868644068588276e-01,-2.718194622799749993e-01
-4.631255866274741062e-01,-2.997366300075487988e-01
-5.542981603512464606e-01,-3.296237882795701180e-01
-5.735318184720537005e-01,-5.938043695665573551e-01
-2.423171535064362614e-01,-7.636864845059010420e-01
-2.145404731810217954e-03,-1.367067269104842664e+00
1.535061252349123051e-01,-1.709284230412351890e+00
5.465584157954320177e-02,-1.601269740503844519e+00
3.112894460396026936e-02,-9.291376783318880950e-01
-2.164260038898979568e-04,-4.331222729043206487e-01
-1.008815523530302849e-01,-3.381439691682405213e-01
1.974263353204012278e-02,9.787340767298169375e-02
1.337930188914966678e-01,2.800972932737786358e-01
1.952482652043196210e-01,3.151193898969453233e-01
-1.636952703608351156e-01,1.634322562167930259e-01
-4.099335094873972074e-01,5.260779976661024426e-02
-6.901815534875652691e-01,-1.134278877231640753e-01
-6.241918749912540587e-01,-7.597896229246646482e-02
-7.653029091347511859e-01,-1.578139602422043986e-01
-7.906519276724011114e-01,-6.812509167208556649e-02
-6.435009604504124958e-01,8.177013342234092097e-02
-6.435009604504124958e-01,8.177013342234092097e-02
-3.850303656387550899e-01,1.283959524606879954e-01
-6.645378041379632617e-01,1.708834605642714777e-01
-6.250338646464571601e-01,2.280144444233859480e-01
-8.140008082523126909e-01,5.840036773976799156e-02
-6.723394350375968553e-01,-6.406519771036264244e-01
-4.354440668767963762e-01,-8.805665350776908928e-01
-2.522947021131901058e-01,-8.846406286823974563e-01
-1.087685243085574210e-01,-1.224935677087861247e-01
2.559092592462406182e-02,3.466991524969393335e-01
3.419325817498134468e-01,8.562581244075428977e-01
4.365441459684597514e-01,1.489214366842579018e+00
4.616792279513209918e-01,1.770035021890012050e+00
2.150808482369490349e-01,1.985257505020136426e+00
1.369902802815180509e-01,2.172339631973763563e+00
2.207499613571921038e-01,2.041034852563247348e+00
4.776580058124016981e-01,1.690424943415709258e+00
9.156607823616308428e-01,1.661682809821591444e+00
1.556087673932258886e+00,2.570054920957445699e+00
1.434284286409136300e+00,2.611448182547079444e+00
1.239523251027970341e+00,2.449959250690616930e+00
4.939571414343253974e-01,1.534881492830299399e+00
5.997805067647311583e-01,1.371488799570575345e+00
4.993115695048762070e-01,8.350943735797428102e-01
3.157433890685513722e-01,3.862738699095837336e-01
4.764535091142294704e-02,2.493426096268691605e-02
-1.967944806649353229e-01,-4.070519994057671120e-03
-1.968299196560689412e-01,-1.763840165415235806e-01
-1.346919729631957940e-01,-3.010399079641038478e-01
-5.061483322181214994e-01,-4.387317113901692545e-01
-6.745099018645596134e-01,-4.858968032678507853e-01
-6.400077979335008216e-01,-3.839087879313161089e-01
-3.684576078537206145e-01,-7.910316943840973725e-01
-1.467194948838971835e-01,-1.050771377846644983e+00
-2.279025596065688622e-02,-1.383863370764855327e+00
2.019863998327953436e-01,-1.024885609972498335e+00
3.780239635808466669e-01,-6.710683117701274902e-01
4.963517628692905026e-01,-2.934657817581020622e-01
4.024574735903109768e-01,-5.315575222993636217e-02
4.325854509720114538e-01,-1.849084291076631414e-01
4.345962650838552377e-01,-3.383394162226424084e-01
5.142756072511834864e-01,-6.624279727525957950e-01
3.472659458709274061e-01,-3.641509225501576297e-01
1.225066071751172714e-01,-2.200943568700470532e-01
-9.010816864494915202e-02,1.271292137313378978e-01
-1.188419927875974946e-01,1.058730465144965688e-01
-1.669399024279469637e-02,-2.734635137462840260e-02
-1.669399024279469637e-02,-2.734635137462840260e-02
-9.255071248447570287e-02,-1.803438347964299582e-01
-3.421004142895786027e-01,-3.935774929520745591e-01
-2.074332784455334977e-01,-6.189950839093250057e-01
-1.652704031624994407e-01,-7.096597713128961482e-01
7.256765695402747629e-02,-4.859577457368166042e-01
8.123419255979243137e-02,-2.951041003305685528e-01
1.962770455995010987e-01,-1.572650673258290388e-01
1.008662250745217953e-01,-1.752830868052459856e-01
1.103045004819213082e-01,-2.490757989554408247e-01
-5.107047998220121121e-01,-5.622193563733947075e-01
-1.128639782095788302e+00,-8.201631505123295751e-01
-1.697341919856593773e+00,-1.013323485681990377e+00
-1.767057193195995302e+00,-1.021393780200062107e+00
-1.707849421647223753e+00,-9.911895882443496619e-01
-1.116166412212981296e+00,-6.632122436864791304e-01
-9.055963729763826242e-01,-5.717566396667047579e-01
-9.055963729763826242e-01,-5.717566396667047579e-01
-1.306001220836923160e+00,-7.762661550185732118e-01
-1.291367379148852246e+00,-6.868630875224216448e-01
-1.075216579795952532e+00,-5.396602665596923476e-01
-6.905083554621671560e-01,-1.961052117214065471e-01
-3.397049295433690608e-01,7.336009736266832504e-02
-1.468510173185015033e-01,2.283567938230732508e-01
-1.652276523708405276e-01,1.789509064475218736e-01
-1.514239242427751764e-01,-3.367283849348331332e-02
-2.136396636417203787e-01,-7.021158596168071420e-02
-9.576933507821711045e-02,-1.553376982410802354e-01
2.173651227380434814e-01,-4.060018102388209260e-01
4.495862633860290836e-01,-3.996020092710522165e-01
5.539199518435539149e-01,-2.884055362353205587e-01
3.439295823481146042e-01,-1.220366806046704333e-01
2.567627060267539396e-01,-1.354454158270120556e-01
2.475659081713866838e-01,-1.541002323765867099e-01
1.930954054866216296e-01,-4.924993749379735081e-02
3.129909962704912063e-01,-1.064134993467082402e-01
6.223045951383131547e-01,-1.188269593155335258e-01
8.206494534708540511e-01,-5.672308511255545749e-02
6.874610970301394675e-01,3.627911119147721186e-02
3.041839219122863813e-01,6.072967788371255726e-02
1.036255794299472538e-02,9.743259466698864224e-04
-1.561158987645680334e-02,-3.578015941149677998e-02
-1.222430801822391028e-01,-7.298969847300403047e-02
-6.750036868655848177e-02,-1.126264850962234720e-01
-3.545552103263489852e-02,-1.491700337430305057e-01
1.753840934979170041e-02,-1.703984686353764988e-01
-3.479931452285150995e-02,-1.551589955097330276e-01
-3.804982343811200152e-02,-1.417989426895984173e-01
-1.181536133490841134e-01,-1.960000574460942779e-01
8.728899030611234067e-02,-1.942597827129322607e-01
2.399955372167458245e-01,-1.072568678984178181e-01
4.841256931319813939e-01,4.577487974444063856e-01
2.936179649716676443e-01,5.977797284944034173e-01
8.633978914314910380e-02,5.068562695079585900e-01
-1.641960870323400101e-01,-2.241697000905147619e-01
-1.387716791617334411e-01,-6.708002544473011808e-01
-1.920219513647500598e-01,-1.193349858168748945e+00
-3.882963447882634700e-01,-1.614796125816940764e+00
-5.228552589898264324e-01,-1.785838053228652633e+00
-6.199694407232847482e-01,-1.485605590548189747e+00
-5.850674178107442280e-01,-1.160939312743736629e+00
-3.791098618174275070e-01,-7.869825230992878451e-01
-1.771734012336223241e-01,-6.674107827696845741e-01
8.683196168920057079e-02,-4.429358280237806200e-01
2.666161288395282880e-01,-1.823469508783502058e-01
3.463276405430839588e-01,-5.777341544191944012e-02
3.249671304338240252e-01,5.553591514309140498e-03
2.261367022406187144e-01,-7.453673376847273768e-02
1.352321259696248612e-01,-1.939042112212712443e-01
-1.181033426936842559e-02,-2.961812273392803729e-01
1.062440511705499135e-01,-1.756983133957354115e-01
4.218158307888689174e-01,-2.279628756673765799e-01
7.703210578715246060e-01,-2.130877882687035041e-01
7.775986088348587622e-01,-2.646359857320030318e-01
5.632595325182944146e-01,-9.105398308489189019e-02
2.620569765409670460e-01,-1.248075224966760030e-02
9.735484619604353740e-02,-3.883934275116036200e-02
-5.498351318661530429e-02,-1.789516463220709730e-01
-3.394089292940432462e-02,-2.610197191952028928e-01
2.084506578998205073e-01,-3.657487892766723148e-01
5.704086690191718656e-01,-7.072594726012320088e-01
8.747813756751322556e-01,-9.572903280393602055e-01
8.911127428095692027e-01,-1.129914735654535818e+00
9.211312216586730051e-01,-8.846122931867759220e-01
5.790775065077747863e-01,-5.401302066434728877e-01
3.304114318207739820e-01,-2.085684686623767159e-01
-2.449877546108985282e-01,-6.458126409594341921e-02
-4.485813984588851167e-01,2.789532289478150462e-01
-4.496810236880965927e-01,5.490711891738553341e-01
-1.709280219693921077e-01,5.167607236871810672e-01
2.786272694650479553e-02,1.800631040929146776e-01
5.260303731877596922e-02,-1.847123887771555395e-01
3.435999345596073284e-02,-4.909887332940546245e-01
-2.290178035860333250e-01,-2.273031076725477995e-01
-4.187159177559215961e-01,-5.675129342567103441e-02
-5.660797444343983464e-01,2.456037204796434337e-01
-5.660797444343983464e-01,2.456037204796434337e-01
-7.670823290536782357e-01,4.273396233756171503e-01
-8.026423273589741170e-01,3.418009192853306566e-02
-6.624881582162508442e-01,-2.312171367922898624e-01
-4.374123075343209210e-01,-5.001339226784731196e-01
-2.503326412279750501e-01,-3.583232283448893885e-01
-3.480433544025318682e-01,-2.335194024435395255e-01
-2.849438636593492613e-01,5.777476190895926983e-02
-2.939432438141738047e-01,2.887444249897572202e-01
-1.158215782227773327e-01,3.441595789713585152e-01
-1.870387482542384405e-01,1.733511878061861633e-01
-1.491609364270529148e-01,-5.675828601196660633e-02
-1.056122892467487168e-01,-2.015487493389210572e-01
-8.047569939698068567e-03,-2.353624366459355355e-01
-9.879362157497535019e-03,-2.166757504804308898e-01
1.052163598318351691e-02,-5.853595235651871259e-02
-5.212050309151702865e-02,8.437466843789651061e-02
-1.192930514707302332e-02,1.821210677405356027e-01
-2.402668871714413665e-02,1.007862360192375156e-01
3.247927534878207734e-01,-2.976306158207857044e-01
5.169453201440195045e-01,2.073625924626604222e-02
5.943098245807146851e-01,2.572517704560073337e-01
3.697841520279407934e-01,6.535435661157927845e-01
1.370332160989236325e-01,3.293467728012894336e-01
-1.216780876665872341e-01,2.205561267220701172e-01
-3.215224373961060866e-01,1.009411806077003398e-01
-4.933840196774540443e-01,1.562619606205718215e-01
-4.089787017514347478e-01,9.731987503525775518e-02
-2.708715688243382158e-01,-8.185229907681935979e-02
2.056496782207595519e-01,-3.241978375502940213e-01
4.083879516656345188e-01,-5.253035059203043922e-01
4.819525591181047508e-01,-5.554298148098383292e-01
3.734277667855705474e-01,-6.454312807771632743e-01
-9.073927956680401252e-02,-3.246947063662113941e-01
-4.187159177559215961e-01,-5.675129342567103441e-02
-4.463598645763313111e-01,2.948392680829713397e-01
-2.175385756923956526e-01,1.896371240382857259e-01
1.359225096868569294e-01,4.922050946971944785e-01
1.049089345889955838e-01,5.103758559577601384e-01
2.613991050760290924e-01,6.786007511650299362e-01
2.766840094630325653e-01,4.513390529207697566e-01
6.041074570054965065e-01,4.347340438707137378e-01
6.663553207745505080e-01,3.197653175050237939e-01
5.353533076971999094e-01,2.655649888624631028e-01
2.570471160353710038e-01,1.543811968649222155e-01
-1.972556984423887161e-01,2.815537546743899222e-01
-6.230927270275796737e-01,4.886438818746391410e-01
-8.131535440807461379e-01,5.555771226731399670e-01
-1.128886850694893251e+00,6.060351118578746199e-01
-1.419234056532000077e+00,6.187313177423635624e-01
-1.702681681404065728e+00,8.581154270106736703e-01
-1.497037975398165743e+00,8.060016285359183907e-01
-1.141500376397017735e+00,6.271612954302712151e-01
-5.342101878721385866e-01,4.129613120616078548e-01
-1.088152326665528247e-01,7.981123556530292373e-02
-2.677137728522688363e-03,8.406829431624504578e-03
1.449780599679152378e-03,-3.589139721392189397e-01
-1.032433930628969543e-01,-3.035170423391672090e-01
-1.052435135140589728e-01,-3.548898852420138139e-01
-2.134725339001214695e-01,8.110772889657363871e-02
5.689140802772666566e-02,2.880875433903613003e-01
6.441902619292790011e-02,5.349771820176993931e-01
-2.672149741059171024e-03,6.229499033162939625e-01
-1.415044217621246048e-01,3.631681456578606526e-01
3.796922939360478783e-02,-2.612153206667165994e-01
1.531428421978361376e-01,-6.860910183989329392e-01
5.399395748075456192e-01,-7.587421360178129293e-01
8.474878194845887336e-01,-2.801312760149841097e-01
1.334678740016724152e+00,9.621078144241202237e-03
1.167276861379950015e+00,3.156110580617652595e-01
8.220701843739588455e-01,5.874619719403820772e-01
1.597144507948107806e-01,7.812007534352720661e-01
-6.549669675350327028e-03,6.528964576677016574e-01
-4.396057568270437255e-01,5.046110099251391867e-01
-1.974084893118568940e-01,-2.534902377135663243e-01
3.558222889622709301e-02,-9.121255705891579968e-01
4.603441616713530027e-01,-1.427340519450172929e+00
5.617047893448957607e-01,-1.202417781213253489e+00
6.237202505230081684e-01,-9.558831484268807133e-01
4.842902850382944657e-01,-6.679235913504147915e-01
5.874961285551812129e-02,-7.313988357811614938e-01
-4.822337507827856307e-01,-2.291266855523240720e-01
-6.683450833554319681e-01,7.276513134826040341e-02
-7.315176015879121252e-01,4.557727372444245195e-01
-6.519542642393572063e-01,3.300046678981986004e-01
-5.161118620127342904e-01,5.771594025705080455e-02
-3.317849298544759962e-01,5.555845022812859468e-02
-2.845874974674166280e-01,1.435366264623228194e-01
-2.077664372186046327e-01,2.833636519130863785e-01
-1.209009851160384313e-01,8.801436425736774982e-02
-3.328738656468749890e-01,-5.800577749132308086e-02
-2.849438636593492613e-01,5.777476190895926983e-02
-5.276424092086756668e-01,3.625114786690798452e-01
-5.066976289011057011e-01,5.705357891455981045e-01
-7.315176015879121252e-01,4.557727372444245195e-01
-6.519542642393572063e-01,3.300046678981986004e-01
-5.229327878410164887e-01,2.572294228847505915e-01
-2.337211101806162816e-01,6.858114481034759125e-02
-4.093651306435375226e-01,1.690567753537945694e-01
-4.093651306435375226e-01,1.690567753537945694e-01
-4.400491462192586134e-01,4.499023954003424919e-01
-1.424788744753981151e-01,7.552206363298568093e-01
-1.533510850536031200e-01,7.569187925273710427e-01
-6.874680213136141749e-02,8.433620206401440944e-01
-1.905300716077034939e-01,5.024522519117817776e-01
-1.476714206927445538e-01,2.581423869771969359e-01
-1.869137417747993857e-01,-1.400490957696673144e-01
-1.181984133848614504e-01,-3.152012986334146172e-01
-1.656474945605845850e-01,-1.970543841741747848e-01
-3.738591242511253299e-01,-2.636097435646837517e-01
-4.933796637046477529e-01,-1.325414656927988155e-01
-6.237715630175086901e-01,-1.370251833545071962e-01
-5.290880380970052199e-01,8.718743635845119244e-02
-3.847682128275970448e-01,-3.159663379780342646e-02
-1.767639725968944142e-01,-5.920952414485929766e-02
1.339881007166836557e-01,-4.680287159338583636e-01
3.469257925859219882e-01,-9.910630424429713869e-01
6.500847946135691613e-01,-1.362539498161329687e+00
8.377112158877396686e-01,-1.450838935971093591e+00
8.746942084035055354e-01,-1.193970254824157529e+00
6.150327855009914968e-01,-8.885090346303049502e-01
4.412729670002422666e-01,-3.065159064613623974e-01
4.057156924034803769e-01,2.118808816379809390e-01
5.635575801214557368e-01,5.882892326694808549e-01
7.117551737940960299e-01,4.403180385788411644e-01
7.381961374658240205e-01,1.023512817848048900e-01
6.615999756142638688e-01,-5.141738492921932302e-01
4.041350367867239668e-01,-5.910752524064240010e-01
3.873282340343293662e-01,-8.712886651091791279e-01
5.773296753954462179e-01,-9.544074206423369677e-01
7.515372504722134250e-01,-1.261471902748306118e+00
1.053819323130544827e+00,-1.373469820146491216e+00
1.223152049035216571e+00,-1.241914677154358326e+00
1.305501535152864268e+00,-9.045349118349916839e-01
9.296511741253520311e-01,1.247426313941567971e-01
3.583382060241528944e-01,7.628546579187851506e-01
-8.966231468932094051e-02,9.837602908448380701e-01
-3.929942985409484169e-01,4.760589613145632115e-01
-4.045035357917762253e-01,-4.045468615145095259e-02
-2.738990539804490587e-01,-5.724195363632421651e-01
1.572765614609829832e-01,-8.910025654617547142e-01
4.835395099874628677e-01,-1.048099397699599145e+00
5.668919864241565021e-01,-9.010542460810312404e-01
6.442956484531768835e-01,-9.276181642572071118e-01
1.066475233695777902e+00,-1.097224179402227495e+00
1.395286318002006087e+00,-9.453896363395657421e-01
1.457122142634345030e+00,-7.008601186120801962e-01
1.005304318650438899e+00,-5.523912523678647934e-01
2.507255733657791641e-01,-4.693175803780859079e-01
-7.509172337874284731e-01,-7.541287700019857487e-01
-1.517547581577193716e+00,-1.109153863954741359e+00
-1.792103404030305880e+00,-1.430608010586063239e+00
-1.432593518665447485e+00,-1.320953909452806885e+00
-8.002479495608361137e-01,-1.015463093251870230e+00
-4.873190057056229763e-01,-2.093547438356145873e-01
-4.748452811878177693e-01,8.651059957875786854e-02
-7.556325837055822836e-01,2.456507112759139522e-01
-8.643918753613348827e-01,-9.837120767400193283e-03
-1.143488176982708993e+00,-5.804781151125941452e-02
-9.616305657210694191e-01,-1.468892341841060607e-02
-1.512474453284116782e+00,5.276166496081406976e-01
-1.811734661388442857e+00,1.622841696251763111e+00
-2.256621881043358702e+00,3.012424154419272693e+00
-2.427710294777127853e+00,4.129556892389817158e+00
-2.391578789782170311e+00,4.591190169464386628e+00
-2.068614376160785806e+00,4.107804605188463576e+00
-1.530644238366614784e+00,2.752739358179315587e+00
-1.017656694580750365e+00,1.467017420261204741e+00
-6.581764664034095436e-01,3.386397598142889542e-01
-6.361118184719037894e-01,9.194050796466075870e-03
-5.117254500898439362e-01,2.176885521666476874e-03
-2.833110749753101065e-01,-1.072695958876704325e-01
-9.657037052297487434e-02,-4.025690047873281552e-01
-1.565002354344595392e-01,-6.292610908556036664e-01
-1.482200767986074086e-01,-8.096385068975282540e-01
-1.298450271814029222e-01,-7.513169297198392105e-01
-1.203843219886891053e-01,-4.237924851512662738e-01
-7.102714928340793099e-01,5.462464390087925364e-02
-1.330661844325474519e+00,5.600130047432489988e-01
-1.741226613238554322e+00,5.704326486863390278e-01
-1.504094011879838710e+00,3.777227473012577108e-01
-1.094030906457130525e+00,-1.604052699686673439e-02
-7.145270132155828735e-01,-2.406963536426844907e-01
-4.033371772075706740e-01,-2.698976755784048831e-01
5.722201012797243497e-02,-9.891417183679443448e-02
4.537502255921639360e-01,5.831782897827741258e-02
4.007095701174200886e-01,2.123187397798063369e-01
1.342737853970711881e-01,6.391350500045492877e-01
-2.631727364588943852e-01,1.537138921035698047e+00
-6.490344898978843702e-01,2.416564012096695357e+00
-1.320589397097208240e+00,3.226157804215671110e+00
-2.065673078830259080e+00,3.302070912329571950e+00
-2.925309054279262355e+00,2.970730158799007370e+00
-2.956724720959105213e+00,2.073015981543369968e+00
-2.136182707812197989e+00,8.524987160998876989e-01
-1.370636721731048446e+00,-1.190648094680854703e-02
-1.187865262870648086e+00,-7.116075806778686674e-01
-1.657542764312395223e+00,-8.169684396819604233e-01
-1.361756039694924203e+00,-6.964782573888658179e-01
-1.013374062265828046e+00,-5.452786392789108483e-01
-5.263973095962941606e-01,-3.975021904342773693e-01
-3.525299092616336338e-01,-2.436018893272630381e-01
-4.002336891148283032e-02,-1.331568742627861901e-01
4.875360430030708549e-03,2.434256414579753433e-02
4.067795657960726619e-02,-3.125847232359914019e-01
-7.011384718936906901e-02,-5.576510442887990804e-01
-1.095402803567890743e-01,-6.811715028813470907e-01
-2.501721009301846044e-01,-7.147383093371725282e-01
-3.218283990905521641e-01,-4.722208557275097696e-01
-3.280189305921492604e-01,-4.391530799855202782e-01
-3.732149164999688518e-01,-4.666390245320923835e-01
-2.365621456193061078e-01,-6.675941028471902294e-01
-1.977133252183289058e-01,-7.907562570630528587e-01
-5.139709960683989075e-03,-4.606282164750306607e-01
-2.319778835971204878e-02,-1.043484431184453082e-01
-8.750877618454043494e-02,1.067597832724983681e-01
-3.272886189371802118e-02,2.855518643450983274e-01
7.281339626028205357e-03,4.144357667400741518e-01
4.807869412001314346e-01,9.643992172213398106e-01
9.151836130779285039e-01,1.369994642983192623e+00
1.709797641273102187e+00,2.385641768382617212e+00
3.347668334469796836e+00,4.559208095844944353e+00
5.558002161140413122e+00,7.681227235677142495e+00
7.927730776829863935e+00,1.092358440436041178e+01
9.706308871196105414e+00,1.366317822033458107e+01
1.079511809947875456e+01,1.557207753001607387e+01
1.105369503913935425e+01,1.632792260328415779e+01
1.052119987758753794e+01,1.581193680175101868e+01
9.294169697857602941e+00,1.408677860232080903e+01
7.488844383826132933e+00,1.139282554855923557e+01
5.363815993773658697e+00,8.234554530536208006e+00
2.941145535480636397e+00,4.904407108947397731e+00
1.190262535607960359e+00,2.466535785034220218e+00
1.231317412595466648e-01,1.002804796938905341e+00
2.539265896260959124e-02,1.296462849185386457e+00
-1.857939164892671580e-01,1.972144533843020797e+00
-3.063942659009912806e-01,2.481482546477019824e+00
-3.894023078073626798e-01,2.332303648888163661e+00
-3.577073162444898147e-01,1.622130191663135435e+00
-3.765131217472111325e-01,8.728318573557675153e-01
-3.551850813634037651e-01,1.626294612724993593e-01
-1.706551403258660948e-01,3.901995012565269705e-01
-1.700975586700312070e-01,1.160676573342783180e-01
-2.256700284460207151e-01,-1.462702957173633300e-01
-3.549786193813430080e-01,-6.234489553196167488e-01
-4.354707517909151004e-01,-7.971857142647669203e-01
-3.562581722573647247e-01,-4.842057216663627761e-01
-3.716944769137331961e-01,-1.894701680940724386e-01
-1.206966251380042071e-01,2.347081987089072175e-01
-1.753175589186085903e-01,2.588130414612350716e-01
4.731787587110441312e-02,4.176351164547851824e-01
4.674233475069186107e-03,2.571908234963345974e-01
-2.409989531829576370e-01,-4.273925432632084270e-02
-6.965967250348136242e-01,-3.884630671283375025e-01
-1.332385743834708203e+00,-7.230295739437486713e-01
-1.753539295114485252e+00,-9.471841031631209606e-01
-1.999986065471763608e+00,-8.769341453374329687e-01
-1.595657587808223088e+00,-5.807467307649071264e-01
-1.086909008286863987e+00,-1.272022637758646602e-01
-5.649284942582506464e-01,3.639370474285738566e-01
-5.139068914421199841e-01,9.650779286879108687e-01
-5.004662587979431532e-01,1.261081702073976851e+00
-3.360370203905221898e-01,1.069336990020842704e+00
-2.870652784415249625e-01,6.966419702100431488e-01
-1.468864840344475675e-01,1.240336756871002200e-01
-1.402803057661269337e-01,-2.579890538431040548e-01
1.240337828716064489e-01,-8.126906169423626647e-01
3.223928376522366968e-01,-1.289740493096422691e+00
4.603441616713530027e-01,-1.427340519450172929e+00
2.537094609981301319e-01,-9.812767646159351598e-01
-1.878675879704487517e-02,-4.620927540382380183e-01
-4.700066336054191662e-01,8.540192115736516820e-02
-5.649160773928795232e-01,-3.131416071628713438e-02
-5.444764274460129894e-01,-4.649799896280334965e-02
-3.807170328526910397e-01,-7.084084811240962121e-02
-1.822396302595906126e-01,-3.917424420761525528e-02
-3.039365657220203382e-02,-8.918179166621405252e-02
1.363114729173386941e-02,-1.338279053545239905e-01
-7.032566493398891005e-02,-1.124618262679489000e-01
-1.820560345756530030e-01,-9.372759424783114190e-02
-1.984982862625137012e-01,1.788396061178874064e-01
-9.099598170391118290e-02,2.354582418560606516e-01
-3.433492114081640456e-02,2.902621974682427775e-01
-1.251227069525759350e-01,3.469317040346834857e-01
-1.350114899691404469e-01,2.739497419586956473e-01
-1.350114899691404469e-01,2.739497419586956473e-01
-3.922537977465359593e-02,9.665273407174310161e-02
-3.922537977465359593e-02,9.665273407174310161e-02
-3.088435736991863856e-02,1.000121841061617778e-01
-1.051691827113668265e-01,2.008993399698300319e-01
-2.071313700360584431e-01,2.672857105200975303e-01
-2.538211929240632436e-01,1.096296307995445335e-01
-4.365480234500860313e-01,2.327476031626550257e-01
-3.177923882624764107e-01,2.493838386854944633e-01
-3.673175843780134286e-01,4.136542902283564249e-01
-4.566392670787648433e-01,9.430558004350917400e-01
-8.259799331787623933e-01,1.672769649456818053e+00
-1.047710306407374947e+00,2.174411394671114106e+00
-7.668245737194946399e-01,2.053124289546543135e+00
-5.925433814714562430e-01,1.352995193100540172e+00
-3.141826866515859407e-01,6.091502047600219072e-01
-3.417383659094472836e-01,1.424606017923703838e-01
-1.554669011813524793e-01,-4.935351840827136016e-02
-1.022604065122308115e-01,-2.840794668129416056e-01
-1.100295071223320459e-01,-2.883282932073716331e-01
-1.453538193923006698e-02,-4.526418622628129995e-01
1.075945412910899596e-01,-5.588004101668476720e-01
4.674966600180704285e-02,-5.798928001191351322e-01
4.192898650131939714e-02,-4.135600186356619967e-01
-6.940965221020094222e-02,-1.838752661953980683e-01
1.121640239595573657e-01,1.103528498152211990e-01
3.037748827483908176e-01,6.661900538193706867e-01
2.983967457342261986e-01,7.612431353245175947e-01
1.784416576175109070e-01,7.554387036115075560e-01
-9.084670945438155787e-02,2.466394523378650228e-01
1.864214766266004408e-01,8.140901241675640998e-01
2.783952525229604902e-01,1.346406634954272263e+00
1.924015370233915778e-01,1.311251000961198843e+00
-9.077036540107316642e-02,9.351454364283731113e-01
-1.988985011576848705e-01,4.481393896163969881e-01
-2.775093978611518630e-01,5.728200379725721936e-01
-3.611550519454204689e-01,3.184629037135475182e-01
-3.665377708756225039e-01,3.211295656461346515e-01
-4.016286083336882973e-01,9.042637669830088168e-03
-3.897330198386768640e-01,-3.773094608125617810e-01
-3.548923927782277610e-01,-7.427289721986317650e-01
-2.000617365895102084e-01,-8.030171899202634966e-01
2.146391521053008129e-03,-7.000040334049586477e-01
1.642877089367025811e-01,-4.419749659834792954e-01
1.438234026931469178e-01,-2.607745676292017034e-01
3.319143616973085353e-01,1.225890827316380299e-01
4.791600288350117975e-01,3.925448741719311241e-01
6.798284166457041477e-01,4.901483360984382753e-01
4.932266570695852392e-01,2.782387049289080649e-01
2.229436482642044859e-01,-9.771362383712516031e-02
2.456728809554306614e-01,-5.319372253201377632e-01
5.304970625443713450e-01,-6.965512812636532880e-01
7.569363181526919115e-01,-6.896881708306495939e-01
6.581496111190205944e-01,-5.260385008939466589e-01
2.348801289740804488e-01,-1.594170688115163492e-01
7.220636405668190774e-03,4.501553658782034284e-01
-8.917429103456260553e-02,4.739173110694188118e-01
-1.563744173433903040e-01,5.563133920252387732e-01
-3.253672434022527038e-01,2.465277621406897213e-01
-3.599958479243182685e-01,7.730764590781832868e-02
-2.898008462184007983e-01,1.509923207697336234e-02
-2.382060621986829829e-01,-3.805589043076208766e-02
-1.434100695105645085e-01,3.419765467117988345e-02
-2.561109201480930575e-01,-3.980213496139865109e-02
-4.470830573016188469e-01,2.776595114411911647e-02
-6.292066596237673171e-01,-1.196022516777638656e-01
-6.526659155743039786e-01,-3.645569468454640250e-01
-6.094005033309510821e-01,-5.317360942289935943e-01
-5.383215302032249294e-01,-4.040655309323716304e-01
-4.396240229058551163e-01,-8.032104425009449489e-02
-3.256214990106981455e-01,4.425275681430841379e-01
-1.647190681047108474e-01,7.120279871602758215e-01
-1.533266214854955845e-01,8.518113345100837286e-01
9.107181188736281074e-02,4.892682108500185367e-01
2.012831129752362946e-01,4.890587476553796553e-01
2.091162806000834984e-01,2.944717108071543410e-01
-6.061904653054884379e-02,3.134990280136072394e-01
-3.566086422918490761e-01,3.116377645758742210e-01
-4.167435942389104420e-01,8.331103812147453436e-01
-3.084441437793997154e-01,1.484960995946289941e+00
-1.313996732853989213e-01,2.104764674619093334e+00
5.286409142712631543e-02,2.366149692516674730e+00
1.051012647546047535e-01,2.006249436864632862e+00
2.961102761257892318e-02,1.345960227899703820e+00
-2.809680436461574511e-03,4.950085938276874709e-01
-9.863007284642076600e-02,-4.082725416634709337e-01
-1.097380912261291669e-01,-6.819406828274501287e-01
-1.638659578563776420e-01,-9.113715903253074568e-01
-2.154528966945614132e-01,-6.968199515027282409e-01
-2.022989621007302286e-01,-4.272690094723782250e-01
-1.243450311350995235e-01,-1.672592714782147882e-01
1.783954370643856535e-01,-3.580311361097649470e-01
2.802980915016858865e-01,-3.472890152393510177e-01
2.177627758156620019e-01,-3.044181046628172682e-01
-6.059928677013325798e-02,-1.020832482409210901e-01
-8.205669530515596888e-02,3.007659584800151387e-01
2.448281470551033345e-01,5.698536844633064202e-01
4.872747107052055604e-01,1.072401999328350453e+00
6.498614946918835900e-01,1.364195741180343147e+00
8.343474994590419636e-01,1.872085198750429447e+00
1.015537678458400705e+00,2.048940532153617600e+00
1.220492372028265438e+00,2.100019905288522892e+00
1.043772379559655406e+00,1.307026831922284416e+00
9.982717666623833752e-01,8.820153681892992648e-01
9.344455379881554391e-01,7.208650548424797577e-01
1.044789262886828052e+00,1.085235345863935441e+00
6.390819689301480144e-01,9.434765845735996193e-01
1.218999992724691533e-01,4.749340926502081950e-01
-1.682308069568713704e-01,1.531858677244625766e-01
-5.519253200094153405e-02,-2.131440790853329770e-02
1.077648199504531029e-01,1.640367831895206685e-01
5.312548400692180817e-01,9.506362739165435949e-01
8.323537715338170662e-01,1.374311937060371358e+00
1.092678124466174960e+00,1.520672901636152208e+00
8.871335850170541937e-01,6.520650385381275838e-01
7.536256153266986946e-01,3.197272124611031385e-01
6.166049936975950274e-01,5.874968267899530888e-02
4.513558452273170873e-01,1.361792556118193442e-01
2.095380860741657414e-01,5.545420643120104603e-02
2.238691580031291345e-02,-8.350364455551825826e-02
-1.780980281339524240e-01,8.644525313356634169e-03
-4.907783707650634764e-01,2.490972281314616024e-02
-6.914774524993752003e-01,1.306831771069473791e-01
-7.523404174922082577e-01,1.422116311533332400e-01
-5.831899126721438176e-01,1.162614729067801625e-02
-4.655528271186111788e-01,2.039035057693700526e-01
-4.231174878529607164e-01,3.805887053482619464e-01
-5.007426695452162901e-01,5.703752161210839944e-01
-4.746719806934651675e-01,4.675785322921829357e-01
-3.670045931308109632e-01,3.016000591884279158e-01
-1.926854103289440956e-01,8.812603063364528311e-02
-1.555998717998477443e-01,-1.160719073215877029e-01
-1.213408424199693136e-01,-2.696490254949080456e-01
-2.154599971016891158e-01,-1.987191463499412836e-01
-2.642825235537337725e-01,-5.742779271257334589e-02
-2.285462224704893075e-01,1.982923940745453251e-01
-1.944816227106589690e-01,3.377720194264585696e-01
-1.117607761568159136e-01,2.211841003152759944e-01
-1.316574519858602077e-01,1.834625661382871531e-01
-1.086881407769665769e-01,2.365527930586393546e-01
-2.064709230419504438e-01,4.333056047769084373e-01
-4.573755131657847306e-01,3.401465039817912483e-01
-8.012746082203070497e-01,-7.310753987193233105e-03
-9.772158975441451734e-01,-1.324596306333418461e-01
-9.492713086143530488e-01,-2.390749297434559273e-01
-7.293570222627934196e-01,-1.246753289722947744e-01
-4.069732323136836527e-01,-2.961493011346221227e-01
-2.531754347081437845e-02,-3.110510820728951131e-01
2.392485876258912403e-01,-4.629835769141552593e-01
3.120684595699032005e-01,-5.218545136167264120e-01
1.327270859476050446e-01,-7.038621957085481329e-01
1.516878039049400217e-01,-7.094025132238791498e-01
-2.744490219200848569e-02,-7.312941357697850808e-01
-2.744490219200848569e-02,-7.312941357697850808e-01
-2.049501637599089043e-01,-7.500149132411055852e-01
-7.065260189001061619e-02,-5.172691849425513633e-01
-9.209041574379406292e-02,-4.706024505933498192e-01
9.742136700486615786e-02,-4.627259175074476261e-01
1.125758011265347164e-01,-4.934145382894523646e-01
3.494742883513142773e-01,-6.323876513884175710e-01
2.988640468334048950e-01,-7.545567239892930766e-01
3.474555725944856732e-01,-9.537710323057306816e-01
1.495080394294516779e-01,-7.756387498886044840e-01
3.291636510339866067e-02,-6.961522242243926017e-01
-1.245545716539094988e-01,-1.928347723568821226e-01
-3.923542742110602832e-01,-4.180331802032379723e-02
-1.051516592383929805e+00,3.904685483645914945e-01
-9.884283187281796001e-01,2.893738437889230575e-01
-8.103080878936208542e-01,1.904875577309257384e-01
-1.620917447599079519e-01,-3.642143568631319717e-01
-1.872943850211575834e-01,-3.390714928731062283e-01
-9.318430087875484436e-02,1.992821680359179171e-01
-2.072860493223056821e-01,4.810087436697619845e-01
-1.199741642827596433e-01,4.481565309735918157e-01
-3.172267739506056672e-01,-1.412561018971602578e-01
-3.069788757010033509e-01,-1.513676443588947707e-01
-3.840812048921570243e-01,-1.248140930371942486e-01
-3.785830562276058520e-01,-5.099355982109590735e-02
-3.036628139633648082e-01,-3.283290565881655243e-02
-2.058708611591011373e-01,1.300775873955759554e-01
-1.254806391365729523e-01,6.389679087700536608e-02
-1.588557683517658192e-01,-3.314831284483103768e-02
-1.538658870461834804e-01,-1.836142994904062242e-01
-2.328953702329588094e-01,-1.749904849010338326e-01
-1.768944708986036063e-01,-1.817052091383017653e-01
-1.358690816487601039e-01,-2.344097364030407471e-01
-9.941023995295593385e-02,-3.398019214413786626e-01
-7.562627974085821270e-02,-3.235995081522487493e-01
-9.136852430597494634e-02,-2.562745116003800616e-01
-1.429728680103578009e-01,-2.172940571936378754e-02
-1.247145086013659032e-01,-1.818084059219809423e-01
-3.793875915910571283e-03,-3.025305972563075430e-01
3.185526040360202593e-01,-5.547541495020994473e-01
2.273343440787035097e-01,-4.701245953972431058e-01
-5.695112746471791415e-02,-2.913305501252091423e-01
-5.013071887799527282e-01,-1.866903712873883847e-01
-6.803804937065827119e-01,2.064380275184966307e-01
-6.430053558360161459e-01,5.277210513645935741e-01
-4.130107222330753336e-01,7.624056535926414524e-01
6.872692881580290403e-02,8.721648594098083684e-01
5.498749391129441610e-01,7.061275145354909410e-01
7.016242797348223315e-01,5.286606771041865160e-01
4.681431202277499537e-01,1.074070927870027781e-01
-4.425741085799926589e-03,-2.475852238732471067e-01
-5.284181259254360219e-01,-4.782301029572958995e-01
-7.944273681062360426e-01,-4.212099840531371431e-01
-8.639217944876840249e-01,-3.279232054436859722e-01
-8.259591496281514234e-01,-1.074143880815681823e-01
-6.722157155561757635e-01,2.079463173307860013e-01
-5.710763013021563639e-01,1.818922782000841065e-01
-3.214332240858202572e-01,-5.452172727154405013e-02
-2.458111462169721428e-01,-3.597823639802751328e-01
-3.314400960549319652e-01,-2.598375038495362443e-01
-5.566055392433687521e-01,1.521629603346949522e-01
-7.484289766799626653e-01,5.086782677814748466e-01
-7.757407795843626053e-01,8.474697542197636713e-01
-7.221269059556054692e-01,8.386071301450627180e-01
-4.879526665145693665e-01,9.830846017653650515e-01
-3.595036837985794986e-01,6.320138473650946942e-01
-2.791334779700748170e-01,2.940159382160478230e-01
-3.593197225788658522e-01,-2.050387454199387172e-01
-3.355034447368940853e-01,-3.174695297082135576e-02
-3.218108386921023634e-01,2.174595376366762201e-01
2.694832363575535572e-01,9.059818190954065376e-01
1.107770131573121430e+00,1.714901160810451186e+00
2.270341719576177031e+00,2.099831734675412065e+00
3.160873887994341214e+00,1.715684696438771306e+00
3.557399236640400364e+00,6.714459520967758221e-01
3.041175863113785294e+00,-4.117072254377877605e-01
2.269249667272664084e+00,-1.192802068332070808e+00
1.286689521435066208e+00,-1.345980201654542352e+00
7.664183308234726599e-01,-8.531348915464063154e-01
2.495659387308194477e-01,-5.499231635484005398e-01
1.449868102355481025e-01,-3.697364411999738421e-01
9.486896372498283825e-02,-6.538684547554114435e-01
7.895883036780032560e-02,-6.153176645105389309e-01
-8.372414330254979165e-02,-5.370239465677979496e-01
-8.372414330254979165e-02,-5.370239465677979496e-01
7.429159155484680310e-01,-9.106981765128667750e-01
1.158592229546710817e+00,-1.428192521837535311e+00
1.524187311312899862e+00,-1.631150667013679056e+00
1.039517369965610838e+00,-1.303805109210267155e+00
8.483053482957086944e-01,-7.606096513003031134e-01
5.938711778634983007e-01,-9.868774308270494844e-02
6.609123471538006500e-01,3.343278034651527286e-01
5.575279483016261084e-01,9.096897153934507818e-01
3.870211760343569840e-01,1.360775202033959186e+00
6.545643385338854869e-02,2.012842499634886817e+00
-5.075178878144163130e-01,2.556112460343531456e+00
-1.121704461255951468e+00,2.405012739530271393e+00
-1.585719581511825682e+00,1.358587264774606673e+00
-1.851647664522297010e+00,2.273356026139444486e-01
-1.921300804689125563e+00,-3.429158646221763806e-01
-1.669828720156225410e+00,-1.691307196811450697e-01
-1.163741444207245346e+00,2.039714689080408261e-01
-5.431506959483997088e-01,5.844065085517883285e-01
-2.180211049834749476e-02,6.830675414128022371e-01
3.975421081981767579e-01,2.193685341958230284e-01
3.777973093860448883e-01,-2.097910865367001443e-01
6.208400028493686884e-01,-6.674002769334079765e-01
5.693111229584958410e-01,-6.186709209232598150e-01
4.558838557155075466e-01,-5.719588371600367038e-01
-3.547827326452850788e-02,-3.473644128712379264e-01
-3.500892438727405409e-01,-4.880324292936458197e-02
-3.484446078094615151e-01,6.320984096085298376e-02
-1.495420890436296724e-01,7.740959167389958873e-02
1.481754619668426698e-01,-1.483460472695568577e-01
1.985468404858100611e-01,-7.979487470027002427e-02
1.426644765545164173e-01,1.876685462012295941e-02
-5.226848246638998718e-02,3.164137000736353955e-01
-1.278085324508942446e-02,3.026305044696248059e-01
4.265930374368592792e-02,1.503275088923229641e-01
5.060124178439719816e-02,-2.563528931544293288e-01
-2.499675479146837298e-02,-4.694816359592784427e-01
-1.285827135448638914e-01,-3.263142835171783385e-01
1.176300093312050016e-01,-2.435002779010989049e-01
3.222691026708990880e-01,-5.734570590686278724e-01
9.285744309463286328e-01,-1.825564262570182672e+00
1.369124025222706376e+00,-2.908854708548757717e+00
1.923413210341815338e+00,-4.044771523318623885e+00
3.556680259200834637e+00,-6.006372177951488922e+00
5.905787832547817473e+00,-8.266856061395444044e+00
9.058478262493983024e+00,-1.042360331474075963e+01
1.186436752715990295e+01,-1.130959529609539871e+01
1.432083533667614716e+01,-1.113748775430589255e+01
1.605611078965035787e+01,-1.002816394187600579e+01
1.677846700700775529e+01,-8.341377675648063317e+00
1.618125778514058055e+01,-6.418135480422309413e+00
1.405189157549713208e+01,-4.554820197453461894e+00
1.069450656821224399e+01,-2.989012174344522599e+00
6.425106360492749857e+00,-1.806172924621859632e+00
2.931060612366906959e+00,-1.062225624021155834e+00
7.934677245612753449e-01,-6.134868840816460889e-01
4.757297114925339576e-01,-7.875986724443866382e-01
1.057678202290129654e+00,-2.321442974854521335e+00
7.994200233006752976e-01,-3.039692774842360556e+00
2.329874710379031544e-01,-3.049732109583332740e+00
-6.714678120964555630e-01,-1.616259300565657364e+00
-8.895433911652673720e-01,-7.537317191945229755e-01
-5.204702787261140662e-01,2.042859616321865690e-01
-8.356175143947711659e-01,4.987018499363050084e-01
-1.277596521563727494e+00,8.838969507303056083e-01
-1.615976891091671641e+00,1.180408415666127642e+00
-1.762341491472077637e+00,1.213252808307835551e+00
-1.478500517038146667e+00,9.119549134322186834e-01
-1.506786703954608564e+00,4.422554959464031765e-01
-1.754176223984556415e+00,-1.839822605885511192e-02
-2.166596494564238640e+00,-5.574861803875189592e-01
-2.170840889250609251e+00,-1.077446750815036935e+00
-1.846440916124564957e+00,-1.345377238834142064e+00
-1.473335584387938990e+00,-1.060579381756590944e+00
-1.240721320822701923e+00,-8.095548824091843843e-01
-1.475198022890937599e+00,-4.720831535649211985e-01
-1.974289070223357978e+00,-5.263931548592440945e-01
-2.467470980684255188e+00,-6.113219941052685513e-01
-2.290397396569683774e+00,-1.027981693999534096e+00
-2.536643156790471920e+00,-1.609206240994603521e+00
-2.745319705886342998e+00,-2.151174467510472255e+00
-3.176121874350994467e+00,-2.405478348930483623e+00
-2.767547649827403866e+00,-2.253536584800038600e+00
-1.931381130863319751e+00,-1.722324709255250719e+00
-8.650436273673093313e-01,-4.414335928637018180e-01
-6.476389020405816099e-01,2.867429528566771135e-01
-1.055073583410233828e+00,5.699366027442714921e-01
-1.891527173250532767e+00,3.001903552381567086e-02
-1.773873717037159903e+00,-1.518830070011712441e-01
-2.041321746434340056e+00,1.162428240582780020e-01
-2.511957874346240960e+00,8.640870395582569419e-01
-2.951294290978168533e+00,1.400405965083259208e+00
-2.638172754467747350e+00,1.420382169985304088e+00
-1.582404115102916453e+00,9.722336711763247541e-01
-8.678549220880905635e-01,4.160507197556700953e-01
-3.397951176842989307e-01,-5.969255199639979942e-02
-2.455520628048688536e-01,-2.448532834370910072e-01
-1.187915359955317857e-01,-2.569562344807826415e-01
-1.028248683524245061e-01,-1.442616162648976130e-01
-6.327762503367971580e-02,-1.075032519633392081e-01
-1.675535173430857394e-01,-2.649332666527653632e-02
1.815590579648674041e-01,-3.071985551791475144e-01
6.113143534044014338e-01,-6.202432479355903805e-01
1.037911092111208688e+00,-8.834318278744253128e-01
1.100248800503517810e+00,-8.559830906397707384e-01
9.487314065541423425e-01,-6.684278358137392129e-01
6.131486906556820049e-01,-4.013120218745030998e-01
5.580274171381298665e-01,-3.522234375977888465e-01
5.544998289981823980e-01,-4.180375061293308825e-01
1.924815311863654343e-01,-8.190708974073253323e-02
-1.028957967215100577e-01,6.417834246223257100e-02
-2.100645593210592188e-01,1.531090943940920934e-01
-2.315832849201505395e-01,3.089680879680439113e-02
-4.198859949872368880e-01,1.450733352769702500e-01
-6.033553499304472600e-01,-7.094995536008430470e-02
-7.444380466329434398e-01,-2.632929187765408741e-01
-6.837200016913740352e-01,-5.137667058147697974e-01
-5.267369886436806814e-01,-4.403096199283614287e-01
-4.004875029169913669e-01,-2.340597920679007848e-01
-6.061904653054884379e-02,3.134990280136072394e-01
2.726641581621798149e-01,9.551064050527556804e-01
6.415526656739122258e-01,1.000163542529128424e+00
8.956156999770175098e-01,7.604800020664314042e-01
8.824581043521925183e-01,8.226190320863042971e-02
8.862483920805955817e-01,-3.915418964008958169e-01
5.998285841412416275e-01,-4.682578295782202638e-01
6.493668173709149505e-01,-6.458145649936499755e-01
1.392031198077127718e-01,-4.685456128331577097e-01
-3.273565646679226226e-01,-2.585224524373888610e-01
-4.881052179009882086e-01,1.042159384931576893e-01
-4.140248963837603324e-01,2.438856953313117415e-01
-1.984982862625137012e-01,1.788396061178874064e-01
-2.332940238948042755e-01,1.623495681285012926e-01
-2.580384440495888110e-01,5.470415023503631957e-01
-4.616813801169547538e-01,1.009334236444902722e+00
-6.983990971876685716e-01,1.279106521578579958e+00
-1.161985468034844482e+00,1.420180723706040871e+00
-1.366586788039288791e+00,1.360912532881024095e+00
-1.404190489438289058e+00,1.179135641794209155e+00
-1.000753147606654681e+00,9.232934956903977586e-01
-8.233496434063765079e-01,8.611844280895512016e-01
-4.087851489935104277e-01,5.156552661653400760e-01
-1.806653309584827505e-01,3.143740554399177545e-01
1.355128280751110026e-01,1.235605651903118607e-01
2.472812527495331647e-01,1.350062618604156162e-01
4.417083786783786437e-01,3.192669807993962772e-02
6.087457411609185076e-01,-2.503048376585297330e-01
4.109412497907427575e-01,5.300016898432344421e-03
2.521148721595293241e-01,8.515810973003525366e-03
-3.640765104801663848e-02,1.118256984630841416e-01
-1.141509036871461436e-01,-3.085550132385618816e-01
-3.928464112373054040e-01,-5.771641666117867109e-01
-3.375656774977791597e-01,-9.677829776455628696e-01
-3.891379605395724472e-01,-1.351073866442159987e+00
-2.163342011088602024e-01,-1.175147937435332413e+00
-2.152437705563795267e-01,-1.413904036070560366e+00
-1.047119623163903779e-01,-9.464617223986770966e-01
5.995250169977860491e-03,-7.493370440637018293e-01
-3.072354535698791286e-02,-3.395367535471919829e-01
-4.614264896979938801e-02,-3.301214620012929424e-01
-7.693209548278236165e-02,-4.596742839664467173e-01
-2.399068866850591689e-02,-7.632308334355007995e-01
-4.875631990297040613e-02,-8.855359594726365247e-01
-1.564878486667956384e-02,-7.992707892316321949e-01
4.844599633953676487e-02,-5.644271573999575242e-01
-1.603186923369455744e-02,-5.633310490779519508e-01
2.313604809857956052e-02,-3.627368060065553901e-01
-7.734852557322645372e-02,-2.582386556257448285e-01
6.454929275313708859e-02,-1.556146419038433593e-01
2.847350936709540023e-02,-3.421854655663674194e-01
1.368463714868884545e-02,-4.754239031022293727e-01
-1.784876497448690535e-01,-5.826264413600347192e-01
-3.991734967871692907e-01,-3.815780208056007150e-01
-6.975994198488310039e-01,-6.736710671767266456e-01
-9.687082101291945024e-01,-1.033042165998463435e+00
-1.110767333894438602e+00,-1.469185469425100532e+00
-1.122865925783804730e+00,-1.561168325142732849e+00
-1.102176315644421978e+00,-1.466091988696576198e+00
-8.908577117915157384e-01,-1.034085761864529829e+00
-8.302789291204263344e-01,-5.841323416647553612e-01
-7.741631579478834846e-01,-2.235714534401984921e-01
-9.653084613834173044e-01,-1.644168874474162545e-01
-7.217452990835806492e-01,-1.864368374624959523e-01
-4.895625640184383398e-01,-6.169518770467060514e-02
-2.605337206839752340e-01,-5.374075164875844607e-03
-2.790236013136254689e-01,1.815606965974916331e-01
-3.397134107489196420e-01,1.604081339794208583e-01
-2.633178422891280235e-01,7.093864169816772869e-02
-6.076775947824480939e-01,-1.231782715723596516e-01
-5.996015286747545525e-02,-5.956212666162647995e-01
5.047285147644084979e-01,-1.194249739858996628e+00
1.375845343612165594e+00,-1.965439474225857852e+00
1.488313220252160507e+00,-2.380885056151814005e+00
1.674630469830026058e+00,-3.048079213585112690e+00
1.324402612471465845e+00,-2.447635945110112843e+00
1.169151952762663038e+00,-2.139985268759823978e+00
8.379108417978513579e-01,-1.605407404254174386e+00
5.663528209484359754e-01,-1.867744701619699077e+00
5.408429757053059284e-01,-1.919771196359938870e+00
4.015225528057274618e-01,-1.588921764869750453e+00
6.262728811758412339e-01,-1.563342329701797206e+00
4.975797765201586120e-01,-1.154812320347911925e+00
6.048516864601555243e-01,-1.422377074530357666e+00
6.176118461580880625e-01,-1.731446159117846717e+00
2.395784574856672511e-01,-1.334861351642795846e+00
-1.537278283211333252e-01,-7.665767126977363066e-01
-2.738990539804490587e-01,-5.724195363632421651e-01
-1.682791686686278265e-01,-7.155432262663613541e-01
-2.348492899334273520e-01,-6.736560845163261924e-01
-4.399100270656247647e-01,-4.870681848572965267e-01
-5.146447713299174831e-01,-2.789691445220910948e-01
-4.856280254340893388e-01,-1.058413106765987294e-01
-2.472451919897412642e-01,6.609020793429215557e-02
-2.472451919897412642e-01,6.609020793429215557e-02
-3.157952681837047360e-01,3.551859536747603019e-01
-3.686811837739871756e-01,7.468708287751500974e-01
8.048344484685782119e-02,1.333083425412131984e+00
6.740361639360091806e-01,1.868479348743892210e+00
1.138921278117948965e+00,2.104612661879623925e+00
1.084678606548676649e+00,1.881510945530899148e+00
5.871531022992867443e-01,1.292764568390859958e+00
-6.630204249301037411e-02,5.679738132164974251e-01
-3.731086746072074800e-01,-2.259297675080718659e-01
-2.069992918207634869e-01,-5.276990857471173246e-01
2.888534346352084614e-01,-8.627652693669622952e-01
5.124997225253311584e-01,-8.600456867863958133e-01
9.896000823127497625e-01,-1.071626783583027986e+00
1.242318228487904630e+00,-1.076646477906546107e+00
1.281233240715952126e+00,-9.841069556921931971e-01
8.556726448857565615e-01,-7.166134141467017660e-01
3.305901712971398565e-01,-3.708279951363614990e-01
-1.433144054533792566e-01,-3.798539814821578764e-01
-1.433144054533792566e-01,-3.798539814821578764e-01
-1.433144054533792566e-01,-3.798539814821578764e-01
2.153868025438549216e-01,-6.915692651684651748e-01
2.154622816299819887e-01,-9.171216353760833773e-01
2.692962194897570161e-01,-1.037543786502839849e+00
-1.433749220302720992e-02,-8.492126792882161990e-01
-1.726585406925628119e-01,-7.204499229841283547e-01
-3.884504798011274573e-01,-4.059096944043586452e-01
-5.634943452540213116e-01,1.733785743555918690e-01
-5.749922038964052629e-01,7.799741011376634114e-01
-7.405497698547689467e-01,1.197559704817429127e+00
-9.738035748473694575e-01,1.455266205171767524e+00
-1.271025617661990514e+00,1.362347242476439124e+00
-1.345625328940550869e+00,1.149254999545389788e+00
-1.004660687189902202e+00,8.451414673011352630e-01
-6.706645546769576249e-01,8.650811860552329868e-01
-2.879161167018862710e-01,7.844640786551293488e-01
-1.675164305156363054e-01,8.374923688278690381e-01
8.747329530015501842e-02,9.758181158884556838e-01
1.549250902194987678e-01,1.182688858009424582e+00
5.869841724609043965e-01,1.497312029614282558e+00
1.035778518465892972e+00,1.614358219436804243e+00
1.450174021261240176e+00,1.613556332905939250e+00
1.415623081709750153e+00,1.367887476341886233e+00
9.127057484504214058e-01,9.831119999837825141e-01
4.806542730858640589e-01,7.070487389052020344e-01
-5.281309616103847804e-02,7.675677215694306499e-01
-1.909462393308935524e-01,7.887953186128263683e-01
-5.222148742872108063e-01,6.046575849777812151e-01
-6.746498443879007656e-01,1.627944410840532485e-01
-9.182096530855569094e-01,3.381374494903143235e-01
-1.161965649716711457e+00,6.226681356373964249e-01
-1.120528735158407896e+00,7.340992038714261314e-01
-7.866478146028634821e-01,4.163113032463792162e-01
-2.092166080681638618e-01,-2.272944601082425298e-01
5.687271729308543411e-02,-5.031484263365929577e-01
2.910950184014187703e-01,-9.461398028272163252e-01
2.284663960031267926e-01,-9.791502933864040248e-01
-1.956333097504824592e-01,-6.689608465306724483e-01
-9.267672929121213432e-01,2.183221726171533372e-01
-1.042006592271384369e+00,4.530953857298101184e-01
-1.648313432308723847e+00,9.642432834020764343e-01
-1.288250905603464114e+00,7.647607617383498368e-01
-1.270837621730776412e+00,7.734354107281509183e-01
-2.990099548336801472e-01,1.595573075677701735e-01
-5.873798079506430819e-02,-1.721114209833451425e-01
1.651049633535033589e-01,-3.963783961599798289e-01
3.790461349738540875e-01,-6.530605268033172761e-01
4.286294366879515594e-01,-8.537661344316932466e-01
5.561761327040340985e-01,-9.929881105064708446e-01
4.107810457030436346e-01,-8.691941938931703193e-01
2.473184446923271385e-01,-6.194627601108662063e-01
-7.776491095697622702e-02,-2.812359956541347072e-01
-3.303733676334641989e-01,-9.568127188895551860e-02
-3.600200644059480259e-01,-1.920148569344675149e-01
-4.965822840365408664e-01,-2.363259682960082708e-01
-5.346842403587669379e-01,-1.764818069789574062e-01
-4.856280254340893388e-01,-1.058413106765987294e-01
-3.390595094993391623e-01,2.482195796438519397e-01
-3.427220195851243822e-01,5.258019305814103372e-01
-6.793896723956841521e-01,9.227522897656538214e-01
-1.061384432059512051e+00,1.105569856300442355e+00
-1.371925472023285186e+00,1.175728602446086901e+00
-1.235715955283763989e+00,9.307581011313954544e-01
-9.901132535188261752e-01,7.070509940653039171e-01
-1.141820385406013605e+00,8.299505944964846726e-01
-1.496719622737916255e+00,9.535771550473761682e-01
-2.366730321391469882e+00,1.486426621635213774e+00
-2.595836830530370509e+00,1.468342445909667671e+00
-3.218461263234694947e+00,1.875861862871963215e+00
-3.018265359292572558e+00,1.770401706600156944e+00
-2.672932472822886041e+00,1.611433619710406884e+00
-1.731711547050669653e+00,1.031316037114161199e+00
-7.866478146028634821e-01,4.163113032463792162e-01
-2.456021941947802989e-01,1.939367827097938576e-02
-1.201234231638474703e-01,2.884839910661393669e-02
-1.360001043573977886e-01,1.503608924308246497e-01
-2.002033797436183205e-01,-2.770810458813455224e-02
-2.390468746454931237e-01,-2.586782533808334450e-01
-2.046284535153183592e-01,-5.835722350219246790e-01
