-3.294238440129350631e-01,-9.471215705359631309e-01
-4.786932231829392759e-01,-6.278494098359885811e-01
-5.420726587459001600e-01,-2.859299968422553406e-01
-3.259197891291011340e-01,2.964658300935397311e-02
4.676414112065085856e-05,-1.789464796642971645e-01
-2.775988703672871774e-02,-1.217484852280527052e-01
-1.732927041881010821e-01,7.549979915606142011e-02
-2.024163065084240987e-01,1.162686286004362968e-01
6.097105730972119941e-01,1.101811061014226434e+00
1.262311616449801610e+00,2.391619744766348532e+00
1.394340437061326377e+00,3.158745185993379501e+00
4.471606115281600013e-01,2.434219381649254110e+00
-2.878868330003304110e-01,1.169425854207462478e+00
-1.557093904059291822e-01,4.063810993801341143e-01
-1.664093817100004424e-01,-4.316528282834499186e-01
-2.579192909486497931e-01,-2.942843802874423598e-01
-3.939170299067992764e-01,2.217793378380640001e-01
-6.289528954842187325e-01,6.614224813490827692e-01
-3.751236208661740124e-01,9.521521140054036714e-01
3.164655830674520387e-02,1.036962486134149986e+00
6.064905137436683580e-01,9.942609610311667900e-01
6.797821541139150714e-01,4.796645341641727067e-01
4.073679318810994876e-01,8.962379238268879111e-02
2.832472209202595570e-01,2.208572909834148890e-01
2.093587405985044281e-01,2.058614995251118185e-01
2.119636436589367456e-01,2.218174394914384784e-01
2.832472209202595570e-01,2.208572909834148890e-01
1.095840154357255632e-02,-6.226199804934560988e-02
-1.053497105608152823e-01,4.572274689910792861e-02
1.242781366683762684e-01,6.410450158256797426e-01
8.107779301493307500e-01,9.162720277183600270e-02
1.181191765763064172e+00,-1.036237318910045113e+00
7.387248752497491688e-01,-1.184609807811315196e+00
-1.018562396868132880e-01,-1.035481432621813358e+00
-1.083594652843032913e+00,-1.495878985063249456e+00
-1.924907125999036017e+00,-1.712774610912069395e+00
-1.787770405990755318e+00,-1.189103799327214661e+00
-5.759041629613224078e-01,-1.994176188158260921e-01
3.306361207467580776e-01,3.350158024040526539e-01
2.549015575845158810e-01,2.074266454249993341e-01
2.133427034705637770e-01,6.176213339061981805e-02
-9.441065091137448295e-01,-1.010220528466874601e+00
-7.881847922193673250e-01,-1.488213807272446454e+00
2.394794072324105960e-01,-6.490697445758427664e-01
9.854394878991755424e-02,8.502376766275115960e-01
4.958560835363007291e-02,2.037150567726943695e+00
-4.224986338245773770e-02,1.797393341181737769e+00
-1.129948731065837653e-01,1.006354343746416413e+00
-9.830126868324744801e-04,5.903946060140076169e-01
2.832472209202595570e-01,2.208572909834148890e-01
1.230275460749099235e-02,1.590599273399598002e-01
-5.824428514665379308e-02,2.656668029615264492e-01
2.496575116819383100e-01,8.555817881633254185e-01
5.482087654981955271e-01,1.530067460493310216e+00
5.376876050147244568e-01,1.557042809282205065e+00
3.729822458020237153e-01,1.234810747682066889e+00
3.079007626758934468e-01,7.011384042221621149e-01
-1.401011104551808661e-01,3.891671726979910595e-01
-5.694334042378444982e-01,7.416769948932510070e-01
-2.799943007156662778e-01,4.174807313143541476e-01
2.083827514316488050e-01,6.586960157400814815e-03
4.410182454743318825e-01,6.569642481323667571e-02
6.384562537062817844e-01,-1.944773665669508600e-01
7.986005176066799383e-01,-2.810306896516063802e-01
6.455669533347743183e-01,-1.295933810978126301e-02
2.832472209202595570e-01,2.208572909834148890e-01
4.694358093643326013e-01,6.253091968851354210e-01
1.561603123452020903e+00,1.014356957987669672e+00
2.665184033347573145e+00,1.081134720666065085e+00
2.383624170667657971e+00,8.459294538153281362e-01
1.115441774091710414e+00,3.596215226478629567e-01
-2.135018068090845100e-01,-4.977467542932069722e-01
-9.869979195191707078e-01,-1.375818122464886883e+00
-1.585239684566708274e+00,-1.752246736616958733e+00
-1.734106860603784384e+00,-1.831666491802308006e+00
-1.172593357252914359e+00,-1.412375921474667395e+00
-3.674093000892052485e-01,-5.103694551855563200e-01
6.447559259662776210e-01,2.104108933586560648e-01
6.706621835834424283e-01,-4.278643019912365952e-01
2.604039061191354865e+00,-3.033014231202375122e+00
6.571817959535193765e+00,-5.548352645559780250e+00
1.020617497444770194e+01,-5.962280066132176870e+00
1.210514228141897775e+01,-3.905758051819623766e+00
1.231734388843656447e+01,-7.746770988911073630e-01
1.199888167354904844e+01,1.295501203293255132e+00
1.199888167354904844e+01,1.295501203293255132e+00
8.980801763681407479e+00,7.470873178356136624e-01
3.873169658012417749e+00,3.194228991512694793e-01
9.336630817763399426e-01,1.646514055259404585e-01
9.162581136280814054e-01,2.949096472965533344e-01
8.508551216175125331e-01,6.260274527904478858e-02
9.543858199882059024e-02,-7.935994197938427419e-01
-9.068161745537582641e-02,-1.135309488830955171e+00
1.273537086608544644e-01,-4.303745237556524383e-01
1.111747293768466927e-01,-2.152164895784637599e-01
2.288273514992377466e-01,-7.603589619025699076e-01
4.210225391668582229e-01,-8.311084210614402279e-01
4.367025967845702961e-01,-3.893832053353412093e-01
2.401743275216272067e-01,-2.857095300680751460e-01
5.962442276772754110e-03,-3.940972831838708279e-01
8.172003955757788096e-02,-1.444929053001497155e-01
2.832472209202595570e-01,2.208572909834148890e-01
4.562861169739768075e-01,-1.109271054053442701e-01
1.539421977038955669e+00,-1.644017530856163589e-01
2.634845879387641698e+00,3.183869694960521080e-01
2.519314960409118065e+00,8.038542638512014005e-01
1.142845579130826739e+00,6.644162280585151903e-01
2.894873997901789009e-01,3.156986530219390574e-01
2.832472209202595570e-01,2.208572909834148890e-01
3.124159106477615855e-01,2.256864397144182216e-02
4.106758017023832141e-01,-5.639727674843456051e-02
6.644432327166990282e-01,2.473722508537757325e-01
8.664694017035607931e-01,7.220782071021523141e-01
9.699219596802151067e-01,8.700480121853645388e-01
8.229120640993108360e-01,4.899240142164654754e-01
4.863364230214123896e-01,2.170466999821558940e-01
2.832472209202595570e-01,2.208572909834148890e-01
4.034836924090457466e-01,7.009056239881944483e-02
1.825402304119746189e-01,-2.467347055535748235e-01
-7.324075785154611218e-01,-6.258678804646623517e-01
-2.369667430145292020e+00,-1.120649288286310830e+00
-3.939005957531117375e+00,-1.521292132691254739e+00
-4.881275570519835405e+00,-1.783548442115331589e+00
-4.445216825774958025e+00,-1.915496315221274726e+00
-2.935700546564645741e+00,-1.882989271880047166e+00
-2.517214532281759176e+00,-1.331788964264642994e+00
-3.525116137431913099e+00,-3.765969865149662588e-01
-4.013325280058769096e+00,5.353532796413340566e-01
-3.452222157591156915e+00,9.446527115583553957e-01
-1.862998176312819831e+00,6.906996336820672155e-01
-3.659785386867439594e-01,3.217572821343945844e-01
2.832472209202595570e-01,2.208572909834148890e-01
4.562861169739768075e-01,-1.109271054053442701e-01
5.543780965119461390e-01,-1.931256501535539294e-01
9.195960793754092144e-01,9.861874945094836198e-01
1.604849458837216192e+00,2.429768210256106897e+00
2.130955240699222930e+00,3.013090256598473182e+00
1.756427096017335820e+00,2.309452321011862708e+00
9.145850588880158893e-01,7.583886514930191503e-01
4.400447356222092488e-01,5.470505457557917756e-02
2.344387386169079768e-01,2.409638631217947136e-01
3.699944107904364760e-02,1.166712509541509291e-01
6.404719385623290628e-02,2.082920899305823470e-01
2.832472209202595570e-01,2.208572909834148890e-01
2.364739416722923260e-01,9.765878055684920622e-02
3.908413110797715612e-02,1.889249229026425114e-01
-8.417310152561199572e-05,5.237587821687763601e-01
6.201172996818659078e-01,1.198909545733144899e+00
7.996655248731401322e-01,1.421821383734331867e+00
4.849068403338643307e-01,1.014284903725983567e+00
6.363521439139201430e-01,7.903581749091450614e-01
5.533688565231119627e-01,5.451951962736606427e-01
3.750286421460096165e-01,3.417024195529647645e-01
2.832472209202595570e-01,2.208572909834148890e-01
9.637552192065711176e-02,-5.496912861049436660e-01
5.837855206490261822e-02,-1.243880755034765029e+00
3.583938868851600790e-02,-8.253537144015443694e-01
-8.290017983429088799e-01,4.552608784564542432e-01
-1.488868958920489982e+00,1.077002801937114951e+00
-1.106407358972897770e+00,1.235984019901192887e+00
-4.022090698112563145e-01,1.042139021136321286e+00
-3.686841128572931892e-01,9.502145951411075098e-01
-3.140527463685827136e-01,1.401434215058350974e+00
-3.943661935251597250e-01,1.345489510284524126e+00
-6.274967713058930974e-01,6.352201862441808622e-01
-2.454475839640579415e-01,-3.475948863097327868e-01
2.208435122023142960e-01,-9.456461323485525483e-01
3.794206377796848217e-01,-7.970216800282790004e-01
3.398739459995560597e-01,-2.496703554789550250e-01
2.832472209202595570e-01,2.208572909834148890e-01
3.079007626758934468e-01,7.011384042221621149e-01
2.266355469878846840e-01,1.453446971499934293e+00
-1.498656948435308015e-02,1.758439849532745347e+00
-1.450834449018470751e-01,1.532236070393300009e+00
-1.324136773734648220e-01,7.758379710983929201e-01
3.786680413434904968e-02,4.264927609920666357e-02
2.953730226885109555e-01,6.910951702203491087e-02
5.455172496178251063e-01,9.667338896224249301e-02
8.392119651152791793e-01,-6.894354857661960656e-02
9.800924463596240033e-01,-3.187060319153514065e-01
9.395527377124530677e-01,-7.297293942421017032e-01
5.885223167286989243e-01,-7.770379239570917029e-01
2.295505909137975920e-01,-2.261299299551982334e-01
2.832472209202595570e-01,2.208572909834148890e-01
2.813804589394014108e-02,-4.458465586206467601e-01
-1.120214014028956540e-01,-8.418594034419119021e-01
3.150094528173488784e-02,-4.463833010996777206e-01
3.860185893852536299e-01,4.077274377134858518e-01
5.046245903173469660e-01,7.224726126232809964e-01
4.484666522673287914e-01,9.721981536456862916e-01
3.238396100102614583e-01,8.622052085648482800e-01
3.127020213864915021e-01,5.940914179859815292e-01
-5.221621667268015743e-02,-4.310698849730018600e-01
-9.129781974891041374e-01,-2.938439685824269509e-01
-1.073625822439346900e+00,7.334604849037471563e-01
-6.274967713058930974e-01,6.352201862441808622e-01
-4.314330094423188822e-01,8.710142751430756392e-02
-1.377434058482824297e-01,-2.608068060692617651e-01
-5.180870953697147563e-02,-1.150992000605755461e+00
-2.259743937853896933e-01,-1.447319322696111632e+00
-1.524466682198901413e-01,-1.003614059662440328e+00
2.590935265730985870e-01,-4.591820937394419100e-01
4.073679318810994876e-01,8.962379238268879111e-02
2.832472209202595570e-01,2.208572909834148890e-01
7.911068374808991055e-02,-1.612086357050490915e-01
1.117603490320721871e-01,3.175818351765492126e-03
2.309511398284554706e-01,7.356128876271886829e-01
1.466052844777162023e-01,9.295326537051779026e-01
-2.178901391240357366e-01,7.918215485609600424e-03
-7.001910745853683338e-01,-2.467244082097928282e-01
-3.019592270564902536e-01,6.934657504645190818e-01
2.419708567416953837e-01,1.033907538865751929e+00
1.466052844777162023e-01,9.295326537051779026e-01
-2.007106928542090329e-01,1.196405747346586779e+00
-7.505096671476575443e-01,1.380986636521043254e+00
-3.572073704418959883e-01,7.318156699076098226e-01
1.174259371870663982e+00,-2.994042642781493679e-01
1.246493257799397680e+00,-4.401383963268901134e-01
1.214211265844701709e-01,3.069582695676998374e-01
-2.739277041178501682e-01,8.591615714295756101e-01
-1.178799505716705692e-01,1.142703811856011109e+00
3.238396100102614583e-01,8.622052085648482800e-01
3.127020213864915021e-01,5.940914179859815292e-01
2.294101630396274127e-01,3.349760391794200931e-01
2.101586440582674520e-01,2.252381124195858564e-01
2.832472209202595570e-01,2.208572909834148890e-01
4.034836924090457466e-01,7.009056239881944483e-02
2.884723172170417516e-01,-1.161766540973612899e-01
1.530809364206437151e-01,-3.655851353638476242e-01
1.103565634781299987e-01,-4.169077507262261562e-01
4.015011534304746554e-02,-2.510319382970288560e-01
1.130246146711954142e-01,-2.437749972976437640e-01
1.130246146711954142e-01,-2.437749972976437640e-01
-5.308296803188735247e-04,-1.571786859652592461e-01
-1.967876793733823182e-01,-6.389909029524322437e-02
-4.314330094423188822e-01,8.710142751430756392e-02
-5.353383191566631893e-01,6.938592640936683820e-01
-5.353383191566631893e-01,6.938592640936683820e-01
-5.353383191566631893e-01,6.938592640936683820e-01
-2.416847298947810141e-01,7.511873059164100308e-01
1.246878738849112739e-01,2.812739075146036827e-01
1.223903769536028724e-01,-5.285791606000257437e-01
-3.128760999977507340e-01,-8.925507891338066990e-01
-5.762335234857650645e-01,-7.147228024536398383e-01
-5.842991307677454227e-01,-1.883172275215375946e-01
-2.003622673599483039e-01,2.267965525567321866e-02
1.758767487629430415e-01,-1.839944714279664190e-02
2.832472209202595570e-01,2.208572909834148890e-01
4.690981242136108564e-01,5.807700972701488329e-01
8.713226740239125023e-01,1.226142629734449985e+00
1.756427096017335820e+00,2.309452321011862708e+00
2.891118919213228722e+00,2.455473076331918580e+00
3.517587226029355918e+00,1.308673457198290313e+00
3.084012090467841638e+00,1.677220210066809880e-01
1.979805709562745264e+00,-1.207959872032018239e-01
1.273702434951849316e+00,1.645297802378864471e-01
8.960816875783924607e-01,1.367471355025865198e-01
4.616823854459546905e-01,1.303745029202848377e-02
4.078006667630513782e-01,-5.947314631790980716e-02
4.803093362546458911e-01,7.275453128978744133e-02
4.376684557263643138e-01,2.892104205747488277e-01
2.783583932273962433e-02,2.304076593967265829e-01
-4.011687326897485084e-01,2.310229324965625552e-01
-3.947466997081188200e-01,4.449063156072832204e-01
-3.282013064078101450e-02,4.070337205041216766e-01
2.832472209202595570e-01,2.208572909834148890e-01
2.483503332606531444e-01,1.113749145379709232e-01
3.088397344982127257e-01,-1.612191449275691274e-02
3.760090408315361343e-01,-4.619311514372230754e-01
3.421097573152342419e-01,-6.148440380405941763e-01
3.651802479795406287e-01,-3.396828444173419781e-01
1.512673528389068267e-01,-6.852802174497844845e-02
-2.135360120011977336e-01,-4.221277353459004095e-02
-5.401012994690260749e-01,1.304105548473128984e-01
-1.861523684794400835e-01,1.171918606449723760e-01
4.261434125233196091e-01,3.698668951070882560e-01
4.298331311913746178e-01,1.030953334478866168e+00
9.306254028552848889e-02,9.516283830898540907e-01
-2.131113801224369941e-01,5.266967952943761855e-01
4.482109983736908693e-02,5.102304056061987003e-01
2.492541462115719364e-01,3.097267959382465352e-01
1.621744084734101921e-01,-3.538712410134879360e-01
5.225288908706048063e-02,-6.798026055147422531e-01
1.413497402247179680e-01,-3.739041148372068690e-01
3.864538717527394862e-01,-4.161776597630397756e-01
3.555560235842851191e-01,-5.121847297863112158e-02
8.361493225067379020e-02,3.645249950886385037e-01
-2.841817298184363128e-01,4.813515910828929378e-01
-2.270840150705448479e-01,-3.678418622859468967e-01
-1.370625656711106297e-02,-7.922885063516846849e-01
-1.767676369308246453e-01,-6.112632038360710229e-01
-2.264171343831731242e-01,-3.214437225864879566e-01
-1.477829768026035773e-01,-9.102850814993501682e-02
1.311743217045143184e-01,-1.209273982279226584e-01
3.706933002865753779e-01,-2.542271816464073408e-01
5.869630668424296038e-01,-5.254036642752289987e-01
4.983676325839518917e-01,-4.216191228351865439e-01
1.608050141666383936e-01,-7.230327198347345774e-02
-2.769976877361922038e-02,-6.180975106010873354e-02
2.620220088931267746e-02,-7.199634240762299575e-02
-3.290721014457000382e-01,1.751473199732571651e-01
-3.738430388868373422e-01,1.296645147088962835e-01
-1.051191950654933455e-01,-3.103947463831384888e-03
-9.996650008814956731e-03,-2.768742162152446062e-01
1.080966945073709162e-01,-4.506245511637854140e-01
2.370037454171957381e-01,-3.095188234107726921e-01
-4.427618850122411742e-01,6.894845712717109221e-01
-9.774253809099781032e-02,7.389060274991670063e-01
2.022941422005021472e+00,-6.879742641840453921e-01
3.725928323242612805e+00,-1.941771613973144017e+00
4.159779052706535474e+00,-2.371905160624198317e+00
2.905226024963724729e+00,-1.673014178486804671e+00
1.188837159829429169e+00,-6.146121532519516206e-01
2.192192060126196551e-01,-1.732367073592329665e-01
3.913920499976315526e-01,-3.473769362629934299e-01
5.277231209585673266e-01,-5.064523545962892337e-01
4.339158920933187669e-01,-6.941505223923271073e-01
1.213775601215333622e-01,-2.846277488192639482e-01
-1.980210332614595059e-01,1.186188207053467947e+00
-2.149039613857140207e-01,1.920611571108444826e+00
1.064669341749983726e-02,1.218391454868950730e+00
2.832472209202595570e-01,2.208572909834148890e-01
1.323357558908966336e-01,3.011585568914376121e-01
9.202710671613668902e-02,2.483655604116578042e-01
1.268945605633122753e-01,4.767860221954083738e-02
4.064674538254585134e-01,9.794038193765272626e-02
8.849947615985443994e-01,2.668671354359438697e-01
1.131778445152413548e+00,3.256064903518393061e-01
1.065271485972470566e+00,3.512396156952529713e-01
6.527354060471483033e-01,2.340878487734409374e-01
6.037190680490021888e-02,-3.055401567660149253e-01
1.031792928493971001e-01,-2.272059608258882313e-01
4.271549899803492312e-01,2.430173761533839516e-01
4.443511412415528938e-01,2.517732421910915952e-01
6.037190680490021888e-02,-3.055401567660149253e-01
1.375197403626703119e-01,-1.784663519120371356e-01
3.333191413655291896e-02,1.492835139572298575e-01
-5.294694842111868222e-02,-1.949164597341489502e-01
4.503146112860236250e-01,-5.158389809386757507e-01
9.282293554499533306e-01,-4.681906745003103221e-01
1.027824154149315605e+00,-2.725240390146881908e-01
8.075637743062502594e-01,-2.911901875559212705e-02
5.572871535050784031e-01,7.958709812934798566e-02
2.661911092370350396e-01,-1.351666549541350459e-01
-6.908454865174907811e-01,-8.998097292789348778e-01
-1.769457389127415681e+00,-1.865037922969771111e+00
-2.565189536585500640e+00,-2.385731109127696481e+00
-2.401984035077365576e+00,-1.918602024107618265e+00
-1.349636512011852973e+00,-8.477768065816780885e-01
-6.168003690253779370e-01,-3.924549709016768029e-01
-5.465047322734275514e-01,-6.871158713946232677e-01
-2.686809983957090808e-01,-6.191592075003852225e-01
-3.392286287175989845e-02,-3.503836601861853306e-01
8.780914364787681392e-02,-1.028350273403099424e-01
3.333191413655291896e-02,1.492835139572298575e-01
-1.160834859295295680e-02,-5.567325320043385595e-02
6.441781203063906558e-01,6.933165166942122093e-02
1.065271485972470789e+00,3.512396156952531934e-01
8.283493011864301314e-01,4.065626268330984616e-01
1.467852478490102808e+00,5.958580756306429693e-01
2.233638364895972561e+00,5.670351753175183473e-01
1.765150450337072741e+00,5.017888872902016850e-02
7.152421305916953909e-01,-2.402493125696444354e-01
-7.593591516621182695e-03,-4.684752010121671917e-02
1.199600294146164342e-01,5.129452597323200802e-01
2.339093778765057308e-01,9.110694023965630883e-01
1.301951157166389983e-01,5.950153639655679783e-01
-1.005034721922714591e-01,4.153002543407732783e-01
-1.085409688865398348e+00,-4.149100411768077978e-01
-1.988966010699153575e+00,-1.512087342685088265e+00
-1.885359307253137828e+00,-1.754695083842206627e+00
-7.409690524459344729e-01,-1.107367787665273884e+00
2.318141281604514936e-01,-4.915887934952624660e-01
3.242596831880193986e-01,-3.149411480837147614e-01
4.623110231770615197e-01,4.954374744932009411e-03
5.104778234541145210e-01,1.511916582528532171e-01
3.842617517421306750e-01,-1.446820749045100996e-01
4.057458414859650975e-01,-4.631704460477762408e-01
5.100922455085965534e-01,-4.586753630579109009e-01
8.672940306058790627e-01,-3.648557525629699261e-01
7.152421305916953909e-01,-2.402493125696444354e-01
2.831116236486985738e-01,-1.094432598217039143e-01
4.157415380788849757e-01,-3.446784557865420484e-01
3.583773192357323500e-01,-3.977354851980637873e-01
5.725809981683993577e-01,-1.992616449674448342e-01
1.112220658305862253e+00,-1.956059078786131500e-01
1.394920975941141839e+00,-2.660528936236289943e-01
1.285318049641233973e+00,-3.386823716237387649e-01
7.618865862801916800e-01,-1.380090049338543456e-01
3.148860216962134917e-01,3.753209523950908760e-02
-2.213292911524929879e-02,-1.716132483952922602e-02
-5.038873944962717760e-02,-1.044814965365388204e-01
-5.179697903416351917e-02,-1.133926710515562215e-02
8.179293960798643404e-02,-1.646555002316868119e-02
1.889978898903684479e-01,-1.630405433464688081e-01
-5.635650765173336185e-02,-3.990576617725068859e-02
3.224824447196506516e-01,-6.623435034810175592e-01
8.658479774100542592e-01,-1.204340845199258991e+00
1.097413295857644577e+00,-8.674808364520486537e-01
7.152421305916953909e-01,-2.402493125696444354e-01
1.645642289868421704e-01,-1.080425248786265986e-04
7.868125120504407821e-01,2.548998741892693348e-02
8.755750938074954304e-01,1.133389215849995996e-01
3.333191413655291896e-02,1.492835139572298575e-01
-4.998160923049877608e-02,4.160548768105011563e-02
-7.114526968998780010e-01,-5.583498751090886225e-01
-1.731822028438510852e+00,-1.446407058209231211e+00
-2.616927493864035004e+00,-2.534560990572912065e+00
-4.484587817606646709e+00,-5.018812586341073079e+00
-7.035237542051660853e+00,-7.754673252316661269e+00
-8.438427418538928748e+00,-8.113364281645896625e+00
-7.984406499810345004e+00,-6.174705307116385100e+00
-5.505980653004189485e+00,-3.204924897536577610e+00
-2.546378459838396946e+00,-8.806274326506389194e-01
-5.110230970564397790e-01,2.178542525988292067e-01
-3.251244952738700511e-01,1.447054126950419184e-01
-7.281493864075098965e-02,6.819306191803375938e-02
8.417485278707138585e-01,6.120448217440524474e-03
8.829986341107926018e-01,-4.508427240774074557e-02
3.706005847701165923e-01,4.802444919593858996e-01
4.849068403338643307e-01,1.014284903725983567e+00
9.338023991953751934e-02,9.453402237417544152e-01
-5.353383191566640775e-01,6.938592640936677158e-01
3.569196467457156352e-01,-1.225239016296129524e+00
1.518692432629869860e+00,-2.882805999513422979e+00
1.776596300772334436e+00,-2.857894897295393033e+00
1.019323312566476680e+00,-1.236764117009808928e+00
2.832472209202595570e-01,2.208572909834148890e-01
1.984824078211351317e-01,1.383846053282463406e-01
1.268945605633122753e-01,4.767860221954083738e-02
1.948316545129718524e-01,3.989843675376704146e-01
1.442194177573585256e-01,2.656731881542304108e-01
4.885297929136101641e-03,2.904387006158347106e-01
2.693150808243227265e-02,9.095849402364567515e-01
8.940534957526169446e-02,8.840322804827683845e-01
1.150913376802239069e-01,3.794297597505359998e-01
4.443511412415528938e-01,2.517732421910915952e-01
6.328833655476339137e-01,6.090715140739055150e-02
2.028225267359442530e-01,-2.328069149111368363e-01
-2.917929961132456618e-01,3.272793916748201887e-02
-3.634443668797451288e-01,1.710249805797658673e-01
-1.389471766078491637e-03,1.320295902817503753e-01
2.832472209202595570e-01,2.208572909834148890e-01
4.000597843678489474e-01,-2.636465707257931029e-02
4.671612243569033818e-01,-1.794759390925416143e-01
3.156940886227292964e-01,-1.398317678453710744e-01
4.064674538254585134e-01,9.794038193765272626e-02
6.557571401924093824e-01,2.258215539356388524e-01
4.156923299296279017e-01,6.635204772109886129e-01
3.278304169825316250e-01,5.217712016174109735e-01
-1.988307893973103105e-02,1.355217316729623867e-01
-3.759503114847178584e-01,1.836795059917242512e-01
-1.073265260241982322e-01,5.347580525192430212e-02
3.429573295668855715e-01,-3.090773254352755309e-02
5.380481252469736519e-01,-2.821006420993850128e-01
5.775293487234808287e-01,-4.196961453971106981e-01
3.992833697531317783e-01,-2.265826471537213949e-01
-4.427618850122411742e-01,6.894845712717109221e-01
-6.602002917985649866e-01,8.664289262219364574e-01
-3.328570686378176657e-01,3.123585034746630407e-01
-3.403392591807235384e-02,-1.169823640699769844e-02
4.064674538254585134e-01,9.794038193765272626e-02
5.236215548787143126e-01,5.013906247751191980e-01
2.752917630538850857e-01,9.937316706435589397e-01
3.304335846778686525e-01,1.103493168246984624e+00
3.605219111385198905e-01,6.415114301281495957e-01
-2.164588319582287992e-03,3.241997930253124327e-01
3.003483604873609034e-02,1.066327623766554211e-01
2.953730226885109555e-01,6.910951702203491087e-02
7.076271482616128816e-01,-3.644725595999991248e-03
9.800924463596240033e-01,-3.187060319153514065e-01
1.765954601840143967e-01,-3.398147940349395824e-01
-5.281616519391567621e-01,3.353182888233942061e-01
-3.009921773342653095e-01,8.639425557611285500e-01
-1.369563541542901178e-02,5.737407454050643674e-01
2.832472209202595570e-01,2.208572909834148890e-01
2.325061624887856393e-01,6.081700807686693522e-02
1.724617102978170391e-01,-1.982820854387446624e-02
2.013067609970902727e-01,9.326232689495146666e-02
3.943454717435931900e-02,3.165729208482316870e-01
-3.349298347721305774e-02,2.442505463580182667e-01
-3.589984133359142016e-02,1.896740275141932941e-01
-1.067771508056975238e-01,3.561982634830858085e-01
-2.684512191641866830e-01,4.882952563614833541e-01
-8.107219939594080549e-02,7.104636612393734341e-01
2.647402967618157632e-01,5.837096528984495603e-01
1.984824078211351317e-01,1.383846053282463406e-01
4.108562405064692946e-01,1.807025046981063365e-01
5.518154578878595728e-01,2.074364643385351870e-01
3.218714202197252572e-01,9.560171961520627648e-02
4.064674538254585134e-01,9.794038193765272626e-02
8.737521883369602227e-01,3.509221335648886608e-01
1.164986473349052032e+00,3.960328696195442588e-01
1.530151415398377068e+00,4.942238415801543383e-02
1.634928066261313928e+00,-4.187642811028001733e-01
1.020655808824905808e+00,-6.596962550038603101e-01
6.227003327667572918e-01,-6.419852346715805291e-01
4.922378258590964228e-01,-4.084776012813043367e-01
4.389217475642120947e-02,-1.601058827908513338e-01
-1.665605143667821253e-01,-7.669639347357642967e-02
-4.148714856698439424e-01,1.450055652324372668e-01
-6.343600935004437558e-01,4.566094882162207158e-01
-4.171745362927659073e-01,4.296681730942303878e-01
-1.431034640046860151e-01,2.099736296911297317e-01
4.064674538254585134e-01,9.794038193765272626e-02
4.104700084792947123e-01,1.036898002912565592e-01
1.907983352588775994e-01,3.205168945266084063e-02
-1.489791507028202788e-01,7.321447453072152389e-02
-4.859592999931653945e-01,1.825938558534520306e-01
-6.372810178065039244e-01,6.504981255065823698e-01
-8.082043666185767528e-01,1.057570648355625975e+00
-7.710197021432820819e-01,9.453913979709226423e-01
-3.180886825521518912e-01,3.844044119877038090e-01
4.453847125187690437e-02,-1.101868221944976994e-01
1.110030606813324112e-02,-1.902761402619513875e-01
4.676414112220189109e-05,-1.789464796643022160e-01
-3.778403702182012158e-01,7.815280418072659274e-02
-8.527346051494399948e-01,4.771803861979952432e-01
-8.779040043904682289e-01,5.076372755005577053e-01
-4.565863050627372299e-01,-2.629901829443215822e-01
-6.795738085220434654e-02,-6.120256367994642011e-01
3.922923351404819514e-01,-6.086694351185248930e-01
5.483144073684208530e-01,-4.593570948407292853e-01
3.623754068709917342e-01,-1.777529390575922352e-01
4.000590591882843272e-01,1.729532636278812985e-01
4.564629548851185104e-01,2.688280707607778042e-01
3.333191413655291896e-02,1.492835139572298575e-01
-5.499138092077531237e-01,-4.427074736901926988e-01
-1.091189509497054067e+00,-1.231767536547834441e+00
-1.248853233922815331e+00,-1.508010350218450313e+00
-7.137831441273481126e-01,-8.535124750884512945e-01
-1.345647779695995638e-01,-7.183971601117167260e-01
-2.643821562309283668e-01,-1.738775910012593101e-02
-6.391948300085811274e-01,1.094506895033122484e+00
-5.401497662198211369e-01,1.133327735431871153e+00
-1.324999117358742762e-01,6.762835180888606690e-01
2.832472209202595570e-01,2.208572909834148890e-01
1.984824078211351317e-01,1.383846053282463406e-01
1.268945605633122753e-01,4.767860221954083738e-02
4.625474593429860226e-01,1.482533680245818886e-01
5.196562361910741501e-01,2.591459027879834398e-01
2.832472209202595570e-01,2.208572909834148890e-01
2.420700081318715724e-01,2.208271966476780812e-01
2.011315756766527962e-01,5.598856973487973399e-01
-3.261080172584992498e-01,1.173079862444809773e+00
-3.516407241238543868e-01,8.762618255763763297e-01
3.152251146202839638e-01,-3.553900546314976427e-01
2.363020566693092850e-01,-4.798024794426287154e-01
2.250339376180288120e-01,3.411644648941227764e-01
1.288743389727207145e-01,8.176318238822812834e-01
5.574876403887658594e-01,1.443303668201894596e-01
1.288347540110813760e+00,-4.429542218339229676e-01
1.221053410979378251e+00,-4.384874370782754216e-01
6.599023220938913248e-01,1.195475145495115792e-02
1.321878406168634223e-01,5.556818226827286988e-01
-6.956968522725954784e-01,8.707537836029134448e-01
-1.133404357090916470e+00,7.071138076960925556e-01
-8.917812965085762933e-01,5.419302827013140478e-01
-3.002513813077980487e-01,2.705690925984162165e-01
1.083741422801440951e-01,-3.645437002842322194e-02
-3.677787078907335250e-02,-3.196378102886728856e-01
-2.239939715235202966e-01,-8.365412196818573509e-01
-1.903042907005638995e-01,-1.008718182757618820e+00
7.684586489372559337e-02,-7.024411580271012756e-01
4.481938151647064106e-01,-4.192944355885412366e-01
6.153856327044379126e-01,-8.711319628425753803e-02
5.232103440022716212e-01,-2.719066684918848287e-01
1.837364935817049558e-02,-5.595750868687670021e-01
-2.463382083161193004e-01,-2.401775151259845920e-01
-2.598716038832740022e-02,4.604474700213037619e-02
4.114698769165010539e-01,2.109431943934562959e-01
6.852297920555585620e-01,2.913140068366478763e-01
6.583456558892195609e-01,2.619617047297254642e-01
5.102204475810497852e-01,2.137891917693272512e-02
2.831116236486985738e-01,-1.094432598217039143e-01
-4.015759523388448549e-01,-4.047138261847845198e-01
-9.935578224243165613e-01,-1.107491114487699768e+00
-8.337721768872266015e-01,-1.486235208449753209e+00
-2.403140753505024485e-01,-5.296213883726300642e-01
2.537088532673941743e-01,2.582068334016085487e-01
7.363938020411509022e-01,3.548981542429449076e-01
6.737129553839703577e-01,1.579271448718177762e-01
4.067824387800982322e-01,-3.763711230635066740e-01
2.576720369167880831e-01,-4.860346792735250609e-01
2.195212130070686996e-01,-8.039622091390925818e-02
3.910341412777992853e-01,5.876805668274344141e-01
4.025575796245637328e-01,9.638356342406330102e-01
8.595198585403301950e-02,1.057802665768482031e+00
-2.263557580488970988e-01,3.782275066053150669e-01
-4.588666406723727192e-02,-4.513172471249735085e-01
1.981953957414694933e-01,-4.880517935646821459e-01
2.157438519893147832e-01,-6.902990993132969155e-01
2.141262509421638927e-01,-7.724764149257863366e-01
2.370037454171957381e-01,-3.095188234107726921e-01
-3.796456250317459813e-01,-5.230900878258116782e-01
-9.471829794419074355e-01,-1.184007174582337729e+00
-1.248853233922815331e+00,-1.508010350218450313e+00
-8.370961206410109101e-01,-1.145173440907981455e+00
-6.891628606251770650e-01,-8.829955174305449406e-01
-6.263977796472789406e-01,-6.094315667397730563e-01
-8.100766287389543630e-02,-1.422578423643773293e-01
2.020389036206297062e-01,-6.333622134981562075e-03
1.945179655807336705e-01,-2.730950639722924955e-01
2.641628461922235771e-01,-2.961622473463575433e-01
1.570726310504211576e-01,-1.986500773270705733e-01
-7.771898399387068279e-01,-3.297089252937820403e-01
-1.494873459491725898e+00,-4.337714813879925968e-01
-1.397717539379255136e+00,-5.023352626213971606e-01
-8.589922297902521375e-01,-8.042542807921088110e-01
-1.236128188633190544e-01,-1.492680587930335534e+00
3.197149654983649225e-01,-1.110815690593790261e+00
2.270377027001613535e-01,3.247229462378218301e-01
-1.540031704025321135e-01,6.089566184670970328e-01
-5.885035367872408496e-02,7.496789784184015870e-02
4.154407482609548397e-01,1.071230701101992533e-01
2.422478153984153060e-01,2.001565297054588577e-01
-7.218187376938123290e-01,1.923725610744198844e-01
-1.096810086908568627e+00,2.154601189037500808e-01
-5.045048285315918424e-01,1.168259522692434160e-01
7.724067102209276614e-01,3.985427243095736038e-01
1.443557578577028266e+00,7.361855398383440052e-01
1.299800819474839386e+00,5.028348730582633541e-01
4.654936192128260597e-01,5.271941166900100395e-01
1.066283941042899391e-01,4.196011844149465930e-01
2.339684468857919711e-02,-1.818734125475318653e-01
-8.186965688116510931e-01,-6.416090216202379182e-01
-1.192535945920864426e+00,-1.338174168812924059e+00
-9.172266591567863614e-01,-1.652873305534040771e+00
-1.170058035659906626e+00,-1.305006187525251438e+00
-1.446215855749851453e+00,-1.362290115090920350e+00
-1.157925242794433096e+00,-1.079518277485506550e+00
-4.600166129376842550e-01,-5.864286558868273547e-01
-5.271892525915405220e-02,-6.131312837040071573e-01
5.796770603430169144e-01,-2.394526252246522435e-01
4.835823057046830797e-01,-1.295059021160133439e-01
-8.027539353273397404e-01,-1.014647224442634110e+00
-1.547059433490692193e+00,-1.060347823319486071e+00
-1.312812138412917218e+00,-4.566677049602695382e-01
-4.835585068647244578e-01,-2.073750720280534768e-02
-1.682035246661402542e-02,2.060334065009580273e-01
4.258786306711266345e-01,2.340351765730180611e-01
4.266934102791826167e-01,-1.779889352076563791e-01
1.289222207734544712e-01,-4.872351288517300372e-01
-9.190176869487506894e-02,2.146538069393789383e-01
-6.277563923313715932e-01,7.317745758432997460e-01
-7.111846267588438630e-01,2.887741113682727456e-01
-2.917525403802120887e-01,5.481535043587156680e-02
1.970363210994481029e-01,3.820814263847898684e-01
3.714581272561502667e-02,7.456202605199137023e-01
-5.399801066762441870e-01,7.005739443990635085e-01
-1.014399186277526788e+00,2.590301834523434099e-01
-7.287708568954601729e-01,1.029354869383457688e-01
-2.986153947302512823e-01,2.567582539117898577e-01
-7.762038519592923125e-01,1.323415371246488559e-01
-7.270903554429138937e-01,-7.405968675927962486e-02
-1.483370353977848596e-02,4.467442230707919792e-01
-5.461614727568594452e-01,1.825130184636273745e+00
-1.140766540701023013e+00,2.773926041094158190e+00
-7.692667994969695222e-01,1.920288283557780584e+00
-7.448918028702991578e-02,6.868250127601337462e-01
2.093362475200176431e-02,1.507401521777806119e-01
-3.717893870313696558e-01,-3.983126404162480316e-01
-9.790384362290860398e-01,-3.682012808410548566e-01
-7.145521683911277844e-01,4.459327174866976190e-02
1.004132677402392974e-02,-1.460720993413422431e-01
1.631792956355334057e-01,-6.693658962689026382e-01
2.419541369412185894e-01,-5.836794186604968848e-01
-1.980573842223682934e-01,4.723588790010385674e-01
-7.784078316501786832e-01,1.487119060534034976e+00
-8.856092707321406854e-01,1.822815014699578740e+00
-5.266900434131543962e-01,1.084008071320430311e+00
-4.522870488968147029e-01,-5.380425323529344078e-02
-8.248161320258432516e-01,-3.721328727169924688e-01
-1.032972786775737895e+00,1.690129973514255535e-01
-9.297713095206164846e-01,8.615868979895247026e-01
-1.113316968456639300e+00,6.811358462544637726e-01
-1.351380954700745596e+00,-7.478482521370096239e-03
-8.972638776318870857e-01,-4.443059287484471542e-01
-5.499897804986020322e-01,-6.643524328658805267e-01
-6.482186824692259819e-01,-1.076506995749453743e+00
-6.217768903657364676e-01,-1.081092103754615064e+00
-1.236128188633190544e-01,-1.492680587930335534e+00
9.189791784339841341e-01,-3.625284990800675899e+00
1.971813125580181625e+00,-6.487303871139007860e+00
2.385389472122742660e+00,-8.156575833225515382e+00
2.017603726227335859e+00,-7.956740459523559572e+00
1.136947875579098710e+00,-5.975820522774593968e+00
2.072709714109204071e-01,-3.131802905587127039e+00
-2.169584846962616664e-01,-9.421766802797598706e-01
-3.486725757534572256e-01,-7.049645132732088593e-01
-3.215917463135636867e-01,-2.842616207334683898e-01
2.696341887852834462e-01,3.145555377887694348e-01
7.759276298714752329e-01,2.910122526646037877e-01
7.709568302669782547e-01,2.327194942385461818e-01
4.064674538254585134e-01,9.794038193765272626e-02
-5.080191752773520752e-01,-9.849049115233837748e-01
-1.089800052324533031e+00,-1.632079550272583335e+00
-1.210327332215627383e+00,-9.420139420728680379e-01
-1.012352596302793950e+00,1.821355056909964576e-01
-7.702283597548897909e-01,9.011896376527616104e-01
-3.429907089223587224e-01,6.613705649635530648e-01
-5.833901003029973165e-02,-2.729326193653237032e-01
-1.199730051292739741e-01,-2.488924546021015205e-01
-1.645097792355562291e-02,-2.677533591887251152e-01
-1.160462222280945754e-01,-9.355121595919680955e-01
-5.376869467855205365e-01,-1.388950430553351101e+00
-1.079301628004735392e+00,-1.118414360247943495e+00
-8.675539765898728772e-01,-5.397467448152754033e-01
-1.721990436748089548e-01,-2.840860902034181290e-01
-8.412658339221509296e-01,4.254575476775091514e-01
-1.421216611263874663e+00,1.566568784468324038e+00
-1.178069003332608444e+00,1.674333079793842716e+00
-3.329115487147579766e-01,1.006010466116398661e+00
2.309511398284554706e-01,7.356128876271886829e-01
1.376594053998053402e-01,5.740473299353791026e-01
1.645642289868421704e-01,-1.080425248786265986e-04
-9.877689036513381815e-01,7.746361790172048289e-01
-1.796949799661732072e+00,2.421313387834890918e+00
-1.177724929973104739e+00,3.259857498687828148e+00
-3.425935853622544824e-01,2.130063117957931684e+00
-6.680832692753418955e-02,6.193173551343487127e-01
-1.439773278014538915e-01,9.218392437611652723e-02
8.728083808345421524e-02,-2.209868358254016008e-01
2.370037454171957381e-01,-3.095188234107726921e-01
-7.281493864075098965e-02,6.819306191803375938e-02
-3.612628104729918022e-01,3.109091015495893395e-01
-5.453895166544243667e-01,4.907375459845448318e-01
-3.882133876064909339e-01,6.513601680979645980e-01
-5.908383073485065085e-01,9.696621711504562757e-01
-1.261532936909951719e+00,1.042695920974129109e+00
-1.565943252180537648e+00,3.929215270349106226e-01
-1.490470379466995121e+00,-8.407455545356041782e-01
-1.482796007117381798e+00,-1.465927482761457901e+00
-1.605293274320393815e+00,-9.240261460861796117e-01
-1.807453410249171943e+00,4.231797637336785489e-01
-2.120026597143530367e+00,8.705540617979212747e-01
-1.891594872967759189e+00,-3.116617336185957821e-01
-1.211968560672076700e+00,-7.586099967317037063e-01
-2.542000664669404331e-01,-3.174953797446997683e-01
2.128440585768074933e-01,-3.141095897081247479e-01
4.136649619892114604e-02,-3.026902518003907749e-01
-2.847462476708731982e-01,-6.270974585647944854e-01
-3.146329254463849923e-01,-1.144072662018820186e+00
-7.869227813482939649e-01,-7.666604109079900864e-01
-1.378920149927326477e+00,-4.709582313326710623e-01
-2.955150735727956057e+00,5.800907821049764573e-02
-4.998536913019036021e+00,1.447055566838516771e+00
-5.081081947778073094e+00,1.880281498542210272e+00
-2.970279491781080417e+00,8.738606124502056316e-01
-9.335549911031105763e-01,-5.277158708517365460e-01
-4.303476692681299509e-01,-5.489413774126878920e-01
-2.639531003081416194e-01,-1.444568707647803790e-02
-5.058190325044820135e-01,-3.635113966087269444e-01
-1.175259539439480028e+00,-1.773683237027025461e+00
-1.777630705106556741e+00,-3.647587820036572559e+00
-1.761989072388081556e+00,-3.437545402279802431e+00
-1.248853233922815331e+00,-1.508010350218450313e+00
-1.000691053915998996e+00,-8.684700979006774180e-01
-1.256223084389220590e+00,-2.370654361763874785e-01
-1.467096630218685638e+00,1.303542006454642618e-02
-9.918026998239777292e-01,1.602148796654650209e-01
-3.524025393904673398e-01,8.580565344382225235e-02
-3.108315477751970035e-01,-2.217106766540766216e-02
-5.258565722797269304e-01,3.371606517054984709e-01
-3.907243784920731433e-01,7.960542876395627632e-01
-2.776319346055482473e-01,7.443791910881389917e-01
-2.554696243493825292e-01,1.036267554875896363e-01
-3.356427177337836798e-02,-3.667124243850558019e-01
-2.291715277985471033e-01,1.827477488921985804e-02
-5.947117289789847216e-01,-1.256230024471701179e-01
-4.417617049041607236e-01,-1.114096176115128012e+00
-2.326228527023362080e-01,-1.699416711325091756e+00
-6.481181793444780459e-02,-1.457146144704154489e+00
-1.010782221584863583e-01,-1.133845802820245163e+00
-2.356034477604499466e-01,-1.183782241489794274e+00
-6.743048111632872488e-02,-1.119034940116760968e+00
9.979953386187591369e-02,-6.474697349737910113e-01
2.370037454171957381e-01,-3.095188234107726921e-01
9.827415609054408474e-01,-9.443543063206322197e-01
1.492770285159038091e+00,-1.177069838086491016e+00
7.078201245778875661e-01,-6.828529178211801831e-01
-7.694646523419577111e-01,-4.989415417366895866e-01
-1.042174840127893187e+00,-7.096785808897291270e-01
-2.622956333451990085e-01,-5.763214091107107251e-01
3.330267396447994521e-01,-1.823649421490003697e-01
-5.379177918527031782e-02,1.536168154093812965e-01
4.930842184904770109e-01,-3.043915731257580415e-01
8.501769589158257867e-01,-9.540447773536421261e-01
3.644230019783722963e-01,-1.005130433789718225e+00
2.141262509421638927e-01,-7.724764149257863366e-01
2.370037454171957381e-01,-3.095188234107726921e-01
-1.842014020761085502e-01,-6.102469714326399369e-02
-2.295485123038330244e-01,2.218157227068146831e-01
-1.731994748894390979e-01,4.294202828029214380e-01
-1.621359711393342284e-01,1.627380884969753527e-01
-3.794508666982563949e-01,4.638697552828698889e-01
-7.580649177594682708e-01,1.095067101183471392e+00
-7.366957215300730111e-01,1.087228993006305044e+00
-2.704054004223992447e-01,1.122563757585432365e+00
1.838495388985260104e-01,1.125927996288403676e+00
3.466538639059532079e-01,3.132600612426973408e-01
-6.063717351205498429e-02,-7.827555108532991968e-01
-4.448580668253941939e-01,-1.145103227693999859e+00
-8.642830351748607143e-01,-1.387242267164912057e+00
-1.248853233922815331e+00,-1.508010350218450313e+00
-8.268563800664306962e-01,-6.398859570390852403e-01
-4.499204791943748338e-01,-5.544348858130045965e-01
-3.213615268236544309e-01,-1.310894096491491911e+00
2.065005826694046084e-03,-1.232496988697230123e+00
-6.477675180743656946e-02,-3.937113907674365532e-01
-2.387531782536288782e-01,-1.425255500859550217e-01
-5.179697903416351917e-02,-1.133926710515562215e-02
8.179293960798643404e-02,-1.646555002316868119e-02
2.154594900910071498e-01,-3.051526700706903156e-02
-1.784829924456960912e-02,2.398951660557819276e-01
-2.692255517651593322e-01,4.132604230024758407e-01
-1.761777111578186616e-01,3.651039184641021729e-01
-2.183958500924996354e-02,1.782308228480631029e-01
1.290993857612963147e-01,3.875378550135438194e-01
1.727498774292611783e-01,8.104363640549032688e-01
1.639515561620572826e-01,7.979930513894133437e-01
1.178240239631507119e-01,3.715913070290093878e-01
4.670725900277721832e-01,-1.515208708418586993e-02
8.197518284076643624e-01,6.443949803694280776e-02
8.457410847619317718e-01,1.906126167323700382e-01
7.758200197531301967e-01,4.555579810792779183e-01
7.758200197531301967e-01,4.555579810792779183e-01
4.625474593429860226e-01,1.482533680245818886e-01
2.370037454171957381e-01,-3.095188234107726921e-01
2.424527435855952373e-01,-1.476959097607856708e-01
-8.038363870640068132e-02,1.784593974004213546e-01
-4.216260768054956865e-01,1.131354465164443740e-01
-7.292736338120723305e-01,2.490965142532978460e-01
-8.574867139216977296e-01,3.870948087614912714e-01
-4.819257685646765599e-01,9.012647840094795137e-02
2.349599828002375546e-01,-1.701774118278259751e-01
5.573212213326006470e-01,-2.348237791508988037e-01
3.623754068709917342e-01,-1.777529390575922352e-01
3.634544826960571240e-01,-4.211819376813862870e-01
2.252957892982607735e-01,-4.092509082900001038e-01
-3.144685570576010725e-01,1.565778439316587722e-01
-6.950176372300163052e-01,6.721801250237847691e-01
-7.729515523345684702e-01,7.784761949100919010e-01
-6.965363718614306920e-01,6.722286695816265256e-01
-3.882133876064909339e-01,6.513601680979645980e-01
3.056974587551044009e-01,4.673900916721846488e-01
8.314410069267059722e-01,3.210837691143854367e-02
6.201975110849415884e-01,-2.117864514292330802e-02
3.648610129072002994e-01,1.230727332465223443e-02
4.288882973947609201e-01,-3.417690672606290558e-01
5.203183399674701226e-01,-6.226876695476418755e-01
6.522677337502715833e-01,-6.908003094714696424e-01
2.002411796348820605e+00,-1.262435959247875772e+00
4.258578648229698338e+00,-2.232428886364549392e+00
5.767383836049725154e+00,-2.723367891936204543e+00
5.383717381967954907e+00,-2.444870763712836848e+00
3.044976416818965692e+00,-1.325647958136293658e+00
8.886056688609388354e-01,-6.777082782536339445e-02
4.920582165225022980e-02,4.218177861171166776e-01
-3.268940654657288558e-01,3.549589694347694002e-01
-4.577346016451472877e-01,2.638771593864566722e-01
-5.456021659013077230e-01,-1.191234147755363681e-01
-7.966032118575770982e-01,-4.119981669253237055e-01
-4.583947906359413516e-01,-2.272782793475569829e-01
-5.454547834468711359e-02,-9.449459583733997581e-02
-2.556666065722329115e-02,-1.165278139536320423e-01
-3.128420182309052944e-01,2.931145665192057617e-02
-3.783065609031970311e-01,2.141991422809517709e-01
-1.097946558205386836e-01,8.544458712541638801e-02
-1.014716943990114952e-02,-1.181288434198057430e-01
-1.014716943990114952e-02,-1.181288434198057430e-01
-4.673403042082699410e-01,-2.206568075495050907e-01
-1.039490214389675371e+00,-6.427233245354848634e-01
-1.731822028438510852e+00,-1.446407058209231211e+00
-2.616927493864035004e+00,-2.534560990572912065e+00
-2.050937859501974270e+00,-1.886203085311565886e+00
-5.291008802383633247e-01,-5.388793382062135456e-02
-5.290153401796784394e-01,7.261362711130184833e-01
-5.710118711800357127e-01,9.475608952402178042e-01
-2.554696243493825292e-01,1.036267554875896363e-01
-2.554696243493825292e-01,1.036267554875896363e-01
-4.621583445419371050e-01,5.107471025277244836e-01
-4.359527483435186035e-01,4.487454592472745474e-01
-1.646619559929472787e-01,2.318754763406729869e-01
-1.251572576414807869e-03,7.509439424887919268e-01
2.524683458549968895e-01,7.315477218672337134e-01
1.238512770134936464e-01,-3.110144659174264858e-01
-7.061653068570007685e-02,-5.340519984083968996e-01
3.127516596622574307e-01,4.215736364217497617e-02
4.243292162660133315e-01,3.256921403270424120e-01
3.686315339746159547e-01,4.453196112644421389e-01
2.986142837469711320e-01,4.607614253721197262e-01
2.350220309062809598e-01,1.135023720371993172e-01
-1.710737537647268438e-03,-4.775791641892898620e-02
-3.634443668797451288e-01,1.710249805797658673e-01
-3.290721014457000382e-01,1.751473199732571651e-01
8.925503512053801769e-01,-3.324468922202672427e-01
8.886056688609388354e-01,-6.777082782536339445e-02
2.986142837469711320e-01,4.607614253721197262e-01
2.165335493046627313e-01,2.508162647538672574e-01
-1.308719745547627655e-01,1.640814178376789889e-01
-5.787008881198542065e-01,6.264262758189277358e-01
-1.006812409564481925e+00,1.196736509616789901e+00
-1.065146101273632517e+00,1.424809701471568824e+00
-9.567457239418029058e-01,1.440360338716344168e+00
-6.723997578002389730e-01,7.052637007866514596e-01
-2.894628701831155615e-01,-1.718052216117589570e-01
-1.710788232978267126e-02,-3.732880093626325668e-01
1.250004247924531575e-01,-6.479122832940737986e-01
2.655045871316642492e-01,-5.283634681587828785e-01
-2.605520536875933213e-01,-1.420508045374825057e-01
-6.708839305878607773e-01,-3.539638568748183778e-02
-4.007844438031654688e-01,-6.392134475450199881e-03
4.105672646940816684e-01,-1.411054797453034637e-01
7.433749096807500401e-01,-1.963174035583148402e-01
4.853368676178262953e-01,-7.109875572849237713e-02
-3.677474603125601704e-01,-1.336384517115725701e-01
-7.300551462724189644e-01,1.268882217167526805e-01
-7.339092630350531055e-01,8.669369917958676952e-01
-6.108804106554912572e-01,1.089323161103095794e+00
-7.677340114237539426e-02,5.580160616275215979e-01
4.175512213352505220e-01,-1.205403302375401831e-02
5.129302939299181796e-01,-2.510207527508022674e-01
2.928346241887760382e-01,-4.330583933612643932e-01
-1.151391902068217704e-01,-4.668997019277358884e-01
5.143940197677498993e-02,-5.796897017674260688e-01
4.782344374879020643e-01,-6.870870707821100654e-01
2.583675488589682323e-01,-4.769734060209773752e-01
-2.523438509851405609e-01,-1.671434309091099912e-01
-6.645380847027685389e-01,-1.547777467890196490e-01
-8.485983930355974758e-01,1.423218847622434446e-01
-8.478865437537546068e-01,8.817761917797174442e-01
-9.978628886001044140e-01,4.897748226061613419e-01
-1.227644474503554406e+00,-8.402366741619167190e-01
-1.157925242794433096e+00,-1.079518277485506550e+00
-4.191292456662594756e-01,3.252362755229160768e-02
6.441266198880296612e-02,6.255429140112844788e-01
1.682271844151821127e-01,1.144741607999637312e+00
-2.120751822839712086e-01,1.169124902535142674e+00
-2.398343834149834763e-01,8.319344093031739718e-01
1.148434141327412117e-01,5.390438696155156473e-01
2.957477985266707687e-01,3.799712045513650716e-01
2.832472209202595570e-01,2.208572909834148890e-01
1.984824078211351317e-01,1.383846053282463406e-01
1.268945605633122753e-01,4.767860221954083738e-02
-5.409455401485748771e-01,4.228515953045715592e-01
-1.028609116713373073e+00,8.618583301967909227e-01
-9.794515341872719327e-01,7.418504099717362354e-01
-4.977005593733111466e-01,2.920769803455184888e-01
-7.918798184536680884e-02,-1.742956259657262585e-01
-1.700180312006444872e-01,-1.939190405324677235e-01
-6.536453943857477300e-02,-1.382205423066371064e-01
-2.032069664059857686e-02,-8.737507545687421551e-02
-4.159437869694864731e-01,4.896304343228691791e-01
-8.884152996231305943e-01,1.190218449383127819e+00
-8.040091842782680631e-01,1.121424795440878697e+00
-4.404725188046272333e-01,6.264993084474687057e-01
7.345375060462929762e-01,-9.064398066576436763e-01
1.611373655594529053e+00,-2.715758459945803782e+00
2.229547448339407545e+00,-5.593322150079568900e+00
1.970071417055730745e+00,-8.016988261878664090e+00
1.376103532522837902e+00,-8.918629974354454149e+00
1.088522402776950448e+00,-7.859607405914882605e+00
1.334359582041025449e+00,-6.133673877170353173e+00
2.653554009335544084e+00,-4.842763938768778864e+00
3.811966705481387052e+00,-3.491306696631834239e+00
2.980367574288691479e+00,-1.729859937335319842e+00
1.575996720525840944e+00,-3.784229109122002610e-01
1.142450429372142695e+00,5.134899043296241583e-01
8.034555295175251910e-01,1.020897277061981301e+00
-1.464116347731916033e-02,9.931881968214082423e-01
-6.274967713058930974e-01,6.352201862441808622e-01
-5.566076928945418167e-01,5.860682305546309756e-01
-5.058511586359352163e-01,9.496593300055856668e-01
-3.080285623652162519e-01,7.035196381218925543e-01
-1.926741683634395144e-02,5.349929155987135365e-01
-2.514780528857812544e-02,5.865010167903470517e-01
-1.156042671581057890e-01,3.250124627144170830e-01
6.404719385623290628e-02,2.082920899305823470e-01
2.832472209202595570e-01,2.208572909834148890e-01
2.364739416722923260e-01,9.765878055684920622e-02
8.761316466416023685e-01,6.080749579530769777e-01
1.610775879724769322e+00,1.268713785938256233e+00
1.358179943740171591e+00,1.208760312034222295e+00
1.952209571733469762e-01,1.024485732035396390e+00
-5.058511586359352163e-01,9.496593300055856668e-01
-3.141909313915643431e-01,5.613040354046061609e-01
9.950115891444681615e-02,2.820190842055246283e-01
4.352503009011929325e-01,8.046675201136466171e-01
2.988606829593493108e-01,1.557336893697789382e+00
-1.586300955486530107e-01,1.442479922158643957e+00
-7.654655791767308592e-01,8.836394751685684446e-01
-9.297713095206164846e-01,8.615868979895247026e-01
-1.083777646875237061e-01,4.676153070719464844e-01
5.690622233580243661e-01,-3.127331487313437242e-01
3.335532732911321574e-01,-7.270054300721162654e-01
-5.667299560443147532e-01,-1.196644024833595221e+00
-1.349058271400069176e+00,-1.334318427752146485e+00
-1.245041034788539225e+00,-1.120011524460245322e+00
-3.625047832455620678e-01,-6.028709220527610491e-01
8.390936568313751565e-01,-6.254260687920765172e-02
2.277283651572404644e+00,5.666929271754308495e-01
2.595855312124531356e+00,1.348000024483195780e+00
1.141745315138750216e+00,1.389324669652949762e+00
-9.129898115551931745e-03,8.888941424624939858e-01
-2.841817298184363128e-01,4.813515910828929378e-01
-1.343738090878529579e-01,-3.923160030217077709e-01
2.419541369412185894e-01,-5.836794186604968848e-01
3.917183393466215358e-01,-1.125630791380301116e-01
5.783160607874074932e-01,-2.808095498556528735e-01
3.430234080113658823e-01,-6.943356555688807719e-01
-2.892132517792830870e-01,-4.416251428058616257e-01
-6.370039875324349232e-01,4.803230392401181548e-01
-3.631501821535718655e-01,1.055337992840567951e+00
-2.487023708408777067e-01,8.350528459648901558e-01
-2.701789665574420019e-01,-3.902904161107980108e-01
8.672731870209139660e-02,-8.428509953448019010e-01
1.842075398869406078e-01,-4.481641166761942130e-01
-3.516750443320554864e-01,-5.484901104915400616e-01
-1.024229766792336793e+00,-1.291345520361305788e+00
-9.043369210780460854e-02,-8.618997794559255521e-01
1.142450429372142695e+00,5.134899043296241583e-01
8.661598537843975265e-01,1.155371805608593316e+00
3.607138128033138824e-01,1.216856668446334222e+00
5.590164361234060131e-01,5.844615929794060305e-01
7.347203836229611040e-01,-2.460438270916471271e-01
2.289340762253809503e-01,-6.836929428086581106e-01
1.314182672492381909e-01,-9.237877548130025707e-01
-2.723779790062430539e-02,-8.389398458246764001e-01
4.554676764828145819e-02,-5.900976183190593805e-01
1.629732397008069045e-01,-7.578304511809774713e-01
7.946714360346321948e-01,-5.892837308864362633e-01
1.464375153314922740e+00,-5.130809714225005591e-04
1.099305270660805967e+00,2.530395489129321218e-01
3.709550839757615459e-01,9.130370765863231319e-02
2.774220579375675372e-02,-1.480761973107612151e-01
-3.454782629546357398e-01,4.546515293832684712e-01
-5.114929182228098448e-01,5.019400409242489314e-01
-3.691001491652958766e-01,-8.329809198123732106e-01
-2.222979784613829043e-02,-2.098605159611590665e+00
7.521662136374993035e-02,-2.162430867961026237e+00
-8.742682269521087624e-03,-1.108556308885683128e+00
5.470339110099042140e-02,-6.377146219730478460e-01
-4.078813221865227288e-03,-5.329597177188967194e-01
-2.556666065722329115e-02,-1.165278139536320423e-01
-2.585989555071130930e-01,-7.141166147797541885e-01
-2.119146409968370726e-01,-1.082032844412806227e+00
1.426137681374444188e-01,-1.934759261730731428e+00
2.089047953927289925e-01,-2.451293982229969526e+00
1.680295213157751155e-01,-1.622652546700617648e+00
4.955183370951580374e-02,-5.983172096826363529e-01
-9.844422559718039867e-02,8.867587465257055213e-01
-1.944268969674757819e-01,2.605652635637663472e+00
-2.100146362291789581e-01,4.109083038083218398e+00
-1.423634959940413280e-01,4.960148635632140923e+00
5.443402884511403667e-02,5.159289992028919691e+00
4.038341650132991623e-01,4.334254216843495655e+00
7.721231164929689417e-01,2.349110326886836742e+00
6.698589368142754408e-01,-3.579035181473483318e-01
3.921994743041705700e-01,-1.636446084538819123e+00
3.691044122307594599e-01,-1.209225949430467795e+00
6.514721431176978550e-01,-1.017261452724501858e+00
5.596160471511569812e-01,-1.930257370479365520e+00
2.582424303391428477e-02,-2.299115856448497475e+00
-1.189231113237422116e-01,-1.348987192749705022e+00
-1.192787115139348902e-01,-6.120799527953738606e-01
-6.783450661375775223e-03,-7.514209527229674945e-01
7.114767426391757632e-02,-6.763347610153843670e-01
4.469445107630896086e-01,-4.064958175258628903e-01
8.148935909494817720e-01,1.494317037983254048e-01
6.301337725464526418e-01,-2.627184367135229973e-02
1.030072579750368200e-01,-4.691398984965872154e-01
-6.783450661375775223e-03,-7.514209527229674945e-01
1.417333945071554413e-01,-1.854730014191916743e+00
9.983961858969461756e-02,-3.219511628984086382e+00
5.828013915666654943e-02,-3.538634911604180200e+00
2.338098825016628468e-01,-2.595637596949267767e+00
2.565162120801205980e-01,-1.364720460298946447e+00
-1.934292482899570287e-02,-7.715748582563279889e-01
-6.877928060919957787e-02,-4.704749511451058464e-01
6.455852725173896189e-01,3.577266991134809837e-01
1.520039604419174850e+00,8.592082386414670037e-01
1.608114479748990355e+00,5.348032961033719612e-01
1.134829594619876536e+00,-1.853690349027704021e-01
1.153169447749633703e+00,-6.085261714788432474e-01
1.209106553720468158e+00,-1.002388223980810622e+00
1.298134261128409017e+00,-9.927161059145040989e-01
1.189227741770236824e+00,-5.908083581643810422e-01
8.889628749729410195e-01,-6.072181684354985287e-02
8.294690150430082676e-02,3.049795654186751581e-01
-6.516816750087590648e-01,1.910465257850790799e-01
-6.193169193251123472e-01,4.955329147822051111e-02
-4.667060346282446703e-01,-4.377673059454199184e-02
-9.368923953089450807e-01,2.704787548848308631e-01
-1.052149268601326959e+00,8.731538992392283705e-01
-5.058511586359352163e-01,9.496593300055856668e-01
-3.131971776778998406e-01,5.263907543624320173e-02
-4.803185328392872711e-02,-4.235426052151161080e-01
-1.391317869927427564e-01,-7.407432466407477545e-01
-2.718216135330807637e-01,-9.720122562550450596e-01
-3.008608125659931187e-01,-4.656133867262580162e-01
-2.281836690772446052e-01,-3.221473082012493716e-01
-3.273633782628461719e-01,-1.997417083542264438e-01
-4.389828197737742910e-01,6.726520487851405106e-01
-1.086180691155296668e-01,4.753521979455511276e-02
-9.603655121749078705e-02,-1.037570640084676477e+00
-2.476719560506668583e-01,-1.025736322553154389e+00
-6.561849774807132496e-02,-6.219938337365948922e-01
1.936408394302004121e-01,-6.140634530980173394e-02
2.385239912713871258e-01,1.533001234661749146e-01
-1.416604603544280028e-01,2.682126120206858033e-01
2.589543316135399231e-01,2.854875138444817328e-01
1.197904155944950810e+00,-2.927189459157065188e-01
1.843763929714926197e+00,-1.208407310536339097e+00
1.518938532289242360e+00,-1.736170701588935383e+00
4.740841059889391307e-01,-1.527704387372267325e+00
-5.830650482918733335e-01,-7.878844102982215380e-01
-8.280972919650232411e-01,-2.092255503641693437e-01
-7.602268442378362634e-01,1.611686080567533430e-01
-6.151351870691700724e-02,2.479677498846921957e-01
1.602140763230080478e-01,7.984739071652469100e-02
-9.670295206019731415e-02,-2.119406653535915175e-01
-9.785152650151331122e-02,-2.692049162705019705e-01
-2.074284895549330932e-01,-7.412238459857439787e-01
2.538795634481951988e-02,-9.938802476725910884e-01
6.514721431176978550e-01,-1.017261452724501858e+00
1.190668839574417825e+00,-8.716684359262611981e-01
1.220133859051595104e+00,-5.132665567574484777e-01
5.851382161942759730e-01,-6.880990281963045296e-01
-1.226413336615850835e-01,-1.026880732137050334e+00
-2.982420530497107425e-01,-1.132810280897717403e+00
1.338354343514881473e-01,-2.090094368282792159e-01
1.202728482892714279e+00,1.560066579318895252e+00
2.609060103786683182e+00,3.130695082722250167e+00
3.310685405829159489e+00,3.425383037539686537e+00
2.488145290625087380e+00,2.259430645949673355e+00
6.071243191430181207e-01,6.532656419978167817e-01
-8.145730187248440002e-01,4.687628183232960266e-01
-2.286696433287529917e+00,3.070810222646656484e+00
-4.575093331374485928e+00,6.051240100869667238e+00
-5.640874584728709173e+00,7.395178875198285873e+00
-4.882045076953152929e+00,6.038451205244851572e+00
-2.858132444147063911e+00,2.757201832210422587e+00
-1.592002776513445239e+00,-3.058688267278673600e-01
-1.454876009551228755e+00,-1.015826760779605209e+00
-1.089176906834431691e+00,-6.436786345055732772e-01
-9.054580839084842570e-01,-1.410121603605872243e-01
-7.235450236407122704e-01,2.571087752712296684e-02
-5.223370685047015183e-01,1.154542515520815341e-02
-5.195516324628322025e-01,4.003415299444552655e-01
-5.010575206098574208e-01,9.353677557543016441e-01
-6.861871599757165541e-01,4.557614437785042494e-01
-1.166390330475034626e-01,-2.682036458671741008e-01
7.091915192122545397e-01,-1.201104785497845162e-01
4.616269281993857776e-01,-5.295440751763514919e-01
-5.936090278990794333e-01,-1.262982344100827881e+00
-7.948215939006780806e-01,-1.064610816308940722e+00
2.389603622665536498e-01,-4.965781683197139085e-01
3.274565503665156641e-01,-8.570181966655496808e-01
2.163872843845854321e-01,-6.389896767124370047e-01
7.809962950994991937e-02,-4.351872082013700793e-01
5.351834795909842235e-01,-6.130646075426458008e-01
1.138150650443040313e+00,-7.595674001449120860e-01
1.265900712312627352e+00,-9.142894936181980015e-01
1.354268037062560159e+00,-1.128272878937088164e+00
1.492770285159038091e+00,-1.177069838086491016e+00
1.082410904009379893e+00,-3.278753705942301089e-01
2.703759163096435825e-01,3.918355440614321172e-01
-3.910804922243996673e-01,7.847184027205117429e-01
-3.330202759423623454e-02,9.642935731143343903e-01
6.819697976954960383e-01,5.132876209818102442e-01
6.330504275771928757e-01,9.723029222896670265e-02
-8.269081434009066534e-02,2.225062578432605020e-01
-3.290721014457000382e-01,1.751473199732571651e-01
-7.918798184536680884e-02,-1.742956259657262585e-01
-3.689980830498788000e-01,-5.663082832831206614e-01
-5.418694702047187617e-01,-8.711040375648073653e-01
-1.317190683042890054e-01,-4.135581368042364203e-01
2.063008672252535924e-01,2.531408053113294310e-01
-1.779678690826189125e-01,1.435436989115884965e-01
-7.849395689286450262e-01,-3.617472139913454621e-01
-7.873992730681464991e-01,-9.058240004369554343e-01
1.986146360462431038e-01,-6.859063772826430316e-01
6.240232588102820888e-01,-4.866684145297951458e-01
1.609764023346359763e-01,-8.745647166614121115e-01
-3.049244705220675034e-01,-9.867968172908132551e-01
5.555698700959701419e-01,-4.649107357256653805e-01
1.190140283456784021e+00,-8.891631067484188911e-02
7.421392944832359007e-01,3.215157119759666227e-01
5.388157667409511076e-01,5.746402709723068547e-01
3.168767376298686211e-01,1.519453311264895023e-01
2.470380093940115485e-01,-2.494332272646830051e-01
8.537428463488372365e-02,-3.963581721545711423e-01
-1.199730051292739741e-01,-2.488924546021015205e-01
-1.645097792355562291e-02,-2.677533591887251152e-01
2.382182673570561737e-01,-4.958471393164499141e-01
3.583773192357323500e-01,-3.977354851980637873e-01
1.862558257562526298e-01,1.637869201723389789e-01
2.189639088074716022e-01,3.819050646729181264e-01
4.251692983646549462e-01,3.094310842152659946e-01
4.805548557955109934e-01,2.210031720160759994e-01
3.148860216962134917e-01,3.753209523950908760e-02
2.404802574861847619e-01,7.410067104234406565e-02
2.510385424192022596e-01,3.235947915270563635e-03
-6.397651564295436799e-02,4.010771407698662805e-01
-2.885444868271982433e-01,8.611443076653644280e-01
-3.412936638553163426e-01,2.631148748408714266e-01
-2.801889041054856366e-01,-1.912918335053905849e-01
-8.159483767238113749e-01,-8.918085613376057763e-01
-1.370792808239673199e+00,-1.093947853795157688e+00
-8.972638776318870857e-01,-4.443059287484471542e-01
-2.192276373726312066e-01,-1.946385914218165883e-02
4.718726531812347802e-01,9.260782898763171567e-02
7.513796746983049113e-01,-3.603773753328358420e-02
5.661244710591545326e-01,7.852479120794535195e-02
3.148860216962134917e-01,3.753209523950908760e-02
2.026955501657617398e-01,-2.482944667469993982e-01
2.910166136485442534e-01,-4.226344844353412955e-01
2.504760154329359056e-01,-3.147732636965144826e-01
1.269614364683751273e-01,-3.626415103332739642e-01
3.076250824306270282e-01,-4.778295805326567836e-01
4.788053153836290265e-01,-2.574248625361069132e-01
3.466576156558921484e-01,-3.108301548207199200e-02
2.832472209202595570e-01,2.208572909834148890e-01
1.984824078211351317e-01,1.383846053282463406e-01
1.268945605633122753e-01,4.767860221954083738e-02
1.474008793098500504e-02,1.732157209211012405e-01
2.234826270692948091e-02,3.258190686746179066e-01
-2.793331570791581647e-02,-5.460292545201510250e-02
-3.332796530562394666e-01,-6.549098253990773832e-01
-9.857649899551431671e-01,-1.355988132485941300e+00
-1.087905910713957924e+00,-1.772025505532125011e+00
-4.635390146113518850e-01,-1.433853172782564300e+00
4.998345089231166494e-01,-5.718922965798873825e-01
8.661254318849076483e-01,4.335203227200554732e-01
1.706617205929709946e-01,1.395115743880525283e+00
-9.187930832656149294e-02,1.474440262966338233e+00
2.908051682362873813e-01,6.560365685196010155e-01
3.130842145178688862e-01,2.552498674080547203e-01
9.366053032619514607e-02,6.487229486135462908e-01
-3.467712471357282666e-01,1.642355928354419570e+00
-8.116176021240039118e-01,1.849429459913221940e+00
-8.345020927024638935e-01,1.403749693673656873e+00
8.196854518831591108e-01,3.250916961778330894e+00
3.109180650205087382e+00,6.385189982445090173e+00
3.965283121824814128e+00,8.932388639726660529e+00
2.883732204299956248e+00,9.542486505543203990e+00
1.000673115287141313e+00,7.840311721778469689e+00
-3.512223841724749773e-01,4.447279082371527359e+00
-8.116176021240039118e-01,1.849429459913221940e+00
-8.345020927024638935e-01,1.403749693673656873e+00
-7.828885438512802608e-01,1.074937209031619822e+00
-6.953621036391233190e-01,6.285199052121476226e-01
-4.440859822146987490e-01,-3.980932097471337472e-01
-8.289135441687263128e-01,-2.101621865167334846e+00
-1.657489514447231249e+00,-3.941397188759700132e+00
-2.450642267135383356e+00,-6.619104582196576381e+00
-3.065422448766554009e+00,-9.023400291819983821e+00
-3.250521204737069514e+00,-8.683293340457785447e+00
-2.838460991547483214e+00,-5.844386000757416433e+00
-1.942760750991058716e+00,-2.395448986951201675e+00
-9.776300055634725705e-01,-2.367292626810599543e-01
-4.165516954893227486e-01,-1.624519236161007726e-02
9.039026136795087762e-02,-7.564406118052600936e-02
8.270939409331005965e-02,-1.671864080440744471e-01
-3.615607937680448969e-01,-2.980447887093517489e-01
-1.131398630207801903e-01,9.290503492641385974e-02
9.562746330433701258e-01,6.798343075080550690e-01
1.499454341370842325e+00,8.198215889392612699e-01
1.375676353885859404e+00,4.142960002146953147e-01
1.309454483632015220e+00,1.725071167468840150e-01
1.246346168399262710e+00,4.004031809002132625e-01
4.575160647425374760e-01,3.938361380215309460e-01
-6.663528088230136204e-01,-7.764581617369110955e-02
-7.350120322544484441e-01,-5.148425888590690835e-02
7.790102814739313652e-02,4.209487806511881813e-01
4.887420562661038415e-01,4.544704873149562618e-01
1.950531006932315625e-01,3.912485660791497066e-01
-3.401550511717643110e-01,4.342694999052001403e-01
-5.188319196900532670e-01,5.194496338304692706e-01
-3.936657046595950504e-01,4.417294741895482768e-01
-1.044078661215939452e-01,2.213327728282893647e-01
6.890984170213491911e-02,-4.118359613411555209e-01
2.477230809776313492e-01,-9.837252572416302909e-01
3.595324703295835894e-02,-3.124112200187862190e-02
-3.494954079571895855e-01,1.469687662711873566e+00
-3.246773641063919191e-01,2.127345246040331705e+00
-1.626250443935634005e-01,2.137149130351790216e+00
-7.096823607225438701e-02,1.631912060920757579e+00
-1.494781845815737475e-01,9.198856713470087154e-01
-2.625037818288537550e-01,4.986164631413051440e-01
-3.904507513721420242e-01,2.297698849928733189e-01
-4.754103954375946683e-01,4.108020643931089427e-02
-3.131772750785341008e-01,2.085966230851045156e-01
-5.735493068630174995e-02,2.219818598144475685e-01
-2.820297045466947372e-01,3.008491578835980618e-01
-6.636820638155522811e-01,9.365275055490358547e-01
-5.780624335558394167e-01,1.720311039395332253e+00
-4.385067741745542480e-01,2.406189798654576606e+00
-4.578966488113669908e-01,2.393512511404641607e+00
3.985755605889453740e-02,2.280891189215371373e+00
5.298109406809489164e-01,2.162350772378894170e+00
5.202695035238191767e-01,1.083450093205266640e+00
5.470247752367053407e-01,-1.756907298896167868e-01
4.922378258590964228e-01,-4.084776012813043367e-01
-1.072469151616134292e-01,5.927997094895336438e-01
-3.008061417058698339e-01,1.551197974020725345e+00
-5.626786015902487392e-01,9.900200385670555603e-01
-7.724710465453443753e-01,9.204791335549063203e-02
-7.602441421253834930e-01,8.306844628798358832e-01
-8.345020927024638935e-01,1.403749693673656873e+00
-7.250291894728425612e-01,1.144169148327778496e+00
-5.150740435423716290e-01,7.264332920789393633e-01
-6.818981796481897728e-01,-9.538036032149065091e-02
-1.107748652870325978e+00,-1.135004992377836919e+00
-9.583292028773414684e-01,-1.923628455756089650e+00
-2.475424147547868325e-01,-1.896302205414561515e+00
4.743480059197219267e-01,-1.119198344119882949e+00
9.545639043062373874e-01,-2.539495572942621071e-01
9.545639043062373874e-01,-2.539495572942621071e-01
5.434799633804942021e-01,-3.047242571417551615e-01
4.389217475642120947e-02,-1.601058827908513338e-01
2.130460152198486168e-01,-1.886276159207590508e-01
3.661269014380855724e-01,8.910652155866252699e-02
3.019690372722866889e-01,4.409609062144010383e-01
3.112006502717958312e-01,9.076965514993354800e-01
3.164476542403580339e-01,9.950613419269261906e-01
4.965130099736173586e-01,6.047951382142809917e-01
8.403542146589225714e-01,4.545979272485398126e-02
5.850151831272157876e-01,-1.029029707072170313e-01
4.336780436020948315e-01,1.539054141395335418e-01
7.291373979871602629e-01,3.084034440067506266e-01
5.350097691883061168e-01,3.858437255181398906e-01
3.201936269049057149e-01,3.481502641991077174e-01
2.832472209202595570e-01,2.208572909834148890e-01
4.034836924090457466e-01,7.009056239881944483e-02
1.021592262282579044e+00,-5.712156356247208855e-01
1.436979577054488422e+00,-8.361900588316709682e-01
1.110755109118358952e+00,-2.076940050714408126e-01
6.638708949048421903e-01,3.166613405578844742e-01
4.564629548851185104e-01,2.688280707607778042e-01
3.333191413655291896e-02,1.492835139572298575e-01
-3.832440876768982707e-01,6.049483848479694226e-01
-6.827995209106874075e-01,1.651581426506758321e+00
-7.795018509619603408e-01,1.663528453807057161e+00
-2.756113339178057342e-01,1.062705915354916764e+00
5.175820555062744105e-02,1.433585764296951837e+00
-1.006008834364772141e-02,1.498829317366961345e+00
2.293906672105451017e-01,1.184890076347344445e+00
1.455079677273557470e-01,1.100034291352650184e+00
-1.508531522198303387e-01,1.420717203955738084e+00
-1.867367170818230449e-01,1.548380522778530999e+00
4.068060934409750695e-02,1.102174018316958160e+00
4.964806648819247159e-01,5.010197528062499961e-01
4.766542561221261964e-01,1.986098202728082962e-01
6.997446285752284556e-01,8.466461037298596004e-01
1.350483765168755568e+00,2.255974109376983172e+00
1.304955894221755619e+00,3.463906215935261379e+00
4.727562784515218497e-01,3.738783930954210799e+00
-4.081529750015079894e-01,2.937047288468338735e+00
-5.179081157443360395e-01,1.998714338601712104e+00
-1.858232642057441875e-02,1.329696250474894148e+00
5.143346085919207888e-02,1.090362571775375322e+00
1.555277739473441279e-01,7.083183970144840691e-01
3.493612685735026924e-01,6.151707954335164930e-01
1.455079677273557470e-01,1.100034291352650184e+00
-3.114790417506624332e-01,8.008293226207181537e-01
-5.736263947659916429e-01,3.968194315940485883e-01
-6.274967713058930974e-01,6.352201862441808622e-01
-5.218484788958416276e-01,1.106127957264226858e+00
-3.393372766682932751e-01,1.503012442163841778e+00
-2.076777272340755709e-01,1.505406872342785807e+00
-2.233801362822833703e-01,1.191907439102344091e+00
-7.995139120160800472e-02,1.148246983917956765e+00
-6.480913220908618433e-02,1.471534906121774622e+00
4.450997655901880318e-02,1.114397717235732665e+00
1.302754432521101013e-01,5.207248216374499306e-01
-1.013827143920909002e-01,7.399994261475030255e-01
-3.559960535880575261e-01,1.189495615911622783e+00
-3.393372766682932751e-01,1.503012442163841778e+00
-2.076777272340755709e-01,1.505406872342785807e+00
-2.233801362822833703e-01,1.191907439102344091e+00
-7.995139120160800472e-02,1.148246983917956765e+00
-6.480913220908618433e-02,1.471534906121774622e+00
4.450997655901880318e-02,1.114397717235732665e+00
4.932385737432918860e-01,4.578323420873005034e-01
4.190269315894228908e-01,7.890682854563628723e-01
3.715199327820616765e-02,1.347979289160088578e+00
1.803674822766027303e-03,1.318182360811196663e+00
-4.556047146286068550e-02,8.766357275430546325e-01
-3.937924590377003264e-01,6.035952418309838974e-01
-5.116254970247194889e-01,7.469424548397973762e-02
-4.671790558307346020e-01,-2.183632105712513538e-01
1.893086442345746634e-01,-2.838618464652908346e-01
6.467829928863697564e-01,-6.562893952898324465e-04
3.493612685735026924e-01,6.151707954335164930e-01
1.455079677273557470e-01,1.100034291352650184e+00
-6.400006870810525106e-01,1.282210666501621077e+00
-1.156669571981091327e+00,1.432996746620579076e+00
-7.717918366059066670e-01,1.590781174091729699e+00
-1.858232642057441875e-02,1.329696250474894148e+00
5.143346085919207888e-02,1.090362571775375322e+00
-1.332372318262495803e-01,1.463460980405266953e+00
-4.610906665210366406e-01,1.486430718674743190e+00
-7.774797525581406132e-01,1.022174317506572283e+00
-9.278865852549438298e-01,3.492964090404322430e-01
-7.584966022418723197e-01,1.427161711050464743e-01
-3.499825500171057091e-01,6.840085385395209272e-01
-2.889034006067648930e-01,1.406727478693324596e+00
-6.313942967153521879e-01,1.897085059852641420e+00
-7.448309953979070919e-01,1.477940485457325259e+00
-7.603548824210710766e-01,5.807703201938372306e-01
-8.270279300775644771e-01,1.024736951290458276e+00
-6.528581357399533269e-01,1.429640324099219928e+00
-7.505096671476575443e-01,1.380986636521043254e+00
-2.500630406143001583e+00,1.086312159527735632e+00
-5.307664456876665326e+00,9.386765542668712436e-01
-7.869825636755543030e+00,1.304834347482323631e+00
-9.582855720303538050e+00,2.013943232932593919e+00
-1.032571611844105242e+01,2.291479005404274183e+00
-1.004752164886405019e+01,1.545289332584409703e+00
-8.739544001196914991e+00,3.746253807923832085e-02
-6.589940528082355975e+00,-1.301929700883278862e+00
-4.064261887481237956e+00,-1.662031252248160618e+00
-1.803784237609812768e+00,-1.015712785615753733e+00
-4.361217249654418815e-01,-3.702061893507397894e-01
-2.676775892032668414e-01,-8.818034604808859811e-01
-4.996614394247986257e-01,-1.598459681258722842e+00
-3.569529538127966806e-01,-1.548317599413418177e+00
7.380508945436455026e-02,-7.543067987700515786e-01
2.878796881492625137e-01,-4.279143271149481870e-02
1.453486858978310647e-01,1.263377304391652411e-02
-1.366018952925046048e-01,3.913423101338615595e-01
-2.724424979751839948e-01,1.157270200202935140e+00
-5.665588509849206478e-01,1.576093812504818059e+00
-7.551192036630682836e-01,9.633160306123698113e-01
-3.166442719936455874e-01,7.238102166279392069e-02
1.713841974663624368e-01,-6.232625199206246469e-01
1.908354193498757456e-01,-8.357347311396768896e-01
-1.370625656711106297e-02,-7.922885063516846849e-01
-3.192896984616347966e-01,-3.004264514560644472e-01
-2.505482679492662679e-01,1.688682580724267801e-01
-2.301711925028488703e-01,4.391229378822993079e-02
-2.269731657810116765e-01,-3.870191057111377897e-01
-6.242737135255511938e-02,-9.667843766475755496e-01
-1.412102745171706364e-01,-8.686348719934580132e-01
-4.882742235751671295e-02,-4.268997579421439093e-01
7.643502319566118641e-02,-1.198399872587921633e-01
1.294019409770528206e-01,-8.428875435218445566e-02
1.353900734373529868e-01,1.667011178741433839e-05
1.417376777875033744e-01,2.238248975279698572e-01
-6.243178000157324076e-02,7.052494803197134621e-01
-1.072469151616134292e-01,5.927997094895336438e-01
1.083741422801440951e-01,-3.645437002842322194e-02
2.142963707602282830e-01,1.995415909456186090e-02
3.770381333129292356e-01,1.395874855992985247e-02
2.646678012386090573e-01,-1.318248482271770494e-01
1.583078788358987521e-01,1.204184226706021821e-01
7.697469454274442624e-01,4.001390523074237482e-01
1.333071905723435924e+00,2.549630084068747471e-01
1.217589334933079304e+00,-1.097280911454418494e-02
4.773465585739460892e-01,-4.948543083962908540e-01
4.205414293538108778e-02,-6.574170817940468980e-01
-2.473758717352740055e-01,-2.315813681193051310e-01
-2.905457297155200624e-01,-1.088026765197216694e-01
9.832731667569285516e-01,-1.901863167645273800e-01
2.257771588376660699e+00,-1.092602538068823542e-01
2.634403474095128761e+00,-6.878336615195666803e-02
1.718407544718763225e+00,-1.254698161410969515e-01
8.986140776859481427e-01,-1.786287384257693733e-01
6.303197713858651463e-01,-1.211599926870590288e-01
5.864385227697764824e-01,6.401815884120857225e-01
9.064171835597863991e-01,8.320873355448218378e-01
7.041774774812218363e-01,5.126451198860793035e-01
4.975232104265341904e-01,-1.761042174386645787e+00
8.387605127185350229e-01,-5.012271376682281954e+00
1.334359582041025449e+00,-6.133673877170353173e+00
8.529858144945278164e-01,-3.451376358338072325e+00
9.181821799492918823e-02,-1.025939441742997449e+00
3.540539860961895713e-02,3.390945878422641641e-02
1.042664903169398527e-01,1.879497648060085568e-02
1.741689015631965598e-01,-2.656873374547611966e-01
-2.862837070712123122e-01,3.707035568660346225e-01
-1.009948461841304601e+00,1.537810760384447306e+00
-1.238534779275429987e+00,1.502126712645741602e+00
-8.130919519709465249e-01,7.368836761870969365e-01
-1.037641299537963580e+00,1.024885241769342370e+00
-7.547260029564560879e-01,9.363190632778470857e-01
-3.719060908092856610e-01,2.418516354607654628e-01
-1.199730051292739741e-01,-2.488924546021015205e-01
6.782190432932481139e-01,3.393272572768566975e-01
1.277960845033959014e+00,5.967243033664025864e-01
7.512201734286251265e-01,1.947598211049650918e-01
8.071825392208739625e-02,-5.598469889888545437e-01
2.477230809776313492e-01,-9.837252572416302909e-01
7.803138772444812021e-02,-3.796842328559700275e-01
-4.900451126728854606e-02,2.026033456447417780e-01
2.351023209214319898e-01,1.234552878230440603e-01
3.507390040572297418e-01,2.264101183877275936e-01
2.693751136172381488e-01,1.015354841948773873e-01
7.643502319566118641e-02,-1.198399872587921633e-01
1.294019409770528206e-01,-8.428875435218445566e-02
1.417376777875033744e-01,2.238248975279698572e-01
-6.243178000157324076e-02,7.052494803197134621e-01
-1.222094317686710091e-01,1.069855465053066945e+00
6.835069915918962069e-02,1.059389036480836710e+00
1.369435753965444480e-01,7.178624552905434886e-01
8.301345216670902305e-02,1.184976867186569582e-01
-3.797937753810357586e-01,5.661576101238070535e-01
-4.732356567703198680e-01,7.723809407453513520e-01
-2.516896615677429415e-03,6.690536439739046271e-02
1.269614364683751273e-01,-3.626415103332739642e-01
-9.010905772756495902e-02,-6.087836804180575268e-01
-2.284411387460764942e-01,-4.793134493995126477e-01
8.059254061530808644e-02,-5.176328409190122243e-02
3.759419755740798230e-01,7.143600866068492428e-01
4.536474228464665304e-01,1.157230817553095203e+00
6.106697373742896451e-01,7.276579370933810020e-01
4.089200650407792681e-01,1.993015470863057637e-01
1.020524728948678378e-01,1.188973469779852216e-01
2.654477075404993447e-01,1.391957286355480494e-01
3.822147715376964516e-01,1.429544542319823586e-01
-9.683448768528371900e-03,5.410189921958541426e-01
-5.229115652502758227e-01,9.608921341982844533e-01
-6.890248541101524626e-01,1.249481435901890203e+00
-4.584630697615618145e-01,1.094868355250828484e+00
-7.709533359673771680e-02,4.646518558329397752e-01
-7.419889778260871926e-01,-4.956709007651853294e-01
-1.956804519827616051e+00,-1.013115890907127392e+00
-2.372098119723752951e+00,-7.906487920760131294e-01
-1.711677498429301059e+00,-1.214822240296833805e-01
-5.063372880153443889e-01,3.143735544966176909e-01
3.997798912801887594e-01,8.030761531172602163e-01
3.003855263102445661e-01,7.658416265989732574e-01
8.861784521674503923e-02,2.127864562241839896e-01
2.385239912713871258e-01,1.533001234661749146e-01
2.189639088074716577e-01,3.819050646729179599e-01
-2.269193406863795615e-01,6.822099141023750812e-01
-7.250291894728428943e-01,1.144169148327778496e+00
-7.250291894728428943e-01,1.144169148327778496e+00
-2.655930465124984874e-01,2.234995118359233909e-02
9.060895367077257401e-01,-1.132466734564724353e+00
2.052987289626532430e+00,-1.108800288823085012e+00
2.457984269637293107e+00,-3.732947151804835717e-01
1.892475117667657081e+00,3.782298467555345600e-01
9.006675298736678270e-01,5.415983579099720169e-01
